644595 644598 644543 644552 644560 644547 644535 644538 644469 644450 644523 644465 644475 644513 644502 644503 644474 644474 644482 644476 644453 644449 644399 644412 644426 644464 644467 644451 644359 644401 644410 644437 644443 644434 644437 644415 644338 644459 644461 644426 644421 644424 644443 644322 644419 644361 644410 644407 644422 644419 644411 644438 644345 644269 644298 644306 644314 644410 644383 644327 644369 644387 644381 644387 644393 644383 644389 644398 644365 644399 644397 644267 644287 644277 644349 644287 644384 644380 644382 644370 644386 644376 644381 644365 644207 644213 644267 644228 644256 644267 644337 644301 644374 644364 644367 644364 644354 644371 644363 644383 644295 644215 644193 644207 644263 644269 644235 644217 644245 644274 644319 644289 644247 644287 644315 644337 644345 644335 644338 644325 644363 644213 644177 644215 644199 644257 644219 644210 
0 644984 644945 644792 644944 644914 644733 644852 644618 644585 0 644728 0 644695 0 644597 644682 644682 644675 644608 644656 644696 644574 0 644537 0 644584 644556 644404 644485 644425 0 644558 0 0 644499 644329 644421 0 0 0 644482 0 644313 0 644324 0 0 0 644457 644430 644458 644339 0 644265 644297 644281 0 644241 644256 0 0 0 0 644358 0 0 0 644229 644380 644352 0 0 0 644347 644221 0 0 644314 0 0 0 644296 0 0 0 644183 644138 644145 644189 0 0 644282 0 0 644242 644202 644265 644195 644276 644244 644252 644162 644130 644219 644187 0 0 644101 0 0 0 0 644150 644158 0 644166 0 644138 644050 644212 644152 644176 0 644047 644163 644087 644071 
0 0 644875 644601 644830 644780 644502 0 0 644289 0 0 0 0 0 644356 0 0 644658 0 0 0 644224 0 0 0 0 0 644057 644167 644141 0 644566 0 0 0 644007 644136 0 0 0 0 0 643971 0 644031 0 0 0 0 0 644395 643914 0 0 0 0 0 643911 0 0 0 0 0 644328 0 0 0 0 644285 644250 0 0 0 643924 643878 0 0 0 0 0 0 0 0 0 0 0 0 643791 0 0 0 0 0 0 644231 0 0 644094 644155 644090 643950 643709 643654 643764 643724 0 0 643736 0 0 0 0 644044 644078 0 644124 0 0 0 0 0 643855 0 0 643694 0 0 
0 0 0 628786 0 0 0 0 0 0 0 0 0 0 0 0 0 0 628433 0 0 0 0 0 0 0 0 0 0 0 628568 0 0 0 0 0 628444 0 0 0 0 0 0 0 0 0 0 0 0 0 0 0 0 0 0 0 0 0 628427 0 0 0 0 0 0 0 0 0 0 0 0 0 0 0 0 0 0 0 0 0 0 0 0 0 0 0 0 0 0 0 0 0 0 0 0 0 0 0 628070 628085 628061 0 628052 628043 0 628135 0 0 0 0 0 0 0 0 0 0 0 0 0 0 0 0 0 0 0 628117 0 0 
0 0 645061 644811 645089 645069 644766 0 0 644655 0 0 0 0 0 644664 0 0 644934 0 0 0 644697 0 0 0 0 0 644526 644580 644535 0 644817 0 0 0 644463 644532 0 0 0 0 0 644451 0 644469 0 0 0 0 0 644781 644511 0 0 0 0 0 644397 0 0 0 0 0 644667 0 0 0 0 644724 644703 0 0 0 644517 644382 0 0 0 0 0 0 0 0 0 0 0 0 644325 0 0 0 0 0 0 644580 0 0 644577 644646 644622 644572 644388 644355 644421 644397 0 0 644292 0 0 0 0 644511 644517 0 644523 0 0 0 0 0 644515 0 0 644379 0 0 
0 0 0 643325 0 643364 0 0 0 643241 0 0 0 0 0 0 0 0 643331 0 0 0 0 0 0 0 0 0 0 0 643241 0 0 0 0 0 643193 0 0 0 0 0 0 0 0 0 0 0 0 0 0 0 643174 0 0 0 0 0 643289 0 0 0 0 0 0 0 0 0 0 643260 643253 0 0 0 643176 0 0 0 0 0 0 0 0 0 0 0 0 0 0 0 0 0 0 0 0 0 0 0 643183 643234 643226 643198 643133 643122 643144 643136 0 0 0 0 0 0 0 0 0 0 0 0 0 0 0 0 643179 0 0 643130 0 0 
0 0 0 643400 0 643226 643501 0 0 643364 0 0 0 0 0 0 0 0 643042 0 0 0 642996 0 0 0 0 0 643195 643293 643336 0 643099 0 0 0 643196 0 0 0 0 0 0 643144 0 0 0 0 0 0 0 0 643042 0 0 0 0 0 643378 0 0 0 0 0 0 0 0 0 0 642800 642755 0 0 0 643132 643073 0 0 0 0 0 0 0 0 0 0 0 0 643006 0 0 0 0 0 0 642900 0 0 642513 642650 642676 642518 642481 642522 642728 643006 0 0 642995 0 0 0 0 643021 642975 0 642905 0 0 0 0 0 642423 0 0 642878 0 0 
0 644849 644930 644582 644983 644947 644522 645037 644450 644374 0 644843 0 644543 0 644386 644855 644855 644887 644848 644868 644811 644435 0 644326 0 644820 644788 644202 644274 644214 0 644731 0 0 644347 644118 644210 0 0 0 644655 0 644102 0 644126 0 0 0 644635 644603 644698 644187 0 644054 644086 644070 0 644030 644058 0 0 0 0 644531 0 0 0 644419 644612 644584 0 0 0 644195 644010 0 0 644487 0 0 0 644528 0 0 0 644031 643966 643934 643978 0 0 644455 0 0 644415 644375 644443 644411 644508 644476 644283 644023 643979 644067 644035 0 0 643890 0 0 0 0 644303 644331 0 644339 0 644311 644259 644444 644384 644207 0 643895 644011 643935 643927 
0 0 644292 644388 644292 644286 644460 0 644488 644488 0 644192 0 644372 0 644412 644196 644172 644148 644124 644156 644176 644174 0 644472 0 644122 644106 644400 644448 644488 0 644196 0 0 644274 644400 644436 0 0 0 644196 0 644376 0 644364 0 0 0 644052 644052 644052 644242 0 644352 644352 644376 0 644460 0 0 0 0 0 644172 0 0 0 643932 644018 644004 0 0 0 644346 644352 0 0 644148 0 0 0 643976 0 0 0 644288 0 644328 644328 0 0 644148 0 0 644076 644028 643956 643908 643966 643950 643954 643968 643994 644086 644298 0 0 644328 0 0 0 0 644220 644172 0 644100 0 644028 643836 643934 643904 643916 0 0 644230 644248 644232 
0 0 0 637454 0 0 0 0 0 637622 0 0 0 0 0 0 0 0 637214 0 0 0 0 0 0 0 0 0 0 0 637622 0 0 0 0 0 637583 0 0 0 0 0 0 0 0 0 0 0 0 0 0 0 637526 0 0 0 0 0 637526 0 0 0 0 0 0 0 0 0 0 637118 637094 0 0 0 637598 0 0 0 0 0 0 0 0 0 0 0 0 0 0 0 0 0 0 0 0 0 0 0 636974 637046 637190 637358 637430 637454 637478 637583 0 0 0 0 0 0 0 0 0 0 0 0 0 0 0 0 637358 0 0 637574 0 0 
0 644806 644755 645016 644668 644638 644984 644602 644751 644808 645075 644497 644512 644739 0 645052 644674 644602 644506 644416 644443 644473 644470 644706 644772 644416 644392 644368 644649 644739 644927 0 644759 0 0 644592 644712 644964 644935 0 0 644742 644317 644652 644872 644713 0 0 0 644407 644431 644302 644495 644487 644616 644592 644676 0 644852 644662 0 0 0 0 644650 0 0 0 644209 644236 644215 644290 644320 644305 644502 644649 0 0 644617 0 0 644535 644173 644149 644146 644191 644379 644394 644634 644601 0 0 644593 0 0 644562 644504 644263 644143 644158 644134 644140 644161 644200 644338 644382 0 0 644667 644727 0 0 644542 644494 644500 0 644506 0 644485 644041 644110 644065 644083 644266 644276 644364 644307 644304 
0 0 644898 644724 644956 644976 644694 0 644658 644620 0 645040 0 644872 0 644626 644838 644838 644854 644866 645022 645040 644944 0 644596 0 644882 644898 644534 644570 644540 0 644776 0 0 644872 644492 644538 0 0 0 644738 0 644484 0 644496 0 0 0 644728 644712 644798 644848 0 644460 644476 644468 0 644448 0 0 0 0 0 644676 0 0 0 644620 644842 644808 0 0 0 644776 644438 0 0 644654 0 0 0 644788 0 0 0 644752 0 644400 644422 0 0 644638 0 0 644618 644598 644632 644616 644750 644926 644974 644844 644822 644866 644656 0 0 644378 0 0 0 0 644572 644576 0 644580 0 644566 644540 644734 644998 644936 0 0 644800 644632 644428 
0 643451 643432 643393 643461 643471 643414 643459 643444 643425 643388 643506 643501 643500 0 643356 643365 643353 643349 643343 643478 643504 643409 643435 643425 643307 643351 643359 643430 643424 643385 0 643334 0 0 643437 643409 643324 643317 0 0 643315 643268 643417 643296 643267 0 0 0 643238 643230 643273 643381 643436 643417 643425 643409 0 643291 643250 0 0 0 0 643272 0 0 0 643124 643295 643266 643265 643285 643275 643457 643406 0 0 643249 0 0 643195 643244 643252 643241 643223 643399 643443 643399 643410 0 0 643241 0 0 643195 643161 643142 643110 643213 643307 643261 643203 643205 643273 643497 0 0 643388 643345 0 0 643210 643244 643222 0 643188 0 643145 643036 643193 643261 643223 643225 643235 643341 643471 643461 
0 0 644104 644200 644104 644104 644210 0 644114 644114 0 644080 0 644234 0 644224 644008 643984 643960 643936 644032 644076 644074 0 644090 0 643936 643936 644018 644066 644114 0 644008 0 0 644160 644018 644234 0 0 0 644008 0 643994 0 644176 0 0 0 643864 643864 643864 644080 0 643970 643970 643994 0 644210 0 0 0 0 0 643984 0 0 0 643744 643864 643840 0 0 0 644084 643970 0 0 643960 0 0 0 643816 0 0 0 644002 0 643946 643946 0 0 643960 0 0 643888 643840 643768 643720 643792 643850 643854 643868 643894 643986 644004 0 0 643946 0 0 0 0 644032 643984 0 643912 0 643840 643648 643768 643804 643816 0 0 643992 643954 643850 
644839 644833 644799 644959 644741 644721 644997 644697 644867 644905 645007 644627 644637 644807 645025 644983 644745 644697 644633 644573 644591 644611 644609 644837 644881 644573 644557 644541 644799 644859 644955 644863 644767 644681 644675 644709 644841 645007 644983 644839 644767 644767 644507 644801 644983 644935 644695 644695 644719 644567 644583 644497 644671 644691 644777 644761 644817 645003 645025 644913 644863 644839 644839 644767 644743 644695 644647 644609 644435 644453 644439 644489 644509 644499 644701 644799 644767 644695 644719 644671 644647 644623 644411 644395 644393 644423 644619 644629 644787 644767 645025 644839 644719 644671 644671 644647 644599 644471 644391 644401 644385 644389 644403 644429 644521 644621 644615 644651 644787 644859 644979 644991 644833 644791 644743 644743 644671 644599 644599 644323 644369 644339 644351 644473 644525 644609 644571 644569 
0 0 644617 644836 644530 644500 644806 0 0 644677 0 0 0 0 0 644957 0 0 644368 0 0 0 644302 0 0 0 0 0 644524 644614 644797 0 644629 0 0 0 644587 644928 0 0 0 0 0 644527 0 644691 0 0 0 0 0 644164 644317 0 0 0 0 0 644820 0 0 0 0 0 644634 0 0 0 0 644098 644077 0 0 0 644359 644524 0 0 0 0 0 0 0 0 0 0 0 0 644509 0 0 0 0 0 0 644502 0 0 644005 644020 643996 644002 643993 644020 644146 644257 0 0 644542 0 0 0 0 644502 644508 0 644502 0 0 0 0 0 643945 0 0 644209 0 0 
0 0 644890 644862 644832 644812 644786 0 644630 644668 0 644754 0 644638 0 644799 644980 644968 644940 644894 644790 644738 644584 0 644644 0 644878 644862 644562 644622 644686 0 644965 0 0 644540 644604 644711 0 0 0 644946 0 644564 0 644669 0 0 0 644891 644907 644821 644460 0 644540 644524 644580 0 644621 0 0 0 0 0 644923 0 0 0 644759 644777 644763 0 0 0 644464 644559 0 0 644937 0 0 0 644735 0 0 0 644382 0 644532 644530 0 0 644921 0 0 644915 644881 644795 644715 644725 644706 644480 644378 644356 644400 644384 0 0 644521 0 0 0 0 644747 644823 0 644880 0 644865 644647 644693 644574 644442 0 0 644372 644334 644332 
0 0 644930 644861 644872 644852 644804 0 644662 644700 0 644794 0 644670 0 644800 645000 645008 644956 644907 644830 644778 644616 0 644676 0 644891 644875 644594 644654 644685 0 644972 0 0 644572 644612 644712 0 0 0 644953 0 644588 0 644670 0 0 0 644901 644915 644831 644492 0 644564 644556 644588 0 644622 0 0 0 0 0 644932 0 0 0 644769 644787 644773 0 0 0 644496 644562 0 0 644922 0 0 0 644745 0 0 0 644414 0 644531 644540 0 0 644906 0 0 644892 644858 644805 644725 644735 644719 644520 644410 644388 644432 644416 0 0 644520 0 0 0 0 644756 644832 0 644859 0 644842 644657 644703 644614 644482 0 0 644404 644366 644364 
0 0 0 627596 0 0 0 0 0 0 0 0 0 0 0 0 0 0 627921 0 0 0 0 0 0 0 0 0 0 0 627336 0 0 0 0 0 627216 0 0 0 0 0 0 0 0 0 0 0 0 0 0 0 0 0 0 0 0 0 627262 0 0 0 0 0 0 0 0 0 0 0 0 0 0 0 0 0 0 0 0 0 0 0 0 0 0 0 0 0 0 0 0 0 0 0 0 0 0 0 627610 627691 627650 0 627084 627051 0 627093 0 0 0 0 0 0 0 0 0 0 0 0 0 0 0 0 0 0 0 627075 0 0 
0 0 643315 643219 643315 643315 643147 0 643051 643051 0 643287 0 643131 0 643195 643411 643435 643443 643443 643347 643271 643077 0 643027 0 643443 643443 642955 643003 643051 0 643411 0 0 643033 642955 643171 0 0 0 643411 0 642931 0 643243 0 0 0 643441 643441 643441 642953 0 642907 642907 642931 0 643147 0 0 0 0 0 643435 0 0 0 643321 643431 643417 0 0 0 642957 642907 0 0 643443 0 0 0 643389 0 0 0 642875 0 642883 642883 0 0 643443 0 0 643443 643417 643345 643297 643369 643293 643001 642871 642849 642893 642877 0 0 642883 0 0 0 0 643387 643435 0 643443 0 643417 643225 643345 643143 642963 0 0 642865 642827 642787 
0 0 644883 644709 644941 644961 644679 0 644643 644605 0 645031 0 644863 0 644611 644903 644903 644919 644931 645071 645031 644935 0 644581 0 644947 644963 644519 644555 644525 0 644841 0 0 644863 644477 644523 0 0 0 644803 0 644469 0 644481 0 0 0 644793 644777 644863 644839 0 644445 644461 644453 0 644433 0 0 0 0 0 644741 0 0 0 644685 644907 644873 0 0 0 644767 644423 0 0 644719 0 0 0 644853 0 0 0 644743 0 644385 644407 0 0 644703 0 0 644683 644663 644697 644681 644815 644997 644909 644779 644757 644801 644647 0 0 644363 0 0 0 0 644615 644641 0 644645 0 644631 644605 644799 645017 644871 0 0 644773 644623 644413 
0 0 642668 642581 642697 642707 642566 0 642548 642529 0 642754 0 642664 0 642532 642649 642649 642657 642663 642750 642762 642681 0 642517 0 642671 642679 642486 642504 642489 0 642618 0 0 642659 642465 642488 0 0 0 642599 0 642461 0 642467 0 0 0 642594 642586 642629 642619 0 642449 642457 642453 0 642443 0 0 0 0 0 642568 0 0 0 642540 642651 642634 0 0 0 642621 642438 0 0 642557 0 0 0 642624 0 0 0 642580 0 642419 642430 0 0 642549 0 0 642539 642529 642546 642538 642605 642691 642643 642578 642567 642589 642575 0 0 642408 0 0 0 0 642516 642518 0 642520 0 642513 642500 642597 642668 642624 0 0 642575 642556 642395 
0 0 0 642144 0 642242 642129 0 0 642092 0 0 0 0 0 0 0 0 641986 0 0 0 642314 0 0 0 0 0 641917 642029 642052 0 642007 0 0 0 641896 0 0 0 0 0 0 641844 0 0 0 0 0 0 0 0 642244 0 0 0 0 0 642006 0 0 0 0 0 0 0 0 0 0 641788 641723 0 0 0 642218 641773 0 0 0 0 0 0 0 0 0 0 0 0 641706 0 0 0 0 0 0 641724 0 0 641387 641598 642038 642082 641929 641922 642080 642006 0 0 641695 0 0 0 0 641929 641883 0 641753 0 0 0 0 0 641987 0 0 642160 0 0 
0 643111 643047 643065 643019 642999 643179 642975 643317 643297 643103 642905 642915 643085 0 643015 642909 642909 642911 642851 642869 642889 642887 643349 643321 642851 642835 642819 643303 643327 643217 0 642847 0 0 642987 643261 642975 642937 0 0 642809 642785 643248 642895 642789 0 0 0 642799 642783 642775 642953 643178 643212 643228 643232 0 642933 642755 0 0 0 0 642747 0 0 0 642691 642731 642717 642707 642737 642722 643103 643190 0 0 642725 0 0 642713 642689 642673 642599 642620 643069 643106 643140 643162 0 0 642709 0 0 642689 642669 642703 642669 642679 642663 642605 642590 642617 642743 643163 0 0 643118 643133 0 0 642675 642643 642647 0 642651 0 642637 642601 642647 642578 642548 642671 642734 642941 643108 643034 
0 0 644216 644312 644216 644216 644384 0 644450 644450 0 644192 0 644360 0 644336 644120 644096 644072 644048 644144 644192 644204 0 644426 0 644048 644048 644354 644402 644450 0 644120 0 0 644304 644354 644360 0 0 0 644120 0 644330 0 644288 0 0 0 643976 643976 643976 644272 0 644306 644306 644330 0 644384 0 0 0 0 0 644096 0 0 0 643856 643976 643952 0 0 0 644416 644306 0 0 644072 0 0 0 643928 0 0 0 644356 0 644282 644282 0 0 644072 0 0 644000 643952 643880 643832 643904 643980 643984 643998 644024 644116 644354 0 0 644282 0 0 0 0 644144 644096 0 644024 0 643952 643760 643880 643934 643946 0 0 644280 644308 644186 
0 644677 644729 644468 644789 644784 644423 644861 644369 644312 644381 644731 644746 644497 0 644321 644810 644882 644978 645041 644821 644707 644416 644270 644276 645067 645038 645030 644183 644237 644192 0 644717 0 0 644350 644120 644189 644204 0 0 644660 645054 644108 644141 644126 0 0 0 644982 644958 645054 644230 644057 644072 644096 644084 0 644054 644075 0 0 0 0 644639 0 0 0 644820 645023 645002 644164 644194 644179 644236 644039 0 0 644678 0 0 644853 644960 644936 644236 644137 644113 644006 643982 644015 0 0 644654 0 0 644794 644787 644838 644814 644937 644800 644302 644107 644074 644140 644116 0 0 643949 643928 0 0 643955 644339 644489 0 644710 0 644739 644700 644896 644515 644245 644068 644011 644098 644041 643997 
0 0 643323 643227 643323 643323 643155 0 643059 643059 0 643307 0 643151 0 643203 643397 643397 643397 643397 643367 643291 643097 0 643035 0 643397 643397 642963 643011 643059 0 643397 0 0 643053 642963 643179 0 0 0 643397 0 642939 0 643251 0 0 0 643349 643349 643349 642973 0 642915 642915 642939 0 643155 0 0 0 0 0 643397 0 0 0 643229 643349 643325 0 0 0 642977 642915 0 0 643397 0 0 0 643301 0 0 0 642895 0 642891 642891 0 0 643397 0 0 643373 643325 643253 643205 643277 643259 643021 642891 642869 642913 642897 0 0 642891 0 0 0 0 643395 643397 0 643397 0 643325 643133 643253 643141 642983 0 0 642885 642847 642795 
0 0 643364 643268 643364 643364 643196 0 643100 643100 0 643376 0 643220 0 643244 643460 643484 643508 643532 643436 643360 643166 0 643076 0 643532 643532 643004 643052 643100 0 643460 0 0 643122 643004 643220 0 0 0 643460 0 642980 0 643292 0 0 0 643496 643496 643496 643042 0 642956 642956 642980 0 643196 0 0 0 0 0 643484 0 0 0 643376 643496 643472 0 0 0 643046 642956 0 0 643508 0 0 0 643448 0 0 0 642964 0 642932 642932 0 0 643508 0 0 643520 643472 643400 643352 643424 643422 643090 642960 642938 642982 642966 0 0 642932 0 0 0 0 643436 643484 0 643544 0 643472 643280 643400 643232 643052 0 0 642954 642916 642836 
0 0 0 644127 0 643939 644370 0 0 644637 0 0 0 0 0 0 0 0 643633 0 0 0 643703 0 0 0 0 0 644772 644754 644523 0 643608 0 0 0 644725 0 0 0 0 0 0 644713 0 0 0 0 0 0 0 0 643873 0 0 0 0 0 644001 0 0 0 0 0 0 0 0 0 0 643297 643252 0 0 0 644243 644644 0 0 0 0 0 0 0 0 0 0 0 0 644587 0 0 0 0 0 0 643251 0 0 643032 643147 643143 643153 643188 643253 643483 644533 0 0 644554 0 0 0 0 643294 643284 0 643218 0 0 0 0 0 643058 0 0 643893 0 0 
0 0 0 643230 0 642896 643429 0 0 643658 0 0 0 0 0 0 0 0 642620 0 0 0 642698 0 0 0 0 0 643713 643745 643642 0 642737 0 0 0 643726 0 0 0 0 0 0 643688 0 0 0 0 0 0 0 0 642868 0 0 0 0 0 643308 0 0 0 0 0 0 0 0 0 0 642254 642209 0 0 0 643238 643625 0 0 0 0 0 0 0 0 0 0 0 0 643558 0 0 0 0 0 0 642418 0 0 642017 642104 642138 642148 642183 642248 642478 643458 0 0 643547 0 0 0 0 642683 642589 0 642447 0 0 0 0 0 642053 0 0 642888 0 0 
0 0 0 632931 0 0 0 0 0 0 0 0 0 0 0 0 0 0 632424 0 0 0 0 0 0 0 0 0 0 0 633061 0 0 0 0 0 632922 0 0 0 0 0 0 0 0 0 0 0 0 0 0 0 0 0 0 0 0 0 632927 0 0 0 0 0 0 0 0 0 0 0 0 0 0 0 0 0 0 0 0 0 0 0 0 0 0 0 0 0 0 0 0 0 0 0 0 0 0 0 632061 632076 632052 0 632079 632118 0 632592 0 0 0 0 0 0 0 0 0 0 0 0 0 0 0 0 0 0 0 632430 0 0 
644852 644846 644956 644938 644898 644878 644824 644924 644668 644706 644900 644830 644840 644676 644890 644988 644988 644940 644876 644816 644834 644814 644622 644638 644682 644816 644800 644784 644600 644660 644786 645106 645050 644924 644918 644578 644642 644958 644968 645130 645094 645088 644750 644602 644926 644916 644972 644978 644996 644810 644826 644740 644498 644492 644578 644562 644618 644904 644868 644882 645032 645084 645078 645092 645086 645026 644918 644852 644678 644696 644682 644454 644474 644464 644502 644600 645086 645032 645062 645004 644924 644896 644654 644638 644502 644436 644420 644430 644590 644568 644822 644998 645062 645014 645010 644968 644892 644714 644634 644644 644628 644546 644416 644394 644438 644422 644416 644452 644612 644760 644804 644774 644802 645000 645004 645026 645008 644930 644924 644566 644612 644582 644508 644390 644352 644410 644372 644370 
0 0 0 641577 0 641487 641406 0 0 641229 0 0 0 0 0 0 0 0 641731 0 0 0 641103 0 0 0 0 0 641070 641160 641333 0 641878 0 0 0 641133 0 0 0 0 0 0 641073 0 0 0 0 0 0 0 0 640917 0 0 0 0 0 641405 0 0 0 0 0 0 0 0 0 0 641501 641480 0 0 0 640923 641070 0 0 0 0 0 0 0 0 0 0 0 0 641055 0 0 0 0 0 0 641819 0 0 641408 641423 641383 640989 640794 640761 640827 640803 0 0 641078 0 0 0 0 641740 641818 0 641824 0 0 0 0 0 640932 0 0 640785 0 0 
644971 644965 645003 645009 644945 644925 644945 644949 644789 644827 644951 644855 644865 644797 644913 644911 645041 645021 644981 644945 644867 644839 644741 644759 644803 644951 644929 644913 644721 644781 644825 644897 645005 645041 645041 644699 644755 644823 644833 644899 644961 644967 644885 644723 644791 644779 645011 645005 645011 644945 644961 644875 644619 644613 644699 644683 644731 644777 644733 644745 644823 644853 644847 644893 644929 644957 644975 644975 644813 644831 644817 644575 644595 644585 644623 644707 644887 644951 644931 644937 644969 644949 644789 644773 644573 644555 644541 644551 644683 644683 644687 644767 644915 644925 644931 644925 644905 644849 644769 644779 644757 644593 644535 644515 644559 644543 644537 644573 644663 644649 644669 644639 644665 644777 644829 644851 644887 644867 644873 644701 644747 644639 644555 644511 644473 644531 644493 644491 
644895 644889 644999 644915 644941 644921 644857 644993 644711 644749 644857 644875 644885 644719 644819 644817 645121 645113 645073 645037 644935 644859 644665 644681 644725 645045 645021 645005 644643 644703 644731 644877 645081 645121 645121 644621 644665 644729 644739 644903 645037 645043 644979 644641 644697 644687 645087 645081 645087 645039 645055 644969 644541 644535 644617 644605 644641 644683 644639 644653 644803 644857 644851 644969 645005 645033 645053 645057 644907 644925 644911 644497 644517 644507 644545 644617 644963 645027 645007 645015 645047 645027 644883 644867 644545 644479 644463 644473 644591 644593 644593 644771 644991 645003 645009 645003 644983 644943 644863 644873 644849 644589 644459 644437 644481 644465 644459 644495 644569 644555 644575 644545 644573 644829 644905 644927 644965 644945 644951 644795 644841 644731 644551 644433 644395 644453 644415 644413 
0 0 644062 644158 644062 644062 644134 0 644038 644038 0 644038 0 644158 0 644180 643966 643942 643918 643894 643990 644038 644134 0 644014 0 643894 643894 643942 643990 644038 0 643966 0 0 644158 643942 644158 0 0 0 643966 0 643918 0 644134 0 0 0 643822 643822 643822 644106 0 643894 643894 643918 0 644134 0 0 0 0 0 643942 0 0 0 643702 643822 643798 0 0 0 644062 643894 0 0 643918 0 0 0 643774 0 0 0 644028 0 643870 643870 0 0 643918 0 0 643846 643798 643726 643678 643750 643894 643914 643928 643954 644044 643942 0 0 643870 0 0 0 0 643990 643942 0 643870 0 643798 643606 643726 643864 643876 0 0 644018 643918 643774 
0 0 0 0 0 0 0 0 0 0 0 0 0 0 0 0 0 0 0 0 0 0 0 0 0 0 0 0 0 0 0 0 0 0 0 0 639841 0 0 0 0 0 0 0 0 0 0 0 0 0 0 0 0 0 0 0 0 0 0 0 0 0 0 0 0 0 0 0 0 0 0 0 0 0 0 0 0 0 0 0 0 0 0 0 0 0 0 0 0 0 0 0 0 0 0 0 0 0 0 639777 639697 0 639586 639587 0 639733 0 0 0 0 0 0 0 0 0 0 0 0 0 0 0 0 0 0 0 0 0 0 
0 0 644550 644804 644463 644433 644743 0 0 644596 0 0 0 0 0 644927 0 0 644301 0 0 0 644265 0 0 0 0 0 644437 644527 644716 0 644562 0 0 0 644500 645007 0 0 0 0 0 644440 0 644834 0 0 0 0 0 644097 644254 0 0 0 0 0 644931 0 0 0 0 0 644640 0 0 0 0 644031 644010 0 0 0 644290 644437 0 0 0 0 0 0 0 0 0 0 0 0 644422 0 0 0 0 0 0 644439 0 0 643938 643953 643929 643935 643956 643988 644102 644170 0 0 644455 0 0 0 0 644615 644614 0 644552 0 0 0 0 0 643878 0 0 644146 0 0 
0 644586 644535 644795 644448 644418 644712 644382 644478 644535 644826 644277 644292 644490 0 644913 644454 644382 644286 644196 644223 644253 644250 644433 644499 644196 644172 644148 644376 644466 644655 0 644547 0 0 644343 644439 644943 644948 0 0 644600 644097 644379 644948 644831 0 0 0 644187 644211 644082 644223 644214 644343 644319 644403 0 644907 644780 0 0 0 0 644586 0 0 0 643989 644016 643995 644069 644099 644084 644229 644376 0 0 644549 0 0 644316 643953 643929 643926 643971 644106 644121 644361 644328 0 0 644557 0 0 644420 644310 644043 643923 643938 643914 643920 643941 643979 644099 644109 0 0 644394 644598 0 0 644660 644612 644605 0 644490 0 644352 643821 643890 643845 643863 644027 644004 644091 644034 644031 
644853 644847 644885 644963 644827 644807 644849 644831 644693 644731 644925 644737 644747 644701 644915 645013 644895 644847 644783 644723 644741 644721 644623 644663 644707 644723 644707 644691 644625 644685 644811 645087 644957 644831 644825 644603 644667 645039 645061 645087 645001 644995 644657 644627 645019 644985 644879 644885 644903 644717 644733 644647 644523 644517 644603 644587 644643 644955 644961 644951 645029 645059 645053 645055 645009 644933 644825 644759 644585 644603 644589 644479 644499 644489 644527 644625 645055 644939 644983 644911 644831 644803 644561 644545 644455 644437 644445 644455 644615 644593 644915 644973 644999 644923 644917 644875 644799 644621 644541 644551 644535 644475 644417 644419 644463 644447 644441 644477 644637 644795 644897 644867 644871 644975 644979 645001 644959 644837 644831 644473 644519 644489 644437 644415 644377 644435 644397 644395 
644466 644463 644518 644503 644489 644475 644410 644515 644284 644303 644460 644417 644427 644315 644443 644516 644587 644563 644531 644501 644453 644401 644255 644245 644279 644501 644491 644475 644202 644256 644343 644581 644618 644555 644552 644217 644223 644475 644485 644595 644640 644637 644468 644191 644443 644427 644579 644582 644591 644498 644506 644463 644137 644100 644167 644159 644199 644429 644385 644393 644507 644549 644543 644625 644644 644606 644552 644519 644432 644423 644421 644093 644113 644103 644141 644178 644619 644609 644631 644595 644555 644541 644405 644389 644111 644069 644059 644045 644161 644150 644339 644463 644623 644601 644598 644577 644539 644450 644410 644407 644319 644143 644049 644033 644077 644061 644038 644056 644172 644287 644321 644291 644313 644497 644549 644571 644589 644558 644555 644376 644387 644237 644105 644029 643991 644049 644011 644003 
0 0 644716 644698 644658 644638 644584 0 644428 644466 0 644592 0 644436 0 644748 644808 644784 644740 644680 644630 644576 644382 0 644442 0 644664 644648 644360 644420 644546 0 644870 0 0 644338 644402 644740 0 0 0 644908 0 644362 0 644812 0 0 0 644674 644690 644604 644258 0 644338 644322 644378 0 644716 0 0 0 0 0 644934 0 0 0 644542 644560 644546 0 0 0 644262 644360 0 0 644930 0 0 0 644518 0 0 0 644180 0 644350 644328 0 0 644930 0 0 644832 644756 644578 644498 644508 644492 644306 644176 644154 644198 644182 0 0 644372 0 0 0 0 644934 644934 0 644882 0 644788 644430 644476 644402 644268 0 0 644170 644132 644130 
0 644264 644313 644112 644349 644339 644046 644399 643962 643924 644025 644260 644275 644059 0 643965 644367 644415 644479 644517 644326 644236 643978 643872 643888 644539 644509 644491 643790 643850 643836 0 644292 0 0 643912 643748 643833 643848 0 0 644235 644580 643728 643785 643770 0 0 0 644533 644517 644575 643792 643658 643692 643708 643712 0 643698 643719 0 0 0 0 644202 0 0 0 644508 644527 644542 643726 643756 643741 643798 643670 0 0 644229 0 0 644439 644535 644511 643789 643699 643675 643600 643620 643642 0 0 644205 0 0 644355 644409 644508 644516 644544 644257 643843 643669 643636 643702 643678 0 0 643593 643572 0 0 643599 643926 644052 0 644238 0 644361 644476 644520 644008 643786 643630 643573 643660 643603 643578 
0 0 0 642353 0 642257 0 0 0 642411 0 0 0 0 0 0 0 0 642113 0 0 0 0 0 0 0 0 0 0 0 642411 0 0 0 0 0 642411 0 0 0 0 0 0 642409 0 0 0 0 0 0 0 0 642295 0 0 0 0 0 642411 0 0 0 0 0 0 0 0 0 0 642017 641993 0 0 0 642371 0 0 0 0 0 0 0 0 0 0 0 0 0 0 0 0 0 0 0 0 0 0 0 641873 641945 642017 642021 642035 642061 642153 642411 0 0 0 0 0 0 0 0 0 0 0 0 0 0 0 0 641983 0 0 642255 0 0 
0 644579 644528 644788 644441 644411 644691 644375 644457 644514 644804 644270 644285 644468 0 644913 644447 644375 644279 644189 644216 644246 644243 644412 644478 644189 644165 644141 644355 644445 644634 0 644540 0 0 644321 644418 644996 645030 0 0 644597 644090 644358 645067 644997 0 0 0 644180 644204 644075 644202 644193 644322 644298 644382 0 645019 644946 0 0 0 0 644618 0 0 0 643982 644009 643988 644062 644092 644077 644208 644355 0 0 644579 0 0 644309 643946 643922 643919 643964 644085 644100 644340 644307 0 0 644603 0 0 644417 644303 644036 643916 643931 643907 643913 643934 643972 644088 644088 0 0 644373 644610 0 0 644826 644778 644730 0 644546 0 644351 643814 643883 643838 643856 644016 643983 644070 644013 644010 
0 0 644439 644573 644352 644322 644438 0 0 644309 0 0 0 0 0 644660 0 0 644190 0 0 0 644085 0 0 0 0 0 644156 644246 644429 0 644451 0 0 0 644219 644732 0 0 0 0 0 644159 0 644924 0 0 0 0 0 643986 643949 0 0 0 0 0 644782 0 0 0 0 0 644529 0 0 0 0 643920 643899 0 0 0 643991 644156 0 0 0 0 0 0 0 0 0 0 0 0 644141 0 0 0 0 0 0 644328 0 0 643827 643842 643818 643824 643776 643757 643835 643889 0 0 644174 0 0 0 0 644779 644655 0 644457 0 0 0 0 0 643767 0 0 643841 0 0 
644929 644923 644961 644975 644903 644883 644949 644907 644815 644853 644967 644813 644823 644823 644929 644905 644975 644975 644939 644903 644825 644797 644699 644785 644829 644927 644887 644871 644747 644805 644841 644845 644953 644975 644975 644725 644757 644839 644827 644847 644909 644915 644869 644733 644785 644727 644959 644953 644959 644929 644935 644859 644645 644639 644709 644709 644733 644793 644749 644693 644771 644801 644795 644841 644877 644905 644949 644935 644797 644815 644801 644555 644575 644565 644649 644709 644835 644899 644879 644903 644943 644923 644773 644757 644531 644513 644567 644577 644685 644685 644703 644715 644863 644891 644897 644899 644879 644833 644753 644763 644715 644551 644493 644495 644563 644569 644563 644599 644679 644665 644685 644655 644613 644725 644777 644799 644853 644841 644847 644685 644731 644597 644513 644515 644499 644557 644519 644517 
644880 644874 644984 644930 644926 644906 644852 644978 644696 644734 644872 644860 644870 644704 644834 644832 645098 645074 645034 644998 644920 644844 644650 644666 644710 645022 644982 644966 644628 644688 644746 644892 645072 645098 645098 644606 644666 644744 644754 644918 645028 645034 644964 644630 644712 644702 645078 645072 645078 645024 645040 644954 644526 644520 644606 644590 644642 644698 644654 644668 644818 644872 644866 644960 644996 645024 645068 645058 644892 644910 644896 644482 644502 644492 644530 644618 644954 645018 644998 645022 645062 645042 644868 644852 644530 644464 644448 644458 644594 644594 644608 644786 644982 645010 645016 645018 644998 644928 644848 644858 644810 644574 644444 644422 644466 644450 644444 644480 644584 644570 644590 644560 644588 644844 644896 644918 644972 644960 644966 644780 644826 644692 644536 644418 644380 644438 644400 644398 
644816 644810 644920 644888 644862 644842 644788 644914 644632 644670 644840 644796 644806 644640 644808 644806 645058 645058 645042 645030 644856 644780 644586 644602 644646 645054 645014 644998 644564 644624 644720 644866 645070 645138 645132 644542 644606 644718 644728 644892 645026 645032 644990 644566 644686 644676 645148 645142 645124 645050 645066 644980 644462 644456 644542 644526 644582 644672 644628 644642 644792 644846 644840 644958 645018 645094 645130 645092 644918 644936 644922 644418 644438 644428 644466 644564 644952 645088 645044 645092 645126 645106 644894 644878 644466 644400 644384 644394 644552 644532 644582 644760 645028 645080 645086 645082 645062 644954 644874 644884 644842 644510 644380 644358 644402 644386 644380 644416 644552 644544 644564 644534 644562 644818 644918 644940 645042 645024 645030 644806 644852 644652 644472 644354 644316 644374 644336 644334 
0 0 644652 644528 644636 644616 644477 0 644388 644388 0 644570 0 644414 0 644467 644738 644772 644796 644797 644630 644554 644360 0 644364 0 644781 644765 644292 644340 644352 0 644707 0 0 644316 644280 644411 0 0 0 644688 0 644264 0 644426 0 0 0 644849 644848 644829 644236 0 644240 644244 644256 0 644354 0 0 0 0 0 644693 0 0 0 644834 644785 644807 0 0 0 644240 644229 0 0 644718 0 0 0 644815 0 0 0 644158 0 644198 644209 0 0 644710 0 0 644777 644815 644858 644810 644836 644609 644284 644154 644132 644176 644160 0 0 644187 0 0 0 0 644569 644643 0 644734 0 644799 644738 644806 644426 644246 0 0 644148 644110 644108 
0 0 644863 644789 644805 644785 644724 0 644575 644613 0 644739 0 644583 0 644712 644991 644994 644966 644942 644799 644723 644529 0 644589 0 644926 644910 644507 644567 644613 0 644968 0 0 644485 644537 644624 0 0 0 644938 0 644505 0 644582 0 0 0 645018 645033 644948 644405 0 644481 644469 644513 0 644534 0 0 0 0 0 644917 0 0 0 644891 644904 644895 0 0 0 644409 644490 0 0 644931 0 0 0 644867 0 0 0 644327 0 644459 644464 0 0 644915 0 0 645001 644995 644927 644847 644857 644754 644453 644323 644301 644345 644329 0 0 644448 0 0 0 0 644724 644817 0 644929 0 644966 644779 644825 644595 644415 0 0 644317 644279 644277 
0 0 644692 644450 644718 644718 644404 0 0 644282 0 0 0 0 0 644303 0 0 644927 0 0 0 644346 0 0 0 0 0 644148 644208 644174 0 644699 0 0 0 644102 644171 0 0 0 0 0 644086 0 644108 0 0 0 0 0 645055 644160 0 0 0 0 0 644036 0 0 0 0 0 644621 0 0 0 0 645025 645036 0 0 0 644166 644021 0 0 0 0 0 0 0 0 0 0 0 0 643964 0 0 0 0 0 0 644822 0 0 644865 644977 644730 644232 644037 644004 644070 644046 0 0 643931 0 0 0 0 644321 644471 0 644693 0 0 0 0 0 644175 0 0 644028 0 0 
0 0 0 644737 0 0 0 0 0 644755 0 0 0 0 0 0 0 0 644597 0 0 0 0 0 0 0 0 0 0 0 644675 0 0 0 0 0 644627 0 0 0 0 0 0 0 0 0 0 0 0 0 0 0 645113 0 0 0 0 0 644571 0 0 0 0 0 0 0 0 0 0 644585 644551 0 0 0 645007 0 0 0 0 0 0 0 0 0 0 0 0 0 0 0 0 0 0 0 0 0 0 0 644359 644493 644797 644917 644931 644957 645049 644847 0 0 0 0 0 0 0 0 0 0 0 0 0 0 0 0 644879 0 0 645077 0 0 
0 643514 643394 643460 643386 643366 643610 643318 643802 643776 643522 643245 643260 643515 0 643422 643208 643196 643190 643134 643191 643221 643218 643868 643812 643118 643118 643102 643930 643846 643696 0 643146 0 0 643368 643888 643394 643344 0 0 643108 643032 643940 643302 643172 0 0 0 643026 643010 643022 643320 644050 643964 643980 643924 0 643364 643138 0 0 0 0 643034 0 0 0 642858 642978 642952 643038 643068 643053 643542 643942 0 0 643000 0 0 642940 642912 642896 642894 642939 643491 644022 643952 643974 0 0 642984 0 0 642928 642884 642882 642830 642890 642882 642888 642909 642948 643086 643782 0 0 643930 643760 0 0 643058 642954 642934 0 642902 0 642852 642722 642846 642813 642831 643014 643101 643332 643779 643977 
0 0 644586 644682 644586 644586 644754 0 644850 644850 0 644562 0 644730 0 644654 644490 644466 644442 644418 644514 644562 644658 0 644874 0 644418 644418 644946 644898 644850 0 644486 0 0 644730 644946 644614 0 0 0 644448 0 644968 0 644428 0 0 0 644346 644346 644346 644746 0 644968 644968 644968 0 644572 0 0 0 0 0 644386 0 0 0 644226 644346 644322 0 0 0 644826 644968 0 0 644364 0 0 0 644298 0 0 0 644850 0 644960 644960 0 0 644348 0 0 644328 644308 644250 644202 644274 644418 644458 644472 644498 644590 644946 0 0 644960 0 0 0 0 644282 644286 0 644290 0 644276 644130 644250 644408 644420 0 0 644754 644968 644864 
0 0 644729 644805 644713 644693 644897 0 644993 644993 0 644599 0 644779 0 644755 644633 644609 644585 644545 644563 644583 644581 0 645017 0 644529 644513 645089 645041 644957 0 644587 0 0 644681 645089 644715 0 0 0 644549 0 645113 0 644529 0 0 0 644489 644489 644469 644649 0 645123 645123 645113 0 644673 0 0 0 0 0 644487 0 0 0 644369 644425 644411 0 0 0 644797 645123 0 0 644465 0 0 0 644383 0 0 0 644763 0 645091 645099 0 0 644449 0 0 644429 644409 644393 644345 644373 644357 644361 644375 644401 644493 644957 0 0 645069 0 0 0 0 644383 644387 0 644391 0 644377 644273 644341 644311 644323 0 0 644657 644955 644987 
0 0 644541 644637 644541 644541 644709 0 644805 644805 0 644517 0 644685 0 644625 644445 644421 644397 644373 644469 644517 644613 0 644829 0 644373 644373 644901 644853 644805 0 644445 0 0 644685 644901 644585 0 0 0 644419 0 644923 0 644399 0 0 0 644301 644301 644301 644709 0 644923 644923 644923 0 644543 0 0 0 0 0 644357 0 0 0 644181 644301 644277 0 0 0 644781 644923 0 0 644335 0 0 0 644253 0 0 0 644805 0 644923 644923 0 0 644319 0 0 644299 644277 644205 644157 644229 644373 644477 644491 644517 644609 644901 0 0 644923 0 0 0 0 644253 644257 0 644261 0 644247 644085 644205 644427 644439 0 0 644757 644923 644829 
644724 644718 644684 644858 644626 644606 644888 644582 644874 644912 644916 644512 644522 644692 644954 644932 644630 644582 644518 644458 644476 644496 644494 644850 644894 644458 644442 644426 644812 644872 644992 644812 644692 644566 644560 644594 644854 644956 644932 644788 644716 644716 644392 644814 644932 644884 644614 644620 644638 644452 644468 644382 644562 644704 644790 644774 644830 645026 644980 644884 644812 644788 644788 644716 644692 644644 644560 644494 644320 644338 644324 644374 644394 644384 644684 644812 644716 644644 644668 644620 644566 644538 644296 644280 644278 644308 644626 644642 644802 644780 644980 644788 644668 644620 644620 644596 644534 644356 644276 644286 644270 644274 644288 644314 644406 644634 644628 644664 644824 644936 645026 644980 644820 644740 644692 644692 644620 644548 644548 644208 644254 644224 644236 644358 644416 644568 644584 644582 
0 0 0 634397 0 0 0 0 0 0 0 0 0 0 0 0 0 0 633837 0 0 0 0 0 0 0 0 0 0 0 634432 0 0 0 0 0 634288 0 0 0 0 0 0 0 0 0 0 0 0 0 0 0 0 0 0 0 0 0 634709 0 0 0 0 0 0 0 0 0 0 0 0 0 0 0 0 0 0 0 0 0 0 0 0 0 0 0 0 0 0 0 0 0 0 0 0 0 0 0 633413 633433 633353 0 633269 633309 0 633848 0 0 0 0 0 0 0 0 0 0 0 0 0 0 0 0 0 0 0 633608 0 0 
0 644229 644230 644426 644114 644074 644198 644039 643886 643962 0 643898 0 643902 0 644526 644135 644039 643911 643791 643827 643866 643781 0 643914 0 643759 643727 643750 643870 644122 0 644259 0 0 643706 643834 644606 0 0 0 644335 0 643754 0 644965 0 0 0 643779 643811 643639 643546 0 643706 643674 643786 0 644690 645018 0 0 0 0 644363 0 0 0 643515 643551 643523 0 0 0 643554 643750 0 0 644311 0 0 0 643467 0 0 0 643390 643410 643730 643686 0 0 644343 0 0 644095 643943 643587 643427 643447 643415 643410 643369 643338 643426 643394 0 0 643774 0 0 0 0 644763 644563 0 644267 0 644007 643291 643383 643323 643334 0 643254 643370 643294 643290 
644804 644798 644860 644890 644802 644782 644776 644800 644620 644658 644852 644712 644722 644628 644842 644940 644848 644800 644736 644676 644694 644696 644574 644590 644634 644676 644660 644644 644552 644612 644738 645072 644910 644784 644778 644530 644594 644980 645018 645070 644954 644948 644610 644554 645050 645056 644832 644838 644856 644670 644686 644600 644450 644444 644530 644514 644570 644882 645002 645022 645122 645116 645122 645022 644962 644886 644778 644712 644538 644556 644542 644406 644426 644416 644454 644552 645028 644892 644936 644864 644784 644756 644514 644498 644430 644388 644372 644382 644542 644520 644962 645068 644952 644876 644870 644828 644752 644574 644494 644504 644488 644450 644368 644346 644390 644374 644368 644404 644564 644722 644930 644914 644942 645048 645044 645040 644914 644790 644784 644426 644472 644442 644412 644342 644304 644362 644324 644322 
644767 644761 644871 644853 644813 644793 644739 644865 644583 644621 644815 644747 644757 644591 644805 644903 644937 644889 644825 644765 644783 644731 644537 644553 644597 644765 644749 644733 644515 644575 644701 645083 644999 644873 644867 644493 644557 644943 644979 645105 645043 645037 644699 644517 644977 644967 644921 644927 644945 644759 644775 644689 644413 644407 644493 644477 644533 644845 644919 644933 645083 645123 645123 645111 645051 644975 644867 644801 644627 644645 644631 644369 644389 644379 644417 644515 645117 644981 645025 644953 644873 644845 644603 644587 644417 644351 644335 644345 644505 644483 644873 645051 645041 644965 644959 644917 644841 644663 644583 644593 644577 644461 644331 644309 644353 644337 644331 644367 644527 644685 644855 644825 644853 645085 645089 645099 645003 644879 644873 644515 644561 644531 644423 644305 644267 644325 644287 644285 
644810 644804 644914 644896 644856 644836 644782 644854 644626 644664 644858 644766 644776 644634 644848 644946 644902 644854 644790 644730 644748 644750 644580 644596 644640 644730 644714 644698 644558 644618 644744 645120 644964 644838 644832 644536 644600 644976 645000 645120 645008 645002 644664 644560 645000 645002 644886 644892 644910 644724 644740 644654 644456 644450 644536 644520 644576 644888 644952 644968 645118 645120 645120 645066 645016 644940 644832 644766 644592 644610 644596 644412 644432 644422 644460 644558 645066 644946 644990 644918 644838 644810 644568 644552 644460 644394 644378 644388 644548 644526 644908 645062 645006 644930 644924 644882 644806 644628 644548 644558 644542 644504 644374 644352 644396 644380 644374 644410 644570 644728 644880 644860 644888 645042 645042 645042 644968 644844 644838 644480 644526 644496 644466 644348 644310 644368 644330 644328 
644200 644194 644268 644292 644210 644190 644220 644238 644112 644150 644273 644132 644142 644060 644268 644317 644358 644322 644270 644222 644168 644116 643970 644100 644138 644234 644206 644190 644062 644122 644216 644407 644401 644330 644324 643962 644104 644333 644338 644418 644423 644420 644192 644064 644317 644312 644362 644365 644374 644252 644268 644182 643894 643954 644040 644024 644080 644288 644288 644295 644370 644397 644394 644453 644427 644389 644335 644294 644180 644138 644136 643814 643834 643824 643934 644062 644450 644392 644414 644378 644338 644324 644120 644104 643826 643784 643864 643892 644052 644030 644265 644354 644422 644384 644381 644360 644322 644204 644148 644122 644034 643858 643764 643754 643810 643884 643878 643914 644063 644178 644256 644241 644255 644383 644409 644420 644403 644341 644338 644097 644102 643952 643820 643762 643748 643830 643834 643832 
0 0 643853 643856 643708 643658 643582 0 0 643287 0 0 0 0 0 643975 0 0 643996 0 0 0 643054 0 0 0 0 0 643022 643172 643487 0 644305 0 0 0 643127 643958 0 0 0 0 0 643027 0 643887 0 0 0 0 0 643751 642767 0 0 0 0 0 643766 0 0 0 0 0 644484 0 0 0 0 643641 643618 0 0 0 642777 643022 0 0 0 0 0 0 0 0 0 0 0 0 642997 0 0 0 0 0 0 644297 0 0 643558 643547 643411 642828 642539 642496 642617 642577 0 0 643052 0 0 0 0 644171 644353 0 644409 0 0 0 0 0 642733 0 0 642547 0 0 
644735 644729 644839 644821 644781 644761 644707 644833 644551 644589 644783 644715 644725 644559 644773 644859 644977 644977 644961 644927 644775 644699 644505 644521 644565 644951 644911 644895 644483 644543 644669 644949 645039 645035 645029 644461 644525 644801 644811 644975 645075 645075 644907 644485 644769 644759 645083 645089 645081 644967 644983 644897 644381 644375 644461 644445 644501 644755 644711 644725 644875 644929 644923 645041 645099 645125 645075 645009 644835 644853 644839 644337 644357 644347 644385 644483 645035 645125 645123 645125 645081 645053 644811 644795 644385 644319 644303 644313 644473 644451 644665 644843 645111 645125 645125 645123 645049 644871 644791 644801 644739 644429 644299 644277 644321 644305 644299 644335 644495 644619 644647 644617 644645 644901 645001 645023 645103 645075 645075 644723 644769 644571 644391 644273 644235 644293 644255 644253 
644671 644665 644775 644731 644717 644697 644643 644769 644487 644525 644683 644651 644661 644495 644647 644645 644913 644913 644897 644881 644711 644635 644441 644457 644501 644905 644865 644849 644419 644479 644559 644705 644909 644989 644983 644397 644461 644557 644567 644731 644865 644871 644887 644421 644525 644515 644983 644977 644963 644947 644963 644877 644317 644311 644397 644381 644437 644511 644467 644481 644631 644685 644679 644797 644857 644929 644989 644989 644935 644833 644843 644273 644293 644283 644321 644419 644791 644923 644883 644927 644983 644987 644839 644823 644321 644255 644239 644249 644395 644387 644421 644599 644867 644915 644921 644939 644967 644947 644915 644853 644693 644365 644235 644213 644257 644241 644235 644271 644395 644383 644403 644373 644401 644657 644757 644779 644877 644929 644935 644919 644845 644507 644327 644209 644171 644229 644191 644189 
644719 644713 644823 644748 644765 644745 644691 644817 644535 644573 644695 644699 644709 644543 644664 644662 644958 644961 644945 644933 644759 644683 644489 644505 644549 644981 644917 644901 644467 644527 644572 644722 644926 645026 645029 644445 644500 644574 644584 644748 644882 644888 644999 644469 644542 644532 645002 644998 644978 645059 645075 644989 644365 644359 644445 644429 644476 644528 644484 644498 644648 644702 644696 644814 644874 644950 645053 645086 644984 644945 644965 644321 644341 644331 644369 644449 644808 644944 644900 644972 645050 645064 644949 644933 644369 644303 644287 644297 644418 644429 644438 644616 644884 644960 644966 645008 645058 645020 644940 644950 644745 644413 644283 644261 644305 644289 644283 644319 644407 644400 644420 644390 644418 644674 644774 644796 644922 645020 645026 644872 644918 644555 644375 644257 644219 644277 644239 644237 
0 0 644683 644556 644634 644614 644505 0 644404 644420 0 644568 0 644412 0 644495 644766 644802 644814 644802 644628 644552 644358 0 644396 0 644786 644770 644325 644371 644380 0 644735 0 0 644314 644308 644435 0 0 0 644716 0 644292 0 644393 0 0 0 644927 644919 644870 644234 0 644268 644276 644284 0 644345 0 0 0 0 0 644721 0 0 0 645010 644826 644860 0 0 0 644238 644257 0 0 644746 0 0 0 644880 0 0 0 644156 0 644226 644237 0 0 644738 0 0 644836 644898 645004 645004 644911 644614 644282 644152 644130 644174 644158 0 0 644215 0 0 0 0 644535 644635 0 644781 0 644882 644936 644915 644424 644244 0 0 644146 644108 644106 
0 0 0 640784 0 0 0 0 0 640620 0 0 0 0 0 0 0 0 641003 0 0 0 0 0 0 0 0 0 0 0 640608 0 0 0 0 0 640524 0 0 0 0 0 0 0 0 0 0 0 0 0 0 0 640716 0 0 0 0 0 640610 0 0 0 0 0 0 0 0 0 0 641017 641013 0 0 0 640644 0 0 0 0 0 0 0 0 0 0 0 0 0 0 0 0 0 0 0 0 0 0 0 640953 640989 641015 640884 640812 640788 640764 640524 0 0 0 0 0 0 0 0 0 0 0 0 0 0 0 0 640884 0 0 640668 0 0 
0 0 0 636702 0 0 0 0 0 636702 0 0 0 0 0 0 0 0 636702 0 0 0 0 0 0 0 0 0 0 0 636702 0 0 0 0 0 636702 0 0 0 0 0 0 0 0 0 0 0 0 0 0 0 636498 0 0 0 0 0 636645 0 0 0 0 0 0 0 0 0 0 636682 636692 0 0 0 636574 0 0 0 0 0 0 0 0 0 0 0 0 0 0 0 0 0 0 0 0 0 0 0 636648 636684 636542 636378 636320 636322 636390 636614 0 0 0 0 0 0 0 0 0 0 0 0 0 0 0 0 636340 0 0 636458 0 0 
0 644645 644607 644529 644665 644685 644525 644661 644489 644451 644497 644755 644745 644721 0 644455 644565 644589 644629 644641 644743 644771 644869 644423 644427 644593 644657 644673 644365 644401 644371 0 644503 0 0 644819 644323 644369 644377 0 0 644465 644563 644315 644335 644277 0 0 0 644503 644487 644573 644851 644281 644291 644307 644299 0 644279 644243 0 0 0 0 644427 0 0 0 644395 644617 644583 644999 644993 644999 644703 644269 0 0 644429 0 0 644417 644563 644579 644999 644999 644737 644247 644231 644253 0 0 644413 0 0 644393 644373 644407 644391 644525 644829 644999 644999 644999 644999 644543 0 0 644209 644195 0 0 644163 644275 644327 0 644355 0 644341 644315 644509 644971 644999 644999 644953 644843 644545 644259 
0 644732 644646 644616 644704 644724 644658 644652 644694 644656 644606 644770 644760 644830 0 644542 644508 644508 644524 644536 644710 644786 644956 644628 644632 644488 644552 644568 644570 644606 644576 0 644446 0 0 644928 644528 644478 644464 0 0 644408 644458 644520 644422 644364 0 0 0 644398 644382 644468 644984 644486 644496 644512 644504 0 644412 644330 0 0 0 0 644346 0 0 0 644290 644512 644478 645030 645030 645030 644908 644474 0 0 644324 0 0 644312 644458 644474 645006 645026 644942 644452 644436 644458 0 0 644308 0 0 644288 644268 644302 644286 644420 644724 644982 645006 645008 645030 644748 0 0 644414 644400 0 0 644250 644242 644246 0 644250 0 644236 644210 644404 644886 644978 645028 645030 645024 644750 644464 
0 644821 644711 644705 644769 644789 644697 644717 644661 644623 644669 644835 644825 644893 0 644629 644573 644573 644589 644601 644775 644851 645045 644595 644599 644553 644617 644633 644537 644573 644543 0 644511 0 0 644991 644495 644541 644551 0 0 644473 644523 644487 644509 644453 0 0 0 644463 644447 644533 645023 644453 644463 644479 644471 0 644451 644419 0 0 0 0 644411 0 0 0 644355 644577 644543 645077 645077 645077 644875 644441 0 0 644389 0 0 644377 644523 644539 645029 645077 644909 644419 644403 644425 0 0 644373 0 0 644353 644333 644367 644351 644485 644789 645005 645063 645065 645075 644715 0 0 644381 644367 0 0 644339 644307 644311 0 644315 0 644301 644275 644469 644909 645005 645075 645027 644979 644717 644431 
0 0 0 644343 0 0 0 0 0 644541 0 0 0 0 0 0 0 0 644111 0 0 0 0 0 0 0 0 0 0 0 644381 0 0 0 0 0 644297 0 0 0 0 0 0 0 0 0 0 0 0 0 0 0 644765 0 0 0 0 0 644007 0 0 0 0 0 0 0 0 0 0 644087 644019 0 0 0 644863 0 0 0 0 0 0 0 0 0 0 0 0 0 0 0 0 0 0 0 0 0 0 0 643635 643903 644257 644429 644435 644463 644609 644665 0 0 0 0 0 0 0 0 0 0 0 0 0 0 0 0 644355 0 0 644751 0 0 
0 0 0 641823 0 641527 642004 0 0 642205 0 0 0 0 0 0 0 0 641195 0 0 0 641615 0 0 0 0 0 642256 642238 642207 0 641330 0 0 0 642277 0 0 0 0 0 0 642281 0 0 0 0 0 0 0 0 641841 0 0 0 0 0 641863 0 0 0 0 0 0 0 0 0 0 640913 640858 0 0 0 642055 642304 0 0 0 0 0 0 0 0 0 0 0 0 642313 0 0 0 0 0 0 641011 0 0 640594 640743 641023 641327 641420 641483 641645 642167 0 0 642302 0 0 0 0 641188 641146 0 641040 0 0 0 0 0 641270 0 0 641941 0 0 
644762 644756 644866 644848 644808 644788 644734 644860 644578 644616 644810 644742 644752 644586 644800 644898 644974 644926 644862 644802 644802 644726 644532 644548 644592 644802 644786 644770 644510 644570 644696 645078 645036 644910 644904 644488 644552 644938 644972 645100 645080 645074 644736 644512 644940 644930 644958 644964 644982 644796 644812 644726 644408 644402 644488 644472 644528 644840 644882 644896 645046 645100 645094 645148 645088 645012 644904 644838 644664 644682 644668 644364 644384 644374 644412 644510 645154 645018 645062 644990 644910 644882 644640 644624 644412 644346 644330 644340 644500 644478 644836 645014 645078 645002 644996 644954 644878 644700 644620 644630 644614 644456 644326 644304 644348 644332 644326 644362 644522 644680 644818 644788 644816 645072 645094 645116 645040 644916 644910 644552 644598 644568 644418 644300 644262 644320 644282 644280 
644739 644733 644843 644825 644785 644765 644711 644837 644555 644593 644787 644719 644729 644563 644777 644869 644981 644981 644965 644947 644779 644703 644509 644525 644569 644947 644931 644915 644487 644547 644673 644975 645043 645055 645049 644465 644529 644827 644837 645001 645085 645081 644881 644489 644795 644785 645103 645109 645085 644941 644957 644871 644385 644379 644465 644449 644505 644773 644737 644751 644901 644955 644949 645067 645109 645151 645049 644983 644809 644827 644813 644341 644361 644351 644389 644487 645061 645151 645133 645127 645055 645027 644785 644769 644389 644323 644307 644317 644477 644455 644691 644869 645133 645127 645127 645099 645023 644845 644765 644775 644759 644433 644303 644281 644325 644309 644303 644339 644499 644629 644673 644643 644671 644927 645027 645049 645121 645055 645055 644697 644743 644575 644395 644277 644239 644297 644259 644257 
0 0 639851 639851 639851 639851 639851 0 639851 639851 0 639851 0 639851 0 639851 639851 639850 639838 639825 639851 639851 639851 0 639851 0 639825 639825 639851 639851 639851 0 639851 0 0 639851 639851 639851 0 0 0 639851 0 639851 0 639851 0 0 0 639753 639753 639753 639851 0 639851 639851 639851 0 639851 0 0 0 0 0 639850 0 0 0 639633 639753 639729 0 0 0 639851 639851 0 0 639838 0 0 0 639705 0 0 0 639851 0 639851 639851 0 0 639838 0 0 639777 639729 639657 639609 639681 639825 639851 639851 639851 639851 639851 0 0 639851 0 0 0 0 639850 639850 0 639801 0 639729 639537 639657 639851 639851 0 0 639851 639851 639851 
644769 644763 644873 644855 644815 644795 644741 644867 644585 644623 644817 644749 644759 644593 644797 644845 645011 645011 644995 644983 644809 644733 644539 644555 644599 644993 644967 644951 644517 644577 644701 644929 645061 645091 645085 644495 644559 644781 644791 644955 645061 645061 644927 644519 644749 644739 645133 645133 645109 644987 645003 644917 644415 644409 644495 644479 644535 644735 644691 644705 644855 644909 644903 645021 645081 645133 645095 645029 644855 644873 644859 644371 644391 644381 644419 644517 645015 645133 645107 645119 645095 645071 644831 644815 644419 644353 644337 644347 644507 644485 644645 644823 645091 645119 645119 645095 645047 644891 644811 644821 644795 644463 644333 644311 644355 644339 644333 644369 644529 644605 644627 644597 644625 644881 644981 645003 645091 645047 645047 644743 644789 644605 644425 644307 644269 644327 644289 644287 
644632 644626 644736 644706 644678 644658 644604 644730 644448 644486 644658 644612 644622 644456 644634 644634 644874 644874 644858 644846 644672 644596 644402 644418 644462 644892 644830 644814 644380 644440 644538 644694 644898 644954 644948 644358 644422 644546 644556 644720 644854 644860 644874 644382 644514 644504 644970 644970 644946 644934 644950 644864 644278 644272 644358 644342 644398 644500 644456 644470 644620 644674 644668 644786 644846 644922 644992 644976 644922 644820 644830 644234 644254 644244 644282 644380 644780 644916 644872 644942 644992 644992 644826 644810 644282 644216 644200 644210 644370 644348 644410 644588 644856 644930 644936 644954 644982 644934 644902 644840 644658 644326 644196 644174 644218 644202 644196 644232 644370 644372 644392 644362 644390 644646 644746 644768 644892 644944 644950 644906 644832 644468 644288 644170 644132 644190 644152 644150 
0 634116 634154 634232 634096 634076 634190 634100 634130 634168 634242 634006 634016 634018 0 634248 634196 634172 634132 634096 634018 633990 633892 634148 634168 634120 634080 634064 634158 634170 634248 0 634248 0 0 633920 634200 634248 634248 0 0 634248 634102 634184 634248 634228 0 0 0 634162 634178 634092 633864 634146 634184 634168 634200 0 634248 634211 0 0 0 0 634248 0 0 0 634109 634048 634058 633748 633768 633758 633940 634206 0 0 634248 0 0 634248 634049 634033 633724 633706 633882 634132 634220 634198 0 0 634248 0 0 634248 634248 634133 634077 634051 633908 633744 633686 633688 633756 633980 0 0 634242 634248 0 0 634171 634227 634248 0 634248 0 634248 634045 634031 633790 633706 633708 633718 633824 633954 634096 
0 0 642768 642768 642768 642768 642768 0 642768 642768 0 642768 0 642768 0 642768 642768 642768 642768 642768 642768 642768 642734 0 642768 0 642768 642768 642768 642768 642768 0 642768 0 0 642762 642768 642768 0 0 0 642768 0 642768 0 642768 0 0 0 642768 642768 642768 642706 0 642768 642768 642768 0 642768 0 0 0 0 0 642768 0 0 0 642736 642768 642768 0 0 0 642768 642768 0 0 642768 0 0 0 642768 0 0 0 642724 0 642768 642768 0 0 642768 0 0 642768 642768 642748 642724 642760 642750 642586 642528 642530 642598 642768 0 0 642768 0 0 0 0 642768 642768 0 642768 0 642768 642688 642748 642632 642548 0 0 642666 642768 642768 
0 637397 637378 637337 637407 637417 637360 637405 637390 637371 637327 637420 637420 637420 0 637263 637357 637369 637389 637407 637420 637420 637420 637381 637371 637395 637415 637420 637376 637370 637321 0 637311 0 0 637420 637355 637199 637185 0 0 637273 637404 637363 637143 637085 0 0 0 637374 637366 637409 637420 637382 637363 637371 637355 0 637133 637051 0 0 0 0 637235 0 0 0 637366 637420 637420 637420 637420 637420 637420 637352 0 0 637237 0 0 637321 637420 637420 637420 637420 637420 637389 637345 637356 0 0 637221 0 0 637273 637301 637372 637364 637420 637420 637420 637420 637420 637420 637420 0 0 637327 637241 0 0 636971 637083 637135 0 637211 0 637269 637326 637418 637420 637420 637420 637420 637420 637420 637407 
0 644689 644675 644549 644733 644753 644519 644729 644483 644445 644491 644823 644813 644715 0 644451 644607 644607 644623 644635 644809 644839 644913 644417 644421 644587 644651 644667 644359 644395 644365 0 644545 0 0 644813 644317 644363 644373 0 0 644507 644557 644309 644331 644321 0 0 0 644497 644481 644567 644845 644275 644285 644301 644293 0 644273 644287 0 0 0 0 644445 0 0 0 644389 644611 644577 645033 645013 645023 644697 644263 0 0 644423 0 0 644411 644557 644573 645105 645091 644731 644241 644225 644247 0 0 644407 0 0 644387 644367 644401 644385 644519 644823 645085 645075 645053 645001 644537 0 0 644203 644189 0 0 644207 644341 644345 0 644349 0 644335 644309 644503 645013 645115 645043 644991 644837 644539 644253 
0 644608 644570 644492 644628 644648 644534 644624 644568 644530 644482 644718 644708 644706 0 644418 644528 644552 644570 644582 644706 644734 644832 644502 644506 644534 644598 644614 644444 644480 644450 0 644466 0 0 644804 644402 644354 644340 0 0 644428 644504 644394 644298 644240 0 0 0 644444 644428 644514 644860 644360 644370 644386 644378 0 644288 644206 0 0 0 0 644390 0 0 0 644336 644558 644524 644886 644886 644886 644782 644348 0 0 644370 0 0 644358 644504 644520 644886 644886 644816 644326 644310 644332 0 0 644354 0 0 644334 644314 644348 644332 644466 644770 644886 644886 644886 644886 644622 0 0 644288 644274 0 0 644126 644238 644290 0 644296 0 644282 644256 644450 644886 644886 644886 644886 644886 644624 644338 
0 0 644617 644635 644647 644657 644749 0 644871 644844 0 644668 0 644830 0 644585 644479 644479 644485 644479 644614 644676 644821 0 644830 0 644487 644495 644768 644804 644764 0 644417 0 0 644879 644726 644545 0 0 0 644379 0 644718 0 644359 0 0 0 644369 644353 644409 644909 0 644694 644710 644702 0 644503 0 0 0 0 0 644317 0 0 0 644260 644431 644402 0 0 0 644954 644672 0 0 644295 0 0 0 644380 0 0 0 644991 0 644634 644656 0 0 644279 0 0 644259 644239 644273 644246 644349 644573 644632 644646 644672 644764 644860 0 0 644612 0 0 0 0 644213 644217 0 644221 0 644207 644172 644329 644582 644594 0 0 644928 644849 644634 
0 638639 638590 638599 638587 638559 638656 638558 638734 638715 0 638407 0 638515 0 638574 638488 638476 638472 638434 638386 638375 638227 0 638727 0 638414 638382 638768 638738 638675 0 638457 0 0 638319 638747 638554 0 0 0 638438 0 638767 0 638461 0 0 0 638361 638353 638358 638219 0 638779 638787 638759 0 638533 638444 0 0 0 0 638395 0 0 0 638247 638278 638274 0 0 0 638407 638768 0 0 638372 0 0 0 638242 0 0 0 638303 638831 638773 638784 0 0 638364 0 0 638318 638284 638265 638233 638246 638070 637895 637815 637831 637979 638547 0 0 638762 0 0 0 0 638367 638345 0 638311 0 638268 638159 638206 637906 637819 0 637927 638163 638507 638805 
0 0 0 641444 0 640982 641551 0 0 641662 0 0 0 0 0 0 0 0 640706 0 0 0 640886 0 0 0 0 0 641791 641737 641754 0 640967 0 0 0 641854 0 0 0 0 0 0 641866 0 0 0 0 0 0 0 0 641062 0 0 0 0 0 641428 0 0 0 0 0 0 0 0 0 0 640340 640295 0 0 0 641284 641935 0 0 0 0 0 0 0 0 0 0 0 0 641968 0 0 0 0 0 0 640648 0 0 640103 640190 640310 640484 640577 640640 640802 641524 0 0 641979 0 0 0 0 640775 640733 0 640667 0 0 0 0 0 640427 0 0 641074 0 0 
0 0 643767 643867 643709 643689 643939 0 644007 644035 0 643595 0 643775 0 643891 643675 643651 643601 643541 643559 643579 643577 0 644059 0 643525 643509 644131 644083 644035 0 643675 0 0 643677 644131 643915 0 0 0 643675 0 644155 0 643843 0 0 0 643531 643531 643465 643645 0 644159 644159 644155 0 643939 0 0 0 0 0 643651 0 0 0 643403 643421 643407 0 0 0 643793 644159 0 0 643627 0 0 0 643379 0 0 0 643759 0 644137 644137 0 0 643627 0 0 643555 643507 643435 643359 643369 643353 643357 643371 643397 643489 643953 0 0 644137 0 0 0 0 643699 643651 0 643579 0 643507 643291 643337 643307 643319 0 0 643653 643951 643979 
644735 644729 644695 644869 644637 644617 644891 644593 644757 644795 644927 644523 644533 644703 644957 644967 644641 644593 644529 644469 644487 644507 644505 644727 644771 644469 644453 644437 644689 644749 644875 644907 644703 644577 644571 644605 644731 645055 645045 644881 644747 644741 644403 644691 645087 645041 644625 644631 644649 644463 644479 644393 644565 644581 644667 644651 644707 645019 645129 645023 644969 644927 644933 644815 644755 644679 644571 644505 644331 644349 644335 644385 644405 644395 644591 644689 644821 644685 644729 644657 644577 644549 644307 644291 644289 644319 644509 644519 644679 644657 645129 644945 644745 644669 644663 644621 644545 644367 644287 644297 644281 644285 644299 644325 644417 644511 644505 644541 644701 644859 645079 645099 644943 644897 644849 644833 644707 644583 644577 644219 644265 644235 644247 644369 644419 644499 644461 644459 
644716 644710 644820 644802 644762 644742 644688 644788 644532 644570 644764 644694 644704 644540 644754 644852 644836 644788 644724 644664 644682 644678 644486 644502 644546 644664 644648 644632 644464 644524 644650 645032 644898 644772 644766 644442 644506 644892 644930 645052 644942 644936 644598 644466 644972 645062 644820 644826 644844 644658 644674 644588 644362 644356 644442 644426 644482 644794 644934 645034 645106 645098 645104 645010 644950 644874 644766 644700 644526 644544 644530 644318 644338 644328 644366 644464 645016 644880 644924 644852 644772 644744 644502 644486 644366 644300 644284 644294 644454 644432 644966 645150 644940 644864 644858 644816 644740 644562 644482 644492 644476 644410 644280 644258 644302 644286 644280 644316 644476 644634 644854 644926 644954 645132 645050 645028 644902 644778 644772 644414 644460 644430 644372 644254 644216 644274 644236 644234 
0 0 633809 633887 633751 633731 633845 0 633785 633823 0 633661 0 633673 0 633961 633851 633827 633787 633747 633673 633645 633547 0 633823 0 633731 633715 633813 633825 633903 0 633913 0 0 633575 633855 633971 0 0 0 633951 0 633839 0 633931 0 0 0 633777 633793 633707 633519 0 633839 633823 633855 0 633955 0 0 0 0 0 633971 0 0 0 633705 633663 633661 0 0 0 633595 633861 0 0 633971 0 0 0 633645 0 0 0 633537 0 633875 633853 0 0 633971 0 0 633923 633871 633729 633673 633647 633559 633399 633341 633343 633411 633635 0 0 633897 0 0 0 0 633930 633956 0 633955 0 633903 633641 633627 633445 633361 0 0 633479 633609 633751 
644736 644730 644840 644822 644782 644762 644708 644834 644552 644590 644784 644716 644726 644560 644774 644826 644978 644978 644962 644950 644776 644700 644506 644522 644566 644998 644934 644918 644484 644544 644670 644894 645040 645058 645052 644462 644526 644746 644756 644920 645042 645042 644962 644486 644714 644704 645106 645112 645082 645022 645038 644952 644382 644376 644462 644446 644502 644700 644656 644670 644820 644874 644868 644986 645046 645114 645124 645064 644890 644908 644894 644338 644358 644348 644386 644484 644980 645114 645072 645138 645130 645108 644866 644850 644386 644320 644304 644314 644474 644452 644610 644788 645056 645132 645138 645138 645096 644926 644846 644856 644762 644430 644300 644278 644322 644306 644300 644336 644496 644572 644592 644562 644590 644846 644946 644968 645094 645096 645096 644778 644824 644572 644392 644274 644236 644294 644256 644254 
644756 644750 644860 644842 644802 644782 644728 644854 644572 644610 644804 644736 644746 644580 644794 644844 644998 644998 644982 644970 644796 644720 644526 644542 644586 645018 644954 644938 644504 644564 644690 644904 645060 645078 645072 644482 644546 644756 644766 644930 645064 645064 644952 644506 644724 644714 645126 645132 645102 645012 645028 644942 644402 644396 644482 644466 644522 644710 644666 644680 644830 644884 644878 644996 645056 645132 645120 645054 644880 644898 644884 644358 644378 644368 644406 644504 644990 645126 645082 645154 645126 645098 644856 644840 644406 644340 644324 644334 644494 644472 644620 644798 645066 645142 645148 645136 645088 644916 644836 644846 644782 644450 644320 644298 644342 644326 644320 644356 644516 644582 644602 644572 644600 644856 644956 644978 645104 645084 645088 644768 644814 644592 644412 644294 644256 644314 644276 644274 
0 0 0 642031 0 642037 641788 0 0 641515 0 0 0 0 0 0 0 0 642289 0 0 0 641517 0 0 0 0 0 641260 641398 641635 0 642454 0 0 0 641323 0 0 0 0 0 0 641239 0 0 0 0 0 0 0 0 641207 0 0 0 0 0 641865 0 0 0 0 0 0 0 0 0 0 642189 642176 0 0 0 641217 641212 0 0 0 0 0 0 0 0 0 0 0 0 641173 0 0 0 0 0 0 642557 0 0 642104 642119 641917 641327 641002 640947 641057 640993 0 0 641206 0 0 0 0 642392 642442 0 642516 0 0 0 0 0 641232 0 0 640987 0 0 
0 0 644251 644281 644193 644173 644203 0 644095 644133 0 644115 0 644043 0 644288 644341 644329 644301 644277 644151 644099 643953 0 644119 0 644261 644245 644037 644097 644213 0 644398 0 0 643945 644079 644244 0 0 0 644401 0 644039 0 644223 0 0 0 644379 644395 644309 643877 0 644015 643999 644055 0 644199 0 0 0 0 0 644394 0 0 0 644327 644265 644283 0 0 0 643917 644037 0 0 644407 0 0 0 644267 0 0 0 643847 0 644027 644005 0 0 644399 0 0 644461 644483 644351 644284 644269 644089 643841 643747 643737 643793 643859 0 0 644049 0 0 0 0 644294 644344 0 644418 0 644479 644216 644249 643935 643803 0 0 643813 643809 643807 
0 0 644734 644599 644690 644670 644548 0 644460 644463 0 644624 0 644468 0 644538 644809 644845 644869 644858 644684 644608 644414 0 644439 0 644842 644826 644372 644414 644423 0 644778 0 0 644370 644351 644475 0 0 0 644759 0 644335 0 644433 0 0 0 644970 644962 644926 644290 0 644311 644319 644327 0 644385 0 0 0 0 0 644764 0 0 0 645000 644882 644916 0 0 0 644294 644300 0 0 644789 0 0 0 644931 0 0 0 644212 0 644269 644280 0 0 644781 0 0 644879 644941 645011 644966 644955 644670 644338 644208 644186 644230 644214 0 0 644258 0 0 0 0 644575 644675 0 644823 0 644925 644896 644935 644480 644300 0 0 644202 644164 644162 
0 0 0 629322 0 0 0 0 0 0 0 0 0 0 0 0 0 0 630090 0 0 0 0 0 0 0 0 0 0 0 628810 0 0 0 0 0 628546 0 0 0 0 0 0 0 0 0 0 0 0 0 0 0 0 0 0 0 0 0 628986 0 0 0 0 0 0 0 0 0 0 0 0 0 0 0 0 0 0 0 0 0 0 0 0 0 0 0 0 0 0 0 0 0 0 0 0 0 0 0 630406 630301 629853 0 628800 628731 0 628377 0 0 0 0 0 0 0 0 0 0 0 0 0 0 0 0 0 0 0 628575 0 0 
0 0 0 0 0 0 0 0 0 0 0 0 0 0 0 0 0 0 0 0 0 0 0 0 0 0 0 0 0 0 0 0 0 0 0 0 0 0 0 0 0 0 0 0 0 0 0 0 0 0 0 0 0 0 0 0 0 0 0 0 0 0 0 0 0 0 0 0 0 0 0 0 0 0 0 0 0 0 0 0 0 0 0 0 0 0 0 0 0 0 0 0 0 0 0 0 0 0 0 637771 637636 0 0 0 0 637108 0 0 0 0 0 0 0 0 0 0 0 0 0 0 0 0 0 0 0 0 0 0 
0 0 0 0 0 0 0 0 0 0 0 0 0 0 0 0 0 0 0 0 0 0 0 0 0 0 0 0 0 0 0 0 0 0 0 0 0 0 0 0 0 0 0 0 0 0 0 0 0 0 0 0 0 0 0 0 0 0 0 0 0 0 0 0 0 0 0 0 0 0 0 0 0 0 0 0 0 0 0 0 0 0 0 0 0 0 0 0 0 0 0 0 0 0 0 0 0 0 0 0 622206 0 0 0 0 621657 0 0 0 0 0 0 0 0 0 0 0 0 0 0 0 0 0 0 0 0 0 0 
0 0 0 644592 0 0 0 0 0 644488 0 0 0 0 0 0 0 0 644620 0 0 0 0 0 0 0 0 0 0 0 644408 0 0 0 0 0 644360 0 0 0 0 0 0 0 0 0 0 0 0 0 0 0 644888 0 0 0 0 0 644316 0 0 0 0 0 0 0 0 0 0 644608 644574 0 0 0 644740 0 0 0 0 0 0 0 0 0 0 0 0 0 0 0 0 0 0 0 0 0 0 0 644382 644516 644820 645140 645078 645056 645044 644580 0 0 0 0 0 0 0 0 0 0 0 0 0 0 0 0 645134 0 0 644880 0 0 
0 0 644567 644489 644625 644645 644461 0 644425 644387 0 644715 0 644657 0 644393 644521 644521 644537 644549 644703 644731 644829 0 644363 0 644565 644581 644301 644337 644307 0 644459 0 0 644755 644259 644305 0 0 0 644421 0 644251 0 644237 0 0 0 644411 644395 644481 644787 0 644227 644243 644235 0 644215 0 0 0 0 0 644359 0 0 0 644303 644525 644491 0 0 0 644639 644205 0 0 644337 0 0 0 644471 0 0 0 644673 0 644167 644189 0 0 644321 0 0 644301 644281 644315 644299 644433 644737 644977 644997 644997 644943 644479 0 0 644145 0 0 0 0 644235 644259 0 644263 0 644249 644223 644417 644927 644997 0 0 644779 644481 644195 
0 644546 644508 644430 644566 644586 644472 644562 644462 644424 644420 644656 644646 644644 0 644356 644466 644490 644530 644566 644644 644672 644770 644396 644400 644518 644582 644598 644338 644374 644344 0 644404 0 0 644742 644296 644292 644278 0 0 644366 644488 644288 644236 644178 0 0 0 644428 644412 644498 644798 644254 644264 644280 644272 0 644226 644144 0 0 0 0 644328 0 0 0 644320 644542 644508 644914 644894 644904 644676 644242 0 0 644330 0 0 644342 644488 644504 644938 644956 644710 644220 644204 644226 0 0 644314 0 0 644318 644298 644332 644316 644450 644754 644918 644976 644974 644906 644516 0 0 644182 644168 0 0 644064 644176 644228 0 644280 0 644266 644240 644434 644872 644956 644954 644944 644816 644518 644232 
0 0 0 644690 0 0 0 0 0 644632 0 0 0 0 0 0 0 0 644550 0 0 0 0 0 0 0 0 0 0 0 644552 0 0 0 0 0 644504 0 0 0 0 0 0 0 0 0 0 0 0 0 0 0 645032 0 0 0 0 0 644460 0 0 0 0 0 0 0 0 0 0 644538 644504 0 0 0 644884 0 0 0 0 0 0 0 0 0 0 0 0 0 0 0 0 0 0 0 0 0 0 0 644312 644446 644750 645040 645054 645080 645154 644724 0 0 0 0 0 0 0 0 0 0 0 0 0 0 0 0 645002 0 0 645024 0 0 
0 0 0 0 0 0 0 0 0 0 0 0 0 0 0 0 0 0 0 0 0 0 0 0 0 0 0 0 0 0 0 0 0 0 0 0 0 0 0 0 0 0 0 0 0 0 0 0 0 0 0 0 0 0 0 0 0 0 0 0 0 0 0 0 0 0 0 0 0 0 0 0 0 0 0 0 0 0 0 0 0 0 0 0 0 0 0 0 0 0 0 0 0 0 0 0 0 0 0 0 629387 0 0 0 0 630068 0 0 0 0 0 0 0 0 0 0 0 0 0 0 0 0 0 0 0 0 0 0 
642566 642569 642514 642523 642525 642515 642580 642503 642658 642639 642542 642468 642473 642558 642547 642498 642445 642445 642453 642441 642450 642460 642459 642673 642651 642435 642433 642425 642692 642662 642599 642408 642414 642405 642408 642509 642671 642478 642459 642397 642392 642395 642408 642691 642438 642385 642381 642378 642393 642390 642382 642403 642493 642746 642703 642711 642683 642527 642457 642368 642371 642374 642371 642358 642364 642354 642360 642369 642336 642381 642374 642399 642409 642404 642567 642692 642355 642351 642353 642341 642357 642347 642360 642352 642351 642366 642550 642775 642697 642708 642434 642331 642345 642335 642338 642335 642325 642342 642334 642355 642347 642349 642356 642369 642415 642647 642782 642764 642686 642607 642497 642410 642328 642312 642314 642325 642316 642306 642309 642284 642339 642324 642330 642391 642420 642497 642646 642763 
644693 644687 644641 644660 644595 644575 644774 644551 644893 644892 644698 644481 644491 644661 644708 644610 644504 644504 644487 644427 644445 644465 644463 644952 644916 644427 644411 644395 644998 644938 644812 644430 644442 644424 644430 644563 644956 644570 644532 644408 644398 644404 644361 644996 644490 644384 644376 644370 644400 644394 644378 644351 644531 645095 645020 645036 644980 644668 644528 644350 644356 644362 644356 644330 644342 644322 644334 644352 644281 644307 644293 644343 644363 644353 644679 644998 644324 644316 644320 644296 644328 644308 644265 644249 644247 644277 644645 645109 645008 645030 644482 644276 644304 644284 644290 644284 644264 644298 644245 644255 644239 644243 644257 644283 644375 644839 645095 645119 644986 644828 644608 644434 644270 644238 644242 644264 644246 644226 644232 644177 644223 644193 644205 644327 644385 644539 644837 645067 
0 0 0 641460 0 641030 641593 0 0 641706 0 0 0 0 0 0 0 0 640754 0 0 0 640934 0 0 0 0 0 641835 641781 641756 0 640963 0 0 0 641886 0 0 0 0 0 0 641910 0 0 0 0 0 0 0 0 641106 0 0 0 0 0 641330 0 0 0 0 0 0 0 0 0 0 640388 640343 0 0 0 641328 641961 0 0 0 0 0 0 0 0 0 0 0 0 641966 0 0 0 0 0 0 640606 0 0 640151 640238 640358 640532 640625 640688 640850 641568 0 0 641973 0 0 0 0 640681 640639 0 640573 0 0 0 0 0 640475 0 0 641118 0 0 
0 644351 644300 644561 644213 644183 644606 644147 644660 644717 644647 644042 644057 644312 0 644661 644219 644147 644051 643961 643988 644018 644015 644759 644753 643961 643937 643913 644813 644792 644833 0 644303 0 0 644165 644876 644649 644599 0 0 644337 643862 644830 644557 644420 0 0 0 643952 643976 643847 644117 644678 644806 644782 644854 0 644619 644369 0 0 0 0 644289 0 0 0 643754 643781 643760 643835 643865 643850 644339 644839 0 0 644255 0 0 644077 643718 643694 643691 643736 644288 644585 644825 644792 0 0 644239 0 0 644157 644061 643808 643688 643703 643679 643685 643706 643745 643883 644546 0 0 644857 644980 0 0 644249 644201 644189 0 644157 0 644085 643586 643655 643610 643628 643811 643898 644129 644485 644495 
644640 644634 644600 644774 644542 644522 644804 644498 644814 644852 644832 644428 644438 644608 644870 644872 644546 644498 644434 644374 644392 644412 644410 644790 644834 644374 644358 644342 644752 644812 644932 644812 644608 644482 644476 644510 644794 644960 644950 644786 644652 644646 644308 644754 644988 644940 644530 644536 644554 644368 644384 644298 644478 644644 644730 644714 644770 645006 645036 644940 644868 644832 644838 644720 644660 644584 644476 644410 644236 644254 644240 644290 644310 644300 644624 644752 644726 644590 644634 644562 644482 644454 644212 644196 644194 644224 644566 644582 644742 644720 645036 644844 644650 644574 644568 644526 644450 644272 644192 644202 644186 644190 644204 644230 644322 644574 644568 644604 644764 644922 645106 645036 644880 644796 644748 644738 644612 644488 644482 644124 644170 644140 644152 644274 644332 644486 644524 644522 
644675 644669 644635 644809 644577 644557 644839 644533 644709 644747 644867 644463 644473 644643 644905 644907 644581 644533 644469 644409 644427 644447 644445 644679 644723 644409 644393 644377 644641 644701 644827 644847 644643 644517 644511 644545 644683 644995 644985 644821 644687 644681 644343 644643 645027 645037 644565 644571 644589 644403 644419 644333 644513 644533 644619 644603 644659 644971 645085 645063 644921 644867 644873 644755 644695 644619 644511 644445 644271 644289 644275 644325 644345 644335 644543 644641 644761 644625 644669 644597 644517 644489 644247 644231 644229 644259 644461 644471 644631 644609 645131 644953 644685 644609 644603 644561 644485 644307 644227 644237 644221 644225 644239 644265 644357 644463 644457 644493 644653 644811 645031 645155 644991 644895 644795 644773 644647 644523 644517 644159 644205 644175 644187 644309 644367 644451 644413 644411 
0 644401 644376 644586 644289 644259 644440 644223 644206 644263 644554 644118 644133 644218 0 644685 644295 644223 644127 644037 644064 644094 644065 644161 644227 644037 644013 643989 644104 644194 644383 0 644388 0 0 644071 644167 644746 644802 0 0 644445 643938 644107 644865 644934 0 0 0 644028 644052 643923 643951 643942 644071 644047 644131 0 644809 644968 0 0 0 0 644466 0 0 0 643830 643857 643836 643860 643890 643875 643957 644104 0 0 644427 0 0 644157 643794 643770 643767 643786 643834 643849 644089 644056 0 0 644451 0 0 644265 644151 643884 643764 643779 643755 643761 643756 643770 643860 643837 0 0 644122 644359 0 0 645019 644746 644616 0 644394 0 644199 643662 643731 643686 643704 643788 643732 643819 643762 643759 
0 0 0 643367 0 643121 643154 0 0 642955 0 0 0 0 0 0 0 0 643253 0 0 0 642553 0 0 0 0 0 642786 642888 643155 0 643630 0 0 0 642891 0 0 0 0 0 0 642815 0 0 0 0 0 0 0 0 642339 0 0 0 0 0 643675 0 0 0 0 0 0 0 0 0 0 642899 642888 0 0 0 642421 642834 0 0 0 0 0 0 0 0 0 0 0 0 642833 0 0 0 0 0 0 643555 0 0 642776 642801 642657 642291 642038 642007 642141 642341 0 0 642888 0 0 0 0 644062 643952 0 643730 0 0 0 0 0 642196 0 0 642167 0 0 
0 0 0 643769 0 643523 643556 0 0 643357 0 0 0 0 0 0 0 0 643735 0 0 0 642955 0 0 0 0 0 643188 643290 643557 0 644036 0 0 0 643293 0 0 0 0 0 0 643217 0 0 0 0 0 0 0 0 642741 0 0 0 0 0 644137 0 0 0 0 0 0 0 0 0 0 643413 643402 0 0 0 642823 643236 0 0 0 0 0 0 0 0 0 0 0 0 643235 0 0 0 0 0 0 644069 0 0 643322 643347 643163 642693 642440 642409 642543 642743 0 0 643290 0 0 0 0 644374 644458 0 644260 0 0 0 0 0 642598 0 0 642569 0 0 
644680 644674 644784 644766 644726 644706 644652 644778 644496 644534 644728 644660 644670 644504 644718 644816 644922 644900 644860 644800 644720 644644 644450 644466 644510 644800 644784 644768 644428 644488 644614 644996 644984 644908 644902 644406 644470 644856 644894 645018 645028 645022 644734 644430 644930 644932 644956 644962 644980 644794 644810 644724 644326 644320 644406 644390 644446 644758 644882 644898 645048 645064 645070 645096 645062 645010 644902 644836 644662 644680 644666 644282 644302 644292 644330 644428 645102 645016 645060 644988 644908 644880 644638 644622 644330 644264 644248 644258 644418 644396 644838 645016 645076 645000 644994 644952 644876 644698 644618 644628 644612 644374 644244 644222 644266 644250 644244 644280 644440 644598 644810 644790 644818 645074 645148 645140 645038 644914 644908 644550 644596 644516 644336 644218 644180 644238 644200 644198 
0 0 0 642926 0 642776 642641 0 0 642346 0 0 0 0 0 0 0 0 643276 0 0 0 642136 0 0 0 0 0 642081 642231 642546 0 643471 0 0 0 642186 0 0 0 0 0 0 642086 0 0 0 0 0 0 0 0 641826 0 0 0 0 0 643000 0 0 0 0 0 0 0 0 0 0 643030 643019 0 0 0 641836 642081 0 0 0 0 0 0 0 0 0 0 0 0 642056 0 0 0 0 0 0 643686 0 0 643019 642972 642760 641946 641621 641566 641676 641636 0 0 642111 0 0 0 0 643575 643721 0 643841 0 0 0 0 0 641851 0 0 641606 0 0 
644647 644641 644751 644733 644693 644673 644619 644745 644463 644501 644695 644627 644637 644471 644685 644773 644889 644889 644873 644861 644687 644611 644417 644433 644477 644909 644845 644829 644395 644455 644581 644867 644951 644969 644963 644373 644437 644719 644729 644893 644989 644989 644915 644397 644687 644677 645017 645023 644993 644975 644991 644905 644293 644287 644373 644357 644413 644673 644629 644643 644793 644847 644841 644959 645013 645061 645059 645017 644917 644861 644871 644249 644269 644259 644297 644395 644953 645061 645037 645085 645065 645061 644867 644851 644297 644231 644215 644225 644385 644363 644583 644761 645029 645085 645085 645109 645081 644953 644873 644881 644673 644341 644211 644189 644233 644217 644211 644247 644407 644533 644565 644535 644563 644819 644919 644941 645067 645109 645109 644805 644851 644483 644303 644185 644147 644205 644167 644165 
0 0 633852 633930 633794 633774 633888 0 633828 633866 0 633704 0 633716 0 634004 633894 633870 633830 633794 633716 633688 633590 0 633866 0 633778 633762 633856 633868 633946 0 633956 0 0 633618 633898 634014 0 0 0 633994 0 633882 0 633961 0 0 0 633860 633876 633790 633562 0 633882 633866 633898 0 633985 0 0 0 0 0 634014 0 0 0 633819 633746 633756 0 0 0 633638 633904 0 0 634014 0 0 0 633752 0 0 0 633580 0 633918 633896 0 0 634014 0 0 633994 633966 633843 633787 633761 633606 633442 633384 633386 633454 633678 0 0 633940 0 0 0 0 633960 633986 0 634014 0 633998 633755 633741 633488 633404 0 0 633522 633652 633794 
0 0 641551 641455 641551 641541 641383 0 641287 641287 0 641495 0 641339 0 641431 641647 641671 641695 641719 641555 641479 641285 0 641263 0 641713 641697 641191 641239 641287 0 641647 0 0 641241 641191 641407 0 0 0 641647 0 641167 0 641479 0 0 0 641791 641791 641791 641161 0 641143 641143 641167 0 641383 0 0 0 0 0 641671 0 0 0 641911 641753 641787 0 0 0 641165 641143 0 0 641695 0 0 0 641807 0 0 0 641083 0 641119 641119 0 0 641695 0 0 641767 641815 641887 641935 641845 641541 641209 641079 641057 641101 641085 0 0 641119 0 0 0 0 641623 641671 0 641743 0 641815 641966 641861 641351 641171 0 0 641073 641035 641023 
0 0 644336 644258 644348 644348 644300 0 644348 644322 0 644348 0 644348 0 644184 644294 644318 644348 644348 644348 644348 644326 0 644322 0 644348 644348 644332 644320 644242 0 644232 0 0 644348 644290 644120 0 0 0 644194 0 644306 0 644006 0 0 0 644328 644312 644348 644298 0 644306 644322 644290 0 644054 0 0 0 0 0 644156 0 0 0 644340 644348 644348 0 0 0 644348 644284 0 0 644158 0 0 0 644348 0 0 0 644316 0 644270 644292 0 0 644142 0 0 644194 644222 644328 644348 644348 644342 644178 644120 644122 644190 644348 0 0 644248 0 0 0 0 644004 644056 0 644132 0 644190 644296 644348 644224 644140 0 0 644258 644348 644348 
0 0 644299 643951 644415 644455 643891 0 643819 643743 0 644643 0 644283 0 643755 644375 644399 644433 644457 644711 644675 644659 0 643695 0 644489 644521 643571 643643 643583 0 644251 0 0 644479 643487 643579 0 0 0 644175 0 643471 0 643495 0 0 0 644181 644149 644321 644495 0 643423 643455 643439 0 643399 0 0 0 0 0 644075 0 0 0 643965 644409 644341 0 0 0 644247 643379 0 0 644033 0 0 0 644301 0 0 0 644285 0 643303 643347 0 0 644001 0 0 643961 643921 643989 643957 644225 644829 644863 644603 644559 644637 643927 0 0 643259 0 0 0 0 643775 643875 0 643885 0 643857 643805 644193 645041 644787 0 0 644439 643931 643359 
0 0 0 644524 0 0 0 0 0 644420 0 0 0 0 0 0 0 0 644624 0 0 0 0 0 0 0 0 0 0 0 644340 0 0 0 0 0 644292 0 0 0 0 0 0 0 0 0 0 0 0 0 0 0 644820 0 0 0 0 0 644248 0 0 0 0 0 0 0 0 0 0 644612 644578 0 0 0 644672 0 0 0 0 0 0 0 0 0 0 0 0 0 0 0 0 0 0 0 0 0 0 0 644386 644520 644824 645108 645074 645052 644976 644512 0 0 0 0 0 0 0 0 0 0 0 0 0 0 0 0 645146 0 0 644812 0 0 
0 644614 644576 644498 644634 644654 644492 644630 644456 644418 644464 644724 644714 644688 0 644424 644532 644532 644548 644560 644712 644740 644838 644390 644394 644512 644576 644592 644332 644368 644338 0 644470 0 0 644786 644290 644336 644346 0 0 644432 644482 644282 644304 644246 0 0 0 644422 644406 644492 644818 644248 644258 644274 644266 0 644246 644212 0 0 0 0 644370 0 0 0 644314 644536 644502 644982 644962 644972 644670 644236 0 0 644348 0 0 644336 644482 644498 645006 645016 644704 644214 644198 644220 0 0 644332 0 0 644312 644292 644326 644310 644444 644748 644986 645016 645016 644974 644510 0 0 644176 644162 0 0 644132 644244 644270 0 644274 0 644260 644234 644428 644938 645016 645016 644964 644810 644512 644226 
0 644645 644535 644553 644593 644613 644667 644541 644659 644621 644591 644659 644649 644815 0 644503 644397 644397 644413 644425 644599 644675 644869 644593 644597 644377 644441 644457 644535 644571 644541 0 644335 0 0 644913 644493 644463 644425 0 0 644297 644347 644485 644383 644277 0 0 0 644287 644271 644357 644993 644451 644461 644477 644469 0 644421 644243 0 0 0 0 644235 0 0 0 644179 644401 644367 645037 645017 645027 644873 644439 0 0 644213 0 0 644201 644347 644363 644989 645053 644907 644417 644401 644423 0 0 644197 0 0 644177 644157 644191 644175 644309 644613 644945 645053 645077 645053 644713 0 0 644379 644365 0 0 644163 644131 644135 0 644139 0 644125 644099 644293 644803 644981 645101 645139 645013 644715 644429 
0 0 0 628419 0 0 0 0 0 0 0 0 0 0 0 0 0 0 628429 0 0 0 0 0 0 0 0 0 0 0 628420 0 0 0 0 0 628314 0 0 0 0 0 0 0 0 0 0 0 0 0 0 0 0 0 0 0 0 0 627981 0 0 0 0 0 0 0 0 0 0 0 0 0 0 0 0 0 0 0 0 0 0 0 0 0 0 0 0 0 0 0 0 0 0 0 0 0 0 0 628194 628403 628813 0 628949 628975 0 628802 0 0 0 0 0 0 0 0 0 0 0 0 0 0 0 0 0 0 0 629207 0 0 
0 0 644043 644079 644159 644199 644307 0 644595 644519 0 644233 0 644557 0 643979 643767 643767 643799 643823 644125 644249 644463 0 644543 0 643855 643887 644635 644563 644359 0 643643 0 0 644633 644551 643899 0 0 0 643567 0 644585 0 643527 0 0 0 643547 643515 643687 644627 0 644583 644615 644553 0 643815 0 0 0 0 0 643443 0 0 0 643331 643759 643701 0 0 0 644825 644539 0 0 643399 0 0 0 643657 0 0 0 644813 0 644483 644527 0 0 643367 0 0 643327 643287 643355 643323 643591 643999 644061 644089 644141 644325 644907 0 0 644439 0 0 0 0 643235 643243 0 643251 0 643223 643171 643555 643961 643985 0 0 644653 644935 644539 
0 0 643633 643729 643633 643623 643801 0 643897 643897 0 643529 0 643709 0 643753 643537 643513 643489 643465 643493 643513 643511 0 643921 0 643459 643443 643993 643945 643897 0 643537 0 0 643611 643993 643777 0 0 0 643537 0 644017 0 643705 0 0 0 643393 643393 643393 643579 0 644041 644041 644017 0 643801 0 0 0 0 0 643513 0 0 0 643273 643355 643341 0 0 0 643727 644041 0 0 643489 0 0 0 643313 0 0 0 643693 0 644065 644065 0 0 643489 0 0 643417 643369 643297 643249 643303 643287 643291 643305 643331 643423 643887 0 0 644065 0 0 0 0 643561 643513 0 643441 0 643369 643177 643271 643241 643253 0 0 643587 643885 644135 
