644565 644557 644565 644565 644565 644565 644559 644565 644565 644565 644535 644463 644437 644565 644565 644565 644565 644547 644541 644559 644535 644547 644375 644381 644493 644565 644565 644559 644535 644541 644565 644535 644523 644517 644535 644547 644523 644511 644487 644493 644523 644511 644511 644493 644541 644523 644475 644421 644513 644445 644468 644429 644442 644463 644411 644463 644463 644451 644451 644349 644349 644463 644463 644439 644439 644439 644451 644451 644319 644326 644441 644306 644319 644391 644423 644401 644421 644415 644367 644367 644355 644343 644319 644307 644295 644287 644275 644401 644391 644379 644367 644367 644319 644283 644271 644271 644271 644255 644367 644353 644353 644381 644379 644367 644185 644353 644333 644361 644362 644376 644355 644307 644307 644295 644283 644339 644363 644283 644259 644127 644317 644321 644343 644307 644307 644307 644271 644259 
0 644895 644788 644823 644773 644765 644741 644809 0 644738 644659 0 0 644790 644757 0 644719 644674 0 644674 0 644666 0 0 0 644719 644681 644666 0 644753 0 0 0 644739 0 0 0 0 0 644668 644514 644493 0 644658 644707 644506 644413 644585 644679 644587 644602 644557 644574 644346 0 0 644331 0 0 644442 644437 0 0 0 0 0 0 644279 644377 644392 0 644368 644377 0 0 0 0 0 0 644066 0 644023 0 0 643938 644347 644311 0 644102 0 0 644058 0 0 0 0 0 0 644112 0 0 0 644064 644044 644176 644073 0 0 644028 0 0 0 643903 0 0 0 0 0 0 644089 0 0 643946 643871 0 643866 643799 0 
0 643575 643676 643666 643637 643645 643609 643650 0 643640 643571 0 0 643631 643622 0 643621 643600 0 643588 0 643592 0 0 0 643584 643583 643580 0 643584 0 0 0 643570 0 0 0 0 0 643521 643464 643455 0 643511 643538 643456 643411 643510 643510 643488 643477 643462 643475 643356 0 0 643341 0 0 643439 643434 0 0 0 0 0 0 643301 643402 643407 0 643399 643402 0 0 0 0 0 0 643172 0 643153 0 0 643092 643392 643380 0 643184 0 0 643164 0 0 0 0 0 0 643216 0 0 0 643158 643150 643335 643191 0 0 643128 0 0 0 643069 0 0 0 0 0 0 643306 0 0 643076 643037 0 643032 643001 0 
0 0 0 645076 0 0 0 0 0 0 0 0 0 0 0 0 0 0 0 0 0 0 0 0 0 0 0 0 0 0 0 0 0 0 0 0 0 0 0 0 0 0 0 0 644938 0 0 0 0 0 0 0 0 0 0 0 0 0 0 0 0 0 0 0 0 0 0 0 0 0 0 0 0 0 0 0 0 0 0 0 0 0 0 0 0 0 0 0 0 0 0 0 0 0 0 0 0 0 0 0 0 0 0 0 0 0 0 0 0 0 0 0 0 0 0 0 0 0 0 0 0 0 0 0 0 0 0 0 
0 0 0 645127 645139 645123 645123 645051 0 645069 645055 0 0 645013 644995 0 645031 645037 0 644989 0 645021 0 0 0 0 644955 644973 0 644919 0 0 0 644891 0 0 0 0 0 644793 0 0 0 644773 644827 0 0 0 644771 644727 0 0 644701 0 0 0 0 0 0 0 644619 0 0 0 0 0 0 0 0 0 0 0 0 0 0 0 0 0 0 0 0 0 0 0 644573 644535 0 0 0 0 0 0 0 0 0 0 0 0 0 0 0 0 644489 0 0 644459 0 0 0 0 0 0 0 0 0 0 0 0 0 0 0 0 0 0 0 0 0 0 
0 0 0 645113 645137 645153 645127 645061 0 645123 645099 0 0 645023 645005 0 645085 645113 0 645065 0 645097 0 0 0 0 645009 645049 0 644929 0 0 0 644901 0 0 0 0 0 644803 0 0 0 644783 644837 0 0 0 644781 644737 0 0 644711 0 0 0 0 0 0 0 644629 0 0 0 0 0 0 0 0 0 0 0 0 0 0 0 0 0 0 0 0 0 0 0 644621 644545 0 0 0 0 0 0 0 0 0 0 0 0 0 0 0 0 644565 0 0 644535 0 0 0 0 0 0 0 0 0 0 0 0 0 0 0 0 0 0 0 0 0 0 
0 0 0 644497 0 0 644497 644497 0 644497 0 0 0 644497 644469 0 0 0 0 0 0 644490 0 0 0 0 644433 644475 0 644441 0 0 0 644437 0 0 0 0 0 0 0 0 0 0 644349 0 0 0 0 644345 0 0 644319 0 0 0 0 0 0 0 644333 0 0 0 0 0 0 0 0 0 0 0 0 0 0 0 0 0 0 0 0 0 0 0 0 644297 0 0 0 0 0 0 0 0 0 0 0 0 0 0 0 0 644025 0 0 0 0 0 0 0 0 0 0 0 0 0 0 0 0 0 0 0 0 0 0 0 0 0 
0 0 0 644613 0 0 0 644641 0 644639 0 0 0 644603 644561 0 0 0 0 0 0 644639 0 0 0 0 644525 644567 0 644533 0 0 0 644515 0 0 0 0 0 0 0 0 0 0 644441 0 0 0 0 0 0 0 0 0 0 0 0 0 0 0 0 0 0 0 0 0 0 0 0 0 0 0 0 0 0 0 0 0 0 0 0 0 0 0 0 644159 0 0 0 0 0 0 0 0 0 0 0 0 0 0 0 0 644443 0 0 0 0 0 0 0 0 0 0 0 0 0 0 0 0 0 0 0 0 0 0 0 0 0 
645080 645060 645131 645130 645098 645106 645082 645146 645160 645133 645068 645013 645000 645165 645162 645150 645152 645101 645156 645137 645106 645109 644969 644972 645123 645124 645120 645129 645108 645126 645111 645105 645101 645112 645081 645080 645077 645067 645063 645063 645049 645052 645055 645053 645080 645041 645044 645052 645052 645030 645019 645004 645017 645001 644998 644976 644986 644982 644985 644981 644976 644960 644963 644951 644957 644954 644953 644958 644944 644949 644936 644941 644944 644909 644919 644902 644916 644910 644908 644913 644914 644918 644900 644860 644829 644934 644922 644896 644901 644893 644900 644905 644900 644842 644809 644821 644818 644912 644885 644878 644884 644886 644887 644891 644877 644872 644862 644864 644857 644871 644869 644873 644870 644874 644865 644859 644858 644841 644839 644848 644830 644838 644841 644838 644841 644833 644838 644842 
0 0 0 645089 0 0 0 645113 0 645149 0 0 0 645083 645065 0 0 0 0 0 0 645115 0 0 0 0 645041 645073 0 644989 0 0 0 644961 0 0 0 0 0 0 0 0 0 0 644897 0 0 0 0 0 0 0 0 0 0 0 0 0 0 0 0 0 0 0 0 0 0 0 0 0 0 0 0 0 0 0 0 0 0 0 0 0 0 0 0 644605 0 0 0 0 0 0 0 0 0 0 0 0 0 0 0 0 644589 0 0 0 0 0 0 0 0 0 0 0 0 0 0 0 0 0 0 0 0 0 0 0 0 0 
0 0 0 641260 641260 641260 641260 641260 0 641260 641260 0 0 641260 641260 0 641260 641260 0 641260 0 641260 0 0 0 0 641260 641260 0 641260 0 0 0 641260 0 0 0 0 0 641260 0 0 0 641260 641260 0 0 0 641260 641260 0 0 641260 0 0 0 0 0 0 0 641260 0 0 0 0 0 0 0 0 0 0 0 0 0 0 0 0 0 0 0 0 0 0 0 641057 641260 0 0 0 0 0 0 0 0 0 0 0 0 0 0 0 0 641141 0 0 641189 0 0 0 0 0 0 0 0 0 0 0 0 0 0 0 0 0 0 0 0 0 0 
644978 645058 644876 644926 644894 644878 644878 644886 644790 644824 644810 645102 645100 644848 644794 644770 644786 644792 644850 644744 644734 644776 645062 645068 644841 644718 644710 644728 644686 644790 644692 644680 644672 644795 644632 644630 644624 644604 644596 644721 644568 644574 644580 644701 644698 644552 644558 644723 644675 644679 644633 644627 644653 644472 644615 644422 644442 644434 644440 644581 644571 644390 644396 644372 644384 644378 644376 644386 644507 644517 644342 644501 644507 644288 644308 644274 644302 644290 644286 644296 644298 644306 644282 644314 644328 644487 644463 644262 644272 644256 644270 644280 644270 644254 644272 644248 644254 644443 644240 644226 644238 644242 644244 644252 644373 644214 644194 644198 644184 644212 644208 644216 644210 644218 644200 644188 644186 644152 644164 644315 644130 644146 644152 644146 644152 644136 644146 644158 
644928 645020 644826 644876 644844 644828 644828 644848 644740 644774 644760 645114 645140 644810 644744 644720 644736 644742 644824 644694 644684 644726 645156 645162 644854 644668 644660 644678 644636 644764 644642 644630 644622 644784 644582 644580 644574 644554 644546 644734 644518 644524 644530 644714 644672 644502 644508 644762 644664 644718 644646 644666 644692 644422 644654 644372 644392 644384 644390 644620 644610 644340 644346 644322 644334 644328 644326 644336 644546 644556 644292 644540 644546 644238 644258 644224 644252 644240 644236 644246 644248 644256 644232 644264 644278 644526 644502 644212 644222 644206 644220 644230 644220 644204 644222 644198 644204 644482 644190 644176 644188 644192 644194 644202 644412 644164 644144 644148 644134 644162 644158 644166 644160 644168 644150 644138 644136 644102 644114 644354 644080 644096 644102 644096 644102 644086 644096 644108 
0 0 0 642923 0 0 0 642981 0 642946 0 0 0 642986 642953 0 0 0 0 0 0 642922 0 0 0 0 642911 642920 0 642953 0 0 0 642932 0 0 0 0 0 0 0 0 0 0 642907 0 0 0 0 0 0 0 0 0 0 0 0 0 0 0 0 0 0 0 0 0 0 0 0 0 0 0 0 0 0 0 0 0 0 0 0 0 0 0 0 642646 0 0 0 0 0 0 0 0 0 0 0 0 0 0 0 0 642678 0 0 0 0 0 0 0 0 0 0 0 0 0 0 0 0 0 0 0 0 0 0 0 0 0 
0 0 0 644997 0 0 0 645049 0 645013 0 0 0 645087 645129 0 0 0 0 0 0 644965 0 0 0 0 645097 645061 0 645121 0 0 0 645097 0 0 0 0 0 0 0 0 0 0 645053 0 0 0 0 0 0 0 0 0 0 0 0 0 0 0 0 0 0 0 0 0 0 0 0 0 0 0 0 0 0 0 0 0 0 0 0 0 0 0 0 644761 0 0 0 0 0 0 0 0 0 0 0 0 0 0 0 0 644647 0 0 0 0 0 0 0 0 0 0 0 0 0 0 0 0 0 0 0 0 0 0 0 0 0 
645083 645037 645134 645109 645103 645111 645087 645123 645177 645138 645073 644990 644977 645142 645159 645165 645157 645106 645135 645154 645111 645114 644946 644949 645118 645121 645143 645152 645131 645121 645108 645128 645118 645107 645104 645103 645100 645090 645084 645058 645072 645075 645078 645048 645075 645064 645067 645047 645047 645025 645014 644999 645012 645024 644993 644999 645009 645005 645008 644976 644971 644983 644986 644974 644980 644977 644976 644981 644939 644944 644959 644936 644939 644932 644942 644925 644939 644933 644931 644936 644937 644941 644905 644865 644834 644929 644917 644919 644924 644916 644923 644928 644911 644847 644814 644826 644823 644907 644908 644901 644907 644909 644910 644914 644872 644895 644885 644887 644880 644894 644892 644896 644893 644889 644874 644882 644881 644864 644844 644843 644853 644861 644864 644861 644864 644856 644861 644847 
0 0 0 645061 645069 645085 645045 645087 0 645135 645017 0 0 645087 645087 0 645135 645083 0 645117 0 645095 0 0 0 0 645075 645101 0 645011 0 0 0 644983 0 0 0 0 0 644885 0 0 0 644865 644919 0 0 0 644863 644819 0 0 644793 0 0 0 0 0 0 0 644711 0 0 0 0 0 0 0 0 0 0 0 0 0 0 0 0 0 0 0 0 0 0 0 644539 644627 0 0 0 0 0 0 0 0 0 0 0 0 0 0 0 0 644617 0 0 644587 0 0 0 0 0 0 0 0 0 0 0 0 0 0 0 0 0 0 0 0 0 0 
0 0 0 645018 645050 645066 645066 645018 0 645088 645134 0 0 644980 644962 0 645050 645140 0 645056 0 645136 0 0 0 0 644974 645040 0 644886 0 0 0 644858 0 0 0 0 0 644760 0 0 0 644740 644794 0 0 0 644738 644694 0 0 644668 0 0 0 0 0 0 0 644586 0 0 0 0 0 0 0 0 0 0 0 0 0 0 0 0 0 0 0 0 0 0 0 644664 644502 0 0 0 0 0 0 0 0 0 0 0 0 0 0 0 0 644660 0 0 644630 0 0 0 0 0 0 0 0 0 0 0 0 0 0 0 0 0 0 0 0 0 0 
645054 645056 645105 645104 645072 645080 645056 645142 645148 645107 645042 645011 644998 645161 645164 645134 645126 645075 645156 645123 645080 645083 644967 644970 645141 645126 645122 645131 645104 645152 645113 645107 645087 645138 645083 645082 645079 645069 645053 645089 645051 645054 645057 645079 645106 645043 645046 645078 645078 645056 645045 645030 645043 645003 645024 644978 644988 644984 644987 645007 645002 644962 644965 644953 644959 644956 644955 644960 644970 644975 644938 644967 644970 644911 644921 644904 644918 644912 644910 644915 644916 644910 644874 644834 644803 644960 644948 644898 644903 644895 644902 644907 644880 644816 644783 644795 644792 644938 644887 644880 644886 644888 644889 644893 644903 644874 644864 644866 644859 644873 644871 644875 644872 644858 644843 644861 644860 644843 644813 644874 644832 644840 644843 644840 644843 644835 644840 644816 
0 0 0 644979 645011 645027 645027 645007 0 645081 645013 0 0 645041 645065 0 645113 645079 0 645137 0 645095 0 0 0 0 645103 645137 0 645015 0 0 0 644987 0 0 0 0 0 644889 0 0 0 644869 644923 0 0 0 644867 644823 0 0 644797 0 0 0 0 0 0 0 644715 0 0 0 0 0 0 0 0 0 0 0 0 0 0 0 0 0 0 0 0 0 0 0 644535 644631 0 0 0 0 0 0 0 0 0 0 0 0 0 0 0 0 644699 0 0 644669 0 0 0 0 0 0 0 0 0 0 0 0 0 0 0 0 0 0 0 0 0 0 
644720 644628 644822 644772 644804 644820 644820 644800 644874 644874 644888 644534 644508 644826 644846 644898 644898 644906 644802 644922 644964 644922 644446 644452 644754 644770 644858 644922 644970 644770 644744 644970 644972 644742 644924 644874 644942 644946 644972 644644 644886 644916 644922 644624 644678 644870 644972 644622 644622 644578 644556 644526 644552 644910 644514 644860 644880 644896 644902 644480 644470 644828 644834 644858 644870 644864 644838 644848 644406 644416 644780 644400 644406 644726 644770 644760 644812 644800 644916 644926 644952 644956 644908 644842 644780 644386 644362 644796 644854 644862 644900 644910 644908 644806 644740 644764 644758 644342 644726 644712 644700 644752 644850 644882 644272 644724 644704 644756 644790 644794 644862 644878 644872 644860 644836 644722 644816 644814 644788 644214 644736 644728 644814 644808 644814 644798 644808 644788 
0 0 0 642953 0 0 0 642949 0 643021 0 0 0 642949 642973 0 0 0 0 0 0 643055 0 0 0 0 643021 643045 0 642925 0 0 0 642901 0 0 0 0 0 0 0 0 0 0 642925 0 0 0 0 0 0 0 0 0 0 0 0 0 0 0 0 0 0 0 0 0 0 0 0 0 0 0 0 0 0 0 0 0 0 0 0 0 0 0 0 642685 0 0 0 0 0 0 0 0 0 0 0 0 0 0 0 0 643055 0 0 0 0 0 0 0 0 0 0 0 0 0 0 0 0 0 0 0 0 0 0 0 0 0 
644558 644650 644456 644506 644474 644458 644458 644478 644370 644404 644390 644720 644733 644440 644374 644350 644366 644372 644442 644324 644314 644356 644738 644739 644448 644298 644290 644308 644266 644382 644272 644260 644252 644390 644212 644210 644204 644184 644176 644328 644148 644154 644160 644308 644290 644132 644138 644344 644270 644288 644240 644236 644262 644052 644236 644002 644022 644014 644020 644238 644228 643970 643976 643952 643964 643958 643956 643966 644164 644174 643922 644170 644140 643868 643888 643854 643882 643870 643866 643876 643878 643886 643862 643894 643908 644168 644132 643842 643852 643836 643850 643860 643850 643834 643852 643828 643834 644124 643820 643806 643818 643822 643824 643832 644030 643794 643774 643778 643764 643792 643788 643796 643790 643798 643780 643768 643766 643732 643744 644032 643710 643726 643732 643726 643732 643716 643726 643738 
644873 644941 644771 644809 644801 644785 644797 644769 644685 644731 644741 644999 645012 644731 644677 644677 644693 644723 644733 644663 644665 644707 645033 645030 644739 644601 644617 644647 644617 644673 644575 644611 644603 644681 644563 644561 644555 644535 644527 644619 644499 644505 644511 644599 644581 644483 644489 644623 644561 644579 644531 644527 644553 644403 644515 644353 644373 644365 644371 644481 644471 644321 644327 644303 644315 644309 644307 644317 644407 644417 644273 644401 644407 644219 644239 644205 644233 644221 644217 644227 644229 644237 644213 644245 644259 644387 644363 644193 644203 644187 644201 644211 644201 644185 644203 644179 644185 644343 644171 644157 644169 644173 644175 644183 644273 644145 644125 644129 644115 644143 644139 644147 644141 644149 644131 644119 644117 644083 644095 644215 644061 644077 644083 644077 644083 644067 644077 644089 
644577 644581 644634 644645 644589 644597 644561 644695 644663 644624 644523 644559 644569 644714 644677 644641 644643 644568 644729 644616 644561 644576 644526 644532 644744 644639 644611 644608 644563 644699 644626 644560 644544 644709 644536 644547 644520 644498 644470 644684 644492 644483 644486 644674 644653 644484 644439 644656 644649 644646 644640 644620 644633 644384 644602 644359 644369 644353 644356 644549 644544 644343 644346 644310 644316 644313 644324 644329 644512 644517 644319 644497 644536 644292 644290 644261 644263 644257 644195 644200 644189 644181 644139 644087 644044 644478 644478 644231 644212 644192 644187 644192 644139 644045 644000 644012 644009 644456 644244 644237 644255 644233 644186 644178 644445 644219 644209 644187 644156 644182 644144 644100 644097 644089 644068 644194 644145 644044 644018 644356 644129 644149 644104 644065 644068 644060 644029 644021 
0 640579 640639 640638 640606 640614 640590 640665 0 640641 640576 0 0 640684 640704 0 640660 640609 0 640657 0 640617 0 0 0 640723 640698 640665 0 640719 0 0 0 640721 0 0 0 0 0 640722 640651 640639 0 640712 640715 640651 640582 640724 640699 640713 640678 640687 640700 640591 0 0 640591 0 0 640694 640689 0 0 0 0 0 0 640570 640657 640662 0 640654 640651 0 0 0 0 0 0 640495 0 640444 0 0 640337 640647 640635 0 640513 0 0 640495 0 0 0 0 0 0 640497 0 0 0 640499 640495 640590 640484 0 0 640469 0 0 0 640420 0 0 0 0 0 0 640561 0 0 640453 640435 0 640435 640380 0 
0 0 0 642909 0 0 0 642937 0 642977 0 0 0 642975 643041 0 0 0 0 0 0 642977 0 0 0 0 643063 643049 0 643001 0 0 0 642977 0 0 0 0 0 0 0 0 0 0 643001 0 0 0 0 0 0 0 0 0 0 0 0 0 0 0 0 0 0 0 0 0 0 0 0 0 0 0 0 0 0 0 0 0 0 0 0 0 0 0 0 642761 0 0 0 0 0 0 0 0 0 0 0 0 0 0 0 0 643063 0 0 0 0 0 0 0 0 0 0 0 0 0 0 0 0 0 0 0 0 0 0 0 0 0 
0 0 0 644510 0 0 0 644538 0 644600 0 0 0 644576 644626 0 0 0 0 0 0 644600 0 0 0 0 644638 644662 0 644562 0 0 0 644534 0 0 0 0 0 0 0 0 0 0 644470 0 0 0 0 0 0 0 0 0 0 0 0 0 0 0 0 0 0 0 0 0 0 0 0 0 0 0 0 0 0 0 0 0 0 0 0 0 0 0 0 644178 0 0 0 0 0 0 0 0 0 0 0 0 0 0 0 0 644556 0 0 0 0 0 0 0 0 0 0 0 0 0 0 0 0 0 0 0 0 0 0 0 0 0 
644909 644817 645011 644961 644993 645009 645009 644989 645091 645063 645049 644723 644697 645027 645047 645115 645101 645091 645013 645139 645125 645107 644635 644641 644965 644971 645059 645125 645151 644971 644945 645145 645143 644943 645097 645071 645097 645077 645069 644845 645041 645047 645053 644825 644879 645025 645031 644823 644823 644779 644757 644727 644753 644945 644715 644895 644915 644907 644913 644681 644671 644863 644869 644845 644857 644851 644849 644859 644607 644617 644815 644601 644607 644761 644781 644747 644775 644763 644759 644769 644771 644779 644721 644641 644579 644587 644563 644735 644745 644729 644743 644753 644733 644605 644539 644563 644557 644543 644713 644699 644711 644715 644717 644725 644473 644687 644667 644671 644657 644685 644681 644689 644683 644687 644659 644661 644659 644625 644599 644415 644603 644619 644625 644619 644625 644609 644619 644605 
0 0 0 642659 0 0 0 0 0 0 0 0 0 0 0 0 0 0 0 0 0 0 0 0 0 0 0 0 0 642809 0 0 0 0 0 0 0 0 0 0 0 0 0 0 642809 0 0 0 0 0 0 0 0 0 0 0 0 0 0 0 0 0 0 0 0 0 0 0 0 0 0 0 0 0 0 0 0 0 0 0 0 0 0 0 0 642755 0 0 0 0 0 0 0 0 0 0 0 0 0 0 0 0 642569 0 0 0 0 0 0 0 0 0 0 0 0 0 0 0 0 0 0 0 0 0 0 0 0 0 
645004 644984 645055 645054 645022 645030 645006 645070 645098 645057 644992 644937 644924 645089 645120 645084 645076 645025 645082 645073 645030 645033 644893 644896 645067 645158 645114 645081 645054 645112 645171 645057 645037 645102 645081 645106 645061 645047 645003 645127 645089 645062 645059 645129 645156 645097 644998 645066 645128 645106 645095 645080 645093 645017 645074 645042 645032 645012 645009 645057 645052 645036 645039 645019 645013 645016 645029 645034 645020 645025 645012 645017 645020 644985 644995 644978 644992 644986 644918 644913 644888 644860 644824 644784 644753 645010 644998 644972 644973 644957 644926 644921 644830 644766 644733 644745 644742 644988 644961 644954 644960 644962 644963 644935 644953 644948 644938 644940 644933 644947 644933 644833 644836 644808 644793 644935 644934 644817 644763 644924 644906 644914 644917 644868 644865 644873 644796 644766 
644855 644763 644957 644907 644939 644955 644955 644935 645043 645009 645023 644669 644643 644973 645039 645063 645047 645041 644959 645089 645099 645057 644581 644587 644929 644971 645059 645105 645147 644971 644945 645153 645139 644943 645125 645075 645143 645131 645079 644845 645087 645101 645107 644825 644879 645071 645069 644823 644823 644779 644757 644727 644753 644999 644715 644949 644969 644961 644967 644681 644671 644917 644923 644899 644911 644905 644903 644913 644607 644617 644869 644601 644607 644815 644835 644801 644829 644817 644813 644823 644825 644793 644721 644641 644579 644587 644563 644789 644799 644783 644797 644807 644733 644605 644539 644563 644557 644543 644767 644753 644765 644769 644771 644779 644473 644741 644721 644725 644711 644739 644735 644737 644737 644689 644659 644715 644713 644679 644599 644415 644657 644673 644679 644673 644679 644663 644665 644605 
644795 644703 644897 644847 644879 644895 644895 644875 644973 644949 644963 644609 644583 644913 644949 644997 644987 644981 644899 645021 645039 644997 644521 644527 644853 644891 644979 645021 645069 644891 644865 645069 645075 644863 645045 644995 645067 645071 645075 644765 645011 645041 645047 644745 644799 644995 645075 644743 644743 644699 644677 644647 644673 645035 644635 644985 645005 645021 645027 644601 644591 644953 644959 644959 644971 644965 644963 644973 644527 644537 644905 644521 644527 644851 644895 644861 644889 644877 644873 644883 644883 644859 644801 644721 644659 644507 644483 644849 644859 644843 644857 644867 644811 644685 644619 644643 644637 644463 644827 644813 644825 644829 644831 644839 644393 644801 644781 644785 644771 644799 644795 644787 644787 644763 644739 644775 644773 644739 644679 644335 644717 644733 644739 644733 644739 644723 644715 644685 
0 0 0 644818 0 0 0 644894 0 644824 0 0 0 644932 644950 0 0 0 0 0 0 644776 0 0 0 0 644924 644872 0 645016 0 0 0 645026 0 0 0 0 0 0 0 0 0 0 644990 0 0 0 0 0 0 0 0 0 0 0 0 0 0 0 0 0 0 0 0 0 0 0 0 0 0 0 0 0 0 0 0 0 0 0 0 0 0 0 0 644841 0 0 0 0 0 0 0 0 0 0 0 0 0 0 0 0 644512 0 0 0 0 0 0 0 0 0 0 0 0 0 0 0 0 0 0 0 0 0 0 0 0 0 
644849 644757 644951 644901 644933 644949 644949 644929 645037 645003 644991 644663 644637 644967 645033 645057 645041 645033 644953 645083 645067 645049 644575 644581 644923 645013 645101 645099 645115 645011 644987 645121 645105 644985 645141 645115 645153 645125 645037 644887 645101 645107 645113 644867 644921 645085 645027 644865 644865 644821 644799 644769 644795 645005 644757 644955 644975 644967 644973 644723 644713 644923 644929 644905 644917 644911 644909 644919 644649 644659 644875 644643 644649 644821 644841 644807 644835 644823 644819 644829 644807 644751 644679 644599 644537 644629 644605 644795 644805 644789 644803 644813 644691 644563 644497 644521 644515 644585 644773 644759 644771 644775 644777 644785 644515 644747 644727 644731 644717 644745 644741 644697 644703 644647 644617 644721 644719 644665 644557 644457 644663 644679 644685 644679 644685 644669 644623 644563 
644801 644709 644903 644853 644885 644901 644901 644881 644989 644955 644939 644615 644589 644919 644985 645009 644993 644981 644905 645035 645015 644997 644527 644533 644875 645061 645069 645051 645063 644965 645061 645069 645031 644945 645117 645143 645079 645051 644963 644961 645133 645081 645075 644941 644995 645133 644953 644873 644939 644895 644873 644843 644869 644991 644831 645003 645013 644981 644975 644797 644787 644971 644977 644953 644965 644959 644957 644967 644723 644733 644923 644717 644723 644869 644889 644855 644883 644871 644793 644783 644733 644677 644605 644525 644463 644703 644679 644843 644853 644837 644809 644799 644617 644489 644423 644447 644441 644659 644821 644807 644819 644823 644825 644821 644589 644795 644775 644779 644765 644793 644789 644623 644629 644573 644543 644769 644767 644591 644483 644531 644711 644727 644733 644693 644687 644701 644549 644489 
644764 644672 644866 644816 644848 644864 644864 644844 644952 644918 644932 644578 644552 644882 644932 644972 644956 644950 644868 644998 645008 644966 644490 644496 644836 644932 644980 645004 645052 644884 644916 645052 645070 644860 645052 645028 645076 645078 645076 644816 645076 645078 645078 644796 644850 645064 645078 644764 644794 644750 644728 644698 644724 645062 644686 645040 645060 645038 645038 644652 644642 645008 645014 644990 645002 644996 644994 645004 644578 644588 644960 644572 644578 644906 644926 644892 644920 644908 644870 644870 644846 644822 644750 644670 644608 644558 644534 644880 644890 644874 644870 644870 644762 644634 644568 644592 644586 644514 644858 644844 644856 644860 644862 644870 644444 644832 644812 644816 644802 644830 644826 644750 644750 644718 644688 644806 644804 644702 644628 644386 644748 644764 644770 644750 644750 644750 644678 644634 
643678 643586 643780 643730 643762 643778 643778 643758 643866 643832 643846 643492 643466 643796 643862 643886 643870 643864 643782 643912 643922 643880 643404 643410 643752 643855 643923 643928 643970 643831 643842 643976 643984 643805 643992 643955 644022 644044 643999 643744 643996 644035 644038 643734 643785 643988 644001 643697 643745 643687 643700 643661 643674 643995 643643 643970 643980 643976 643979 643590 643585 643954 643957 643945 643951 643948 643947 643952 643553 643558 643930 643538 643577 643903 643913 643896 643910 643904 643902 643907 643896 643857 643809 643741 643691 643519 643519 643890 643895 643887 643894 643899 643821 643729 643675 643699 643693 643497 643879 643872 643878 643880 643881 643885 643486 643866 643856 643858 643851 643865 643863 643839 643844 643801 643783 643853 643852 643825 643747 643397 643824 643832 643835 643832 643835 643827 643801 643753 
644819 644727 644921 644871 644903 644919 644919 644899 644983 644973 644987 644633 644607 644935 644947 645007 645007 645005 644911 645031 645063 645021 644545 644551 644863 644871 644959 645025 645079 644871 644845 645073 645103 644843 645025 644975 645065 645093 645153 644745 645009 645063 645069 644725 644779 644993 645121 644723 644723 644679 644657 644627 644653 645035 644615 644985 645005 644997 645003 644581 644571 644953 644959 644935 644947 644941 644939 644949 644507 644517 644905 644501 644507 644851 644871 644837 644865 644853 644849 644859 644861 644865 644817 644741 644679 644487 644463 644825 644835 644819 644833 644843 644817 644705 644639 644663 644657 644443 644803 644789 644801 644805 644807 644815 644373 644777 644757 644761 644747 644775 644771 644779 644773 644769 644745 644751 644749 644715 644697 644315 644693 644709 644715 644709 644715 644699 644709 644697 
0 0 0 644151 0 0 643911 644331 0 644155 0 0 0 644407 644431 0 0 0 0 0 0 644035 0 0 0 0 644383 644239 0 644607 0 0 0 644675 0 0 0 0 0 644807 0 0 0 0 644693 0 0 0 644706 644693 0 0 644654 0 0 0 0 0 0 0 644435 0 0 0 0 0 0 0 0 0 0 0 0 0 0 0 0 0 0 0 0 0 0 0 642646 644261 0 0 0 0 0 0 0 0 0 0 0 0 0 0 0 0 643495 0 0 643548 0 0 0 0 0 0 0 0 0 0 0 0 0 0 0 0 0 0 0 0 0 0 
0 644690 644884 644834 644866 644882 644882 644862 0 644936 644926 0 0 644900 644966 0 644974 644968 0 645016 0 644984 0 0 0 645040 645050 645032 0 644946 0 0 0 644926 0 0 0 0 0 644928 645136 645114 0 644908 644962 645128 644986 644854 644906 644862 644840 644810 644836 645024 0 0 645040 0 0 644764 644754 0 0 0 0 0 0 644986 644690 644700 0 644684 644690 0 0 0 0 0 0 644816 0 644710 0 0 644496 644670 644646 0 644872 0 0 644832 0 0 0 0 0 0 644840 0 0 0 644844 644848 644556 644814 0 0 644784 0 0 0 644662 0 0 0 0 0 0 644498 0 0 644752 644726 0 644728 644582 0 
0 644636 644830 644780 644812 644828 644828 644808 0 644882 644896 0 0 644846 644912 0 644920 644914 0 644962 0 644930 0 0 0 644944 644992 644978 0 644892 0 0 0 644872 0 0 0 0 0 644848 645086 645086 0 644844 644896 645086 645050 644776 644842 644798 644776 644746 644772 645062 0 0 645062 0 0 644700 644690 0 0 0 0 0 0 645038 644626 644636 0 644620 644626 0 0 0 0 0 0 644870 0 644774 0 0 644560 644606 644582 0 644918 0 0 644870 0 0 0 0 0 0 644894 0 0 0 644894 644870 644492 644868 0 0 644838 0 0 0 644726 0 0 0 0 0 0 644434 0 0 644806 644750 0 644750 644646 0 
644747 644655 644849 644799 644831 644847 644847 644827 644935 644901 644915 644561 644535 644865 644931 644955 644939 644933 644851 644981 644991 644949 644473 644479 644821 644969 645015 644997 645039 644911 644943 645045 645053 644891 645093 645073 645101 645097 645057 644843 645107 645127 645121 644823 644877 645091 645071 644815 644821 644777 644755 644725 644751 645103 644713 645057 645077 645069 645075 644679 644669 645025 645031 645007 645019 645013 645011 645021 644605 644615 644977 644599 644605 644923 644943 644909 644937 644925 644911 644901 644851 644795 644723 644643 644581 644585 644561 644897 644907 644891 644905 644911 644735 644607 644541 644565 644559 644541 644875 644861 644873 644877 644879 644887 644471 644849 644829 644833 644819 644847 644843 644741 644747 644691 644661 644823 644821 644709 644601 644413 644765 644781 644787 644781 644787 644771 644667 644607 
0 0 0 638298 0 0 638226 638388 0 638355 0 0 0 638445 638496 0 0 0 0 0 0 638331 0 0 0 0 638526 638451 0 638562 0 0 0 638580 0 0 0 0 0 638699 0 0 0 638709 638682 0 0 0 638688 638668 0 0 638661 0 0 0 0 0 0 0 638524 0 0 0 0 0 0 0 0 0 0 0 0 0 0 0 0 0 0 0 0 0 0 0 637995 638434 0 0 0 0 0 0 0 0 0 0 0 0 0 0 0 0 638441 0 0 638438 0 0 0 0 0 0 0 0 0 0 0 0 0 0 0 0 0 0 0 0 0 0 
0 0 0 0 0 0 0 0 0 0 0 0 0 0 0 0 0 0 0 0 0 0 0 0 0 0 0 0 0 0 0 0 0 0 0 0 0 0 0 0 0 0 0 0 643789 0 0 0 0 0 0 0 0 0 0 0 0 0 0 0 0 0 0 0 0 0 0 0 0 0 0 0 0 0 0 0 0 0 0 0 0 0 0 0 0 0 0 0 0 0 0 0 0 0 0 0 0 0 0 0 0 0 0 0 0 0 0 0 0 0 0 0 0 0 0 0 0 0 0 0 0 0 0 0 0 0 0 0 
0 644628 644822 644772 644804 644820 644820 644800 0 644874 644888 0 0 644838 644904 0 644912 644906 0 644954 0 644922 0 0 0 644980 644988 644970 0 644884 0 0 0 644864 0 0 0 0 0 644902 645130 645122 0 644892 644946 645142 645002 644792 644890 644846 644824 644794 644820 645040 0 0 645070 0 0 644748 644738 0 0 0 0 0 0 645048 644674 644684 0 644668 644674 0 0 0 0 0 0 644832 0 644726 0 0 644512 644654 644630 0 644932 0 0 644848 0 0 0 0 0 0 644902 0 0 0 644906 644876 644540 644876 0 0 644846 0 0 0 644678 0 0 0 0 0 0 644482 0 0 644814 644742 0 644752 644598 0 
0 644664 644858 644808 644840 644856 644856 644836 0 644910 644924 0 0 644874 644902 0 644948 644942 0 644982 0 644958 0 0 0 644826 644914 644980 0 644826 0 0 0 644798 0 0 0 0 0 644700 644964 645018 0 644680 644734 644948 645146 644678 644678 644634 644612 644582 644608 645098 0 0 645068 0 0 644536 644526 0 0 0 0 0 0 645012 644462 644472 0 644456 644462 0 0 0 0 0 0 644922 0 644924 0 0 644724 644442 644418 0 644898 0 0 644906 0 0 0 0 0 0 644866 0 0 0 644870 644878 644328 644840 0 0 644810 0 0 0 644836 0 0 0 0 0 0 644270 0 0 644778 644772 0 644762 644772 0 
0 644484 644631 644628 644532 644556 644484 644742 0 644637 644442 0 0 644799 644826 0 644694 644541 0 644685 0 644565 0 0 0 644891 644803 644709 0 644939 0 0 0 644979 0 0 0 0 0 644996 644671 644633 0 644966 644903 644648 644460 645110 644891 645039 644864 644961 645000 644492 0 0 644483 0 0 644942 644927 0 0 0 0 0 0 644399 644831 644846 0 644822 644831 0 0 0 0 0 0 644196 0 644046 0 0 643725 644801 644765 0 644228 0 0 644204 0 0 0 0 0 0 644180 0 0 0 644186 644198 644630 644141 0 0 644096 0 0 0 643974 0 0 0 0 0 0 644543 0 0 644048 644029 0 644023 643854 0 
0 0 0 642968 0 0 642860 643070 0 643001 0 0 0 643127 643166 0 0 0 0 0 0 642953 0 0 0 0 643172 643085 0 643256 0 0 0 643285 0 0 0 0 0 643395 0 0 0 0 643388 0 0 0 643419 643379 0 0 643384 0 0 0 0 0 0 0 643278 0 0 0 0 0 0 0 0 0 0 0 0 0 0 0 0 0 0 0 0 0 0 0 642365 643188 0 0 0 0 0 0 0 0 0 0 0 0 0 0 0 0 642906 0 0 642924 0 0 0 0 0 0 0 0 0 0 0 0 0 0 0 0 0 0 0 0 0 0 
0 0 0 644315 0 0 644219 644391 0 644321 0 0 0 644429 644447 0 0 0 0 0 0 644273 0 0 0 0 644435 644369 0 644523 0 0 0 644541 0 0 0 0 0 0 0 0 0 0 644607 0 0 0 0 644657 0 0 644645 0 0 0 0 0 0 0 644620 0 0 0 0 0 0 0 0 0 0 0 0 0 0 0 0 0 0 0 0 0 0 0 0 644578 0 0 0 0 0 0 0 0 0 0 0 0 0 0 0 0 644127 0 0 0 0 0 0 0 0 0 0 0 0 0 0 0 0 0 0 0 0 0 0 0 0 0 
0 0 0 644245 644117 644149 644053 644397 0 644257 643997 0 0 644473 644509 0 644333 644129 0 644321 0 644161 0 0 0 0 644485 644353 0 644661 0 0 0 644717 0 0 0 0 0 644891 0 0 0 644931 644845 0 0 0 644957 644892 645037 0 644944 0 0 0 0 0 0 0 644727 0 0 0 0 0 0 0 0 0 0 0 0 0 0 0 0 0 0 0 0 0 0 0 643041 644695 0 0 0 0 0 0 0 0 0 0 0 0 644228 0 0 0 643881 0 0 644177 0 0 0 0 0 0 0 0 0 0 0 0 0 0 0 0 0 0 0 0 0 0 
0 642662 642833 642818 642746 642770 642710 642920 0 642851 642692 0 0 642977 643016 0 642908 642779 0 642911 0 642803 0 0 0 643130 643022 642935 0 643106 0 0 0 643136 0 0 0 0 0 643271 642995 642926 0 643301 643244 643019 642770 643268 643312 643346 643378 643408 643382 642839 0 0 642884 0 0 643370 643385 0 0 0 0 0 0 642908 643453 643443 0 643399 643490 0 0 0 0 0 0 642623 0 642488 0 0 642215 643353 643435 0 642779 0 0 642647 0 0 0 0 0 0 642989 0 0 0 642761 642689 643381 642964 0 0 642834 0 0 0 642452 0 0 0 0 0 0 643263 0 0 642719 642548 0 642563 642368 0 
0 0 0 644213 0 0 644117 644289 0 644219 0 0 0 644327 644345 0 0 0 0 0 0 644171 0 0 0 0 644333 644267 0 644420 0 0 0 644436 0 0 0 0 0 0 0 0 0 0 644512 0 0 0 0 644564 0 0 644586 0 0 0 0 0 0 0 644542 0 0 0 0 0 0 0 0 0 0 0 0 0 0 0 0 0 0 0 0 0 0 0 0 644539 0 0 0 0 0 0 0 0 0 0 0 0 0 0 0 0 644031 0 0 0 0 0 0 0 0 0 0 0 0 0 0 0 0 0 0 0 0 0 0 0 0 0 
0 644145 644436 644361 644409 644433 644433 644403 0 644514 644535 0 0 644460 644559 0 644571 644562 0 644634 0 644586 0 0 0 644639 644685 644658 0 644529 0 0 0 644499 0 0 0 0 0 644475 644855 644889 0 644455 644533 644843 644913 644387 644465 644385 644387 644333 644359 645005 0 0 645003 0 0 644239 644229 0 0 0 0 0 0 644947 644165 644175 0 644147 644189 0 0 0 0 0 0 644717 0 644558 0 0 644237 644121 644109 0 644778 0 0 644734 0 0 0 0 0 0 644794 0 0 0 644738 644734 644011 644756 0 0 644678 0 0 0 644486 0 0 0 0 0 0 643913 0 0 644610 644554 0 644554 644366 0 
643478 643482 643580 643578 643514 643530 643482 643654 643666 643584 643454 643484 643506 643692 643710 643638 643622 643520 643726 643616 643530 643536 643492 643498 643792 643786 643698 643632 643578 643786 643812 643584 643544 643814 643632 643682 643592 643564 643476 643912 643648 643594 643588 643925 643874 643664 643466 643920 643914 643972 643933 643990 643985 643504 644002 643554 643534 643494 643488 643947 643952 643572 643569 643508 643496 643502 643543 643538 643952 643957 643576 643949 643952 643549 643547 643518 643508 643514 643306 643296 643246 643190 643118 643038 642976 643942 643930 643488 643415 643384 643322 643312 643130 643002 642936 642960 642954 643920 643501 643494 643512 643490 643393 643340 643885 643476 643466 643444 643413 643439 643336 643136 643142 643086 643056 643451 643386 643104 642996 643856 643386 643406 643331 643206 643200 643216 643062 643002 
644612 644520 644714 644664 644696 644712 644712 644692 644800 644766 644780 644426 644400 644730 644796 644820 644804 644798 644716 644846 644856 644814 644338 644344 644686 644872 644880 644862 644904 644776 644898 644910 644918 644756 644958 644960 644966 644986 644994 644802 645022 645016 645010 644802 644850 645038 645032 644684 644810 644754 644744 644714 644740 645096 644702 645140 645126 645110 645104 644658 644658 645136 645140 645116 645112 645116 645140 645140 644594 644604 645088 644588 644594 645034 645078 645044 645072 645060 644922 644912 644862 644806 644734 644654 644592 644574 644550 645032 645020 644996 644938 644928 644746 644618 644552 644576 644570 644530 645010 644996 645008 645012 644996 644956 644460 644984 644964 644968 644954 644982 644948 644752 644758 644702 644672 644958 644956 644720 644612 644402 644900 644916 644922 644822 644816 644832 644678 644618 
0 644365 644559 644509 644541 644557 644557 644537 0 644611 644625 0 0 644575 644641 0 644649 644643 0 644691 0 644659 0 0 0 644717 644725 644707 0 644621 0 0 0 644601 0 0 0 0 0 644649 644867 644861 0 644631 644685 644883 644877 644529 644629 644585 644563 644533 644559 644939 0 0 644969 0 0 644487 644477 0 0 0 0 0 0 644973 644413 644423 0 644407 644413 0 0 0 0 0 0 644923 0 644865 0 0 644747 644393 644369 0 644979 0 0 644939 0 0 0 0 0 0 644851 0 0 0 644975 644967 644279 644849 0 0 644915 0 0 0 644889 0 0 0 0 0 0 644221 0 0 644955 644953 0 644963 644859 0 
644619 644527 644721 644671 644703 644719 644719 644699 644807 644773 644787 644433 644407 644737 644803 644827 644811 644805 644723 644853 644863 644821 644345 644351 644693 644879 644887 644869 644911 644783 644863 644917 644925 644763 644965 644967 644973 644993 645001 644763 645025 645023 645017 644743 644797 645011 645039 644691 644741 644697 644675 644645 644671 645125 644633 645121 645141 645163 645157 644599 644589 645089 645095 645135 645147 645141 645123 645133 644525 644535 645041 644519 644525 644987 645055 645037 645065 645053 644991 644981 644931 644875 644803 644723 644661 644505 644481 645025 645035 645019 645007 644997 644815 644687 644621 644645 644639 644461 645003 644989 644985 645005 645007 645015 644391 644977 644957 644961 644947 644975 644971 644821 644827 644771 644741 644951 644949 644789 644681 644333 644893 644909 644915 644891 644885 644897 644747 644687 
644634 644542 644736 644686 644718 644734 644734 644714 644822 644788 644802 644448 644422 644752 644818 644842 644826 644820 644738 644868 644878 644836 644360 644366 644708 644874 644902 644884 644926 644798 644874 644932 644940 644778 644980 644970 644988 645008 645016 644778 645018 645038 645032 644778 644826 645018 645044 644706 644778 644730 644712 644682 644708 645104 644670 645104 645104 645104 645104 644634 644626 645092 645098 645102 645102 645102 645102 645104 644562 644572 645044 644556 644562 644990 645034 645022 645050 645038 644954 644944 644894 644838 644766 644686 644624 644542 644518 645010 645006 644982 644958 644958 644778 644650 644584 644608 644602 644498 644988 644974 644964 644990 644982 644958 644428 644962 644942 644946 644932 644960 644934 644784 644790 644734 644704 644936 644934 644752 644644 644370 644878 644894 644900 644838 644838 644838 644710 644650 
0 644033 644180 644177 644081 644105 644033 644291 0 644186 643991 0 0 644348 644375 0 644243 644090 0 644234 0 644114 0 0 0 644489 644357 644258 0 644489 0 0 0 644531 0 0 0 0 0 644673 644282 644201 0 644667 644601 644305 644009 644711 644605 644741 644599 644689 644715 644066 0 0 644111 0 0 644863 644853 0 0 0 0 0 0 644097 644789 644799 0 644812 644679 0 0 0 0 0 0 643754 0 643595 0 0 643274 644800 644774 0 643922 0 0 643778 0 0 0 0 0 0 643932 0 0 0 643883 643820 644602 643893 0 0 643823 0 0 0 643523 0 0 0 0 0 0 644606 0 0 643755 643619 0 643634 643403 0 
0 0 0 643734 0 0 0 643862 0 643794 0 0 0 643938 643998 0 0 0 0 0 0 643746 0 0 0 0 644022 643914 0 644102 0 0 0 644134 0 0 0 0 0 0 0 0 0 0 644246 0 0 0 0 0 0 0 0 0 0 0 0 0 0 0 644438 0 0 0 0 0 0 0 0 0 0 0 0 0 0 0 0 0 0 0 0 0 0 0 0 644392 0 0 0 0 0 0 0 0 0 0 0 0 0 0 0 0 643766 0 0 0 0 0 0 0 0 0 0 0 0 0 0 0 0 0 0 0 0 0 0 0 0 0 
644200 644108 644302 644252 644284 644300 644300 644280 644388 644354 644368 644014 643988 644318 644384 644408 644392 644386 644304 644434 644444 644402 643926 643932 644274 644460 644468 644450 644492 644364 644486 644498 644506 644344 644546 644548 644554 644574 644582 644394 644610 644604 644598 644414 644456 644626 644620 644272 644464 644364 644449 644410 644390 644674 644380 644724 644704 644676 644670 644270 644280 644756 644750 644702 644690 644696 644734 644724 644302 644307 644780 644287 644326 644753 644763 644746 644736 644746 644561 644551 644501 644445 644373 644293 644231 644264 644268 644736 644658 644638 644577 644567 644385 644257 644191 644215 644209 644246 644729 644722 644728 644730 644650 644595 644235 644716 644706 644708 644701 644713 644591 644391 644397 644341 644311 644703 644661 644359 644251 644146 644674 644682 644599 644461 644455 644471 644317 644257 
644576 644484 644678 644628 644660 644676 644676 644656 644764 644730 644744 644390 644364 644694 644760 644784 644768 644762 644680 644810 644820 644778 644302 644308 644650 644836 644844 644826 644868 644740 644862 644874 644882 644720 644922 644924 644930 644950 644958 644770 644986 644980 644974 644790 644832 645002 644988 644648 644834 644740 644810 644762 644762 645050 644738 645100 645080 645040 645034 644646 644656 645132 645126 645054 645042 645048 645098 645088 644664 644666 645138 644642 644664 645094 645114 645080 645066 645066 644852 644842 644792 644736 644664 644584 644522 644618 644620 645042 644962 644930 644868 644858 644676 644548 644482 644506 644500 644600 645046 645032 645044 645048 644942 644886 644530 645020 645000 645004 644970 644994 644882 644682 644688 644632 644602 644994 644946 644650 644542 644472 644936 644952 644890 644752 644746 644762 644608 644548 
643936 643844 643998 643961 644001 644009 644021 643963 644041 644036 644079 643750 643724 643982 644027 644063 644055 644076 643963 644088 644117 644084 643662 643668 643924 644065 644093 644096 644141 643993 644078 644144 644160 643971 644168 644157 644184 644206 644234 643984 644212 644221 644218 643980 644031 644220 644265 643887 643991 643933 643946 643907 643920 644318 643889 644343 644333 644325 644322 643836 643831 644331 644334 644344 644338 644341 644336 644341 643799 643804 644307 643784 643823 644280 644302 644297 644311 644305 644243 644238 644213 644185 644149 644109 644078 643765 643765 644291 644296 644282 644251 644246 644155 644091 644058 644070 644067 643743 644280 644273 644267 644281 644282 644260 643732 644267 644257 644259 644252 644266 644258 644158 644161 644133 644118 644254 644253 644142 644088 643643 644225 644233 644236 644193 644190 644198 644121 644091 
643871 643779 643957 643920 643955 643968 643971 643922 644000 643995 644038 643685 643659 643941 643986 644022 644014 644035 643922 644047 644076 644043 643597 643603 643883 644024 644052 644055 644100 643952 644037 644103 644119 643930 644127 644116 644143 644165 644169 643943 644171 644180 644177 643953 643998 644179 644188 643846 643966 643904 643921 643882 643895 644231 643864 644256 644246 644250 644247 643809 643806 644260 644263 644281 644275 644278 644277 644274 643774 643779 644236 643759 643798 644209 644243 644250 644288 644282 644228 644223 644198 644170 644134 644094 644063 643740 643740 644292 644283 644267 644236 644231 644140 644076 644043 644055 644052 643718 644233 644226 644208 644258 644273 644245 643707 644244 644234 644260 644253 644267 644243 644143 644146 644118 644103 644255 644254 644127 644073 643618 644226 644234 644237 644178 644175 644183 644106 644076 
644457 644365 644559 644509 644541 644557 644557 644537 644645 644611 644625 644271 644245 644575 644641 644665 644649 644643 644561 644691 644701 644659 644183 644189 644531 644717 644725 644707 644749 644621 644731 644755 644763 644601 644803 644805 644811 644831 644839 644635 644867 644861 644855 644635 644683 644875 644877 644529 644659 644587 644615 644585 644587 644939 644563 644971 644969 644953 644947 644491 644491 644971 644971 644971 644971 644971 644971 644971 644465 644475 644957 644459 644465 644903 644947 644937 644971 644971 644933 644923 644897 644865 644841 644783 644721 644443 644421 644971 644971 644971 644949 644939 644853 644747 644681 644705 644699 644401 644903 644889 644877 644929 644971 644967 644331 644901 644881 644933 644967 644971 644971 644881 644887 644831 644801 644899 644971 644849 644741 644273 644913 644905 644971 644951 644945 644961 644807 644747 
644538 644446 644640 644590 644622 644638 644638 644618 644726 644692 644706 644352 644326 644656 644722 644746 644730 644724 644642 644772 644782 644740 644264 644270 644612 644798 644806 644788 644830 644702 644824 644836 644844 644682 644884 644886 644892 644912 644920 644732 644948 644942 644936 644752 644794 644964 644958 644610 644802 644702 644762 644732 644728 645044 644714 645094 645074 645066 645060 644608 644618 645126 645120 645104 645092 645098 645124 645114 644612 644622 645128 644606 644612 645074 645126 645116 645128 645132 644904 644894 644844 644788 644716 644636 644574 644592 644568 645106 645014 644982 644920 644910 644728 644600 644534 644558 644552 644548 645082 645068 645056 645086 644994 644938 644478 645058 645038 645042 645028 645056 644934 644734 644740 644684 644654 645032 645004 644702 644594 644420 644974 644990 644942 644804 644798 644814 644660 644600 
0 644481 644675 644625 644657 644673 644673 644653 0 644727 644741 0 0 644691 644757 0 644765 644759 0 644807 0 644775 0 0 0 644833 644841 644823 0 644737 0 0 0 644717 0 0 0 0 0 644767 644983 644977 0 644779 644827 644999 644993 644645 644793 644731 644727 644697 644723 645074 0 0 645104 0 0 644635 644635 0 0 0 0 0 0 645122 644577 644587 0 644571 644577 0 0 0 0 0 0 644895 0 644789 0 0 644575 644557 644533 0 645015 0 0 644911 0 0 0 0 0 0 645010 0 0 0 644995 644939 644443 644989 0 0 644959 0 0 0 644741 0 0 0 0 0 0 644385 0 0 644923 644805 0 644815 644661 0 
0 643962 644109 644106 644010 644034 643962 644220 0 644115 643920 0 0 644277 644304 0 644172 644019 0 644163 0 644043 0 0 0 644418 644286 644187 0 644418 0 0 0 644460 0 0 0 0 0 644607 644211 644130 0 644637 644556 644235 643938 644640 644632 644706 644697 644760 644738 643995 0 0 644040 0 0 644799 644814 0 0 0 0 0 0 644052 644862 644857 0 644834 644803 0 0 0 0 0 0 643683 0 643524 0 0 643203 644805 644848 0 643863 0 0 643707 0 0 0 0 0 0 644067 0 0 0 643833 643749 644703 644028 0 0 643897 0 0 0 643452 0 0 0 0 0 0 644681 0 0 643754 643548 0 643563 643332 0 
0 643982 644129 644126 644030 644054 643982 644240 0 644135 643940 0 0 644297 644324 0 644192 644039 0 644183 0 644063 0 0 0 644438 644306 644207 0 644438 0 0 0 644480 0 0 0 0 0 644627 644231 644150 0 644657 644576 644255 643958 644659 644660 644726 644721 644790 644765 644015 0 0 644060 0 0 644818 644833 0 0 0 0 0 0 644072 644882 644882 0 644884 644816 0 0 0 0 0 0 643703 0 643544 0 0 643223 644855 644877 0 643883 0 0 643727 0 0 0 0 0 0 644082 0 0 0 643853 643769 644717 644043 0 0 643927 0 0 0 643472 0 0 0 0 0 0 644716 0 0 643775 643568 0 643583 643352 0 
644540 644448 644642 644592 644624 644640 644640 644620 644728 644694 644708 644354 644328 644658 644724 644748 644732 644726 644644 644774 644784 644742 644266 644272 644614 644800 644808 644790 644832 644704 644826 644838 644846 644684 644886 644888 644894 644914 644922 644734 644950 644944 644938 644754 644796 644966 644946 644612 644804 644704 644822 644756 644730 644984 644720 645034 645014 644974 644968 644610 644620 645066 645060 644988 644976 644982 645032 645022 644684 644674 645114 644642 644730 645128 645100 645080 645010 645022 644786 644776 644726 644670 644598 644518 644456 644608 644662 645002 644896 644864 644802 644792 644610 644482 644416 644440 644434 644638 645080 645068 645080 645056 644876 644820 644596 645056 645036 645008 644936 644956 644816 644616 644622 644566 644536 645030 644886 644584 644476 644538 644960 644984 644824 644686 644680 644696 644542 644482 
0 643947 644094 644091 643995 644019 643947 644205 0 644100 643905 0 0 644262 644289 0 644157 644004 0 644148 0 644028 0 0 0 644403 644271 644172 0 644403 0 0 0 644445 0 0 0 0 0 644592 644196 644115 0 644622 644541 644220 643923 644611 644625 644689 644712 644767 644728 643980 0 0 644025 0 0 644770 644785 0 0 0 0 0 0 644037 644860 644860 0 644862 644809 0 0 0 0 0 0 643668 0 643509 0 0 643188 644829 644861 0 643848 0 0 643692 0 0 0 0 0 0 644082 0 0 0 643818 643734 644734 644045 0 0 643908 0 0 0 643437 0 0 0 0 0 0 644744 0 0 643740 643533 0 643548 643317 0 
0 644029 644176 644173 644077 644101 644029 644287 0 644182 643987 0 0 644344 644371 0 644239 644086 0 644230 0 644110 0 0 0 644485 644353 644254 0 644485 0 0 0 644527 0 0 0 0 0 644674 644278 644197 0 644704 644623 644302 644005 644707 644707 644773 644805 644851 644812 644062 0 0 644107 0 0 644920 644935 0 0 0 0 0 0 644119 645027 645016 0 644993 644980 0 0 0 0 0 0 643750 0 643591 0 0 643270 644942 645036 0 643930 0 0 643774 0 0 0 0 0 0 644227 0 0 0 643900 643816 645009 644190 0 0 643990 0 0 0 643519 0 0 0 0 0 0 644885 0 0 643822 643615 0 643630 643399 0 
644506 644414 644608 644558 644590 644606 644606 644586 644694 644660 644674 644320 644294 644624 644690 644714 644698 644692 644610 644740 644750 644708 644232 644238 644580 644766 644774 644756 644798 644670 644792 644804 644812 644650 644852 644854 644860 644880 644888 644700 644916 644910 644904 644720 644762 644932 644922 644578 644770 644670 644788 644722 644696 644960 644686 645010 644990 644950 644944 644576 644586 645042 645036 644964 644952 644958 645008 644998 644650 644640 645090 644608 644736 645140 645076 645062 644986 644998 644762 644752 644702 644646 644574 644494 644432 644574 644646 644978 644872 644840 644778 644768 644586 644458 644392 644416 644410 644618 645092 645092 645114 645046 644852 644796 644620 645068 645068 644994 644912 644932 644792 644592 644598 644542 644512 645044 644862 644560 644452 644562 644966 644996 644800 644662 644656 644672 644518 644458 
643923 643853 643974 643937 643977 643985 643997 643939 644017 644012 644055 643776 643750 643958 644003 644039 644031 644052 643939 644064 644093 644060 643688 643694 643900 644041 644069 644072 644117 643969 644054 644120 644134 643947 644144 644133 644158 644168 644172 643960 644186 644183 644180 643970 644015 644194 644191 643863 644007 643921 644004 643947 643934 644234 643917 644259 644249 644253 644250 643826 643831 644275 644272 644272 644266 644269 644282 644277 643863 643858 644299 643830 643915 644312 644316 644321 644283 644289 644171 644166 644141 644113 644077 644037 644006 643801 643849 644279 644226 644210 644179 644174 644083 644019 643986 643998 643995 643823 644324 644317 644311 644313 644216 644188 643824 644311 644301 644287 644246 644256 644186 644086 644089 644061 644046 644298 644221 644070 644016 643735 644269 644277 644190 644121 644118 644126 644049 644019 
644471 644379 644573 644523 644555 644571 644571 644551 644659 644625 644639 644285 644259 644589 644655 644679 644663 644657 644575 644705 644715 644673 644197 644203 644545 644731 644739 644721 644763 644635 644757 644769 644777 644615 644817 644819 644825 644845 644853 644665 644881 644875 644869 644685 644727 644897 644891 644543 644735 644635 644733 644685 644661 644977 644651 645027 645007 644999 644993 644541 644551 645059 645053 645037 645025 645031 645057 645047 644589 644589 645093 644565 644607 645069 645101 645101 645083 645095 644909 644899 644849 644793 644721 644641 644579 644539 644563 645099 645019 644987 644925 644915 644733 644605 644539 644563 644557 644541 645077 645063 645051 645101 644999 644943 644473 645075 645055 645101 645055 645079 644939 644739 644745 644689 644659 645073 645009 644707 644599 644415 645041 645057 644947 644809 644803 644819 644665 644605 
644483 644391 644585 644535 644567 644583 644583 644563 644671 644637 644651 644297 644271 644601 644667 644691 644675 644669 644587 644717 644727 644685 644209 644215 644557 644743 644751 644733 644775 644647 644769 644781 644789 644627 644829 644831 644837 644857 644865 644677 644893 644887 644881 644697 644739 644909 644903 644555 644739 644647 644695 644665 644667 644989 644643 645039 645019 645027 645021 644553 644563 645071 645065 645089 645077 645083 645085 645075 644545 644555 645061 644539 644545 645007 645075 645089 645145 645145 644971 644961 644911 644855 644783 644703 644641 644523 644501 645145 645081 645049 644987 644977 644795 644667 644601 644625 644619 644481 645055 645041 645005 645103 645061 645005 644411 645075 645055 645097 645083 645111 645001 644801 644807 644751 644721 645073 645063 644769 644661 644353 645029 645045 645009 644871 644865 644881 644727 644667 
644424 644332 644526 644476 644508 644524 644524 644504 644612 644578 644592 644238 644212 644542 644608 644632 644616 644610 644528 644658 644668 644626 644150 644156 644498 644684 644692 644674 644716 644588 644710 644722 644730 644568 644770 644772 644778 644798 644806 644618 644834 644828 644822 644637 644680 644850 644844 644496 644668 644588 644644 644596 644596 644930 644572 644980 644960 644968 644962 644493 644498 645004 645001 645028 645016 645022 645023 645016 644500 644500 645004 644476 644512 644974 645028 645050 645050 645050 644922 644912 644874 644819 644747 644667 644605 644452 644468 645050 645008 644988 644938 644928 644759 644631 644565 644589 644583 644448 645020 645006 644972 645046 645000 644956 644378 645018 644998 645038 645014 645026 644964 644765 644771 644715 644685 645016 645002 644733 644625 644320 644994 644998 644966 644835 644829 644845 644691 644631 
644469 644377 644571 644521 644553 644569 644569 644549 644657 644623 644637 644283 644257 644587 644653 644677 644661 644655 644573 644703 644713 644671 644195 644201 644543 644693 644737 644719 644761 644633 644667 644767 644775 644613 644815 644797 644823 644843 644851 644567 644831 644869 644867 644547 644601 644815 644889 644533 644545 644501 644479 644449 644475 644965 644437 644925 644945 644985 644989 644403 644393 644893 644899 644971 644983 644977 644927 644937 644329 644339 644845 644323 644329 644791 644859 644873 644949 644937 645135 645129 645103 645071 644999 644919 644857 644309 644285 644957 645063 645095 645135 645135 645011 644883 644817 644841 644835 644265 644839 644825 644789 644889 645083 645117 644195 644861 644841 644941 645023 645003 645097 645017 645023 644967 644937 644883 645051 644985 644877 644137 644969 644937 645065 645059 645063 645049 644943 644883 
0 644366 644560 644510 644542 644558 644558 644538 0 644612 644626 0 0 644576 644642 0 644650 644644 0 644692 0 644660 0 0 0 644674 644726 644708 0 644622 0 0 0 644602 0 0 0 0 0 644548 644812 644854 0 644528 644582 644796 644878 644518 644526 644482 644460 644430 644456 644950 0 0 644926 0 0 644384 644374 0 0 0 0 0 0 644918 644310 644320 0 644304 644310 0 0 0 0 0 0 645140 0 645090 0 0 644876 644290 644266 0 645044 0 0 645142 0 0 0 0 0 0 644820 0 0 0 645064 645120 644176 644842 0 0 645004 0 0 0 645042 0 0 0 0 0 0 644118 0 0 645076 645070 0 645060 644962 0 
643867 643775 643969 643919 643951 643967 643961 643947 644050 644021 644005 643681 643655 643985 644036 644072 644059 644035 643971 644091 644081 644051 643593 643599 643933 644010 644078 644099 644120 643986 643997 644123 644127 643960 644117 644092 644137 644151 644165 643899 644109 644136 644139 643889 643940 644101 644184 643852 643900 643842 643855 643816 643829 644181 643798 644156 644166 644186 644189 643745 643740 644140 644143 644179 644185 644182 644157 644162 643708 643713 644116 643693 643732 644089 644123 644130 644168 644162 644280 644285 644310 644310 644294 644222 644160 643674 643674 644172 644225 644241 644272 644277 644305 644186 644120 644144 644138 643652 644113 644106 644088 644138 644235 644263 643641 644124 644114 644164 644205 644195 644265 644304 644307 644267 644240 644135 644230 644258 644180 643552 644178 644162 644261 644279 644282 644274 644231 644186 
0 644441 644635 644585 644617 644633 644633 644613 0 644687 644701 0 0 644641 644665 0 644713 644719 0 644737 0 644735 0 0 0 644589 644677 644737 0 644589 0 0 0 644561 0 0 0 0 0 644463 644727 644781 0 644443 644497 644711 644905 644441 644441 644397 644375 644345 644371 644871 0 0 644841 0 0 644299 644289 0 0 0 0 0 0 644833 644225 644235 0 644219 644225 0 0 0 0 0 0 645079 0 645123 0 0 644961 644205 644181 0 644959 0 0 645063 0 0 0 0 0 0 644735 0 0 0 644979 645035 644091 644757 0 0 644919 0 0 0 645059 0 0 0 0 0 0 644033 0 0 644985 644995 0 644985 644995 0 
644489 644397 644591 644541 644573 644589 644589 644569 644643 644643 644657 644303 644277 644595 644619 644667 644667 644675 644571 644691 644733 644691 644215 644221 644523 644555 644643 644691 644739 644555 644529 644739 644763 644527 644709 644659 644749 644777 644835 644429 644693 644747 644753 644409 644463 644677 644859 644407 644407 644363 644341 644311 644337 644837 644299 644787 644807 644847 644853 644265 644255 644755 644761 644833 644845 644839 644789 644799 644191 644201 644707 644185 644191 644653 644721 644735 644811 644799 645035 645045 645095 645123 645123 645057 644995 644171 644147 644819 644925 644957 645019 645029 645123 645021 644955 644979 644973 644127 644701 644687 644651 644751 644945 645001 644057 644723 644703 644803 644885 644865 645005 645099 645099 645075 645051 644745 644935 645045 645003 643999 644831 644799 644997 645039 645045 645029 645027 645003 
644495 644403 644597 644547 644579 644595 644595 644575 644575 644649 644663 644309 644283 644549 644531 644603 644619 644681 644515 644625 644711 644697 644221 644227 644449 644455 644543 644609 644663 644455 644429 644657 644697 644427 644609 644559 644649 644677 644765 644329 644593 644647 644653 644309 644363 644577 644775 644307 644307 644263 644241 644211 644237 644737 644199 644687 644707 644747 644753 644165 644155 644655 644661 644733 644745 644739 644689 644699 644091 644101 644607 644085 644091 644553 644621 644635 644711 644699 644935 644945 644995 645051 645099 645111 645073 644071 644047 644719 644825 644857 644919 644929 645087 645121 645055 645079 645073 644027 644601 644587 644551 644651 644845 644901 643957 644623 644603 644703 644785 644765 644905 645057 645051 645083 645087 644645 644835 645039 645051 643899 644731 644699 644897 644987 644993 644977 645033 645045 
0 0 0 641398 0 0 641562 641326 0 641505 0 0 0 641307 641346 0 0 0 0 0 0 641625 0 0 0 0 641448 641529 0 641212 0 0 0 641150 0 0 0 0 0 641053 0 0 0 0 641166 0 0 0 641090 640924 0 0 640911 0 0 0 0 0 0 0 640678 0 0 0 0 0 0 0 0 0 0 0 0 0 0 0 0 0 0 0 0 0 0 0 642488 640540 0 0 0 0 0 0 0 0 0 0 0 0 0 0 0 0 642194 0 0 641957 0 0 0 0 0 0 0 0 0 0 0 0 0 0 0 0 0 0 0 0 0 0 
0 0 0 634136 0 0 0 0 0 0 0 0 0 0 0 0 0 0 0 0 0 0 0 0 0 0 0 0 0 0 0 0 0 0 0 0 0 0 0 0 0 0 0 0 634394 0 0 0 0 0 0 0 0 0 0 0 0 0 0 0 0 0 0 0 0 0 0 0 0 0 0 0 0 0 0 0 0 0 0 0 0 0 0 0 0 634660 0 0 0 0 0 0 0 0 0 0 0 0 0 0 0 0 633673 0 0 0 0 0 0 0 0 0 0 0 0 0 0 0 0 0 0 0 0 0 0 0 0 0 
0 639021 639192 639177 639105 639129 639069 639279 0 639210 639051 0 0 639336 639375 0 639267 639138 0 639270 0 639162 0 0 0 639489 639381 639294 0 639465 0 0 0 639495 0 0 0 0 0 639630 639354 639285 0 639660 639603 639378 639129 639627 639675 639705 639757 639783 639744 639198 0 0 639243 0 0 639771 639786 0 0 0 0 0 0 639267 639874 639864 0 639831 639907 0 0 0 0 0 0 638982 0 638847 0 0 638574 639792 639870 0 639138 0 0 639006 0 0 0 0 0 0 639397 0 0 0 639120 639048 639859 639375 0 0 639210 0 0 0 638811 0 0 0 0 0 0 639796 0 0 639078 638907 0 638922 638727 0 
644467 644375 644569 644519 644551 644567 644567 644547 644655 644621 644635 644281 644255 644585 644651 644675 644659 644653 644571 644701 644711 644669 644193 644199 644541 644727 644735 644717 644759 644631 644753 644765 644773 644611 644813 644815 644821 644841 644849 644661 644877 644871 644865 644681 644723 644893 644887 644539 644731 644631 644693 644661 644657 644973 644637 645023 645003 645011 645005 644537 644547 645055 645049 645073 645061 645067 645069 645059 644543 644553 645059 644537 644543 645005 645073 645087 645141 645141 644973 644963 644913 644857 644785 644705 644643 644517 644499 645165 645083 645051 644989 644979 644797 644669 644603 644627 644621 644479 645053 645039 645003 645103 645063 645007 644409 645075 645055 645113 645099 645123 645003 644803 644809 644753 644723 645097 645073 644771 644663 644351 645045 645061 645011 644873 644867 644883 644729 644669 
0 644389 644583 644533 644565 644581 644581 644561 0 644635 644649 0 0 644599 644665 0 644673 644667 0 644715 0 644683 0 0 0 644741 644749 644731 0 644645 0 0 0 644625 0 0 0 0 0 644675 644891 644885 0 644683 644737 644907 644901 644553 644681 644637 644615 644585 644611 644987 0 0 645017 0 0 644539 644529 0 0 0 0 0 0 645073 644465 644475 0 644459 644465 0 0 0 0 0 0 645041 0 644935 0 0 644721 644445 644421 0 645161 0 0 645057 0 0 0 0 0 0 644975 0 0 0 645141 645085 644331 644997 0 0 645085 0 0 0 644887 0 0 0 0 0 0 644273 0 0 645053 644951 0 644961 644807 0 
644476 644384 644578 644528 644560 644576 644576 644556 644664 644630 644644 644290 644264 644594 644660 644684 644668 644662 644580 644710 644720 644678 644202 644208 644550 644696 644744 644726 644768 644640 644696 644774 644782 644620 644816 644792 644830 644850 644858 644600 644840 644864 644864 644600 644648 644840 644896 644528 644624 644552 644592 644552 644552 644960 644528 644960 644960 644984 644984 644456 644456 644960 644960 645008 645008 645008 644984 644984 644442 644452 644958 644432 644442 644904 644972 644986 645032 645032 645058 645058 645014 644958 644886 644806 644744 644408 644398 645056 645082 645082 645058 645058 644898 644770 644704 644728 644722 644378 644952 644938 644902 645002 645082 645058 644308 644974 644954 645054 645082 645082 645034 644904 644910 644854 644824 644996 645058 644872 644764 644250 645036 645028 645010 644938 644938 644938 644830 644770 
643022 642976 643073 643048 643064 643072 643072 643062 643116 643099 643106 642911 642897 643081 643114 643126 643118 643115 643074 643139 643144 643123 642847 642853 643059 643148 643156 643147 643168 643104 643135 643171 643175 643094 643195 643196 643199 643209 643213 643085 643217 643224 643221 643075 643102 643209 643232 643058 643074 643052 643041 643026 643039 643275 643020 643264 643274 643294 643291 643003 642998 643248 643251 643287 643293 643290 643265 643270 642966 642971 643224 642963 642966 643197 643231 643238 643276 643270 643350 643345 643308 643268 643208 643156 643113 642956 642944 643280 643333 643349 643358 643353 643214 643114 643069 643081 643078 642934 643221 643214 643196 643246 643343 643353 642899 643232 643222 643272 643313 643303 643319 643205 643208 643168 643141 643243 643320 643165 643087 642870 643286 643270 643279 643240 643237 643235 643132 643090 
0 644404 644598 644548 644580 644596 644596 644576 0 644650 644664 0 0 644614 644680 0 644688 644682 0 644730 0 644698 0 0 0 644712 644764 644746 0 644660 0 0 0 644640 0 0 0 0 0 644586 644850 644896 0 644566 644620 644834 644916 644560 644564 644520 644498 644468 644494 644992 0 0 644964 0 0 644422 644412 0 0 0 0 0 0 644956 644348 644358 0 644342 644348 0 0 0 0 0 0 645128 0 645052 0 0 644838 644328 644304 0 645080 0 0 645134 0 0 0 0 0 0 644858 0 0 0 645076 645108 644214 644880 0 0 645016 0 0 0 645004 0 0 0 0 0 0 644156 0 0 645038 645032 0 645022 644924 0 
644469 644377 644571 644521 644553 644569 644569 644549 644637 644623 644637 644283 644257 644587 644607 644661 644661 644655 644565 644685 644713 644671 644195 644201 644517 644531 644619 644685 644733 644531 644505 644733 644757 644503 644685 644635 644725 644753 644829 644405 644669 644723 644729 644385 644439 644653 644851 644383 644383 644339 644317 644287 644313 644813 644275 644763 644783 644823 644829 644241 644231 644731 644737 644809 644821 644815 644765 644775 644167 644177 644683 644161 644167 644629 644697 644711 644787 644775 645011 645021 645071 645117 645135 645079 645019 644147 644123 644795 644901 644933 644995 645005 645135 645045 644979 645003 644997 644103 644677 644663 644627 644727 644921 644977 644033 644699 644679 644779 644861 644841 644981 645127 645121 645113 645089 644721 644911 645065 645039 643975 644807 644775 644973 645057 645063 645047 645059 645041 
644418 644326 644520 644470 644502 644518 644518 644498 644524 644572 644586 644232 644206 644498 644480 644552 644568 644604 644464 644574 644656 644620 644144 644150 644398 644404 644492 644558 644612 644404 644378 644606 644646 644376 644558 644508 644598 644626 644714 644278 644542 644596 644602 644258 644312 644526 644724 644256 644256 644212 644190 644160 644186 644686 644148 644636 644656 644696 644702 644114 644104 644604 644610 644682 644694 644688 644638 644648 644040 644050 644556 644034 644040 644502 644570 644584 644660 644648 644884 644894 644944 645000 645072 645082 645068 644020 643996 644668 644774 644806 644868 644878 645060 645118 645076 645100 645094 643976 644550 644536 644500 644600 644794 644850 643906 644572 644552 644652 644734 644714 644854 645054 645048 645104 645110 644594 644784 645062 645122 643848 644680 644648 644846 644984 644990 644974 645080 645116 
644205 644135 644238 644219 644259 644267 644279 644177 644195 644248 644337 644051 644025 644158 644161 644221 644229 644304 644129 644244 644311 644296 643963 643969 644072 644123 644191 644236 644287 644099 644110 644284 644316 644073 644260 644223 644292 644318 644386 644012 644264 644303 644306 644002 644053 644256 644403 643965 644013 643955 643968 643929 643942 644396 643911 644371 644381 644413 644416 643858 643853 644355 644358 644418 644424 644421 644384 644389 643821 643826 644331 643806 643844 644304 644350 644369 644419 644413 644591 644596 644633 644672 644708 644748 644769 643787 643787 644435 644512 644540 644583 644588 644702 644766 644797 644787 644790 643765 644352 644340 644304 644389 644534 644574 643710 644375 644356 644439 644504 644482 644588 644699 644696 644724 644739 644398 644541 644715 644769 643652 644477 644449 644595 644664 644667 644659 644736 644766 
644554 644462 644656 644606 644638 644654 644654 644628 644634 644700 644722 644368 644342 644608 644590 644662 644678 644740 644574 644684 644770 644748 644280 644286 644508 644514 644602 644668 644722 644514 644488 644716 644756 644486 644668 644618 644708 644736 644824 644388 644652 644706 644712 644368 644422 644636 644834 644366 644366 644322 644300 644270 644296 644796 644258 644746 644766 644806 644812 644224 644214 644714 644720 644792 644804 644798 644748 644758 644150 644160 644666 644144 644150 644612 644680 644694 644770 644758 644898 644908 644934 644966 644990 645002 644964 644130 644106 644778 644836 644844 644882 644892 644978 645012 644972 644996 644990 644086 644660 644646 644610 644710 644832 644864 644016 644682 644662 644738 644772 644776 644844 644948 644942 644974 644980 644704 644798 644932 644992 643958 644718 644710 644812 644878 644884 644868 644950 644986 
644421 644329 644523 644473 644505 644521 644521 644495 644483 644565 644589 644235 644209 644457 644439 644511 644527 644607 644423 644533 644619 644613 644147 644153 644357 644363 644451 644517 644571 644363 644337 644565 644605 644335 644517 644467 644557 644585 644673 644237 644501 644555 644561 644217 644271 644485 644683 644215 644215 644171 644149 644119 644145 644645 644107 644595 644615 644655 644661 644073 644063 644563 644569 644641 644653 644647 644597 644607 643999 644009 644515 643993 643999 644461 644529 644543 644619 644607 644843 644853 644903 644959 645031 645085 645071 643979 643955 644627 644733 644765 644827 644837 645019 645145 645127 645151 645145 643935 644509 644495 644459 644559 644753 644809 643865 644531 644511 644611 644693 644673 644813 645013 645007 645063 645093 644553 644743 645045 645125 643807 644639 644607 644805 644943 644949 644933 645087 645119 
644336 644340 644438 644436 644372 644388 644340 644512 644524 644442 644312 644342 644364 644550 644568 644496 644480 644378 644584 644474 644388 644394 644350 644356 644650 644644 644556 644490 644436 644644 644670 644442 644402 644672 644490 644540 644450 644422 644334 644770 644506 644452 644446 644790 644736 644522 644324 644781 644792 644836 644858 644888 644862 644362 644889 644412 644392 644352 644346 644887 644897 644444 644438 644366 644354 644360 644410 644400 644961 644951 644492 644955 644958 644528 644478 644464 644388 644400 644164 644154 644104 644048 643976 643896 643834 644951 644993 644380 644274 644242 644180 644170 643988 643860 643794 643818 643812 644995 644480 644473 644491 644448 644254 644198 644922 644455 644445 644396 644314 644334 644194 643994 644000 643944 643914 644430 644264 643962 643854 644988 644362 644385 644202 644064 644058 644074 643920 643860 
0 0 0 644123 644171 644195 644195 644165 0 644276 644297 0 0 644222 644321 0 644333 644324 0 644396 0 644348 0 0 0 0 644447 644420 0 644291 0 0 0 644261 0 0 0 0 0 644336 0 0 0 644366 644429 0 0 0 644441 644291 644468 0 644330 0 0 0 0 0 0 0 644165 0 0 0 0 0 0 0 0 0 0 0 0 0 0 0 0 0 0 0 0 0 0 0 644226 644147 0 0 0 0 0 0 0 0 0 0 0 0 645100 0 0 0 644856 0 0 645087 0 0 0 0 0 0 0 0 0 0 0 0 0 0 0 0 0 0 0 0 0 0 
644435 644343 644537 644487 644519 644535 644535 644515 644623 644589 644603 644249 644223 644553 644619 644643 644627 644621 644539 644669 644679 644637 644161 644167 644509 644695 644703 644685 644727 644599 644721 644733 644741 644579 644781 644783 644789 644809 644817 644629 644845 644839 644833 644649 644691 644861 644855 644507 644699 644599 644709 644651 644625 644940 644615 644990 644970 644965 644959 644505 644515 645022 645016 645003 644991 644997 645023 645013 644568 644563 645065 644535 644628 645086 645081 645086 645049 645061 644835 644825 644775 644719 644647 644567 644505 644503 644554 645051 644945 644913 644851 644841 644659 644531 644465 644489 644483 644528 645097 645089 645077 645090 644925 644869 644497 645096 645081 645050 644985 645005 644865 644665 644671 644615 644585 645081 644935 644633 644525 644439 645012 645036 644873 644735 644729 644745 644591 644531 
644439 644347 644541 644491 644523 644539 644539 644519 644627 644593 644607 644253 644227 644557 644623 644647 644631 644625 644543 644673 644683 644641 644165 644171 644513 644699 644707 644689 644731 644603 644725 644737 644745 644583 644785 644787 644793 644813 644821 644633 644849 644843 644837 644653 644695 644865 644859 644511 644703 644603 644721 644655 644629 644927 644619 644977 644957 644941 644935 644509 644519 645009 645003 644977 644965 644971 644999 644989 644583 644573 645057 644541 644679 645111 645067 645075 644999 645011 644775 644765 644715 644659 644587 644507 644445 644507 644579 644991 644885 644853 644791 644781 644599 644471 644405 644429 644423 644551 645109 645123 645137 645059 644865 644809 644607 645087 645107 645007 644925 644945 644805 644605 644611 644555 644525 645065 644875 644573 644465 644531 644979 645011 644813 644675 644669 644685 644531 644471 
644397 644305 644499 644449 644481 644497 644497 644477 644585 644551 644565 644211 644185 644515 644581 644605 644589 644583 644501 644631 644641 644599 644123 644129 644471 644657 644665 644647 644689 644561 644683 644695 644703 644541 644743 644745 644751 644771 644779 644591 644807 644801 644795 644611 644653 644823 644817 644469 644661 644561 644679 644613 644587 644903 644577 644953 644933 644941 644935 644467 644477 644985 644979 644981 644969 644975 644999 644989 644535 644531 645033 644499 644551 645013 645063 645065 645027 645039 644923 644913 644887 644849 644777 644697 644635 644465 644507 645043 644985 644977 644939 644929 644789 644661 644595 644619 644613 644487 645039 645025 645011 645065 644989 644957 644417 645037 645017 645065 645049 645045 644977 644795 644801 644745 644715 645035 645023 644763 644655 644359 645049 645041 645003 644865 644859 644875 644721 644661 
0 0 0 643428 0 0 0 0 0 0 0 0 0 0 0 0 0 0 0 0 0 0 0 0 0 0 0 0 0 0 0 0 0 0 0 0 0 0 0 0 0 0 0 0 643832 0 0 0 0 0 0 0 0 0 0 0 0 0 0 0 0 0 0 0 0 0 0 0 0 0 0 0 0 0 0 0 0 0 0 0 0 0 0 0 0 0 0 0 0 0 0 0 0 0 0 0 0 0 0 0 0 0 644837 0 0 0 0 0 0 0 0 0 0 0 0 0 0 0 0 0 0 0 0 0 0 0 0 0 
0 0 0 643864 643920 643936 643948 643880 0 643990 644040 0 0 643918 643996 0 644028 644046 0 644082 0 644062 0 0 0 0 644104 644098 0 643952 0 0 0 643920 0 0 0 0 0 643907 0 0 0 643887 643965 0 0 0 643897 643817 643819 0 643791 0 0 0 0 0 0 0 643661 0 0 0 0 0 0 0 0 0 0 0 0 0 0 0 0 0 0 0 0 0 0 0 644320 643553 0 0 0 0 0 0 0 0 0 0 0 0 644383 0 0 0 644663 644707 0 644417 0 0 0 0 0 0 0 0 0 0 0 0 0 0 0 0 644621 0 0 0 0 0 
0 643809 643956 643953 643857 643881 643809 644067 0 643962 643767 0 0 644124 644151 0 644019 643866 0 644010 0 643890 0 0 0 644265 644133 644034 0 644265 0 0 0 644307 0 0 0 0 0 644454 644058 643977 0 644484 644403 644082 643785 644487 644487 644553 644586 644631 644592 643842 0 0 643887 0 0 644617 644632 0 0 0 0 0 0 643899 644728 644713 0 644681 644799 0 0 0 0 0 0 643530 0 643371 0 0 643050 644642 644738 0 643710 0 0 643554 0 0 0 0 0 0 644046 0 0 0 643680 643596 644899 644013 0 0 643770 0 0 0 643299 0 0 0 0 0 0 644720 0 0 643602 643395 0 643410 643179 0 
0 0 0 643755 0 0 643839 643771 0 643881 0 0 0 643809 643887 0 0 0 0 0 0 643953 0 0 0 0 643995 643989 0 643843 0 0 0 643811 0 0 0 0 0 643849 0 0 0 0 643935 0 0 0 643931 643795 0 0 643821 0 0 0 0 0 0 0 643663 0 0 0 0 0 0 0 0 0 0 0 0 0 0 0 0 0 0 0 0 0 0 0 644005 643627 0 0 0 0 0 0 0 0 0 0 0 0 0 0 0 0 644414 0 0 644577 0 0 0 0 0 0 0 0 0 0 0 0 0 0 0 0 0 0 0 0 0 0 
644360 644268 644462 644412 644444 644460 644460 644440 644548 644514 644528 644174 644148 644478 644544 644568 644552 644546 644464 644594 644604 644562 644086 644092 644434 644620 644628 644610 644652 644524 644646 644658 644666 644504 644706 644708 644714 644734 644742 644554 644770 644764 644758 644574 644616 644786 644780 644432 644624 644524 644642 644576 644550 644866 644540 644916 644896 644904 644898 644430 644440 644948 644942 644966 644954 644960 644962 644952 644504 644494 644996 644462 644600 645050 645030 645064 645036 645048 644860 644850 644800 644744 644672 644592 644530 644428 644500 645052 644970 644938 644876 644866 644684 644556 644490 644514 644508 644472 645098 645112 645096 645096 644950 644894 644522 645124 645144 645092 645010 645030 644890 644690 644696 644640 644610 645126 644960 644658 644550 644448 645064 645096 644898 644760 644754 644770 644616 644556 
643783 643691 643885 643835 643867 643883 643883 643863 643971 643937 643951 643597 643571 643901 643967 643991 643975 643969 643887 644017 644027 643985 643509 643515 643857 644010 644038 644033 644075 643938 644023 644081 644089 643916 644113 644102 644129 644151 644154 643929 644157 644166 644163 643939 643984 644165 644180 643832 643976 643890 643973 643916 643903 644230 643886 644255 644245 644249 644246 643795 643800 644271 644268 644280 644274 644277 644278 644273 643832 643827 644295 643799 643858 644282 644312 644323 644315 644321 644235 644230 644205 644164 644116 644048 643998 643770 643800 644335 644290 644274 644243 644238 644128 644036 643982 644006 644000 643778 644306 644299 644281 644331 644280 644252 643767 644317 644307 644341 644310 644320 644250 644146 644152 644108 644090 644328 644285 644134 644054 643678 644307 644315 644254 644185 644182 644190 644108 644060 
0 644328 644522 644472 644504 644520 644520 644500 0 644574 644588 0 0 644538 644604 0 644612 644606 0 644654 0 644622 0 0 0 644680 644688 644670 0 644584 0 0 0 644564 0 0 0 0 0 644614 644830 644824 0 644634 644676 644846 644840 644492 644678 644584 644640 644606 644606 644926 0 0 644956 0 0 644490 644500 0 0 0 0 0 0 645012 644490 644500 0 644484 644490 0 0 0 0 0 0 645016 0 644910 0 0 644696 644462 644446 0 645126 0 0 645032 0 0 0 0 0 0 645000 0 0 0 645116 645060 644356 645022 0 0 645144 0 0 0 644862 0 0 0 0 0 0 644298 0 0 645064 644926 0 644936 644782 0 
644338 644246 644440 644390 644422 644438 644438 644418 644526 644492 644506 644152 644126 644456 644522 644546 644530 644524 644442 644572 644582 644540 644064 644070 644412 644598 644606 644588 644630 644502 644624 644636 644644 644482 644684 644686 644692 644712 644720 644532 644748 644742 644736 644552 644594 644764 644758 644410 644602 644502 644620 644554 644528 644844 644518 644894 644874 644882 644876 644408 644418 644926 644920 644944 644932 644938 644940 644930 644482 644472 644974 644440 644508 644970 645008 645042 645014 645026 645006 644996 644948 644892 644820 644740 644678 644406 644464 645054 645044 645060 645022 645012 644832 644704 644638 644662 644656 644442 645018 645004 644968 645066 645072 645040 644374 645040 645020 645114 645132 645104 645038 644838 644844 644788 644758 645062 645106 644806 644698 644316 645148 645116 645046 644908 644902 644918 644764 644704 
642789 642743 642840 642815 642831 642839 642839 642829 642883 642866 642873 642696 642683 642848 642881 642893 642885 642882 642841 642906 642911 642890 642652 642655 642826 642919 642923 642914 642935 642871 642932 642938 642942 642861 642962 642963 642966 642976 642980 642886 642994 642991 642988 642884 642911 643002 642999 642825 642883 642861 642850 642835 642848 643042 642829 643067 643057 643061 643058 642812 642807 643057 643060 643092 643086 643089 643074 643079 642775 642780 643033 642772 642775 643006 643040 643047 643085 643079 643135 643130 643119 643091 643055 643015 642984 642765 642753 643089 643142 643150 643143 643138 643061 642997 642964 642976 642973 642743 643030 643023 643005 643055 643152 643152 642708 643041 643031 643081 643122 643112 643164 643064 643067 643039 643024 643052 643147 643048 642994 642679 643095 643079 643144 643099 643096 643104 643027 642997 
643984 643892 644086 644036 644068 644084 644084 644064 644143 644138 644152 643798 643772 644084 644129 644165 644157 644170 644065 644190 644219 644186 643710 643716 644026 644099 644167 644198 644243 644075 644086 644246 644262 644049 644236 644199 644268 644294 644336 643988 644240 644279 644282 643978 644029 644232 644367 643941 643989 643931 643944 643905 643918 644372 643887 644347 644357 644389 644392 643834 643829 644331 644334 644394 644400 644397 644360 644365 643797 643802 644307 643782 643821 644280 644326 644345 644383 644377 644495 644500 644525 644529 644541 644500 644450 643763 643763 644387 644440 644456 644487 644492 644547 644488 644434 644458 644452 643741 644328 644321 644291 644353 644450 644478 643730 644339 644329 644379 644420 644410 644480 644558 644561 644533 644518 644350 644445 644532 644488 643641 644393 644377 644476 644529 644532 644524 644521 644491 
0 644245 644439 644389 644421 644437 644437 644417 0 644491 644505 0 0 644455 644521 0 644529 644523 0 644571 0 644539 0 0 0 644545 644593 644587 0 644497 0 0 0 644473 0 0 0 0 0 644449 644689 644713 0 644437 644491 644689 644757 644377 644435 644391 644369 644339 644365 644809 0 0 644809 0 0 644293 644283 0 0 0 0 0 0 644827 644219 644229 0 644213 644219 0 0 0 0 0 0 645001 0 645009 0 0 644963 644199 644175 0 644953 0 0 645001 0 0 0 0 0 0 644729 0 0 0 644973 645001 644085 644751 0 0 644913 0 0 0 645105 0 0 0 0 0 0 644027 0 0 645025 645121 0 645121 645053 0 
644446 644354 644548 644498 644530 644546 644546 644526 644612 644600 644614 644260 644234 644564 644572 644636 644636 644632 644540 644660 644690 644648 644172 644178 644490 644496 644584 644650 644704 644496 644470 644698 644732 644468 644650 644600 644690 644718 644804 644370 644634 644688 644694 644350 644404 644618 644816 644348 644348 644304 644282 644252 644278 644778 644240 644728 644748 644788 644794 644206 644196 644696 644702 644774 644786 644780 644730 644740 644132 644142 644648 644126 644132 644594 644662 644676 644752 644740 644976 644986 645036 645092 645140 645086 645048 644112 644088 644760 644866 644898 644960 644970 645140 645080 645014 645038 645032 644068 644642 644628 644592 644692 644886 644942 643998 644664 644644 644744 644826 644806 644946 645122 645116 645140 645122 644686 644876 645088 645074 643940 644772 644740 644938 645052 645058 645042 645082 645074 
644411 644319 644513 644463 644495 644511 644511 644491 644595 644565 644579 644225 644199 644529 644555 644619 644603 644597 644515 644643 644655 644613 644137 644143 644473 644479 644567 644633 644687 644479 644453 644681 644715 644451 644633 644583 644673 644701 644787 644353 644617 644671 644677 644333 644387 644601 644799 644331 644331 644287 644265 644235 644261 644761 644223 644711 644731 644771 644777 644189 644179 644679 644685 644757 644769 644763 644713 644723 644115 644125 644631 644109 644115 644577 644645 644659 644735 644723 644959 644969 645019 645075 645107 645075 645045 644095 644071 644743 644849 644881 644943 644953 645119 645095 645031 645055 645049 644051 644625 644611 644575 644675 644869 644925 643981 644647 644627 644727 644809 644789 644929 645129 645123 645155 645149 644669 644859 645121 645091 643923 644755 644723 644921 645059 645065 645049 645117 645097 
644145 644053 644247 644197 644229 644245 644245 644225 644333 644299 644313 643959 643933 644263 644329 644353 644337 644331 644249 644379 644389 644347 643871 643877 644219 644405 644413 644395 644437 644309 644431 644443 644451 644289 644491 644493 644499 644519 644527 644339 644555 644549 644543 644359 644401 644571 644565 644217 644409 644309 644427 644361 644335 644651 644325 644701 644681 644689 644683 644215 644225 644733 644727 644751 644739 644745 644747 644737 644289 644279 644781 644247 644349 644808 644815 644849 644815 644827 644652 644642 644592 644536 644464 644384 644322 644213 644281 644843 644762 644730 644668 644658 644476 644348 644282 644306 644300 644257 644856 644849 644819 644875 644742 644686 644258 644873 644863 644884 644802 644822 644682 644482 644488 644432 644402 644884 644752 644450 644342 644169 644840 644864 644690 644552 644546 644562 644408 644348 
644326 644234 644428 644378 644410 644426 644426 644406 644514 644480 644494 644140 644114 644444 644510 644534 644518 644512 644430 644560 644570 644528 644052 644058 644400 644586 644594 644576 644618 644490 644612 644624 644632 644470 644672 644674 644680 644700 644708 644520 644736 644730 644724 644540 644582 644752 644746 644398 644572 644490 644548 644500 644500 644832 644476 644882 644862 644870 644864 644396 644404 644908 644908 644932 644920 644926 644928 644918 644404 644404 644908 644380 644452 644908 644932 644956 644980 644980 645018 645008 644982 644930 644858 644778 644716 644356 644380 645004 645032 645048 645034 645024 644870 644742 644676 644700 644694 644356 644956 644956 644930 644980 645060 645052 644336 644980 644980 645028 645076 645052 645072 644876 644882 644826 644796 645004 645100 644844 644736 644278 645076 645052 645080 644946 644940 644956 644802 644742 
644345 644253 644447 644397 644429 644445 644445 644425 644533 644499 644513 644159 644133 644463 644529 644553 644537 644531 644449 644579 644589 644547 644071 644077 644419 644515 644601 644595 644637 644505 644489 644643 644651 644481 644669 644619 644697 644719 644727 644389 644653 644707 644713 644369 644423 644637 644765 644367 644367 644323 644301 644271 644297 644797 644259 644747 644767 644807 644813 644225 644215 644715 644721 644793 644805 644799 644749 644759 644151 644161 644667 644145 644151 644613 644681 644695 644771 644759 644995 645005 645025 645017 645041 645009 644995 644131 644107 644779 644885 644917 644979 644989 645053 645045 644995 645019 645013 644087 644661 644647 644611 644711 644905 644961 644017 644683 644663 644763 644845 644825 644965 645107 645113 645105 645099 644705 644895 645147 645055 643959 644791 644759 644957 645095 645101 645085 645121 645061 
644403 644311 644505 644455 644487 644503 644503 644471 644519 644543 644571 644217 644191 644471 644477 644543 644543 644589 644447 644567 644615 644591 644129 644135 644395 644401 644489 644555 644609 644401 644375 644603 644639 644373 644555 644505 644595 644623 644711 644275 644539 644593 644599 644255 644309 644523 644721 644253 644253 644209 644187 644157 644183 644683 644145 644633 644653 644693 644699 644111 644101 644601 644607 644679 644691 644685 644635 644645 644037 644047 644553 644031 644037 644499 644567 644581 644657 644645 644881 644891 644941 644997 645047 645067 645053 644017 643993 644665 644771 644803 644865 644875 645047 645095 645061 645085 645079 643973 644547 644533 644497 644597 644791 644847 643903 644569 644549 644649 644731 644711 644851 645051 645045 645095 645095 644591 644781 645059 645095 643845 644677 644645 644843 644981 644987 644971 645077 645095 
0 642759 642930 642915 642843 642867 642807 643017 0 642948 642789 0 0 643074 643113 0 643005 642876 0 643008 0 642900 0 0 0 643227 643119 643032 0 643203 0 0 0 643233 0 0 0 0 0 643368 643092 643023 0 643398 643341 643116 642867 643365 643413 643443 643500 643521 643482 642936 0 0 642981 0 0 643542 643557 0 0 0 0 0 0 643005 643653 643638 0 643650 643659 0 0 0 0 0 0 642713 0 642554 0 0 642233 643659 643707 0 642876 0 0 642737 0 0 0 0 0 0 643152 0 0 0 642858 642779 643672 643129 0 0 642948 0 0 0 642482 0 0 0 0 0 0 643808 0 0 642785 642578 0 642593 642362 0 
643172 643104 643274 643236 643244 643260 643248 643276 643334 643314 643292 643034 643020 643299 643332 643344 643336 643322 643292 643357 643362 643338 642970 642976 643277 643370 643374 643365 643386 643322 643383 643389 643393 643312 643413 643414 643417 643427 643431 643337 643445 643442 643439 643347 643368 643453 643450 643276 643372 643322 643381 643348 643335 643493 643330 643518 643508 643512 643509 643275 643280 643534 643531 643543 643537 643540 643541 643536 643312 643307 643558 643291 643358 643585 643575 643592 643578 643584 643586 643581 643550 643510 643450 643386 643324 643274 643310 643598 643593 643601 643594 643589 643456 643350 643284 643308 643302 643296 643609 643606 643588 643608 643607 643603 643291 643622 643614 643630 643637 643623 643595 643447 643450 643410 643383 643635 643636 643407 643329 643262 643664 643656 643587 643482 643479 643487 643374 643332 
644342 644250 644444 644394 644426 644442 644442 644422 644530 644496 644510 644156 644130 644460 644526 644550 644534 644528 644446 644576 644586 644544 644068 644074 644416 644602 644610 644592 644634 644506 644628 644640 644648 644486 644688 644690 644696 644716 644724 644536 644752 644746 644740 644556 644598 644768 644762 644414 644606 644506 644624 644558 644532 644848 644522 644898 644878 644886 644880 644412 644422 644930 644924 644948 644936 644942 644944 644934 644486 644476 644978 644444 644582 645032 645012 645046 645018 645030 644916 644906 644856 644800 644728 644648 644586 644410 644482 645058 645002 644994 644932 644922 644740 644612 644546 644570 644564 644454 645080 645090 645060 645078 645006 644950 644466 645106 645112 645100 645066 645062 644946 644746 644752 644696 644666 645132 645016 644714 644606 644408 645120 645128 644954 644816 644810 644826 644672 644612 
0 0 0 644026 644074 644098 644098 644068 0 644179 644200 0 0 644125 644224 0 644236 644227 0 644299 0 644251 0 0 0 0 644350 644323 0 644194 0 0 0 644164 0 0 0 0 0 644239 0 0 0 644269 644332 0 0 0 644288 644194 644189 0 644183 0 0 0 0 0 0 0 644060 0 0 0 0 0 0 0 0 0 0 0 0 0 0 0 0 0 0 0 0 0 0 0 644635 643934 0 0 0 0 0 0 0 0 0 0 0 0 644729 0 0 0 645049 645037 0 644762 0 0 0 0 0 0 0 0 0 0 0 0 0 0 0 0 645147 0 0 0 0 0 
0 643402 643640 643578 643634 643650 643662 643594 0 643704 643754 0 0 643632 643710 0 643742 643760 0 643796 0 643776 0 0 0 643786 643818 643812 0 643666 0 0 0 643634 0 0 0 0 0 643646 644006 644014 0 643646 643718 644006 644066 643514 643682 643574 643646 643574 643574 644164 0 0 644186 0 0 643430 643430 0 0 0 0 0 0 644222 643430 643430 0 643394 643502 0 0 0 0 0 0 644409 0 644375 0 0 644249 643358 643394 0 644402 0 0 644425 0 0 0 0 0 0 644258 0 0 0 644426 644447 643407 644294 0 0 644426 0 0 0 644413 0 0 0 0 0 0 643250 0 0 644471 644477 0 644485 644320 0 
644341 644249 644443 644393 644425 644441 644441 644421 644529 644495 644509 644155 644129 644459 644525 644549 644533 644527 644445 644575 644585 644543 644067 644073 644415 644601 644609 644591 644633 644505 644603 644639 644647 644485 644687 644689 644695 644715 644723 644503 644751 644745 644739 644483 644537 644751 644761 644413 644481 644437 644415 644385 644411 644847 644373 644861 644877 644885 644879 644339 644329 644829 644835 644907 644919 644913 644863 644873 644265 644275 644781 644259 644265 644727 644795 644809 644885 644873 645033 645023 645021 645013 645037 644983 644921 644245 644221 644893 644999 645031 645049 645039 645049 644947 644881 644905 644899 644201 644775 644761 644725 644825 645019 645067 644131 644797 644777 644877 644959 644939 645079 645081 645087 645031 645001 644819 645009 645049 644941 644073 644905 644873 645071 645151 645145 645161 645007 644947 
0 644183 644377 644327 644359 644375 644375 644355 0 644429 644443 0 0 644393 644459 0 644467 644461 0 644509 0 644477 0 0 0 644535 644543 644525 0 644439 0 0 0 644419 0 0 0 0 0 644469 644685 644679 0 644467 644521 644701 644695 644347 644465 644421 644399 644369 644395 644781 0 0 644811 0 0 644323 644313 0 0 0 0 0 0 644857 644249 644259 0 644243 644249 0 0 0 0 0 0 644957 0 644947 0 0 644923 644229 644205 0 644979 0 0 644973 0 0 0 0 0 0 644759 0 0 0 645003 645001 644115 644781 0 0 644943 0 0 0 645043 0 0 0 0 0 0 644057 0 0 645055 645107 0 645117 645023 0 
0 644235 644429 644379 644411 644427 644427 644407 0 644481 644495 0 0 644445 644511 0 644519 644513 0 644561 0 644529 0 0 0 644449 644537 644577 0 644449 0 0 0 644421 0 0 0 0 0 644323 644587 644641 0 644303 644357 644571 644747 644301 644301 644257 644235 644205 644231 644731 0 0 644701 0 0 644159 644149 0 0 0 0 0 0 644693 644085 644095 0 644079 644085 0 0 0 0 0 0 644939 0 644999 0 0 644977 644065 644041 0 644819 0 0 644923 0 0 0 0 0 0 644595 0 0 0 644839 644895 643951 644617 0 0 644779 0 0 0 645091 0 0 0 0 0 0 643893 0 0 644891 645029 0 645019 645157 0 
644348 644256 644450 644400 644432 644448 644448 644428 644514 644502 644516 644162 644136 644466 644488 644538 644538 644534 644442 644562 644592 644550 644074 644080 644394 644412 644500 644562 644610 644412 644386 644610 644634 644384 644566 644516 644606 644634 644706 644286 644550 644604 644610 644266 644320 644534 644730 644264 644264 644220 644198 644168 644194 644694 644156 644644 644664 644704 644710 644122 644112 644612 644618 644690 644702 644696 644646 644656 644048 644058 644564 644042 644048 644510 644578 644592 644668 644656 644892 644902 644952 644994 645042 645012 644998 644028 644004 644676 644782 644814 644876 644886 645042 645072 645054 645078 645072 643984 644558 644544 644508 644608 644802 644858 643914 644580 644560 644660 644742 644722 644862 645062 645056 645090 645114 644602 644792 645094 645140 643856 644688 644656 644854 644992 644998 644982 645136 645140 
