640803 640779 640806 640812 640825 640786 640760 640746 640761 640780 640764 640805 640804 640755 640750 640749 640766 640794 640759 640723 640736 640737 640734 640718 640738 640762 640781 640718 640732 640729 640710 640780 640733 640694 640700 640703 640702 640727 640751 640736 640730 640676 640750 640758 640717 640681 640667 640673 640659 640667 640674 640679 640708 640740 640731 640723 640668 640665 640660 640665 640657 640648 640659 640662 640654 640692 640630 640627 640632 640647 640643 640676 640696 640622 640607 640637 640634 640629 640639 640697 640601 640573 640609 640612 640623 640626 640630 640619 640633 640681 640666 640674 640670 640597 640601 640593 640559 640556 640575 640606 640585 640597 640592 640601 640598 640593 640591 640594 640588 640590 640598 640625 640645 640653 640568 640570 640582 640585 640593 640576 640580 640577 640641 640627 640649 640641 640637 640564 
0 641879 641803 641783 0 0 641855 0 0 641903 641907 641807 0 0 0 0 641903 0 641757 641733 641759 641809 0 641847 0 0 0 641771 0 641841 0 0 641657 0 0 0 0 0 0 0 0 0 0 0 641597 641745 0 0 0 0 0 0 0 641759 0 0 641721 0 641745 0 0 0 0 0 0 0 0 0 0 0 0 0 0 0 0 0 0 0 0 0 641619 0 0 0 0 0 641769 0 0 641759 0 0 0 0 641619 0 0 0 0 641625 0 0 0 0 0 0 0 0 0 0 0 0 0 0 0 0 0 0 0 0 0 0 641735 0 0 0 0 0 
0 0 640541 0 0 0 640541 0 0 0 0 0 0 0 0 0 0 0 640524 0 0 0 0 640531 0 0 0 0 0 0 0 0 640486 0 0 0 0 0 0 0 0 0 0 0 640468 0 0 0 0 0 0 0 0 0 0 0 0 0 0 0 0 0 0 0 0 0 0 0 0 0 0 0 0 0 0 0 0 0 0 0 640534 0 0 0 0 0 640457 0 0 0 0 0 0 0 0 0 0 0 0 0 0 0 0 0 0 0 0 0 0 0 0 0 0 0 0 0 0 0 0 0 0 0 0 0 0 0 0 0 
0 642766 642838 642844 0 0 642762 0 0 642742 642718 642838 0 0 0 0 642742 0 642760 642688 642714 642716 0 642678 0 0 0 642678 0 642646 0 0 642708 0 0 0 0 0 0 0 0 0 0 0 642678 642550 0 0 0 0 0 0 0 642822 0 0 642526 0 642550 0 0 0 0 0 0 0 0 0 0 0 0 0 0 0 0 0 0 0 0 0 642444 0 0 0 0 0 642574 0 0 642822 0 0 0 0 642430 0 0 0 0 642430 0 0 0 0 0 0 0 0 0 0 0 0 0 0 0 0 0 0 0 0 0 0 642798 0 0 0 0 0 
0 644688 644742 644774 644798 644702 644650 0 644662 644683 644655 644766 644804 644640 644630 644628 644679 644738 644648 644576 644602 644604 0 644566 644627 644711 0 644566 644587 644592 644611 644798 644596 644547 644577 644592 644603 644676 0 644622 0 644482 644772 644780 644584 644488 644508 0 0 644520 0 644568 644669 644757 644753 644745 644463 644470 644477 644494 644486 644501 644524 0 644531 644641 644390 644384 644391 644464 644496 644625 644701 644369 644342 644396 644451 0 644456 644714 644332 644300 644352 644347 0 0 644459 0 644582 644698 644688 644696 644687 644324 644332 644316 644294 0 644320 644363 0 644378 644373 0 644463 0 0 0 0 0 644499 644574 644638 644634 644290 644315 0 0 644350 644369 0 644466 644663 644632 644666 644658 644630 644258 
0 644507 644507 644507 0 644507 644507 0 0 644507 644507 644507 644507 0 0 644507 644507 0 644495 644471 644484 644497 0 644502 0 644507 0 644478 0 644507 644507 644507 644457 0 0 644507 644507 644507 0 644458 0 0 644496 644496 644439 644507 0 0 0 644507 0 0 644507 644507 644507 644507 644507 0 644507 644507 0 0 0 0 0 644507 0 0 0 644507 644507 644507 644472 0 0 644507 0 0 0 644484 644505 0 0 0 0 0 644507 0 644507 644507 644496 644496 0 0 644507 644507 0 0 0 644507 0 0 0 0 0 0 0 0 0 0 644507 644507 644460 644448 0 644507 0 0 644507 644507 0 0 644507 644472 644484 0 644460 0 
0 0 642483 0 0 0 642483 0 0 0 0 0 0 0 0 0 0 0 642451 0 0 0 0 642465 0 0 0 0 0 0 0 0 642375 0 0 0 0 0 0 0 0 0 0 0 642339 0 0 0 0 0 0 0 0 0 0 0 0 0 0 0 0 0 0 0 0 0 0 0 0 0 0 0 0 0 0 0 0 0 0 0 642267 0 0 0 0 0 642375 0 0 0 0 0 0 0 0 0 0 0 0 0 0 0 0 0 0 0 0 0 0 0 0 0 0 0 0 0 0 0 0 0 0 0 0 0 0 0 0 0 
643433 643445 643409 643397 643397 643420 643442 643469 643463 643457 643469 643387 643385 643437 643432 643469 643444 643390 643393 643381 643394 643419 643416 643448 643452 643368 643349 643400 643469 643467 643412 643348 643343 643444 643426 643417 643404 643333 643347 643332 643340 643469 643318 643326 643313 643469 643429 643411 643409 643417 643388 643393 643290 643308 643299 643291 643469 643463 643446 643439 643431 643398 643397 643400 643380 643298 643468 643469 643469 643433 643393 643282 643264 643469 643469 643469 643420 643415 643425 643265 643451 643469 643467 643469 643469 643424 643404 643345 643239 643249 643234 643242 643238 643459 643469 643467 643469 643469 643457 643452 643443 643419 643414 643399 643336 643331 643317 643320 643302 643292 643300 643231 643213 643221 643469 643452 643428 643431 643439 643386 643306 643291 643209 643195 643217 643209 643205 643450 
0 642814 642755 642755 642774 642743 642761 0 642860 642839 642847 642798 642753 642746 642731 642824 642855 642701 642662 642602 642641 642692 0 642731 642863 642779 0 642635 642827 642832 642823 642735 642536 642819 642825 642828 642815 642744 0 642527 0 642771 642729 642733 642470 642776 642792 0 0 642792 0 642804 642701 642719 642710 642702 642763 642776 642785 642790 642782 642773 642784 0 642779 642709 642695 642722 642727 642772 642768 642693 642675 642717 642702 642732 642759 0 642764 642676 642632 642680 642712 642707 0 0 642755 0 642650 642660 642645 642653 642649 642644 642680 642656 642678 0 642710 642731 0 642722 642717 0 642723 0 0 0 0 0 642711 642642 642624 642632 642665 642707 0 0 642718 642701 0 642702 642620 642606 642628 642620 642616 642593 
0 0 644460 0 0 0 644535 0 0 644703 0 644602 0 0 0 0 644743 0 644333 0 0 0 0 644463 0 0 0 644325 0 644677 0 0 644095 0 0 0 0 0 0 0 0 0 0 0 643957 0 0 0 0 0 0 0 0 644345 0 0 0 0 0 0 0 0 0 0 0 0 0 0 0 0 0 0 0 0 0 0 0 0 0 0 644007 0 0 0 0 0 644397 0 0 644050 0 0 0 0 0 0 0 0 0 0 0 0 0 0 0 0 0 0 0 0 0 0 0 0 0 0 0 0 0 0 0 0 643862 0 0 0 0 0 
0 641879 641795 641779 0 0 641847 0 0 641903 641925 641807 0 0 0 0 641903 0 641749 641725 641751 641801 0 641857 0 0 0 641763 0 641861 0 0 641649 0 0 0 0 0 0 0 0 0 0 0 641589 641765 0 0 0 0 0 0 0 641759 0 0 641741 0 641765 0 0 0 0 0 0 0 0 0 0 0 0 0 0 0 0 0 0 0 0 0 641631 0 0 0 0 0 641789 0 0 641759 0 0 0 0 641631 0 0 0 0 641645 0 0 0 0 0 0 0 0 0 0 0 0 0 0 0 0 0 0 0 0 0 0 641735 0 0 0 0 0 
0 0 644582 0 0 0 644480 0 0 644580 0 644811 0 0 0 0 644660 0 644412 0 0 0 0 644270 0 0 0 644270 0 644365 0 0 644217 0 0 0 0 0 0 0 0 0 0 0 644107 0 0 0 0 0 0 0 0 644708 0 0 0 0 0 0 0 0 0 0 0 0 0 0 0 0 0 0 0 0 0 0 0 0 0 0 643685 0 0 0 0 0 644282 0 0 644413 0 0 0 0 0 0 0 0 0 0 0 0 0 0 0 0 0 0 0 0 0 0 0 0 0 0 0 0 0 0 0 0 644225 0 0 0 0 0 
0 642746 642818 642842 0 642782 642730 0 0 642722 642698 642818 642862 0 0 642698 642722 0 642728 642656 642682 642684 0 642646 0 642794 0 642646 0 642626 642698 642808 642676 0 0 642674 642698 642794 0 642702 0 0 642784 642784 642664 642530 0 0 0 642602 0 0 642818 642862 642808 642808 642506 0 642530 642554 0 0 0 0 0 642794 0 0 0 642530 642602 642794 642736 0 0 642434 0 0 0 642760 642412 0 0 0 0 0 642554 0 642794 642862 642784 642784 0 0 642410 642396 0 0 0 642410 0 0 0 0 0 0 0 0 0 0 642698 642794 642712 642688 0 642362 0 0 642410 642482 0 0 642856 642736 642760 0 642712 0 
0 644336 644337 644321 644308 644357 644355 0 644266 644299 644279 644290 644305 644360 644365 644294 644283 644339 644356 644344 644357 644354 0 644311 644231 644271 0 644335 644203 644198 644215 644251 644306 644151 644181 644196 644207 644236 0 644295 0 644115 644221 644229 644276 644110 644112 0 0 644124 0 644172 644193 644211 644202 644194 644087 644074 644081 644098 644090 644105 644128 0 644135 644201 644089 644020 644015 644068 644100 644185 644150 643989 643968 644010 644055 0 644060 644163 644074 643954 643958 643963 0 0 644063 0 644142 644152 644137 644145 644136 644050 644010 644018 643920 0 643924 643967 0 643982 643977 0 644067 0 0 0 0 0 644103 644134 644087 644083 643959 643919 0 0 643954 643973 0 644070 644112 644081 644115 644107 644079 644001 
0 644311 644284 644268 644255 644304 644326 0 644271 644304 644284 644237 644252 644321 644316 644299 644288 644274 644277 644265 644278 644303 0 644290 644236 644218 0 644284 644208 644203 644220 644198 644227 644156 644186 644201 644212 644183 0 644216 0 644120 644168 644176 644197 644115 644117 0 0 644129 0 644177 644140 644158 644149 644141 644092 644079 644086 644103 644095 644110 644133 0 644140 644148 644094 644025 644020 644073 644105 644132 644114 643994 643973 644015 644060 0 644065 644115 644053 643959 643963 643968 0 0 644068 0 644089 644099 644084 644092 644088 644037 644015 644021 643925 0 643929 643972 0 643987 643982 0 644072 0 0 0 0 0 644108 644081 644051 644047 643964 643924 0 0 643959 643978 0 644075 644059 644045 644067 644059 644043 643980 
0 641849 641777 641753 0 641799 641843 0 0 641873 641893 641777 641729 0 0 641893 641873 0 641745 641721 641747 641797 0 641851 0 641801 0 641759 0 641825 641893 641657 641645 0 0 641873 641893 641801 0 641623 0 0 641633 641633 641585 641729 0 0 0 641801 0 0 641777 641729 641657 641657 641705 0 641729 641753 0 0 0 0 0 641801 0 0 0 641729 641801 641801 641585 0 0 641633 0 0 0 641609 641621 0 0 0 0 0 641753 0 641801 641729 641633 641633 0 0 641609 641605 0 0 0 641609 0 0 0 0 0 0 0 0 0 0 641893 641801 641561 641537 0 641561 0 0 641609 641681 0 0 641705 641585 641609 0 641561 0 
0 0 644551 0 0 0 644584 0 0 644728 0 644754 0 0 0 0 644799 0 644424 0 0 0 0 644454 0 0 0 644374 0 644580 0 0 644186 0 0 0 0 0 0 0 0 0 0 0 644048 0 0 0 0 0 0 0 0 644484 0 0 0 0 0 0 0 0 0 0 0 0 0 0 0 0 0 0 0 0 0 0 0 0 0 0 643900 0 0 0 0 0 644354 0 0 644189 0 0 0 0 0 0 0 0 0 0 0 0 0 0 0 0 0 0 0 0 0 0 0 0 0 0 0 0 0 0 0 0 644001 0 0 0 0 0 
0 635208 635271 635271 0 635267 635245 0 0 635157 635157 635130 635259 0 0 635202 635109 635297 635288 635252 635265 635266 0 635239 0 635025 0 635247 0 635094 634965 635169 635262 0 0 634968 634941 634920 0 635275 0 0 635103 635127 635256 635070 0 0 0 634932 0 0 634839 634977 635022 634998 635061 0 634983 634974 0 0 0 0 0 634815 0 0 0 634944 634860 634767 634989 0 0 635010 0 0 0 634968 635116 634950 0 0 0 0 634869 0 634638 634800 634851 634875 634887 0 635044 635052 0 0 0 634917 0 0 0 0 0 0 0 0 0 0 634629 634614 634860 634908 0 634845 0 0 634878 634779 0 0 634704 634782 634824 0 634836 0 
0 0 643523 0 0 0 643523 0 0 0 0 0 0 0 0 0 0 0 643509 0 0 0 0 643518 0 0 0 0 0 0 0 0 643433 0 0 0 0 0 0 0 0 0 0 0 643385 0 0 0 0 0 0 0 0 0 0 0 0 0 0 0 0 0 0 0 0 0 0 0 0 0 0 0 0 0 0 0 0 0 0 0 643521 0 0 0 0 0 643523 0 0 0 0 0 0 0 0 0 0 0 0 0 0 0 0 0 0 0 0 0 0 0 0 0 0 0 0 0 0 0 0 0 0 0 0 0 0 0 0 0 
0 641559 641519 641495 0 0 641559 0 0 641535 641511 641519 0 0 0 0 641535 0 641543 641565 641565 641559 0 641511 0 0 0 641559 0 641439 0 0 641515 0 0 0 0 0 0 0 0 0 0 0 641455 641343 0 0 0 0 0 0 0 641471 0 0 641319 0 641343 0 0 0 0 0 0 0 0 0 0 0 0 0 0 0 0 0 0 0 0 0 641271 0 0 0 0 0 641367 0 0 641471 0 0 0 0 641223 0 0 0 0 641223 0 0 0 0 0 0 0 0 0 0 0 0 0 0 0 0 0 0 0 0 0 0 641447 0 0 0 0 0 
0 641842 641850 641826 0 0 641842 0 0 641818 641794 641850 0 0 0 0 641818 0 641872 641842 641866 641842 0 641794 0 0 0 641832 0 641722 0 0 641798 0 0 0 0 0 0 0 0 0 0 0 641738 641626 0 0 0 0 0 0 0 641802 0 0 641602 0 641626 0 0 0 0 0 0 0 0 0 0 0 0 0 0 0 0 0 0 0 0 0 641554 0 0 0 0 0 641650 0 0 641802 0 0 0 0 641506 0 0 0 0 641506 0 0 0 0 0 0 0 0 0 0 0 0 0 0 0 0 0 0 0 0 0 0 641778 0 0 0 0 0 
0 641750 641678 641654 0 0 641750 0 0 641756 641734 641678 0 0 0 0 641756 0 641702 641698 641724 641750 0 641734 0 0 0 641736 0 641662 0 0 641622 0 0 0 0 0 0 0 0 0 0 0 641562 641566 0 0 0 0 0 0 0 641630 0 0 641542 0 641566 0 0 0 0 0 0 0 0 0 0 0 0 0 0 0 0 0 0 0 0 0 641494 0 0 0 0 0 641590 0 0 641630 0 0 0 0 641446 0 0 0 0 641446 0 0 0 0 0 0 0 0 0 0 0 0 0 0 0 0 0 0 0 0 0 0 641606 0 0 0 0 0 
643655 643667 643652 643636 643623 643672 643686 643664 643645 643654 643658 643605 643620 643691 643696 643673 643638 643654 643688 643700 643700 643700 643700 643700 643634 643586 643567 643700 643654 643649 643594 643566 643669 643626 643608 643599 643586 643551 643664 643658 643666 643662 643536 643544 643639 643657 643611 643593 643591 643599 643570 643575 643508 643526 643517 643509 643658 643645 643628 643621 643613 643580 643579 643582 643562 643516 643684 643663 643658 643615 643575 643500 643482 643656 643659 643653 643602 643597 643607 643483 643700 643669 643649 643654 643651 643606 643586 643527 643457 643467 643452 643460 643456 643693 643677 643685 643659 643662 643639 643634 643625 643601 643596 643581 643518 643513 643499 643502 643484 643474 643482 643449 643431 643439 643674 643634 643610 643613 643621 643568 643488 643473 643427 643413 643435 643427 643423 643700 
0 0 0 0 0 0 0 0 0 0 0 0 0 0 0 0 0 0 0 0 0 0 0 641293 0 0 0 0 0 0 0 0 0 0 0 0 0 0 0 0 0 0 0 0 0 0 0 0 0 0 0 0 0 0 0 0 0 0 0 0 0 0 0 0 0 0 0 0 0 0 0 0 0 0 0 0 0 0 0 0 0 0 0 0 0 0 641155 0 0 0 0 0 0 0 0 0 0 0 0 0 0 0 0 0 0 0 0 0 0 0 0 0 0 0 0 0 0 0 0 0 0 0 0 0 0 0 0 0 
0 645037 644947 644931 644957 644955 644999 0 645103 645085 645077 645041 644915 644989 644979 645047 645117 644895 644901 644877 644903 644953 0 644985 645125 645023 0 644915 645057 645067 645085 644879 644801 645089 645109 645095 645069 644953 0 644779 0 644945 644891 644875 644741 644955 645043 0 0 645043 0 645047 644867 644903 644885 644869 644929 644955 645013 645039 645023 645005 645027 0 645017 644883 644853 644847 644857 645003 644995 644851 644815 644837 644807 644867 644977 0 644987 644817 644795 644763 644827 644817 0 0 644969 0 644765 644785 644755 644771 644763 644787 644795 644779 644759 0 644823 644881 0 644903 644893 0 644905 0 0 0 0 0 644861 644749 644713 644729 644753 644833 0 0 644895 644861 0 644843 644705 644677 644721 644705 644697 644721 
0 644802 644775 644757 0 644769 644745 0 0 644805 644757 644916 644733 0 0 644712 644853 0 644688 644623 644662 644676 0 644619 0 645027 0 644619 0 644676 644949 644679 644556 0 0 644898 644973 645072 0 644529 0 0 644697 644673 644472 644508 0 0 0 644790 0 0 644966 645006 644826 644850 644469 0 644595 644652 0 0 0 0 0 644972 0 0 0 644634 644856 644924 644715 0 0 644376 0 0 0 644784 644268 0 0 0 0 0 644757 0 644795 644849 644804 644828 0 0 644268 644244 0 0 0 644397 0 0 0 0 0 0 0 0 0 0 644744 644771 644736 644700 0 644325 0 0 644436 644668 0 0 644729 644687 644753 0 644717 0 
645066 645042 645069 645085 645098 645049 645023 645009 645040 645043 645027 645116 645101 645018 645013 645012 645059 645067 645022 644986 644999 645000 644997 644981 645039 645081 645154 644981 644995 645000 645029 645155 644996 645011 645019 645022 645021 645046 645024 645009 644993 644939 645161 645153 644990 644944 644986 644992 644978 644986 644993 644998 645027 645093 645156 645148 644931 644944 644973 644984 644976 644967 644978 644981 644973 645011 644893 644890 644895 644966 644962 644995 645121 644885 644870 644900 644953 644948 644958 645122 644864 644848 644880 644875 644890 644945 644949 644938 644952 645034 645091 645099 645095 644860 644864 644856 644846 644843 644878 644907 644904 644916 644911 644920 644917 644912 644910 644913 644907 644909 644917 644944 645070 645078 644843 644883 644901 644904 644912 644895 644899 644896 645018 645052 645074 645066 645062 644827 
0 0 641516 0 0 0 641588 0 0 641594 0 641516 0 0 0 0 641594 0 641540 0 0 0 0 641570 0 0 0 641588 0 641498 0 0 641512 0 0 0 0 0 0 0 0 0 0 0 641452 0 0 0 0 0 0 0 0 641468 0 0 0 0 0 0 0 0 0 0 0 0 0 0 0 0 0 0 0 0 0 0 0 0 0 0 641330 0 0 0 0 0 641426 0 0 641468 0 0 0 0 0 0 0 0 0 0 0 0 0 0 0 0 0 0 0 0 0 0 0 0 0 0 0 0 0 0 0 0 641444 0 0 0 0 0 
0 640819 640774 640766 640779 640778 640800 0 640851 640844 640852 640775 640758 640795 640790 640837 640832 640748 640751 640739 640752 640777 0 640806 640852 640756 0 640758 640892 640891 640800 640736 640701 640866 640838 640817 640792 640721 0 640690 0 640846 640706 640714 640671 640851 640839 0 0 640839 0 640793 640678 640696 640687 640679 640838 640837 640832 640837 640829 640820 640821 0 640792 640686 640800 640797 640802 640819 640815 640670 640652 640792 640777 640807 640806 0 640811 640653 640771 640755 640781 640782 0 0 640802 0 640627 640637 640622 640630 640626 640767 640771 640763 640753 0 640759 640778 0 640769 640764 0 640760 0 0 0 0 0 640688 640619 640601 640609 640750 640754 0 0 640765 640748 0 640691 640597 640583 640605 640597 640593 640734 
0 0 644283 0 0 0 644384 0 0 644544 0 644332 0 0 0 0 644542 0 644163 0 0 0 0 644390 0 0 0 644174 0 644692 0 0 643925 0 0 0 0 0 0 0 0 0 0 0 643787 0 0 0 0 0 0 0 0 644071 0 0 0 0 0 0 0 0 0 0 0 0 0 0 0 0 0 0 0 0 0 0 0 0 0 0 644198 0 0 0 0 0 644476 0 0 643796 0 0 0 0 0 0 0 0 0 0 0 0 0 0 0 0 0 0 0 0 0 0 0 0 0 0 0 0 0 0 0 0 643608 0 0 0 0 0 
0 644912 644822 644806 0 644830 644874 0 0 644962 644966 644916 644790 0 0 644936 644994 0 644776 644752 644778 644828 0 644874 0 644966 0 644790 0 644953 645050 644754 644676 0 0 645050 645050 644961 0 644654 0 0 644766 644750 644616 644841 0 0 0 644995 0 0 644906 644894 644822 644822 644815 0 644899 644937 0 0 0 0 0 644926 0 0 0 644923 644995 644906 644750 0 0 644753 0 0 0 644774 644681 0 0 0 0 0 644947 0 644820 644840 644778 644786 0 0 644681 644665 0 0 0 644767 0 0 0 0 0 0 0 0 0 0 644930 644804 644721 644702 0 644719 0 0 644793 644875 0 0 644760 644715 644749 0 644713 0 
0 642573 642627 642659 0 642587 642535 0 0 642549 642525 642645 642691 0 0 642513 642549 0 642533 642461 642487 642489 0 642451 0 642621 0 642451 0 642453 642525 642741 642481 0 0 642501 642525 642621 0 642507 0 0 642717 642717 642469 642357 0 0 0 642429 0 0 642645 642693 642741 642741 642333 0 642357 642381 0 0 0 0 0 642621 0 0 0 642357 642429 642621 642669 0 0 642261 0 0 0 642693 642217 0 0 0 0 0 642381 0 642621 642693 642717 642717 0 0 642217 642201 0 0 0 642237 0 0 0 0 0 0 0 0 0 0 642525 642621 642645 642621 0 642189 0 0 642237 642309 0 0 642717 642669 642693 0 642645 0 
0 0 640428 0 0 0 640438 0 0 0 0 0 0 0 0 0 0 0 640463 0 0 0 0 640456 0 0 0 0 0 0 0 0 640463 0 0 0 0 0 0 0 0 0 0 0 640445 0 0 0 0 0 0 0 0 0 0 0 0 0 0 0 0 0 0 0 0 0 0 0 0 0 0 0 0 0 0 0 0 0 0 0 640453 0 0 0 0 0 640338 0 0 0 0 0 0 0 0 0 0 0 0 0 0 0 0 0 0 0 0 0 0 0 0 0 0 0 0 0 0 0 0 0 0 0 0 0 0 0 0 0 
0 644724 644670 644666 644692 644666 644686 0 644792 644762 644766 644756 644662 644676 644666 644736 644794 644630 644612 644576 644602 644640 0 644674 644823 644765 0 644602 644810 644820 644809 644662 644524 644867 644847 644826 644799 644705 0 644514 0 644740 644681 644670 644476 644750 644856 0 0 644862 0 644789 644631 644691 644696 644688 644724 644750 644799 644830 644834 644835 644821 0 644775 644635 644648 644642 644652 644812 644825 644603 644661 644632 644602 644662 644799 0 644804 644662 644590 644558 644622 644612 0 0 644805 0 644517 644573 644591 644607 644611 644582 644590 644574 644554 0 644618 644673 0 644726 644721 0 644699 0 0 0 0 0 644591 644501 644585 644613 644548 644625 0 0 644686 644697 0 644585 644505 644537 644569 644553 644569 644516 
0 644739 644685 644681 644707 644681 644701 0 644807 644777 644781 644779 644677 644691 644681 644751 644809 644645 644627 644591 644617 644655 0 644689 644841 644825 0 644617 644797 644807 644871 644677 644539 644829 644887 644884 644863 644780 0 644529 0 644685 644701 644685 644491 644695 644820 0 0 644856 0 644864 644706 644766 644750 644750 644669 644695 644753 644786 644794 644841 644864 0 644850 644710 644593 644587 644597 644768 644836 644678 644713 644577 644547 644607 644781 0 644776 644724 644535 644503 644567 644557 0 0 644799 0 644592 644648 644666 644682 644686 644527 644535 644519 644499 0 644563 644621 0 644710 644713 0 644746 0 0 0 0 0 644666 644576 644660 644680 644493 644573 0 0 644642 644702 0 644660 644580 644612 644644 644628 644644 644461 
0 644926 644836 644820 0 644844 644888 0 0 644976 644992 644930 644804 0 0 644962 645008 0 644790 644766 644792 644842 0 644900 0 645016 0 644804 0 645020 645120 644768 644690 0 0 645134 645136 645000 0 644668 0 0 644780 644764 644630 644908 0 0 0 645096 0 0 644914 644950 644866 644882 644882 0 644966 645004 0 0 0 0 0 644930 0 0 0 644992 645106 644898 644792 0 0 644820 0 0 0 644838 644748 0 0 0 0 0 645074 0 644812 644832 644802 644818 0 0 644748 644732 0 0 0 644834 0 0 0 0 0 0 0 0 0 0 644934 644796 644760 644776 0 644786 0 0 644860 644972 0 0 644752 644724 644768 0 644744 0 
0 644813 644684 644660 0 644696 644756 0 0 644870 644863 644825 644636 0 0 644818 644918 0 644615 644579 644618 644687 0 644725 0 644954 0 644630 0 644807 645051 644582 644465 0 0 645029 645059 644964 0 644432 0 0 644600 644576 644375 644639 0 0 0 644921 0 0 644841 644865 644729 644747 644600 0 644726 644783 0 0 0 0 0 644865 0 0 0 644765 644943 644817 644618 0 0 644507 0 0 0 644677 644399 0 0 0 0 0 644868 0 644688 644718 644673 644697 0 0 644399 644375 0 0 0 644528 0 0 0 0 0 0 0 0 0 0 644816 644664 644604 644577 0 644456 0 0 644567 644763 0 0 644598 644556 644622 0 644586 0 
0 644764 644768 644750 0 644754 644707 0 0 644767 644719 644909 644726 0 0 644674 644815 0 644673 644594 644633 644638 0 644581 0 645012 0 644581 0 644638 644911 644672 644549 0 0 644860 644935 645101 0 644522 0 0 644690 644666 644465 644470 0 0 0 644752 0 0 645025 645008 644819 644843 644431 0 644557 644614 0 0 0 0 0 645023 0 0 0 644596 644824 644975 644708 0 0 644338 0 0 0 644777 644230 0 0 0 0 0 644719 0 644846 644908 644859 644875 0 0 644230 644206 0 0 0 644359 0 0 0 0 0 0 0 0 0 0 644772 644822 644773 644693 0 644287 0 0 644398 644664 0 0 644788 644746 644812 0 644765 0 
645084 645084 645129 645137 645124 645125 645103 645045 645038 645059 645051 645082 645123 645108 645113 645066 645043 645155 645152 645122 645135 645126 645129 645097 645015 645039 645070 645117 645011 645006 644987 645069 645132 644971 644977 644980 644979 645004 645160 645145 645129 644971 645039 645047 645126 644966 644944 644950 644936 644944 644951 644956 644985 645029 645020 645012 644955 644942 644937 644942 644934 644925 644936 644939 644931 644969 644969 644924 644919 644924 644920 644953 644985 644905 644896 644914 644911 644906 644916 644986 644974 644894 644886 644891 644900 644903 644907 644896 644910 644970 644955 644963 644959 644954 644926 644934 644872 644875 644864 644883 644862 644874 644869 644878 644875 644870 644868 644871 644865 644867 644875 644902 644934 644942 644899 644859 644859 644862 644870 644853 644857 644854 644930 644916 644938 644930 644926 644939 
0 642596 642668 642672 0 642644 642596 0 0 642572 642548 642668 642668 0 0 642548 642572 0 642644 642620 642620 642596 0 642548 0 642644 0 642596 0 642476 642548 642596 642668 0 0 642524 642548 642644 0 642672 0 0 642572 642572 642672 642380 0 0 0 642452 0 0 642668 642668 642596 642596 642356 0 642380 642404 0 0 0 0 0 642644 0 0 0 642380 642452 642644 642524 0 0 642284 0 0 0 642548 642308 0 0 0 0 0 642404 0 642644 642668 642572 642572 0 0 642260 642260 0 0 0 642260 0 0 0 0 0 0 0 0 0 0 642548 642644 642500 642476 0 642212 0 0 642260 642332 0 0 642644 642524 642548 0 642500 0 
645084 645084 645129 645113 645100 645125 645103 645045 645038 645059 645051 645082 645097 645108 645113 645066 645043 645131 645152 645148 645151 645126 645129 645097 645015 645039 645044 645143 645011 645006 644987 645043 645158 644971 644977 644980 644979 645004 645162 645147 645155 644971 645013 645021 645128 644966 644944 644950 644936 644944 644951 644956 644985 645003 644994 644986 644955 644942 644937 644942 644934 644925 644936 644939 644931 644969 644969 644924 644919 644924 644920 644953 644959 644905 644896 644914 644911 644906 644916 644960 644974 644894 644886 644891 644900 644903 644907 644896 644910 644944 644929 644937 644933 644954 644926 644934 644872 644875 644864 644883 644862 644874 644869 644878 644875 644870 644868 644871 644865 644867 644875 644902 644908 644916 644899 644859 644859 644862 644870 644853 644857 644854 644904 644890 644912 644904 644900 644939 
0 644922 644850 644826 644826 644868 644912 0 644960 644946 644970 644808 644802 644902 644892 644970 644922 644808 644814 644790 644816 644866 0 644924 644962 644770 0 644828 645042 645040 644858 644730 644714 645018 644934 644892 644842 644700 0 644692 0 645114 644670 644686 644654 645114 645012 0 0 644964 0 644844 644614 644650 644632 644616 645114 645104 645070 645056 645040 644926 644900 0 644842 644630 645106 645064 645064 645044 644916 644598 644562 645040 645016 645064 645018 0 645028 644564 645048 644992 645014 645016 0 0 644986 0 644512 644532 644502 644518 644510 645040 645040 645032 644968 0 644970 645008 0 644990 644980 0 644778 0 0 0 0 0 644634 644496 644460 644476 644992 644960 0 0 644982 644948 0 644640 644452 644424 644468 644452 644444 644974 
0 642516 642570 642602 0 642530 642478 0 0 642506 642482 642602 642634 0 0 642456 642506 0 642476 642404 642430 642432 0 642394 0 642578 0 642394 0 642410 642482 642722 642424 0 0 642458 642482 642578 0 642450 0 0 642726 642726 642412 642314 0 0 0 642386 0 0 642602 642650 642722 642722 642290 0 642314 642338 0 0 0 0 0 642578 0 0 0 642314 642386 642578 642698 0 0 642218 0 0 0 642722 642160 0 0 0 0 0 642338 0 642578 642650 642726 642726 0 0 642160 642144 0 0 0 642194 0 0 0 0 0 0 0 0 0 0 642482 642578 642674 642650 0 642146 0 0 642194 642266 0 0 642674 642698 642722 0 642674 0 
0 642524 642592 642620 0 642552 642500 0 0 642500 642476 642596 642644 0 0 642476 642500 0 642498 642426 642452 642454 0 642416 0 642572 0 642416 0 642404 642476 642714 642446 0 0 642452 642476 642572 0 642472 0 0 642708 642708 642434 642308 0 0 0 642380 0 0 642596 642644 642714 642714 642284 0 642308 642332 0 0 0 0 0 642572 0 0 0 642308 642380 642572 642660 0 0 642212 0 0 0 642684 642182 0 0 0 0 0 642332 0 642572 642644 642708 642708 0 0 642182 642166 0 0 0 642188 0 0 0 0 0 0 0 0 0 0 642476 642572 642636 642612 0 642140 0 0 642188 642260 0 0 642668 642660 642684 0 642636 0 
0 0 641255 0 0 0 641265 0 0 0 0 0 0 0 0 0 0 0 641290 0 0 0 0 641283 0 0 0 0 0 0 0 0 641328 0 0 0 0 0 0 0 0 0 0 0 641334 0 0 0 0 0 0 0 0 0 0 0 0 0 0 0 0 0 0 0 0 0 0 0 0 0 0 0 0 0 0 0 0 0 0 0 641280 0 0 0 0 0 641165 0 0 0 0 0 0 0 0 0 0 0 0 0 0 0 0 0 0 0 0 0 0 0 0 0 0 0 0 0 0 0 0 0 0 0 0 0 0 0 0 0 
0 641595 641505 641489 0 0 641557 0 0 641623 641647 641527 0 0 0 0 641623 0 641459 641435 641461 641511 0 641569 0 0 0 641473 0 641719 0 0 641359 0 0 0 0 0 0 0 0 0 0 0 641299 641795 0 0 0 0 0 0 0 641479 0 0 641787 0 641795 0 0 0 0 0 0 0 0 0 0 0 0 0 0 0 0 0 0 0 0 0 641667 0 0 0 0 0 641791 0 0 641479 0 0 0 0 641667 0 0 0 0 641691 0 0 0 0 0 0 0 0 0 0 0 0 0 0 0 0 0 0 0 0 0 0 641455 0 0 0 0 0 
0 644639 644504 644480 644519 644516 644582 0 644777 644714 644738 644645 644456 644567 644552 644693 644762 644426 644435 644399 644438 644513 0 644600 644846 644738 0 644456 644858 644873 644878 644402 644285 644978 644954 644919 644870 644661 0 644252 0 644890 644420 644396 644195 644905 645045 0 0 645027 0 644877 644532 644586 644525 644517 644890 644929 644992 645025 645049 645000 644961 0 644874 644556 644800 644839 644854 645031 644985 644508 644418 644844 644799 644869 645050 0 645047 644443 644737 644733 644829 644814 0 0 645046 0 644379 644409 644364 644388 644376 644749 644781 644757 644727 0 644823 644910 0 645013 645008 0 644778 0 0 0 0 0 644562 644355 644301 644325 644718 644838 0 0 644949 644960 0 644571 644289 644247 644313 644289 644277 644670 
645045 645045 645000 644992 645005 645004 645026 645084 645091 645070 645078 645047 644984 645021 645016 645063 645086 644974 644977 644965 644978 645003 645000 645032 645114 645090 644989 644984 645116 645121 645142 644966 644927 645132 645152 645149 645140 645069 644931 644916 644924 645060 644972 644964 644897 645065 645135 645177 645167 645159 645136 645141 645026 645044 645015 645023 645052 645065 645094 645113 645121 645156 645167 645170 645140 645034 645014 645011 645016 645107 645151 645018 644978 645006 644991 645021 645120 645125 645115 645001 644985 644969 645001 644996 645011 645104 645138 645105 644975 644985 644970 644978 644974 644981 644985 644977 644967 644964 644999 645028 645025 645085 645090 645109 645106 645101 645077 645080 645050 645028 645036 644967 644949 644957 644964 645004 645052 645049 645041 645084 645066 645039 644945 644931 644953 644945 644941 644948 
645029 645029 644984 644976 644989 644988 645010 645068 645075 645054 645062 645031 644968 645005 645000 645047 645070 644958 644961 644949 644962 644987 644984 645016 645098 645074 644973 644968 645102 645107 645126 644950 644911 645142 645136 645133 645128 645057 644915 644900 644908 645072 644956 644948 644881 645077 645147 645163 645177 645169 645124 645129 645014 645032 644999 645007 645064 645077 645106 645125 645133 645170 645157 645160 645128 645022 645026 645023 645028 645119 645165 645006 644962 645018 645003 645033 645132 645137 645127 644985 644997 644981 645013 645008 645023 645116 645154 645093 644963 644973 644958 644966 644962 644993 644997 644989 644979 644976 645011 645040 645037 645097 645102 645125 645096 645091 645065 645068 645038 645016 645024 644955 644937 644945 644976 645016 645064 645061 645053 645100 645054 645027 644933 644919 644941 644933 644929 644960 
0 644869 644779 644763 0 644787 644831 0 0 644919 644935 644873 644747 0 0 644905 644951 0 644733 644709 644735 644785 0 644843 0 644937 0 644747 0 645025 645033 644711 644633 0 0 645057 645025 644883 0 644611 0 0 644723 644707 644573 645025 0 0 0 645129 0 0 644797 644833 644793 644793 644999 0 645083 645119 0 0 0 0 0 644813 0 0 0 645109 645099 644781 644721 0 0 644937 0 0 0 644745 644865 0 0 0 0 0 645135 0 644695 644715 644685 644701 0 0 644865 644849 0 0 0 644951 0 0 0 0 0 0 0 0 0 0 644817 644679 644643 644659 0 644903 0 0 644977 645029 0 0 644635 644607 644651 0 644627 0 
645044 645044 644999 644991 645004 645003 645025 645083 645090 645069 645077 645046 644983 645020 645015 645062 645085 644973 644976 644964 644977 645002 644999 645031 645113 645089 644988 644983 645071 645076 645141 644965 644926 645087 645129 645148 645149 645114 644930 644915 644923 645015 644971 644963 644896 645020 645090 645132 645122 645114 645177 645172 645071 645077 645014 645022 645007 645020 645049 645068 645076 645133 645146 645143 645163 645079 644969 644966 644971 645062 645138 645063 644977 644961 644946 644976 645075 645080 645070 645000 644940 644924 644956 644951 644966 645059 645103 645128 645020 645030 645015 645023 645019 644936 644940 644932 644922 644919 644954 644983 644980 645040 645045 645084 645107 645102 645100 645103 645095 645073 645081 645012 644994 644972 644919 644959 645007 645004 644996 645085 645089 645084 644990 644976 644998 644990 644986 644903 
0 644675 644621 644617 644643 644617 644637 0 644743 644713 644717 644715 644613 644627 644617 644687 644745 644581 644563 644527 644553 644591 0 644625 644777 644765 0 644553 644721 644731 644817 644613 644475 644753 644821 644824 644825 644795 0 644465 0 644609 644637 644621 644427 644619 644748 0 0 644784 0 644848 644745 644753 644690 644698 644593 644619 644677 644714 644722 644803 644828 0 644861 644749 644517 644511 644521 644696 644808 644717 644653 644501 644471 644531 644709 0 644704 644676 644459 644427 644491 644481 0 0 644749 0 644631 644687 644705 644711 644699 644451 644459 644443 644423 0 644487 644545 0 644638 644643 0 644773 0 0 0 0 0 644705 644615 644675 644648 644417 644497 0 0 644570 644695 0 644699 644619 644651 644683 644667 644675 644385 
0 644596 644648 644653 0 644617 644539 0 0 644599 644551 644789 644640 0 0 644506 644647 0 644536 644428 644467 644470 0 644413 0 644875 0 644413 0 644470 644743 644586 644429 0 0 644692 644767 644980 0 644425 0 0 644604 644580 644368 644302 0 0 0 644584 0 0 645080 644922 644733 644757 644263 0 644389 644446 0 0 0 0 0 645083 0 0 0 644428 644656 645081 644622 0 0 644170 0 0 0 644691 644062 0 0 0 0 0 644551 0 644964 645059 644856 644832 0 0 644062 644038 0 0 0 644191 0 0 0 0 0 0 0 0 0 0 644859 644940 644703 644607 0 644119 0 0 644230 644497 0 0 644957 644829 644835 0 644727 0 
0 0 644454 0 0 0 644270 0 0 644355 0 644649 0 0 0 0 644419 0 644243 0 0 0 0 644060 0 0 0 644060 0 644135 0 0 644089 0 0 0 0 0 0 0 0 0 0 0 644029 0 0 0 0 0 0 0 0 644799 0 0 0 0 0 0 0 0 0 0 0 0 0 0 0 0 0 0 0 0 0 0 0 0 0 0 643475 0 0 0 0 0 644175 0 0 644518 0 0 0 0 0 0 0 0 0 0 0 0 0 0 0 0 0 0 0 0 0 0 0 0 0 0 0 0 0 0 0 0 644356 0 0 0 0 0 
0 642553 642607 642639 0 642567 642515 0 0 642555 642523 642701 642671 0 0 642493 642587 0 642513 642441 642467 642469 0 642431 0 642685 0 642431 0 642469 642589 642751 642461 0 0 642565 642589 642685 0 642487 0 0 642767 642751 642449 642357 0 0 0 642493 0 0 642709 642757 642801 642801 642331 0 642415 642445 0 0 0 0 0 642685 0 0 0 642421 642493 642685 642733 0 0 642269 0 0 0 642757 642197 0 0 0 0 0 642445 0 642685 642757 642781 642781 0 0 642197 642181 0 0 0 642283 0 0 0 0 0 0 0 0 0 0 642589 642685 642709 642685 0 642235 0 0 642301 642373 0 0 642781 642733 642757 0 642709 0 
0 644770 644826 644858 0 644786 644734 0 0 644759 644731 644880 644888 0 0 644712 644775 0 644732 644660 644686 644688 0 644650 0 644887 0 644650 0 644668 644795 644916 644680 0 0 644766 644795 644868 0 644706 0 0 644922 644914 644668 644564 0 0 0 644694 0 0 644833 644950 644965 644973 644539 0 644593 644624 0 0 0 0 0 644801 0 0 0 644606 644688 644769 644928 0 0 644472 0 0 0 644951 644416 0 0 0 0 0 644651 0 644683 644846 644910 644926 0 0 644416 644400 0 0 0 644467 0 0 0 0 0 0 0 0 0 0 644613 644667 644898 644894 0 644419 0 0 644480 644561 0 0 644802 644856 644888 0 644885 0 
0 641639 641563 641543 0 0 641615 0 0 641663 641687 641567 0 0 0 0 641663 0 641517 641493 641519 641569 0 641627 0 0 0 641531 0 641759 0 0 641417 0 0 0 0 0 0 0 0 0 0 0 641357 641823 0 0 0 0 0 0 0 641519 0 0 641799 0 641823 0 0 0 0 0 0 0 0 0 0 0 0 0 0 0 0 0 0 0 0 0 641697 0 0 0 0 0 641825 0 0 641519 0 0 0 0 641697 0 0 0 0 641703 0 0 0 0 0 0 0 0 0 0 0 0 0 0 0 0 0 0 0 0 0 0 641495 0 0 0 0 0 
0 643578 643488 643472 643494 643496 643540 0 643652 643619 643639 643545 643456 643530 643520 643614 643635 643436 643442 643418 643444 643494 0 643552 643687 643523 0 643456 643715 643720 643611 643407 643342 643761 643687 643645 643595 643453 0 643320 0 643798 643401 643393 643282 643803 643765 0 0 643717 0 643597 643367 643403 643385 643369 643812 643825 643828 643809 643793 643679 643653 0 643595 643383 643753 643771 643776 643816 643669 643351 643315 643766 643751 643781 643790 0 643800 643317 643707 643723 643761 643756 0 0 643739 0 643265 643285 643255 643271 643263 643711 643731 643715 643727 0 643759 643788 0 643774 643764 0 643531 0 0 0 0 0 643387 643249 643213 643229 643713 643764 0 0 643790 643720 0 643393 643205 643177 643221 643205 643197 643669 
0 641564 641474 641458 0 0 641526 0 0 641606 641630 641510 0 0 0 0 641606 0 641428 641404 641430 641480 0 641538 0 0 0 641442 0 641702 0 0 641328 0 0 0 0 0 0 0 0 0 0 0 641268 641754 0 0 0 0 0 0 0 641462 0 0 641736 0 641754 0 0 0 0 0 0 0 0 0 0 0 0 0 0 0 0 0 0 0 0 0 641602 0 0 0 0 0 641754 0 0 641462 0 0 0 0 641602 0 0 0 0 641640 0 0 0 0 0 0 0 0 0 0 0 0 0 0 0 0 0 0 0 0 0 0 641438 0 0 0 0 0 
0 641496 641406 641390 0 641414 641458 0 0 641546 641562 641472 641374 0 0 641532 641568 0 641360 641336 641362 641412 0 641470 0 641496 0 641374 0 641652 641592 641338 641260 0 0 641616 641592 641496 0 641238 0 0 641328 641328 641200 641732 0 0 0 641688 0 0 641472 641424 641352 641352 641752 0 641760 641736 0 0 0 0 0 641496 0 0 0 641760 641688 641496 641280 0 0 641694 0 0 0 641304 641622 0 0 0 0 0 641736 0 641496 641424 641328 641328 0 0 641622 641606 0 0 0 641690 0 0 0 0 0 0 0 0 0 0 641592 641496 641256 641232 0 641642 0 0 641690 641762 0 0 641400 641280 641304 0 641256 0 
0 644640 644588 644584 644600 644584 644604 0 644686 644665 644673 644642 644579 644594 644584 644654 644681 644548 644530 644494 644520 644558 0 644592 644709 644677 0 644520 644713 644718 644721 644561 644442 644753 644747 644738 644713 644624 0 644432 0 644729 644567 644559 644394 644734 644780 0 0 644774 0 644708 644550 644610 644608 644600 644716 644729 644763 644782 644790 644754 644740 0 644694 644554 644651 644639 644644 644776 644744 644522 644573 644622 644595 644649 644789 0 644784 644574 644593 644561 644605 644600 0 0 644785 0 644436 644492 644510 644526 644530 644585 644593 644577 644547 0 644591 644644 0 644723 644718 0 644618 0 0 0 0 0 644510 644420 644504 644530 644551 644596 0 0 644657 644701 0 644504 644424 644456 644488 644472 644488 644519 
0 644661 644526 644502 644541 644538 644604 0 644799 644736 644760 644667 644478 644589 644574 644715 644784 644448 644457 644421 644460 644535 0 644622 644868 644744 0 644478 644880 644895 644892 644424 644307 644988 644950 644923 644896 644683 0 644274 0 644844 644442 644418 644217 644859 644995 0 0 645019 0 644899 644554 644608 644525 644533 644844 644883 644946 644973 644981 645010 644983 0 644896 644578 644754 644793 644808 644967 644995 644530 644416 644802 644777 644823 644980 0 644975 644463 644691 644711 644807 644792 0 0 645004 0 644401 644431 644386 644410 644398 644703 644739 644715 644705 0 644801 644868 0 644945 644950 0 644800 0 0 0 0 0 644584 644377 644323 644347 644696 644816 0 0 644901 644914 0 644593 644311 644269 644335 644311 644299 644648 
0 644673 644538 644514 644553 644550 644616 0 644811 644748 644772 644679 644490 644601 644586 644727 644796 644460 644469 644433 644472 644547 0 644634 644870 644792 0 644490 644812 644827 644940 644436 644319 644884 644960 644961 644948 644779 0 644286 0 644740 644454 644430 644229 644755 644917 0 0 644951 0 644977 644650 644698 644573 644581 644740 644779 644842 644875 644899 644970 644983 0 644958 644674 644650 644689 644704 644881 644967 644626 644464 644698 644677 644719 644912 0 644905 644511 644587 644615 644707 644692 0 0 644940 0 644497 644527 644482 644506 644494 644599 644635 644611 644609 0 644705 644764 0 644877 644882 0 644816 0 0 0 0 0 644680 644473 644419 644411 644600 644720 0 0 644803 644894 0 644679 644407 644365 644431 644407 644395 644548 
645062 645062 645017 645009 645022 645021 645043 645099 645108 645087 645095 645064 645001 645038 645033 645080 645103 644991 644994 644982 644995 645020 645017 645049 645129 645107 645006 645001 645085 645090 645159 644983 644944 645101 645143 645164 645167 645100 644948 644933 644941 645029 644989 644981 644914 645034 645104 645146 645136 645128 645165 645170 645057 645075 645032 645040 645021 645034 645063 645082 645090 645139 645150 645153 645145 645065 644983 644980 644985 645076 645134 645049 644995 644975 644960 644990 645089 645094 645084 645018 644954 644938 644970 644965 644980 645073 645117 645110 645006 645016 645001 645009 645005 644950 644954 644946 644936 644933 644968 644997 644994 645054 645059 645092 645089 645084 645082 645085 645079 645059 645067 644998 644980 644988 644933 644973 645021 645018 645010 645067 645071 645068 644976 644962 644984 644976 644972 644917 
0 644640 644505 644481 644520 644517 644583 0 644778 644715 644739 644646 644457 644568 644553 644694 644763 644427 644436 644400 644439 644514 0 644601 644835 644775 0 644457 644775 644790 644931 644403 644286 644847 644925 644940 644955 644880 0 644253 0 644703 644421 644397 644196 644718 644880 0 0 644928 0 645012 644793 644739 644550 644574 644703 644742 644805 644838 644862 644985 645000 0 645061 644817 644607 644598 644613 644844 645000 644769 644439 644583 644538 644628 644883 0 644868 644508 644520 644472 644568 644553 0 0 644943 0 644640 644670 644619 644627 644589 644508 644520 644496 644466 0 644562 644649 0 644820 644835 0 644955 0 0 0 0 0 644823 644616 644520 644424 644457 644577 0 0 644688 644955 0 644820 644550 644508 644574 644550 644518 644409 
0 644710 644718 644707 0 644699 644653 0 0 644713 644665 644859 644683 0 0 644620 644761 0 644618 644540 644579 644584 0 644527 0 644957 0 644527 0 644584 644857 644629 644499 0 0 644806 644881 645062 0 644479 0 0 644647 644623 644422 644416 0 0 0 644698 0 0 645085 644965 644776 644800 644377 0 644503 644560 0 0 0 0 0 645080 0 0 0 644542 644770 645032 644665 0 0 644284 0 0 0 644734 644176 0 0 0 0 0 644665 0 644903 644977 644891 644875 0 0 644176 644152 0 0 0 644305 0 0 0 0 0 0 0 0 0 0 644830 644879 644746 644650 0 644233 0 0 644344 644611 0 0 644857 644812 644856 0 644770 0 
0 637179 637125 637093 637067 637149 637197 0 637183 637177 637209 637031 637061 637197 637197 637239 637145 637101 637149 637173 637173 637197 0 637245 637185 636993 0 637197 637273 637263 637081 636953 637125 637241 637157 637115 637065 636923 0 637101 0 637385 636893 636909 637101 637375 637235 0 0 637187 0 637067 636837 636873 636855 636839 637401 637375 637317 637279 637263 637149 637123 0 637065 636853 637457 637431 637421 637291 637139 636821 636785 637417 637423 637411 637265 0 637275 636787 637457 637443 637403 637413 0 0 637209 0 636735 636755 636725 636741 636733 637457 637457 637457 637423 0 637383 637373 0 637307 637297 0 637001 0 0 0 0 0 636857 636719 636683 636699 637453 637373 0 0 637347 637241 0 636863 636675 636647 636691 636675 636667 637457 
0 644858 644768 644752 644764 644776 644820 0 644884 644878 644908 644732 644736 644810 644800 644894 644846 644716 644722 644698 644724 644774 0 644832 644886 644694 0 644736 644974 644964 644782 644654 644622 644942 644858 644816 644766 644624 0 644600 0 645076 644594 644610 644562 645076 644936 0 0 644888 0 644768 644538 644574 644556 644540 645100 645076 645018 644980 644964 644850 644824 0 644766 644554 645088 645146 645146 644992 644840 644522 644486 645144 645122 645138 644966 0 644976 644488 645076 645092 645106 645116 0 0 644910 0 644436 644456 644426 644442 644434 645092 645124 645108 645074 0 645062 645100 0 645034 645024 0 644702 0 0 0 0 0 644558 644420 644384 644400 645082 645052 0 0 645074 644946 0 644564 644376 644348 644392 644376 644368 645050 
0 644254 644182 644158 644158 644200 644246 0 644302 644278 644302 644178 644134 644241 644236 644302 644278 644146 644173 644173 644186 644223 0 644276 644322 644140 0 644204 644346 644346 644228 644062 644111 644348 644288 644258 644212 644070 0 644088 0 644394 644038 644038 644069 644394 644330 0 0 644294 0 644210 643984 644020 644002 643986 644406 644406 644388 644362 644346 644256 644242 0 644196 644000 644412 644442 644442 644362 644246 643968 643932 644432 644420 644442 644336 0 644346 643934 644407 644408 644420 644420 0 0 644292 0 643882 643902 643872 643888 643880 644427 644432 644425 644396 0 644408 644432 0 644370 644360 0 644120 0 0 0 0 0 644004 643866 643830 643846 644408 644408 0 0 644412 644292 0 644006 643822 643794 643838 643822 643814 644396 
0 643623 643533 643517 0 643541 643585 0 0 643673 643689 643600 643501 0 0 643659 643689 0 643487 643463 643489 643539 0 643597 0 643604 0 643501 0 643774 643692 643461 643387 0 0 643726 643676 643534 0 643365 0 0 643455 643447 643327 643835 0 0 0 643798 0 0 643448 643484 643466 643450 643843 0 643864 643852 0 0 0 0 0 643464 0 0 0 643864 643750 643432 643396 0 0 643816 0 0 0 643398 643733 0 0 0 0 0 643808 0 643346 643366 643336 643352 0 0 643757 643741 0 0 0 643823 0 0 0 0 0 0 0 0 0 0 643468 643330 643294 643310 0 643799 0 0 643826 643782 0 0 643286 643258 643302 0 643278 0 
0 644639 644504 644480 0 644516 644582 0 0 644714 644731 644645 644456 0 0 644686 644762 0 644435 644399 644438 644513 0 644593 0 644774 0 644456 0 644799 644923 644402 644285 0 0 644925 644947 644829 0 644252 0 0 644420 644396 644195 644679 0 0 0 644939 0 0 644718 644725 644549 644573 644640 0 644766 644823 0 0 0 0 0 644742 0 0 0 644805 645001 644694 644438 0 0 644547 0 0 0 644507 644439 0 0 0 0 0 644928 0 644565 644595 644548 644564 0 0 644439 644415 0 0 0 644568 0 0 0 0 0 0 0 0 0 0 644741 644541 644469 644423 0 644496 0 0 644607 644843 0 0 644475 644433 644499 0 644454 0 
0 644549 644593 644582 0 644568 644492 0 0 644552 644504 644734 644558 0 0 644459 644600 0 644487 644381 644420 644423 0 644366 0 644826 0 644366 0 644423 644696 644504 644374 0 0 644645 644720 644931 0 644354 0 0 644522 644498 644297 644255 0 0 0 644537 0 0 645025 644840 644651 644675 644216 0 644342 644399 0 0 0 0 0 645036 0 0 0 644381 644609 645084 644540 0 0 644123 0 0 0 644609 644015 0 0 0 0 0 644504 0 645059 645017 644774 644750 0 0 644015 643991 0 0 0 644144 0 0 0 0 0 0 0 0 0 0 644950 645035 644621 644525 0 644072 0 0 644183 644450 0 0 645003 644747 644753 0 644645 0 
0 642614 642668 642700 0 642628 642576 0 0 642616 642584 642738 642732 0 0 642554 642642 0 642574 642502 642528 642530 0 642492 0 642714 0 642492 0 642530 642618 642840 642522 0 0 642594 642618 642714 0 642548 0 0 642882 642882 642510 642418 0 0 0 642522 0 0 642738 642786 642858 642858 642392 0 642450 642474 0 0 0 0 0 642714 0 0 0 642450 642522 642714 642904 0 0 642330 0 0 0 642904 642258 0 0 0 0 0 642474 0 642714 642786 642882 642882 0 0 642258 642242 0 0 0 642330 0 0 0 0 0 0 0 0 0 0 642618 642714 642904 642884 0 642282 0 0 642330 642402 0 0 642810 642904 642904 0 642904 0 
0 642690 642639 642637 642650 642627 642645 0 642716 642713 642723 642640 642629 642630 642615 642708 642697 642585 642546 642486 642525 642576 0 642615 642717 642621 0 642519 642761 642756 642665 642601 642420 642745 642703 642682 642657 642586 0 642411 0 642803 642571 642579 642354 642808 642742 0 0 642718 0 642658 642543 642561 642552 642544 642819 642812 642783 642764 642756 642699 642686 0 642657 642551 642783 642850 642855 642770 642694 642535 642517 642869 642866 642856 642757 0 642762 642518 642744 642844 642864 642869 0 0 642729 0 642492 642502 642487 642495 642491 642780 642840 642816 642842 0 642842 642849 0 642792 642787 0 642625 0 0 0 0 0 642553 642484 642466 642474 642837 642837 0 0 642836 642747 0 642556 642462 642448 642470 642462 642458 642765 
0 643414 643333 643313 643326 643349 643395 0 643460 643445 643471 643324 643293 643390 643385 643456 643429 643295 643322 643322 643335 643372 0 643425 643473 643317 0 643353 643541 643536 643409 643225 643260 643537 643471 643438 643401 643282 0 643237 0 643635 643183 643191 643218 643640 643546 0 0 643510 0 643414 643223 643221 643176 643168 643663 643652 643611 643580 643572 643491 643466 0 643425 643239 643661 643730 643735 643598 643486 643207 643105 643759 643777 643732 643585 0 643590 643118 643668 643779 643771 643776 0 0 643545 0 643121 643141 643099 643107 643091 643700 643740 643732 643777 0 643773 643737 0 643656 643651 0 643387 0 0 0 0 0 643243 643105 643042 643038 643774 643768 0 0 643724 643599 0 643249 643061 643033 643070 643061 643034 643734 
0 637429 637384 637376 0 0 637410 0 0 637454 637462 637397 0 0 0 0 637454 0 637361 637349 637362 637387 0 637416 0 0 0 637368 0 637507 0 0 637311 0 0 0 0 0 0 0 0 0 0 0 637281 637547 0 0 0 0 0 0 0 637318 0 0 637558 0 637540 0 0 0 0 0 0 0 0 0 0 0 0 0 0 0 0 637589 0 0 0 0 637539 0 0 0 0 0 637486 0 0 637259 0 0 0 0 637553 0 0 0 0 637572 0 0 0 0 0 0 0 0 0 0 0 0 0 0 0 0 0 0 0 0 0 0 637219 0 0 0 0 0 
0 644580 644445 644421 644460 644457 644523 0 644718 644655 644679 644586 644397 644508 644493 644634 644703 644367 644376 644340 644379 644454 0 644541 644787 644699 0 644397 644799 644814 644847 644343 644226 644919 644901 644878 644855 644660 0 644193 0 644919 644361 644337 644136 644934 645000 0 0 644986 0 644876 644531 644585 644480 644488 644953 644992 645021 645006 645030 644993 644956 0 644873 644555 644863 644860 644875 645060 644984 644507 644371 644845 644800 644890 645091 0 645084 644418 644782 644734 644830 644815 0 0 645071 0 644378 644408 644363 644387 644375 644770 644782 644758 644728 0 644824 644911 0 645072 645077 0 644777 0 0 0 0 0 644561 644354 644300 644312 644719 644839 0 0 644950 645081 0 644570 644288 644246 644312 644288 644276 644671 
644988 644988 644943 644935 644948 644947 644969 645027 645034 645013 645021 644990 644927 644964 644959 645006 645029 644917 644920 644908 644921 644946 644943 644975 645057 645033 644932 644927 645061 645066 645085 644909 644870 645101 645095 645092 645093 645030 644874 644859 644867 645099 644915 644907 644840 645104 645128 645122 645136 645128 645097 645102 644987 645005 644958 644966 645091 645104 645133 645130 645138 645143 645130 645133 645101 644995 645053 645050 645055 645146 645138 644979 644921 645045 645030 645060 645159 645164 645154 644944 645024 645008 645040 645035 645050 645143 645165 645066 644936 644946 644931 644939 644935 645020 645024 645016 645006 645003 645038 645067 645064 645124 645129 645166 645069 645064 645038 645041 645011 644989 644997 644928 644910 644916 645003 645043 645091 645088 645080 645141 645027 645000 644906 644892 644914 644906 644902 644987 
0 644568 644523 644515 644528 644522 644542 0 644614 644593 644601 644570 644507 644532 644522 644586 644609 644486 644468 644432 644458 644496 0 644530 644637 644613 0 644458 644641 644646 644659 644489 644380 644681 644675 644672 644651 644577 0 644370 0 644681 644495 644487 644332 644686 644708 0 0 644708 0 644652 644503 644555 644538 644538 644697 644710 644715 644710 644718 644693 644680 0 644647 644507 644645 644623 644628 644728 644688 644475 644501 644606 644579 644633 644741 0 644736 644512 644587 644545 644589 644584 0 0 644723 0 644389 644445 644463 644479 644483 644579 644585 644571 644531 0 644575 644628 0 644709 644712 0 644571 0 0 0 0 0 644463 644373 644457 644468 644540 644580 0 0 644641 644708 0 644457 644377 644409 644441 644425 644441 644513 
0 642479 642533 642565 0 642493 642441 0 0 642481 642449 642627 642597 0 0 642419 642513 0 642439 642367 642393 642395 0 642357 0 642665 0 642357 0 642395 642577 642705 642387 0 0 642543 642579 642675 0 642413 0 0 642765 642749 642375 642283 0 0 0 642471 0 0 642699 642747 642803 642819 642257 0 642341 642379 0 0 0 0 0 642675 0 0 0 642367 642483 642675 642785 0 0 642195 0 0 0 642827 642123 0 0 0 0 0 642435 0 642675 642747 642843 642843 0 0 642123 642107 0 0 0 642209 0 0 0 0 0 0 0 0 0 0 642579 642675 642779 642755 0 642161 0 0 642235 642363 0 0 642771 642803 642827 0 642779 0 
0 0 639575 0 0 0 639621 0 0 0 0 0 0 0 0 0 0 0 639572 0 0 0 0 639627 0 0 0 0 0 0 0 0 639522 0 0 0 0 0 0 0 0 0 0 0 639492 0 0 0 0 0 0 0 0 0 0 0 0 0 0 0 0 0 0 0 0 0 0 0 0 0 0 0 0 0 0 0 0 0 0 0 639750 0 0 0 0 0 639617 0 0 0 0 0 0 0 0 0 0 0 0 0 0 0 0 0 0 0 0 0 0 0 0 0 0 0 0 0 0 0 0 0 0 0 0 0 0 0 0 0 
0 642680 642619 642619 0 642607 642625 0 0 642705 642713 642636 642619 0 0 642688 642693 642565 642526 642466 642505 642556 0 642595 0 642617 0 642499 0 642752 642661 642597 642400 0 0 642678 642653 642582 0 642391 0 0 642567 642575 642334 642798 0 0 0 642714 0 0 642539 642557 642548 642540 642809 0 642779 642760 0 0 0 0 0 642547 0 0 0 642766 642690 642531 642513 0 0 642850 0 0 0 642514 642724 642868 0 0 0 0 642725 0 642488 642498 642483 642491 642487 0 642820 642796 0 0 0 642845 0 0 0 0 0 0 0 0 0 0 642549 642480 642462 642470 0 642869 0 0 642832 642743 0 0 642458 642444 642466 0 642454 0 
0 635971 635926 635918 635931 635930 635952 0 635997 635994 636004 635921 635910 635947 635942 635989 635978 635900 635903 635891 635904 635929 0 635958 635998 635902 0 635910 636042 636037 635946 635882 635853 636026 635984 635963 635938 635867 0 635842 0 636084 635852 635860 635823 636089 636023 0 0 635999 0 635939 635824 635842 635833 635825 636100 636093 636064 636045 636037 635980 635967 0 635938 635832 636086 636131 636136 636051 635975 635816 635798 636150 636159 636137 636038 0 636043 635799 636081 636149 636157 636162 0 0 636010 0 635773 635783 635768 635776 635772 636101 636129 636121 636147 0 636147 636130 0 636073 636068 0 635906 0 0 0 0 0 635834 635765 635747 635755 636144 636142 0 0 636117 636028 0 635837 635743 635729 635751 635743 635739 636116 
0 635980 635935 635927 635940 635939 635961 0 636000 635997 636013 635924 635919 635956 635951 635998 635981 635909 635912 635900 635913 635938 0 635967 636001 635905 0 635919 636045 636040 635949 635885 635862 636029 635987 635966 635941 635870 0 635851 0 636093 635855 635863 635832 636096 636026 0 0 636002 0 635942 635827 635845 635836 635828 636109 636096 636067 636048 636040 635983 635970 0 635941 635835 636095 636140 636145 636054 635978 635819 635801 636155 636168 636140 636041 0 636046 635802 636090 636160 636160 636165 0 0 636013 0 635776 635786 635771 635779 635775 636110 636138 636130 636158 0 636152 636133 0 636076 636071 0 635909 0 0 0 0 0 635837 635768 635750 635758 636155 636147 0 0 636120 636031 0 635840 635746 635732 635754 635746 635742 636125 
644997 644997 644952 644944 644957 644956 644978 645036 645043 645022 645030 644977 644936 644973 644968 645015 645034 644926 644929 644917 644930 644955 644952 644984 645054 644958 644939 644936 645070 645075 645002 644918 644879 645082 645040 645019 644994 644923 644883 644868 644876 645110 644908 644916 644849 645115 645079 645037 645047 645055 644990 644995 644880 644898 644889 644881 645126 645139 645120 645101 645093 645036 645023 645026 644994 644888 645112 645157 645162 645107 645031 644872 644854 645152 645137 645167 645094 645089 645099 644855 645107 645115 645147 645142 645157 645110 645066 644959 644829 644839 644824 644832 644828 645127 645131 645123 645113 645110 645143 645162 645141 645129 645124 645085 644962 644957 644931 644934 644904 644882 644890 644821 644803 644811 645110 645138 645138 645141 645149 645084 644920 644893 644799 644785 644807 644799 644795 645094 
644970 644970 644925 644917 644930 644929 644951 645009 645016 644995 645003 644972 644909 644946 644941 644988 645011 644899 644902 644890 644903 644928 644925 644957 645039 645015 644914 644909 645043 645048 645067 644891 644852 645083 645077 645074 645069 644998 644856 644841 644849 645083 644897 644889 644822 645088 645110 645104 645118 645110 645065 645070 644955 644973 644940 644948 645099 645112 645117 645112 645120 645111 645098 645101 645069 644963 645085 645082 645087 645130 645106 644947 644903 645077 645062 645092 645143 645148 645138 644926 645056 645040 645072 645067 645082 645151 645141 645034 644904 644914 644899 644907 644903 645052 645056 645048 645038 645035 645070 645099 645096 645156 645161 645160 645037 645032 645006 645009 644979 644957 644965 644896 644878 644886 645035 645075 645123 645120 645112 645159 644995 644968 644874 644860 644882 644874 644870 645019 
0 0 0 0 0 0 0 0 0 0 0 0 0 0 0 0 0 0 0 0 0 0 0 0 0 0 0 0 0 0 0 0 0 0 0 0 0 0 0 0 0 0 0 0 0 0 0 0 0 0 0 0 0 0 0 0 0 0 0 0 0 0 0 0 0 0 0 0 0 0 0 0 0 0 0 0 0 0 0 0 0 0 0 0 0 0 634096 0 0 0 0 0 0 0 0 0 0 0 0 0 0 0 0 0 0 0 0 0 0 0 0 0 0 0 0 0 0 0 0 0 0 0 0 0 0 0 0 0 
645015 645015 644970 644962 644975 644974 644996 645028 645059 645040 645046 645017 644954 644991 644986 645031 645056 644944 644947 644935 644948 644973 644970 645000 645058 645060 644959 644954 645014 645019 645110 644936 644897 645030 645072 645093 645118 645095 644901 644886 644894 644958 644942 644934 644867 644963 645033 645075 645065 645057 645122 645117 645114 645048 644985 644993 644950 644963 644992 645011 645019 645076 645089 645086 645118 645130 644912 644909 644914 645005 645081 645120 644948 644904 644889 644919 645018 645023 645013 644971 644883 644867 644899 644894 644909 645002 645046 645153 645077 645087 645026 645018 644998 644879 644883 644875 644865 644862 644897 644926 644923 644983 644988 645027 645136 645131 645129 645132 645126 645128 645136 645069 644975 644943 644862 644902 644950 644947 644939 645028 645118 645115 645047 645017 645019 645027 644983 644846 
0 644488 644508 644498 0 644483 644431 0 0 644491 644443 644649 644474 0 0 644398 644539 0 644402 644318 644357 644362 0 644305 0 644741 0 644305 0 644362 644635 644420 644289 0 0 644584 644659 644846 0 644270 0 0 644438 644414 644213 644194 0 0 0 644476 0 0 644940 644756 644567 644591 644155 0 644281 644338 0 0 0 0 0 644951 0 0 0 644320 644548 644999 644456 0 0 644062 0 0 0 644525 643954 0 0 0 0 0 644443 0 645083 644933 644690 644666 0 0 643954 643930 0 0 0 644083 0 0 0 0 0 0 0 0 0 0 644955 645078 644537 644441 0 644011 0 0 644122 644389 0 0 644975 644663 644669 0 644561 0 
0 0 644089 0 0 0 643881 0 0 643981 0 644324 0 0 0 0 644061 0 643876 0 0 0 0 643671 0 0 0 643671 0 643766 0 0 643724 0 0 0 0 0 0 0 0 0 0 0 643670 0 0 0 0 0 0 0 0 644671 0 0 0 0 0 0 0 0 0 0 0 0 0 0 0 0 0 0 0 0 0 0 0 0 0 0 643086 0 0 0 0 0 643901 0 0 644921 0 0 0 0 0 0 0 0 0 0 0 0 0 0 0 0 0 0 0 0 0 0 0 0 0 0 0 0 0 0 0 0 644863 0 0 0 0 0 
0 642420 642474 642506 0 642434 642382 0 0 642422 642390 642568 642538 0 0 642360 642454 0 642380 642308 642334 642336 0 642298 0 642606 0 642298 0 642336 642518 642646 642328 0 0 642484 642534 642676 0 642354 0 0 642706 642690 642316 642224 0 0 0 642412 0 0 642720 642726 642744 642760 642198 0 642282 642320 0 0 0 0 0 642696 0 0 0 642308 642460 642696 642758 0 0 642136 0 0 0 642804 642064 0 0 0 0 0 642390 0 642696 642768 642864 642858 0 0 642064 642048 0 0 0 642150 0 0 0 0 0 0 0 0 0 0 642600 642696 642812 642748 0 642102 0 0 642176 642354 0 0 642792 642856 642880 0 642828 0 
0 644698 644754 644786 0 644714 644662 0 0 644687 644659 644808 644817 0 0 644640 644703 0 644660 644588 644614 644616 0 644578 0 644815 0 644578 0 644596 644723 644882 644608 0 0 644694 644731 644850 0 644634 0 0 644910 644902 644596 644492 0 0 0 644622 0 0 644853 644911 644931 644939 644467 0 644521 644552 0 0 0 0 0 644821 0 0 0 644534 644646 644789 644913 0 0 644400 0 0 0 644939 644344 0 0 0 0 0 644587 0 644703 644867 644974 644982 0 0 644344 644328 0 0 0 644395 0 0 0 0 0 0 0 0 0 0 644633 644687 644928 644884 0 644347 0 0 644408 644533 0 0 644834 644932 644957 0 644930 0 
0 641831 641975 642023 0 641927 641830 0 0 641783 641735 641975 642065 0 0 641735 641783 0 641901 641829 641842 641807 0 641716 0 641927 0 641788 0 641591 641735 642173 641911 0 0 641687 641735 641924 0 641960 0 0 642209 642209 641941 641399 0 0 0 641543 0 0 641899 642065 642173 642173 641351 0 641399 641447 0 0 0 0 0 641839 0 0 0 641399 641543 641791 642244 0 0 641207 0 0 0 642244 641239 0 0 0 0 0 641447 0 641662 641938 642181 642199 642242 0 641159 641159 0 0 0 641159 0 0 0 0 0 0 0 0 0 0 641509 641638 642217 642196 0 641063 0 0 641159 641303 0 0 641890 642171 642201 0 642209 0 
0 643710 643647 643619 643606 643675 643721 0 643736 643721 643749 643600 643591 643716 643711 643764 643705 643621 643648 643648 643661 643698 0 643751 643749 643593 0 643679 643817 643812 643685 643501 643586 643813 643747 643714 643677 643558 0 643563 0 643915 643459 643467 643544 643910 643822 0 0 643786 0 643690 643503 643497 643452 643444 643923 643910 643881 643856 643848 643767 643742 0 643701 643523 643957 643964 643959 643868 643762 643507 643381 643945 643936 643954 643855 0 643860 643394 643952 643934 643926 643931 0 0 643821 0 643464 643438 643375 643383 643367 643972 643966 643968 643912 0 643904 643923 0 643890 643885 0 643681 0 0 0 0 0 643573 643456 643318 643314 643939 643899 0 0 643910 643845 0 643588 643386 643312 643346 643338 643310 643939 
0 641783 641747 641735 0 0 641783 0 0 641795 641807 641747 0 0 0 0 641795 0 641759 641771 641771 641783 0 641807 0 0 0 641783 0 641843 0 0 641747 0 0 0 0 0 0 0 0 0 0 0 641735 641891 0 0 0 0 0 0 0 641723 0 0 641903 0 641891 0 0 0 0 0 0 0 0 0 0 0 0 0 0 0 0 0 0 0 0 0 641927 0 0 0 0 0 641879 0 0 641723 0 0 0 0 641951 0 0 0 0 641951 0 0 0 0 0 0 0 0 0 0 0 0 0 0 0 0 0 0 0 0 0 0 641691 0 0 0 0 0 
0 642647 642572 642552 0 642588 642634 0 0 642658 642686 642537 642528 0 0 642695 642642 0 642561 642561 642574 642611 0 642664 0 642530 0 642592 0 642749 642622 642438 642499 0 0 642651 642614 642495 0 642476 0 0 642396 642404 642457 642853 0 0 0 642723 0 0 642440 642434 642389 642381 642878 0 642824 642793 0 0 0 0 0 642460 0 0 0 642811 642699 642444 642318 0 0 642922 0 0 0 642331 642896 0 0 0 0 0 642758 0 642401 642375 642312 642320 0 0 642922 642914 0 0 0 642893 0 0 0 0 0 0 0 0 0 0 642510 642393 642255 642251 0 642869 0 0 642880 642812 0 0 642323 642249 642283 0 642247 0 
0 635995 635950 635942 635955 635954 635976 0 636015 636012 636028 635939 635934 635971 635966 636013 635996 635924 635927 635915 635928 635953 0 635982 636016 635920 0 635934 636060 636055 635964 635900 635877 636044 636002 635981 635956 635885 0 635866 0 636108 635870 635878 635847 636111 636041 0 0 636017 0 635957 635842 635860 635851 635843 636124 636111 636082 636063 636055 635998 635985 0 635956 635850 636110 636155 636160 636069 635993 635834 635816 636170 636183 636155 636056 0 636061 635817 636105 636185 636175 636180 0 0 636028 0 635791 635801 635786 635794 635790 636125 636153 636145 636195 0 636177 636148 0 636091 636086 0 635924 0 0 0 0 0 635852 635783 635765 635773 636180 636172 0 0 636135 636046 0 635855 635761 635747 635769 635761 635757 636140 
644931 644931 644886 644878 644891 644890 644912 644970 644977 644956 644964 644923 644870 644907 644902 644949 644972 644860 644863 644851 644864 644889 644886 644918 645000 644904 644875 644870 645004 645009 644948 644852 644813 645028 644986 644965 644940 644869 644817 644802 644810 645044 644854 644850 644783 645049 645025 644983 644993 645001 644936 644941 644826 644844 644835 644827 645060 645073 645066 645047 645039 644982 644969 644972 644940 644834 645046 645091 645096 645053 644977 644818 644800 645110 645119 645101 645040 645035 645045 644801 645041 645121 645129 645124 645115 645056 645012 644905 644775 644785 644770 644778 644774 645061 645089 645081 645143 645140 645151 645132 645135 645075 645070 645031 644908 644903 644877 644880 644850 644828 644836 644767 644749 644757 645116 645156 645108 645111 645119 645030 644866 644839 644745 644731 644753 644745 644741 645076 
0 643356 643311 643303 643316 643315 643337 0 643402 643381 643389 643358 643295 643332 643327 643374 643397 643285 643288 643276 643289 643314 0 643343 643425 643339 0 643295 643429 643434 643379 643277 643238 643469 643431 643401 643363 643269 0 643227 0 643469 643275 643267 643208 643474 643472 0 0 643437 0 643353 643195 643255 643273 643257 643485 643498 643503 643494 643486 643399 643385 0 643339 643199 643471 643516 643521 643500 643389 643167 643207 643535 643544 643526 643479 0 643489 643209 643466 643546 643554 643549 0 0 643435 0 643081 643137 643147 643163 643155 643486 643514 643506 643568 0 643576 643557 0 643513 643503 0 643263 0 0 0 0 0 643155 643065 643105 643121 643541 643581 0 0 643566 643435 0 643149 643069 643069 643113 643097 643089 643501 
0 641355 641265 641249 0 0 641317 0 0 641405 641421 641311 0 0 0 0 641407 0 641219 641195 641221 641271 0 641329 0 0 0 641233 0 641503 0 0 641119 0 0 0 0 0 0 0 0 0 0 0 641059 641591 0 0 0 0 0 0 0 641263 0 0 641613 0 641599 0 0 0 0 0 0 0 0 0 0 0 0 0 0 0 0 0 0 0 0 0 641575 0 0 0 0 0 641575 0 0 641263 0 0 0 0 641671 0 0 0 0 641719 0 0 0 0 0 0 0 0 0 0 0 0 0 0 0 0 0 0 0 0 0 0 641239 0 0 0 0 0 
644888 644888 644843 644835 644848 644847 644869 644927 644934 644913 644921 644880 644827 644864 644859 644906 644928 644817 644820 644808 644821 644846 644843 644875 644952 644892 644832 644827 644961 644966 644940 644809 644770 644988 644964 644952 644932 644861 644774 644759 644767 645001 644808 644807 644740 645006 645000 644975 644985 644988 644928 644933 644818 644836 644820 644819 645017 645030 645024 645012 645012 644974 644961 644964 644932 644826 645003 645048 645053 645024 644969 644810 644784 645067 645067 645058 645024 645024 645024 644793 644998 645057 645077 645072 645072 645036 645004 644897 644767 644777 644762 644770 644766 645018 645046 645038 645067 645064 645087 645084 645087 645060 645060 645023 644900 644895 644869 644872 644842 644820 644828 644759 644741 644749 645052 645087 645084 645084 645084 645022 644858 644831 644737 644723 644745 644737 644733 645024 
0 644503 644368 644344 644383 644380 644446 0 644641 644578 644602 644509 644320 644431 644416 644557 644626 644290 644299 644263 644302 644377 0 644464 644710 644638 0 644320 644722 644737 644794 644266 644149 644842 644824 644815 644802 644625 0 644116 0 644842 644284 644260 644059 644857 644923 0 0 644923 0 644835 644496 644546 644413 644435 644890 644929 644944 644929 644953 644948 644911 0 644838 644520 644838 644895 644910 644983 644943 644472 644302 644880 644835 644925 645022 0 645007 644365 644799 644769 644865 644850 0 0 645018 0 644343 644373 644328 644352 644340 644805 644817 644793 644763 0 644859 644946 0 645099 645114 0 644742 0 0 0 0 0 644526 644319 644265 644265 644754 644874 0 0 644985 645098 0 644535 644253 644211 644277 644253 644241 644706 
0 644450 644405 644397 644410 644409 644431 0 644496 644475 644483 644452 644389 644426 644421 644468 644491 644379 644379 644343 644369 644407 0 644437 644519 644495 0 644369 644523 644528 644547 644371 644291 644563 644557 644554 644555 644486 0 644281 0 644563 644377 644369 644243 644568 644590 0 0 644590 0 644558 644419 644461 644420 644428 644579 644592 644597 644592 644600 644599 644586 0 644557 644423 644565 644588 644593 644610 644594 644391 644383 644583 644564 644598 644623 0 644618 644406 644560 644530 644574 644569 0 0 644627 0 644305 644361 644379 644395 644391 644558 644562 644554 644516 0 644560 644605 0 644660 644665 0 644487 0 0 0 0 0 644379 644289 644366 644374 644525 644565 0 0 644618 644647 0 644373 644293 644325 644357 644341 644357 644521 
644959 644959 644914 644906 644919 644918 644940 644998 645005 644984 644992 644961 644898 644935 644930 644977 645000 644888 644891 644879 644892 644917 644914 644946 645028 645004 644903 644898 645032 645037 645056 644880 644841 645072 645066 645063 645064 645011 644845 644830 644838 645072 644886 644878 644811 645077 645099 645093 645107 645099 645078 645083 644968 644986 644929 644937 645088 645101 645106 645101 645109 645118 645107 645104 645082 644976 645072 645069 645074 645119 645119 644960 644892 645064 645049 645079 645132 645137 645127 644915 645043 645027 645059 645054 645069 645140 645136 645047 644917 644927 644912 644920 644916 645039 645043 645035 645025 645022 645057 645086 645083 645143 645148 645165 645050 645045 645019 645022 644992 644970 644978 644909 644891 644887 645022 645062 645110 645107 645099 645170 645008 644981 644887 644873 644895 644887 644883 645006 
0 644555 644420 644396 644435 644432 644498 0 644693 644630 644654 644561 644372 644483 644468 644609 644678 644342 644351 644315 644354 644429 0 644516 644750 644690 0 644372 644690 644705 644846 644318 644201 644762 644840 644855 644870 644795 0 644168 0 644618 644336 644312 644111 644633 644795 0 0 644843 0 644927 644852 644654 644465 644489 644600 644639 644720 644753 644777 644900 644915 0 644978 644900 644486 644477 644492 644759 644915 644890 644354 644462 644417 644507 644798 0 644783 644423 644399 644351 644447 644432 0 0 644858 0 644761 644791 644588 644564 644504 644387 644399 644375 644345 0 644441 644528 0 644699 644714 0 645076 0 0 0 0 0 644944 644737 644435 644339 644336 644456 0 0 644567 644834 0 644941 644671 644561 644567 644591 644459 644288 
644948 644948 644903 644895 644908 644907 644929 644987 644994 644973 644981 644950 644887 644924 644919 644966 644989 644877 644880 644868 644881 644906 644903 644935 645017 644993 644892 644887 645021 645026 645045 644869 644830 645059 645055 645052 645053 645028 644834 644819 644827 644987 644875 644867 644800 644992 645062 645082 645094 645086 645081 645076 645047 644981 644918 644926 644979 644992 645021 645040 645048 645105 645096 645093 645101 645063 644941 644938 644943 645034 645110 645079 644881 644933 644918 644948 645047 645052 645042 644904 644912 644896 644928 644923 644938 645031 645075 645136 645048 645040 644959 644951 644931 644908 644912 644904 644894 644891 644926 644955 644952 645012 645017 645056 645157 645162 645150 645153 645123 645101 645109 645040 644908 644876 644891 644931 644979 644976 644968 645057 645139 645112 645018 644950 644952 644960 644916 644875 
644961 644961 644916 644908 644921 644920 644942 645000 645007 644986 644994 644963 644900 644937 644932 644979 645002 644890 644893 644881 644894 644919 644916 644948 645030 645006 644905 644900 645012 645017 645058 644882 644843 645028 645068 645065 645066 645041 644847 644832 644840 644956 644888 644880 644813 644961 645031 645073 645063 645055 645094 645089 645060 644994 644931 644939 644948 644961 644990 645009 645017 645074 645087 645084 645114 645076 644910 644907 644912 645003 645079 645092 644894 644902 644887 644917 645016 645021 645011 644917 644881 644865 644897 644892 644907 645000 645044 645149 645079 645053 644972 644964 644944 644877 644881 644873 644863 644860 644895 644924 644921 644981 644986 645025 645148 645153 645177 645174 645154 645132 645140 645071 644921 644889 644860 644900 644948 644945 644937 645026 645170 645143 645049 644963 644965 644973 644929 644844 
644724 644724 644634 644618 644644 644642 644686 644800 644816 644774 644790 644728 644602 644676 644666 644760 644806 644582 644588 644564 644590 644640 644634 644698 644860 644814 644612 644602 644820 644830 644918 644566 644488 644876 644912 644930 644934 644884 644496 644466 644482 644732 644578 644562 644428 644742 644882 644942 644946 644930 644988 644978 644922 644790 644664 644680 644716 644742 644800 644838 644854 644968 644970 644964 645004 644954 644640 644634 644644 644826 644978 644986 644590 644624 644594 644654 644852 644862 644842 644636 644582 644550 644614 644604 644634 644820 644908 645074 644978 644908 644746 644730 644690 644574 644582 644566 644546 644540 644610 644668 644662 644782 644792 644870 645092 645102 645118 645118 645118 645084 645096 644962 644644 644580 644540 644620 644716 644710 644694 644872 645118 645104 644904 644728 644732 644748 644660 644508 
644960 644960 644915 644907 644920 644919 644941 644997 645006 644985 644993 644962 644899 644936 644931 644978 645001 644889 644892 644880 644893 644918 644915 644947 645027 645005 644904 644899 644983 644988 645057 644881 644842 644999 645041 645062 645065 645040 644846 644831 644839 644927 644887 644879 644812 644932 645002 645044 645034 645026 645091 645086 645059 644993 644930 644938 644919 644932 644961 644980 644988 645045 645058 645055 645087 645075 644881 644878 644883 644974 645050 645091 644893 644873 644858 644888 644987 644992 644982 644916 644852 644836 644868 644863 644878 644971 645015 645122 645108 645052 644971 644963 644943 644848 644852 644844 644834 644831 644866 644895 644892 644952 644957 644996 645119 645124 645150 645147 645177 645161 645169 645100 644920 644888 644831 644871 644919 644916 644908 644997 645161 645170 645068 644962 644964 644972 644928 644815 
644960 644960 644915 644907 644920 644919 644941 644977 645006 644985 644993 644962 644899 644936 644931 644978 645001 644889 644892 644880 644893 644918 644915 644947 645007 645005 644904 644899 644963 644968 645057 644881 644842 644979 645021 645042 645065 645040 644846 644831 644839 644907 644887 644879 644812 644912 644982 645024 645014 645006 645071 645066 645059 644993 644930 644938 644899 644912 644941 644960 644968 645025 645038 645035 645067 645075 644861 644858 644863 644954 645030 645091 644893 644853 644838 644868 644967 644972 644962 644916 644832 644816 644848 644843 644858 644951 644995 645102 645128 645052 644971 644963 644943 644828 644832 644824 644814 644811 644846 644875 644872 644932 644937 644976 645099 645104 645130 645127 645157 645177 645169 645120 644920 644888 644811 644851 644899 644896 644888 644977 645141 645168 645068 644962 644964 644972 644928 644795 
0 641713 641623 641607 0 641631 641675 0 0 641763 641779 641717 641591 0 0 641749 641795 0 641577 641553 641579 641629 0 641687 0 641803 0 641591 0 641747 641907 641555 641477 0 0 641895 641923 641873 0 641455 0 0 641567 641551 641417 641635 0 0 0 641823 0 0 641911 641779 641653 641669 641609 0 641693 641731 0 0 0 0 0 641943 0 0 0 641719 641871 641975 641579 0 0 641547 0 0 0 641625 641475 0 0 0 0 0 641801 0 642015 641897 641735 641719 0 0 641475 641459 0 0 0 641561 0 0 0 0 0 0 0 0 0 0 642111 642015 641633 641569 0 641513 0 0 641587 641765 0 0 641919 641717 641721 0 641649 0 
0 644434 644427 644414 0 644406 644377 0 0 644439 644391 644568 644390 0 0 644346 644487 0 644325 644242 644281 644308 0 644253 0 644664 0 644251 0 644310 644583 644336 644208 0 0 644532 644607 644769 0 644186 0 0 644354 644330 644129 644142 0 0 0 644424 0 0 644859 644672 644483 644507 644103 0 644229 644286 0 0 0 0 0 644874 0 0 0 644268 644496 644922 644372 0 0 644010 0 0 0 644441 643902 0 0 0 0 0 644391 0 645047 644849 644606 644582 0 0 643902 643878 0 0 0 644031 0 0 0 0 0 0 0 0 0 0 644919 645055 644453 644357 0 643959 0 0 644070 644337 0 0 644897 644579 644585 0 644477 0 
0 642360 642414 642446 0 642374 642322 0 0 642362 642330 642508 642478 0 0 642300 642394 0 642320 642248 642274 642276 0 642238 0 642546 0 642238 0 642276 642458 642586 642268 0 0 642424 642474 642612 0 642294 0 0 642646 642630 642256 642164 0 0 0 642352 0 0 642636 642666 642684 642700 642138 0 642222 642260 0 0 0 0 0 642612 0 0 0 642248 642400 642612 642754 0 0 642076 0 0 0 642752 642004 0 0 0 0 0 642330 0 642612 642684 642780 642780 0 0 642004 641988 0 0 0 642090 0 0 0 0 0 0 0 0 0 0 642516 642612 642852 642840 0 642042 0 0 642116 642294 0 0 642708 642828 642804 0 642852 0 
0 642563 642617 642649 0 642577 642525 0 0 642565 642533 642711 642681 0 0 642503 642597 0 642523 642451 642477 642479 0 642441 0 642747 0 642441 0 642479 642651 642789 642471 0 0 642627 642651 642747 0 642497 0 0 642849 642833 642459 642367 0 0 0 642555 0 0 642771 642819 642887 642891 642341 0 642425 642463 0 0 0 0 0 642747 0 0 0 642451 642555 642747 642957 0 0 642279 0 0 0 642939 642207 0 0 0 0 0 642507 0 642747 642819 642915 642915 0 0 642207 642191 0 0 0 642293 0 0 0 0 0 0 0 0 0 0 642651 642747 642983 642963 0 642245 0 0 642319 642435 0 0 642843 642963 642939 0 642983 0 
0 636147 636120 636104 636091 636136 636158 0 636149 636146 636162 636073 636088 636153 636148 636177 636130 636106 636109 636097 636110 636135 0 636164 636150 636054 0 636116 636194 636189 636098 636034 636059 636178 636136 636115 636090 636019 0 636048 0 636250 636004 636012 636029 636245 636175 0 0 636151 0 636091 635976 635994 635985 635977 636258 636245 636216 636197 636189 636132 636119 0 636090 635984 636292 636299 636294 636203 636127 635968 635950 636304 636319 636289 636190 0 636195 635951 636287 636329 636309 636314 0 0 636162 0 635925 635935 635920 635928 635924 636307 636325 636327 636307 0 636299 636282 0 636225 636220 0 636058 0 0 0 0 0 635986 635917 635899 635907 636334 636294 0 0 636269 636180 0 635989 635895 635881 635903 635895 635891 636322 
0 643429 643348 643328 0 643364 643410 0 0 643466 643486 643395 643308 0 0 643471 643482 0 643337 643337 643350 643387 0 643440 0 643423 0 643368 0 643567 643511 643254 643275 0 0 643545 643495 643353 0 643252 0 0 643248 643240 643233 643655 0 0 0 643617 0 0 643267 643303 643283 643269 643678 0 643684 643667 0 0 0 0 0 643283 0 0 0 643697 643569 643251 643212 0 0 643744 0 0 0 643217 643683 0 0 0 0 0 643639 0 643165 643185 643155 643171 0 0 643732 643724 0 0 0 643775 0 0 0 0 0 0 0 0 0 0 643287 643149 643113 643129 0 643799 0 0 643788 643675 0 0 643105 643077 643121 0 643097 0 
644942 644942 644897 644889 644902 644901 644923 644981 644988 644967 644975 644944 644881 644918 644913 644960 644983 644871 644874 644862 644875 644900 644897 644929 645011 644987 644886 644881 645015 645020 645039 644863 644824 645055 645049 645046 645047 644978 644828 644813 644821 645055 644869 644861 644794 645060 645082 645076 645090 645082 645045 645050 644935 644953 644912 644920 645071 645084 645089 645084 645092 645091 645078 645081 645049 644943 645057 645102 645107 645102 645086 644927 644875 645097 645082 645112 645115 645120 645110 644898 645052 645060 645092 645087 645102 645123 645119 645014 644884 644894 644879 644887 644883 645072 645076 645068 645058 645055 645090 645119 645116 645152 645157 645140 645017 645012 644986 644989 644959 644937 644945 644876 644858 644866 645055 645095 645143 645140 645132 645139 644975 644948 644854 644840 644862 644854 644850 645039 
644951 644951 644906 644898 644911 644910 644932 644990 644997 644976 644984 644953 644890 644927 644922 644969 644992 644880 644883 644871 644884 644909 644906 644938 645020 644980 644895 644890 645024 645029 645024 644872 644833 645064 645058 645041 645016 644945 644837 644822 644830 645064 644878 644870 644803 645069 645091 645059 645069 645077 645012 645017 644902 644920 644911 644903 645080 645093 645098 645093 645101 645058 645045 645048 645016 644910 645066 645111 645116 645111 645053 644894 644876 645130 645115 645121 645116 645111 645119 644877 645061 645093 645125 645120 645135 645132 645088 644981 644851 644861 644846 644854 644850 645081 645109 645101 645091 645088 645123 645152 645149 645151 645146 645107 644984 644979 644953 644956 644926 644904 644912 644843 644825 644833 645088 645128 645176 645173 645165 645106 644942 644915 644821 644807 644829 644821 644817 645072 
0 641414 641324 641308 0 641332 641376 0 0 641464 641480 641388 641292 0 0 641450 641484 0 641278 641254 641280 641330 0 641388 0 641412 0 641292 0 641570 641508 641256 641178 0 0 641532 641508 641412 0 641156 0 0 641244 641244 641118 641650 0 0 0 641604 0 0 641388 641340 641268 641268 641672 0 641676 641652 0 0 0 0 0 641412 0 0 0 641676 641604 641412 641196 0 0 641726 0 0 0 641220 641630 0 0 0 0 0 641652 0 641412 641340 641244 641244 0 0 641678 641662 0 0 0 641744 0 0 0 0 0 0 0 0 0 0 641508 641412 641172 641148 0 641700 0 0 641744 641724 0 0 641316 641196 641220 0 641172 0 
0 644320 644140 644108 0 644156 644244 0 0 644420 644452 644306 644076 0 0 644392 644480 0 644048 644000 644052 644152 0 644268 0 644416 0 644076 0 644632 644616 644004 643848 0 0 644654 644632 644470 0 643804 0 0 644012 643996 643728 644788 0 0 0 644798 0 0 644376 644316 644122 644138 644800 0 644880 644850 0 0 0 0 0 644408 0 0 0 644906 644843 644344 643976 0 0 644703 0 0 0 644046 644559 0 0 0 0 0 644920 0 644172 644212 644120 644134 0 0 644559 644527 0 0 0 644719 0 0 0 0 0 0 0 0 0 0 644416 644140 643990 643918 0 644623 0 0 644745 644985 0 0 644052 643994 644062 0 643990 0 
644748 644748 644658 644642 644668 644666 644710 644826 644840 644798 644814 644752 644626 644700 644690 644784 644830 644606 644612 644588 644614 644664 644658 644722 644886 644838 644636 644626 644894 644904 644942 644590 644512 644944 644962 644956 644958 644902 644520 644490 644506 644800 644602 644586 644452 644810 644950 645016 645014 644998 645014 645004 644878 644814 644688 644704 644784 644810 644868 644906 644922 645036 645044 645038 645046 644902 644708 644702 644712 644894 645046 644902 644614 644692 644662 644722 644920 644930 644910 644660 644650 644618 644682 644672 644702 644888 644976 645046 644902 644830 644734 644734 644710 644642 644650 644634 644614 644608 644678 644736 644730 644850 644860 644938 645070 645070 645046 645046 645022 644998 644998 644894 644662 644604 644608 644688 644784 644778 644762 644940 645046 645022 644806 644686 644710 644710 644662 644576 
0 644423 644288 644264 644303 644300 644366 0 644561 644498 644522 644429 644240 644351 644336 644477 644546 644210 644219 644183 644222 644297 0 644384 644620 644558 0 644240 644562 644577 644714 644186 644069 644634 644710 644725 644738 644663 0 644036 0 644470 644204 644180 643979 644485 644667 0 0 644715 0 644797 644720 644522 644333 644357 644446 644485 644572 644625 644649 644772 644787 0 644848 644768 644332 644323 644338 644611 644787 644816 644222 644308 644263 644353 644650 0 644635 644291 644245 644197 644293 644278 0 0 644730 0 644891 644699 644456 644432 644372 644233 644245 644221 644191 0 644287 644374 0 644545 644560 0 644970 0 0 0 0 0 645038 644883 644303 644207 644182 644302 0 0 644413 644680 0 645065 644745 644429 644435 644459 644327 644134 
0 0 643817 0 0 0 643669 0 0 643781 0 644049 0 0 0 0 643861 0 643618 0 0 0 0 643483 0 0 0 643459 0 643614 0 0 643452 0 0 0 0 0 0 0 0 0 0 0 643386 0 0 0 0 0 0 0 0 644317 0 0 0 0 0 0 0 0 0 0 0 0 0 0 0 0 0 0 0 0 0 0 0 0 0 0 642958 0 0 0 0 0 643727 0 0 644553 0 0 0 0 0 0 0 0 0 0 0 0 0 0 0 0 0 0 0 0 0 0 0 0 0 0 0 0 0 0 0 0 644646 0 0 0 0 0 
0 642498 642552 642584 0 642512 642460 0 0 642500 642468 642646 642616 0 0 642438 642532 0 642458 642386 642412 642414 0 642376 0 642684 0 642376 0 642414 642596 642724 642406 0 0 642562 642612 642754 0 642432 0 0 642784 642768 642394 642302 0 0 0 642490 0 0 642786 642804 642822 642838 642276 0 642360 642398 0 0 0 0 0 642762 0 0 0 642386 642538 642762 642888 0 0 642214 0 0 0 642890 642142 0 0 0 0 0 642468 0 642762 642834 642930 642930 0 0 642142 642126 0 0 0 642228 0 0 0 0 0 0 0 0 0 0 642666 642762 642960 642896 0 642180 0 0 642254 642432 0 0 642858 642974 642954 0 642968 0 
0 642381 642435 642467 0 642395 642343 0 0 642383 642351 642529 642499 0 0 642321 642415 0 642341 642269 642295 642297 0 642259 0 642567 0 642259 0 642297 642479 642607 642289 0 0 642445 642495 642637 0 642315 0 0 642667 642651 642277 642185 0 0 0 642373 0 0 642667 642687 642705 642721 642159 0 642243 642281 0 0 0 0 0 642643 0 0 0 642269 642421 642643 642751 0 0 642097 0 0 0 642773 642025 0 0 0 0 0 642351 0 642643 642715 642811 642811 0 0 642025 642009 0 0 0 642111 0 0 0 0 0 0 0 0 0 0 642547 642643 642805 642741 0 642063 0 0 642137 642315 0 0 642739 642835 642835 0 642811 0 
0 644610 644664 644696 644722 644624 644572 0 644606 644612 644580 644758 644728 644562 644552 644550 644644 644660 644570 644498 644524 644526 0 644488 644604 644787 0 644488 644516 644526 644695 644836 644518 644548 644632 644666 644703 644822 0 644544 0 644404 644894 644878 644506 644414 644554 0 0 644594 0 644690 644877 644883 644928 644936 644388 644414 644472 644510 644526 644613 644638 0 644679 644857 644312 644306 644316 644498 644618 644826 644944 644296 644266 644326 644519 0 644514 644960 644254 644222 644286 644276 0 0 644559 0 644740 644904 645003 644995 644987 644246 644254 644238 644218 0 644282 644340 0 644448 644453 0 644670 0 0 0 0 0 644670 644724 644971 644939 644212 644292 0 0 644366 644505 0 644628 644872 645013 645008 645016 644979 644180 
0 642457 642511 642543 0 642471 642419 0 0 642459 642427 642605 642575 0 0 642397 642491 0 642417 642345 642371 642373 0 642335 0 642643 0 642335 0 642373 642555 642683 642365 0 0 642521 642571 642693 0 642391 0 0 642743 642727 642353 642261 0 0 0 642449 0 0 642717 642763 642781 642797 642235 0 642319 642357 0 0 0 0 0 642693 0 0 0 642345 642497 642693 642851 0 0 642173 0 0 0 642849 642101 0 0 0 0 0 642427 0 642693 642765 642861 642861 0 0 642101 642085 0 0 0 642187 0 0 0 0 0 0 0 0 0 0 642597 642693 642929 642903 0 642139 0 0 642213 642381 0 0 642789 642909 642885 0 642929 0 
0 637152 637080 637056 637052 637104 637152 0 637168 637162 637194 637016 637032 637152 637152 637200 637130 637056 637104 637128 637128 637152 0 637200 637170 636978 0 637152 637258 637248 637066 636938 637080 637226 637142 637100 637050 636908 0 637056 0 637368 636878 636894 637056 637360 637220 0 0 637172 0 637052 636822 636858 636840 636824 637386 637360 637302 637264 637248 637134 637108 0 637050 636838 637416 637464 637458 637276 637124 636806 636770 637478 637488 637448 637250 0 637260 636772 637440 637492 637468 637478 0 0 637194 0 636720 636740 636710 636726 636718 637464 637488 637488 637488 0 637448 637434 0 637320 637310 0 636986 0 0 0 0 0 636842 636704 636668 636684 637492 637438 0 0 637408 637230 0 636848 636660 636632 636676 636660 636652 637492 
