639310 639311 639297 639313 639295 639283 639265 639299 639286 639274 639258 639253 639287 639311 639308 639270 639260 639265 639268 639266 639254 639257 639267 639267 639264 639252 639272 639241 639223 639226 639163 639178 639263 639243 639261 639233 639230 639214 639242 639235 639235 639242 639234 639205 639218 639194 639189 639184 639154 639223 639229 639226 639225 639165 639135 639159 639080 639090 639209 639202 639212 639157 639144 639139 639118 639113 639044 639056 639074 639193 639185 639192 639196 639136 639133 639091 639026 639187 639165 639161 639182 639168 639180 639192 639065 639041 639036 639067 639032 638994 638994 639143 639149 639044 639147 639141 639136 639144 639017 639014 638996 638947 638926 638912 639126 639144 638968 638982 638886 639100 639075 639068 639119 639116 639095 639123 639115 638954 638911 638846 639052 639055 639100 638908 638893 638858 638889 638828 
0 644151 644155 644146 644141 644141 0 0 644094 644154 644155 0 0 0 0 644086 644066 0 0 0 0 0 644139 644153 644126 644054 644070 644076 0 0 0 0 644146 644108 644096 0 0 644120 644152 0 0 644058 644066 0 0 644080 0 0 644144 644150 0 644146 644096 644070 0 0 0 0 644136 644098 644070 644054 644076 0 0 644110 0 0 0 644151 644155 644102 0 0 0 0 644137 644143 0 644112 644106 644054 644054 0 644062 0 0 0 644140 0 644129 0 644112 644068 644132 644096 644062 644054 0 0 644068 644114 644151 0 644131 0 644060 0 0 644149 644154 644145 644102 0 644102 644084 644068 644080 0 0 644129 644154 644064 0 644054 0 0 0 
0 0 645052 645011 0 645056 0 0 0 645039 645000 0 0 0 0 644948 644918 0 0 0 0 0 644843 644800 644806 644784 644844 644973 0 0 0 0 644811 644752 644811 0 0 644926 644726 0 0 644754 644730 0 0 0 0 0 644842 644665 0 644682 644703 0 0 0 0 0 644636 644634 644664 0 644799 0 0 644772 0 0 0 644580 644550 644602 0 0 0 0 644680 644593 0 644504 644570 644532 0 0 644670 0 0 0 644658 0 0 0 644468 644643 644452 0 0 644460 0 0 644571 644524 644502 0 644441 0 644523 0 0 644378 644333 0 644386 0 0 644397 0 644517 0 0 0 644301 644331 0 644406 0 0 0 
0 0 0 644730 0 0 0 0 0 644598 0 0 0 0 0 0 0 0 0 0 0 0 0 0 0 644507 644575 0 0 0 0 0 644551 644507 644555 0 0 0 0 0 0 644479 0 0 0 0 0 0 0 0 0 0 0 0 0 0 0 0 644403 644379 0 0 0 0 0 644299 0 0 0 644344 0 644351 0 0 0 0 0 0 0 644261 644323 644255 0 0 0 0 0 0 644148 0 0 0 644225 644120 644219 0 0 644183 0 0 0 643969 643917 0 0 0 0 0 0 644126 0 0 0 0 0 0 0 0 0 0 0 644059 0 0 0 0 0 0 
0 644434 644430 644430 644424 644424 0 0 644380 644431 644428 0 0 0 0 644372 644352 0 0 0 0 0 644322 644302 644311 644288 644328 644362 0 0 0 0 644306 644270 644306 0 0 644406 644253 0 0 644268 644252 0 0 644366 0 0 644420 644215 0 644225 644234 644356 0 0 0 0 644196 644188 644208 644340 644362 0 0 644396 0 0 0 644156 644136 644168 0 0 0 0 644420 644158 0 644106 644148 644120 644144 0 644348 0 0 0 644418 0 644412 0 644082 644354 644074 644066 644056 644072 0 0 644354 644400 644434 0 644050 0 644346 0 0 644024 643991 643992 644024 0 644000 644030 644014 644366 0 0 643976 643971 643986 0 644340 0 0 0 
0 0 645079 645052 0 645091 0 0 0 645056 645019 0 0 0 0 644996 644966 0 0 0 0 0 644876 644823 644840 644804 644864 644969 0 0 0 0 644836 644777 644831 0 0 644953 644750 0 0 644774 644750 0 0 0 0 0 644867 644688 0 644710 644723 0 0 0 0 0 644669 644654 644684 0 644815 0 0 644794 0 0 0 644605 644573 644624 0 0 0 0 644711 644622 0 644531 644594 644552 0 0 644686 0 0 0 644685 0 0 0 644495 644659 644487 0 0 644480 0 0 644587 644548 644521 0 644484 0 644539 0 0 644401 644356 0 644408 0 0 644417 0 644533 0 0 0 644324 644351 0 644422 0 0 0 
0 643065 643074 643046 643073 643086 643087 643026 642995 643099 643084 643099 643002 0 0 643011 642991 0 643044 642955 0 0 642930 642889 642898 642883 642923 643026 0 0 643037 0 642902 642865 642901 0 0 643052 642840 642826 642821 642863 642847 0 0 643018 0 643034 643028 642802 0 642812 642829 642996 0 643020 0 643030 642783 642783 642803 642980 642990 642980 642974 642999 0 0 0 642743 642723 642763 0 0 0 642956 642992 642760 0 642699 642743 642715 642739 0 642940 642963 642954 0 642966 0 642982 642714 642675 642934 642661 642661 642651 642667 642916 0 642910 642917 642922 0 642670 0 642890 0 0 642611 642578 642591 642619 0 642595 642625 642609 642898 642905 642908 642597 642558 642581 0 642848 0 0 0 
0 642957 642965 642950 642965 642977 642980 642944 642884 642990 642999 642992 642932 0 0 642888 642868 0 642920 642844 0 0 642868 642827 642830 642806 642836 642902 0 0 642976 0 642840 642788 642824 0 0 642982 642778 642764 642759 642786 642770 0 0 642942 0 642958 642967 642740 0 642750 642752 642920 0 642944 0 642971 642720 642706 642726 642904 642914 642904 642898 642924 0 0 0 642681 642661 642686 0 0 0 642880 642931 642698 0 642624 642666 642638 642662 0 642864 642888 642878 0 642905 0 642923 642654 642600 642858 642596 642584 642574 642590 642840 0 642834 642844 642861 0 642608 0 642814 0 0 642549 642516 642529 642542 0 642518 642548 642532 642822 642844 642849 642537 642496 642504 0 642772 0 0 0 
0 644996 644996 644997 645012 645024 0 0 644867 645023 645026 0 0 0 0 644867 644837 0 0 0 0 0 644887 644810 644801 644765 644807 644876 0 0 0 0 644847 644738 644792 0 0 644956 644735 0 0 644735 644711 0 0 644896 0 0 644884 644693 0 644687 644684 644845 0 0 0 0 644636 644615 644645 644821 644818 0 0 644797 0 0 0 644588 644564 644585 0 0 0 0 644762 644633 0 644492 644555 644513 644549 0 644689 0 0 0 644698 0 644722 0 644456 644662 644450 644432 644417 644441 0 0 644590 644551 644566 0 644487 0 644542 0 0 644408 644345 644380 644369 0 644333 644378 644354 644536 0 0 644378 644321 644312 0 644425 0 0 0 
0 0 0 644837 0 0 0 0 0 645023 0 0 0 0 0 0 0 0 0 0 0 0 0 0 0 644579 644659 0 0 0 0 0 644549 644543 644615 0 0 0 0 0 0 644539 0 0 0 0 0 0 0 0 0 0 0 0 0 0 0 0 644403 644379 0 0 0 0 0 644887 0 0 0 644303 0 644339 0 0 0 0 0 0 0 644215 644299 644243 0 0 0 0 0 0 644757 0 0 0 644167 644719 644159 0 0 644147 0 0 0 644571 644489 0 0 0 0 0 0 643985 0 0 0 0 0 0 0 0 0 0 0 643905 0 0 0 0 0 0 
0 0 645037 644986 0 645037 0 0 0 645062 645071 0 0 0 0 644960 644930 0 0 0 0 0 644802 644763 644784 644768 644828 644975 0 0 0 0 644770 644739 644795 0 0 645025 644690 0 0 644738 644714 0 0 0 0 0 644929 644628 0 644650 644687 0 0 0 0 0 644609 644618 644648 0 644901 0 0 644876 0 0 0 644545 644513 644588 0 0 0 0 644757 644552 0 644489 644558 644516 0 0 644772 0 0 0 644747 0 0 0 644453 644745 644427 0 0 644444 0 0 644673 644626 644583 0 644402 0 644625 0 0 644341 644296 0 644372 0 0 644381 0 644619 0 0 0 644264 644315 0 644508 0 0 0 
0 643068 643060 643054 643082 643082 643087 643039 642966 643062 643045 643087 643015 0 0 642982 642962 0 643002 642926 0 0 642939 642884 642878 642854 642894 642972 0 0 642999 0 642910 642836 642872 0 0 642993 642834 642830 642820 642834 642818 0 0 642953 0 642969 642981 642806 0 642802 642800 642931 0 642955 0 643005 642768 642754 642774 642915 642925 642915 642909 642935 0 0 0 642736 642720 642734 0 0 0 642891 642965 642769 0 642672 642714 642686 642710 0 642875 642899 642889 0 642917 0 642957 642727 642648 642869 642644 642632 642622 642638 642851 0 642845 642855 642889 0 642679 0 642825 0 0 642616 642574 642600 642590 0 642566 642596 642580 642833 642855 642885 642608 642558 642552 0 642783 0 0 0 
0 630967 630979 630955 630967 630979 630979 630943 630955 631003 631015 630991 630931 0 0 630967 630967 0 630979 630955 0 0 630895 630883 630895 630919 630931 630991 0 0 630967 0 630883 630883 630907 0 0 631003 630859 630847 630847 630907 630895 0 0 631003 0 630991 630967 630835 0 630847 630871 630991 0 630979 0 630943 630835 630847 630871 630991 630979 630979 630967 630955 0 0 0 630811 630799 630835 0 0 0 630955 630907 630811 0 630799 630823 630835 630847 0 630943 630919 630919 0 630907 0 630895 630787 630787 630931 630775 630787 630799 630811 630919 0 630907 630871 630847 0 630763 0 630895 0 0 630739 630727 630727 630763 0 630751 630775 630775 630883 630847 630823 630727 630715 630763 0 630859 0 0 0 
644968 644965 644957 644972 644957 644945 644934 644970 644932 644932 644923 644922 644982 645010 645004 644912 644892 644914 644920 644892 644880 644886 644943 644936 644939 644915 644932 644878 644904 644910 644873 644872 644923 644897 644933 644862 644856 644886 644889 644855 644860 644895 644879 644832 644844 644846 644872 644862 644873 644831 644869 644863 644861 644824 644835 644848 644797 644806 644829 644815 644835 644808 644818 644808 644801 644815 644747 644773 644786 644793 644766 644795 644803 644802 644796 644771 644738 644777 644730 644733 644775 644747 644771 644795 644743 644743 644733 644771 644749 644698 644710 644717 644709 644725 644705 644693 644683 644699 644695 644689 644677 644651 644628 644629 644675 644699 644645 644673 644596 644638 644623 644610 644651 644645 644627 644657 644641 644641 644627 644563 644602 644595 644613 644597 644567 644569 644607 644536 
645062 645056 645040 645070 645040 645016 644998 645070 645047 644990 644972 644974 645088 645138 645135 645015 644995 645005 645011 645007 644983 644989 645080 645088 645097 645049 645065 644957 644947 644950 644874 644876 645064 645055 645091 644941 644935 644929 645041 645000 645010 645053 645037 644887 644911 644889 644903 644893 644878 644976 645027 645017 645019 644855 644843 644867 644778 644788 644987 644973 644993 644839 644837 644827 644809 644823 644742 644754 644772 644946 644918 644953 644961 644821 644815 644779 644724 644916 644870 644891 644933 644905 644929 644953 644751 644751 644741 644779 644756 644692 644692 644848 644867 644733 644863 644851 644841 644857 644703 644697 644685 644659 644624 644610 644808 644857 644653 644681 644584 644782 644775 644750 644809 644803 644785 644815 644799 644649 644635 644544 644734 644744 644771 644605 644575 644577 644613 644536 
0 0 0 645046 0 0 0 0 0 644975 0 0 0 0 0 645115 645085 0 0 0 0 0 644854 644869 644942 644948 645008 0 0 0 0 0 644830 644899 644965 0 0 0 0 0 0 644918 644894 0 0 0 0 0 0 0 0 0 644857 0 0 0 0 0 644754 644786 644828 0 0 0 0 644805 0 0 0 644659 644611 644752 0 0 0 0 0 644608 0 644649 644718 644696 0 0 0 0 0 0 644654 0 0 0 644613 644694 644578 0 0 644624 0 0 0 644555 644426 0 0 0 644574 0 0 644407 644398 0 644536 0 0 644561 0 644568 0 0 0 644350 644495 0 644457 0 0 0 
0 0 0 642585 0 0 0 0 0 642689 0 0 0 0 0 642651 642634 0 0 0 0 0 642461 642454 642493 642526 642566 0 0 0 0 0 642441 642478 642532 0 0 0 0 0 0 642506 642490 0 0 0 0 0 0 0 0 0 642460 0 0 0 0 0 642368 642411 642446 0 0 0 0 642672 0 0 0 642312 642284 642385 0 0 0 0 0 642295 0 642308 642359 642358 0 0 0 0 0 0 642609 0 0 0 642284 642639 642250 0 0 642310 0 0 0 642586 642533 0 0 0 642595 0 0 642156 642141 0 642241 0 0 642266 0 642603 0 0 0 642113 642224 0 642553 0 0 0 
644291 644288 644280 644271 644280 644268 644259 644235 644285 644255 644246 644247 644211 644240 644243 644293 644278 644288 644291 644254 644266 644272 644147 644140 644179 644182 644222 644264 644245 644242 644197 644198 644127 644148 644190 644248 644242 644250 644093 644059 644064 644162 644146 644218 644230 644230 644237 644232 644206 644035 644106 644073 644118 644210 644207 644219 644149 644154 644054 644071 644102 644194 644204 644194 644188 644197 644131 644137 644146 643998 643970 644049 644065 644188 644182 644170 644122 643981 643934 643982 644027 644014 644038 644062 644154 644161 644156 644175 644148 644106 644106 643923 643958 644148 643936 643950 643950 643966 644130 644124 644124 644115 644072 644065 643879 643939 644104 644126 644052 643842 643827 643814 643905 643902 643881 643920 643908 644110 644089 644032 643806 643799 643880 644088 644062 644070 644075 644028 
0 644995 645037 644944 644971 645001 0 0 645074 645004 644977 0 0 0 0 645114 645098 0 645124 645044 0 0 644752 644767 644848 644936 644996 645129 0 0 644830 0 644728 644839 644929 0 0 645001 644698 0 0 644906 644882 0 0 645041 0 0 644857 644596 0 644674 644821 644996 0 0 0 0 644653 644746 644816 644972 644967 0 644927 644872 0 0 0 644557 644509 644704 0 0 0 0 644605 644506 0 644581 644662 644684 644720 0 644840 0 0 0 644683 0 644557 0 644545 644813 644479 644569 644588 644612 0 0 644741 644614 644455 0 644344 0 644693 0 0 644305 644296 644257 644488 0 644452 644539 644525 644681 644506 644335 644233 644248 644483 0 644576 0 0 0 
642029 642023 642019 642025 642007 641995 641977 642013 642113 641993 641987 641965 642025 642083 642089 642109 642129 642083 642077 642149 642137 642134 642077 642123 642141 642185 642161 642095 641997 641991 641937 641915 642097 642171 642159 642110 642113 642015 642149 642141 642151 642195 642201 642089 642101 642055 642005 642015 641955 642153 642175 642169 642195 642053 641993 642005 641865 641875 642191 642217 642221 642065 642035 642045 642027 641977 641865 641853 641871 642168 642136 642225 642229 642050 642053 642021 641847 642134 642088 642184 642233 642269 642257 642245 642013 641941 641951 641949 641899 641839 641827 642066 642160 641995 642116 642176 642234 642262 641989 641992 641971 641889 641807 641781 642026 642122 641966 641939 641779 642000 641994 641968 642122 642128 642098 642164 642180 641935 641841 641750 641952 641962 642160 641907 641933 641826 641825 641742 
642030 642024 642020 642026 642008 641996 641978 642014 642114 641994 641988 641966 642026 642084 642090 642110 642130 642084 642078 642154 642142 642136 642078 642124 642142 642190 642162 642096 641998 641992 641938 641916 642098 642172 642160 642112 642118 642016 642150 642142 642152 642198 642202 642094 642106 642056 642006 642016 641956 642154 642176 642170 642196 642054 641994 642006 641866 641876 642192 642218 642222 642070 642036 642046 642028 641978 641866 641854 641872 642171 642139 642226 642230 642052 642058 642022 641848 642137 642091 642187 642234 642274 642262 642250 642014 641942 641952 641950 641900 641840 641828 642069 642163 641996 642119 642179 642237 642269 641990 641996 641972 641890 641808 641782 642029 642125 641968 641940 641780 642003 641997 641971 642125 642131 642101 642167 642183 641936 641842 641747 641955 641965 642163 641908 641938 641823 641826 641739 
642086 642080 642076 642082 642064 642052 642034 642070 642170 642050 642044 642022 642082 642140 642146 642166 642186 642140 642134 642209 642197 642192 642134 642180 642198 642245 642218 642152 642054 642048 641994 641972 642154 642228 642216 642168 642173 642072 642168 642124 642134 642254 642258 642149 642161 642112 642062 642072 642012 642100 642194 642152 642250 642110 642050 642062 641922 641932 642138 642200 642276 642125 642092 642102 642084 642034 641922 641910 641928 642074 642042 642172 642212 642108 642113 642078 641904 642040 641994 642090 642144 642219 642243 642267 642070 641998 642008 642006 641956 641896 641884 641972 642066 642052 642022 642082 642140 642171 642046 642052 642028 641946 641864 641838 641932 642028 642024 641996 641836 641906 641900 641874 642028 642034 642004 642070 642086 641992 641898 641808 641858 641868 642066 641964 641993 641884 641882 641824 
0 0 0 640942 0 0 0 0 0 640942 0 0 0 0 0 0 0 0 0 0 0 0 640942 640942 640942 640942 640942 0 0 0 0 0 640942 640942 640942 0 0 0 0 0 0 640942 0 0 0 0 0 0 0 0 0 0 640942 0 0 0 0 0 640882 640906 640942 0 0 0 0 640942 0 0 0 640834 640810 640882 0 0 0 0 0 640834 0 640810 640858 640882 0 0 0 0 0 0 640942 0 0 0 640786 640942 640762 0 0 640834 0 0 0 640942 640942 0 0 0 640942 0 0 640690 640666 0 0 0 0 640762 0 0 0 0 0 640642 640738 0 640942 0 0 0 
0 0 0 642724 0 0 0 0 0 642724 0 0 0 0 0 0 0 0 0 0 0 0 642724 642724 642715 642643 642659 0 0 0 0 0 642724 642697 642685 0 0 0 0 0 0 642647 0 0 0 0 0 0 0 0 0 0 642685 0 0 0 0 0 642722 642687 642659 0 0 0 0 642699 0 0 0 642724 642724 642691 0 0 0 0 0 642724 0 642701 642695 642643 0 0 0 0 0 0 642724 0 0 0 642701 642657 642720 0 0 642643 0 0 0 642703 642724 0 0 0 642649 0 0 642724 642724 0 0 0 0 642673 0 0 0 0 0 642724 642653 0 642643 0 0 0 
0 0 0 638882 0 0 0 0 0 638898 0 0 0 0 0 0 0 0 0 0 0 0 638874 638908 638916 638880 638888 0 0 0 0 0 638882 638907 638901 0 0 0 0 0 0 638882 0 0 0 0 0 0 0 0 0 0 638901 0 0 0 0 0 638919 638902 638888 0 0 0 0 638908 0 0 0 638911 638904 638904 0 0 0 0 0 638878 0 638909 638906 638880 0 0 0 0 0 0 638917 0 0 0 638909 638887 638919 0 0 638880 0 0 0 638910 638892 0 0 0 638883 0 0 638887 638893 0 0 0 0 638895 0 0 0 0 0 638873 638885 0 638880 0 0 0 
0 0 0 0 0 0 0 0 0 0 0 0 0 0 0 0 0 0 0 0 0 0 0 0 0 639998 0 0 0 0 0 0 0 0 0 0 0 0 0 0 0 0 0 0 0 0 0 0 0 0 0 0 0 0 0 0 0 0 0 0 0 0 0 0 0 0 0 0 0 0 0 0 0 0 0 0 0 0 0 0 0 0 0 0 0 0 0 0 0 0 0 0 0 0 0 0 0 0 0 0 0 0 0 0 0 0 0 0 0 0 0 0 0 0 0 0 0 0 0 0 0 0 0 0 0 0 0 0 
0 0 0 0 0 0 0 0 0 0 0 0 0 0 0 0 0 0 0 0 0 0 0 0 0 641705 641705 0 0 0 0 0 0 641645 641693 0 0 0 0 0 0 641693 0 0 0 0 0 0 0 0 0 0 0 0 0 0 0 0 641549 641573 0 0 0 0 0 0 0 0 0 0 0 0 0 0 0 0 0 0 0 641477 0 641549 0 0 0 0 0 0 0 0 0 0 641453 0 0 0 0 641501 0 0 0 0 0 0 0 0 0 0 0 641357 0 0 0 0 0 0 0 0 0 0 0 0 0 0 0 0 0 0 
0 0 645014 644915 0 644978 0 0 0 645075 645094 0 0 0 0 645005 644975 0 0 0 0 0 644723 644738 644803 644813 644873 645062 0 0 0 0 644699 644774 644840 0 0 645102 644669 0 0 644783 644759 0 0 0 0 0 644980 644567 0 644645 644732 0 0 0 0 0 644618 644661 644693 0 644998 0 0 644963 0 0 0 644528 644480 644627 0 0 0 0 644728 644477 0 644522 644593 644561 0 0 644869 0 0 0 644804 0 0 0 644486 644842 644440 0 0 644489 0 0 644770 644709 644578 0 644315 0 644722 0 0 644276 644267 0 644411 0 0 644426 0 644716 0 0 0 644219 644360 0 644605 0 0 0 
643577 643574 643602 643545 643566 643590 643581 643509 643539 643636 643651 643604 643485 643514 643515 643559 643549 643590 643593 643516 643540 643546 643421 643414 643435 643444 643479 643601 643644 643647 643602 643603 643401 643402 643444 643593 643587 643635 643367 643333 643338 643424 643405 643611 643599 643615 643622 643617 643611 643309 643364 643347 643372 643598 643592 643604 643554 643559 643320 643325 643359 643587 643589 643584 643575 643582 643536 643542 643551 643272 643244 643303 643319 643581 643575 643560 643527 643255 643208 643236 643281 643276 643300 643324 643546 643546 643541 643560 643549 643511 643511 643197 643212 643537 643198 643204 643211 643228 643522 643517 643513 643500 643477 643470 643153 643195 643497 643511 643457 643116 643101 643088 643159 643156 643135 643174 643166 643495 643488 643437 643080 643073 643140 643473 643455 643459 643478 643433 
643614 643611 643639 643582 643603 643627 643618 643546 643570 643686 643701 643642 643522 643549 643546 643590 643578 643621 643624 643542 643566 643572 643458 643451 643466 643470 643510 643633 643700 643703 643664 643665 643438 643433 643475 643620 643614 643691 643404 643370 643375 643450 643434 643650 643638 643671 643678 643673 643667 643346 643395 643380 643403 643654 643648 643660 643616 643621 643351 643356 643390 643638 643645 643638 643631 643638 643598 643604 643613 643309 643281 643334 643350 643632 643626 643614 643589 643292 643245 643267 643312 643302 643326 643350 643598 643602 643597 643616 643605 643573 643573 643234 643243 643592 643229 643235 643238 643254 643574 643568 643568 643556 643539 643532 643190 643226 643548 643567 643519 643153 643138 643125 643190 643187 643166 643205 643196 643551 643544 643499 643117 643110 643168 643529 643506 643515 643534 643495 
0 644858 644890 644827 644866 644902 0 0 644731 644963 644996 0 0 0 0 644755 644725 0 644821 644671 0 0 644651 644598 644599 644563 644623 644812 0 0 645073 0 644611 644536 644590 0 0 644986 644525 0 0 644533 644509 0 0 644926 0 0 645062 644463 0 644485 644482 644927 0 0 0 0 644434 644413 644443 644903 644948 0 644954 645019 0 0 0 644380 644348 644383 0 0 0 0 644978 644397 0 644290 644353 644311 644347 0 644935 0 0 0 644946 0 644930 0 644254 644910 644248 644230 644215 644239 0 0 644838 644799 644788 0 644247 0 644790 0 0 644176 644131 644144 644167 0 644131 644176 644152 644784 644763 644708 644136 644099 644110 0 644673 0 0 0 
642763 642766 642775 642747 642774 642787 642794 642733 642697 642800 642809 642806 642709 642682 642679 642713 642693 642740 642746 642657 642681 642687 642631 642590 642599 642585 642625 642728 642786 642789 642762 642805 642603 642566 642603 642712 642706 642777 642541 642527 642522 642565 642549 642730 642718 642744 642764 642759 642753 642503 642528 642513 642531 642722 642734 642746 642756 642757 642484 642485 642505 642706 642716 642706 642700 642724 642708 642744 642741 642444 642424 642465 642473 642700 642694 642682 642717 642461 642412 642400 642445 642417 642441 642465 642666 642688 642680 642702 642691 642685 642709 642421 642376 642660 642362 642363 642353 642369 642642 642636 642636 642642 642647 642672 642371 642359 642616 642644 642643 642312 642279 642292 642321 642315 642297 642327 642311 642624 642630 642639 642300 642259 642283 642604 642574 642601 642620 642595 
0 0 0 644985 0 0 0 0 0 644889 0 0 0 0 0 0 0 0 0 0 0 0 0 0 0 644987 644979 0 0 0 0 0 645129 645113 645053 0 0 0 0 0 0 645015 0 0 0 0 0 0 0 0 0 0 0 0 0 0 0 0 645059 645057 0 0 0 0 0 644731 0 0 0 645011 0 645037 0 0 0 0 0 645011 0 644975 645017 644989 0 0 0 0 0 0 644649 0 0 0 644951 644641 644939 0 0 644941 0 0 0 644567 644529 0 0 0 0 0 0 644867 0 0 0 0 0 0 0 0 0 0 0 644819 0 0 644483 0 0 0 
0 0 0 0 0 0 0 0 0 0 0 0 0 0 0 0 0 0 0 0 0 0 0 0 0 634660 0 0 0 0 0 0 0 634669 634669 0 0 0 0 0 0 0 0 0 0 0 0 0 0 0 0 0 0 0 0 0 0 0 0 634669 0 0 0 0 0 0 0 0 0 0 0 0 0 0 0 0 0 0 0 634638 0 634660 0 0 0 0 0 0 0 0 0 0 0 0 0 0 0 0 0 0 0 0 0 0 0 0 0 0 0 0 0 0 0 0 0 0 0 0 0 0 0 0 0 0 0 0 0 0 
0 0 0 0 0 0 0 0 0 0 0 0 0 0 0 0 0 0 0 0 0 0 0 0 0 644828 644844 0 0 0 0 0 0 644856 644868 0 0 0 0 0 0 644832 0 0 0 0 0 0 0 0 0 0 0 0 0 0 0 0 644828 644866 0 0 0 0 0 0 0 0 0 0 0 0 0 0 0 0 0 0 0 644852 0 644828 0 0 0 0 0 0 0 0 0 0 644852 0 0 0 0 644828 0 0 0 0 0 0 0 0 0 0 0 644788 0 0 0 0 0 0 0 0 0 0 0 0 0 0 0 0 0 0 
642517 642511 642507 642513 642495 642483 642465 642501 642601 642481 642475 642453 642513 642571 642577 642597 642617 642571 642565 642637 642625 642622 642565 642611 642629 642673 642649 642583 642485 642479 642425 642403 642585 642659 642647 642598 642601 642503 642583 642539 642549 642683 642689 642577 642589 642543 642493 642503 642443 642515 642609 642567 642665 642541 642481 642493 642353 642363 642553 642615 642691 642553 642523 642533 642515 642465 642353 642341 642359 642489 642457 642587 642627 642538 642541 642509 642335 642455 642409 642505 642559 642631 642655 642679 642501 642429 642439 642437 642387 642327 642315 642387 642481 642483 642437 642497 642555 642583 642477 642480 642459 642377 642295 642269 642347 642443 642454 642427 642267 642321 642315 642289 642443 642449 642419 642485 642501 642423 642329 642234 642273 642283 642481 642395 642421 642310 642313 642226 
634136 634133 634137 634128 634125 634125 634116 634116 634172 634136 634139 634116 634116 634145 634148 634176 634186 634169 634166 634186 634186 634186 634124 634141 634156 634186 634184 634181 634150 634147 634103 634104 634128 634165 634171 634186 634186 634159 634142 634132 634137 634186 634186 634186 634186 634179 634149 634154 634112 634132 634155 634146 634171 634173 634131 634143 634055 634060 634151 634170 634184 634175 634158 634163 634148 634117 634037 634043 634052 634143 634139 634168 634176 634163 634163 634139 634028 634126 634127 634163 634166 634186 634186 634186 634127 634081 634086 634091 634054 634012 634012 634116 634163 634114 634153 634171 634186 634186 634103 634103 634090 634031 633978 633971 634120 634156 634079 634068 633958 634131 634140 634127 634168 634171 634168 634177 634185 634060 633995 633938 634119 634136 634186 634034 634043 633976 633981 633934 
0 0 644934 644835 0 644898 0 0 0 645003 645039 0 0 0 0 644925 644895 0 0 0 0 0 644643 644658 644725 644733 644793 644982 0 0 0 0 644619 644696 644760 0 0 645097 644589 0 0 644703 644679 0 0 0 0 0 645025 644487 0 644564 644652 0 0 0 0 0 644538 644583 644613 0 645043 0 0 645012 0 0 0 644448 644400 644549 0 0 0 0 644775 644397 0 644444 644515 644481 0 0 644916 0 0 0 644849 0 0 0 644408 644889 644362 0 0 644409 0 0 644817 644758 644625 0 644235 0 644769 0 0 644196 644187 0 644333 0 0 644346 0 644763 0 0 0 644139 644280 0 644652 0 0 0 
0 0 644560 644611 0 644530 0 0 0 644487 644454 0 0 0 0 644522 644492 0 0 0 0 0 644775 644836 644794 644618 644606 644435 0 0 0 0 644811 644791 644717 0 0 644393 644885 0 0 644660 644704 0 0 0 0 0 644312 644825 0 644864 644797 0 0 0 0 0 644830 644802 644758 0 644255 0 0 644234 0 0 0 644792 644764 644784 0 0 0 0 644092 644759 0 644727 644766 644712 0 0 644126 0 0 0 644128 0 0 0 644703 644099 644706 0 0 644664 0 0 644027 643988 643942 0 644645 0 643979 0 0 644630 644621 0 644640 0 0 644637 0 643973 0 0 0 644593 644583 0 643862 0 0 0 
0 644893 644865 644922 644895 644871 644855 644927 644848 644818 644791 644831 644951 0 0 644816 644796 0 644812 644808 0 0 645038 645053 645000 644880 644872 644758 0 0 644696 0 645066 645006 644946 0 0 644730 645100 645134 645129 644908 644940 0 0 644690 0 644694 644682 645134 0 645116 645018 644656 0 644668 0 644645 645106 645068 644992 644640 644638 644628 644610 644624 0 0 0 645086 645067 645072 0 0 0 644580 644581 645100 0 645022 645064 645024 645024 0 644552 644552 644542 0 644558 0 644549 645035 644998 644534 644994 644982 644972 644988 644504 0 644486 644460 644461 0 644995 0 644454 0 0 644955 644922 644933 644940 0 644916 644946 644930 644450 644436 644401 644921 644902 644902 0 644376 0 0 0 
0 644912 644880 644943 644920 644896 644880 644952 644858 644834 644804 644856 644976 0 0 644826 644806 0 644822 644818 0 0 645064 645064 645010 644890 644882 644768 0 0 644710 0 645087 645016 644956 0 0 644740 645107 645139 645129 644918 644950 0 0 644700 0 644704 644692 645140 0 645111 645028 644666 0 644678 0 644670 645102 645063 645002 644650 644648 644638 644620 644634 0 0 0 645070 645054 645068 0 0 0 644590 644606 645098 0 645006 645048 645020 645019 0 644562 644562 644552 0 644568 0 644574 645034 644982 644544 644978 644966 644956 644972 644514 0 644496 644470 644480 0 644994 0 644464 0 0 644950 644908 644930 644924 0 644900 644930 644914 644460 644446 644426 644920 644892 644886 0 644386 0 0 0 
0 0 0 0 0 0 0 0 0 0 0 0 0 0 0 0 0 0 0 0 0 0 0 0 0 643424 643428 0 0 0 0 0 0 643414 643428 0 0 0 0 0 0 643428 0 0 0 0 0 0 0 0 0 0 0 0 0 0 0 0 643318 643342 0 0 0 0 0 0 0 0 0 0 0 0 0 0 0 0 0 0 0 643246 0 643314 0 0 0 0 0 0 0 0 0 0 643222 0 0 0 0 643266 0 0 0 0 0 0 0 0 0 0 0 643126 0 0 0 0 0 0 0 0 0 0 0 0 0 0 0 0 0 0 
0 0 0 640543 0 0 0 0 0 640543 0 0 0 0 0 640543 640543 0 0 0 0 0 640543 640543 640543 640543 640543 0 0 0 0 0 640543 640543 640543 0 0 0 0 0 0 640543 640543 0 0 0 0 0 0 0 0 0 640527 0 0 0 0 0 640455 640479 640527 0 0 0 0 640543 0 0 0 640407 640383 640455 0 0 0 0 0 640407 0 640383 640431 640455 0 0 0 0 0 0 640543 0 0 0 640359 640543 640335 0 0 640407 0 0 0 640543 640543 0 0 0 640543 0 0 640263 640239 0 640311 0 0 640335 0 640543 0 0 0 640215 640311 0 640543 0 0 0 
642277 642271 642267 642273 642255 642243 642225 642261 642361 642241 642235 642213 642273 642331 642337 642357 642377 642331 642325 642395 642383 642383 642235 642245 642299 642413 642409 642343 642245 642239 642185 642163 642219 642293 642353 642359 642359 642263 642199 642155 642165 642389 642359 642335 642347 642303 642253 642263 642203 642131 642225 642183 642281 642301 642241 642253 642113 642123 642169 642231 642307 642311 642283 642293 642275 642225 642113 642101 642119 642105 642073 642203 642243 642299 642299 642269 642095 642071 642025 642121 642175 642245 642269 642293 642261 642189 642199 642197 642147 642087 642075 642003 642097 642243 642053 642113 642171 642197 642237 642239 642219 642137 642055 642029 641963 642059 642215 642187 642027 641937 641931 641905 642059 642065 642035 642101 642117 642183 642089 641993 641889 641899 642097 642155 642179 642069 642073 641985 
639183 639177 639185 639167 639161 639161 639143 639143 639255 639183 639189 639143 639143 639201 639207 639263 639283 639249 639243 639288 639288 639286 639159 639193 639223 639288 639279 639273 639211 639205 639187 639141 639167 639241 639253 639286 639288 639229 639195 639175 639185 639287 639283 639288 639288 639269 639231 639241 639205 639175 639221 639203 639253 639279 639243 639243 639139 639149 639213 639251 639279 639288 639273 639283 639277 639239 639175 639139 639157 639197 639189 639247 639263 639286 639288 639283 639157 639163 639165 639237 639243 639288 639288 639288 639285 639239 639249 639235 639209 639173 639149 639143 639237 639281 639217 639253 639285 639288 639285 639288 639281 639235 639177 639139 639151 639223 639286 639261 639161 639173 639191 639165 639247 639253 639247 639265 639281 639269 639211 639145 639149 639183 639284 639265 639288 639221 639207 639185 
0 641407 641431 641383 641407 641431 0 0 641383 641479 641503 0 0 0 0 641407 641407 0 0 0 0 0 641263 641239 641263 641311 641335 641455 0 0 0 0 641239 641239 641287 0 0 641527 641191 0 0 641287 641263 0 0 641527 0 0 641599 641143 0 641167 641215 641551 0 0 0 0 641143 641167 641215 641551 641575 0 0 641623 0 0 0 641095 641071 641143 0 0 0 0 641719 641095 0 641071 641119 641143 641167 0 641647 0 0 0 641719 0 641743 0 641047 641671 641023 641047 641071 641095 0 0 641719 641791 641839 0 640999 0 641743 0 0 640951 640927 640927 640999 0 640975 641023 641023 641767 0 0 640927 640903 640999 0 641815 0 0 0 
642876 642882 642874 642892 642898 642898 642894 642894 642804 642876 642870 642894 642894 642858 642852 642796 642776 642810 642816 642764 642764 642770 642852 642794 642788 642764 642780 642786 642846 642852 642834 642879 642820 642746 642782 642770 642764 642828 642744 642740 642730 642744 642728 642764 642764 642788 642814 642804 642816 642716 642718 642712 642710 642766 642778 642790 642830 642835 642678 642664 642684 642750 642760 642750 642744 642770 642786 642818 642826 642646 642630 642644 642652 642744 642738 642726 642802 642680 642630 642582 642624 642596 642620 642644 642710 642734 642724 642750 642752 642764 642787 642630 642558 642704 642554 642542 642532 642548 642686 642680 642680 642690 642724 642746 642586 642548 642660 642688 642728 642526 642484 642510 642500 642494 642476 642506 642490 642668 642690 642713 642513 642468 642462 642648 642618 642656 642682 642668 
0 643936 643964 643907 643928 643952 643943 643871 643951 644011 644027 643967 643847 0 0 643973 643953 0 643993 643917 0 0 643783 643776 643815 643845 643885 644011 0 0 644052 0 643763 643800 643854 0 0 644059 643729 643695 643700 643825 643809 0 0 644064 0 644077 644061 643671 0 643709 643782 644066 0 644090 0 644009 643690 643733 643765 644050 644084 644074 644070 644066 0 0 0 643634 643606 643707 0 0 0 644052 643977 643617 0 643630 643681 643677 643701 0 644036 644030 644035 0 644003 0 643961 643559 643606 644030 643572 643614 643613 643629 644012 0 644006 643980 643927 0 643515 0 643986 0 0 643478 643463 643450 643563 0 643539 643587 643571 643994 643944 643887 643442 643435 643543 0 643944 0 0 0 
0 0 644832 644733 0 644796 0 0 0 644901 644946 0 0 0 0 644771 644741 0 0 0 0 0 644541 644556 644603 644579 644639 644828 0 0 0 0 644517 644552 644606 0 0 644996 644487 0 0 644549 644525 0 0 0 0 0 645076 644385 0 644455 644498 0 0 0 0 0 644424 644429 644459 0 645008 0 0 645055 0 0 0 644344 644298 644399 0 0 0 0 644954 644295 0 644306 644369 644327 0 0 644971 0 0 0 645018 0 0 0 644270 644968 644246 0 0 644255 0 0 644944 644913 644812 0 644133 0 644904 0 0 644094 644085 0 644183 0 0 644192 0 644898 0 0 0 644037 644126 0 644787 0 0 0 
0 0 644700 644797 0 644724 0 0 0 644631 644586 0 0 0 0 644619 644589 0 0 0 0 0 644975 644976 644895 644715 644703 644532 0 0 0 0 645013 644904 644814 0 0 644490 645045 0 0 644757 644805 0 0 0 0 0 644418 645129 0 645069 644922 0 0 0 0 0 645072 644997 644883 0 644352 0 0 644331 0 0 0 645072 645048 645021 0 0 0 0 644290 645115 0 644976 645023 644949 0 0 644223 0 0 0 644232 0 0 0 644940 644196 644934 0 0 644925 0 0 644124 644085 644100 0 644961 0 644076 0 0 644892 644829 0 644853 0 0 644862 0 644070 0 0 0 644805 644796 0 643959 0 0 0 
644843 644837 644821 644851 644821 644797 644779 644851 644939 644771 644753 644755 644875 644933 644939 644919 644916 644885 644879 644928 644904 644910 644963 645021 645027 645000 644992 644876 644751 644745 644655 644657 644995 645069 645033 644862 644856 644769 645071 645075 645085 645028 645060 644808 644832 644802 644747 644757 644673 645061 645097 645103 645105 644776 644711 644735 644559 644569 645099 645151 645112 644760 644756 644748 644730 644683 644523 644535 644553 645035 645003 645133 645159 644742 644736 644700 644505 645001 644955 645051 645105 645130 645144 645120 644672 644611 644621 644631 644557 644473 644473 644933 645027 644654 644983 645043 645066 645082 644624 644618 644606 644511 644405 644391 644893 644989 644574 644582 644365 644867 644861 644835 644989 644995 644965 645026 645024 644562 644439 644325 644819 644829 644996 644512 644496 644401 644411 644317 
0 0 634245 634272 0 634215 0 0 0 634196 634175 0 0 0 0 634229 634209 0 0 0 0 0 634380 634441 634413 634293 634285 634171 0 0 0 0 634416 634419 634359 0 0 634143 634490 0 0 634321 634353 0 0 0 0 0 634087 634432 0 634474 634431 0 0 0 0 0 634451 634437 634405 0 634051 0 0 634037 0 0 0 634399 634371 634417 0 0 0 0 633921 634366 0 634355 634397 634369 0 0 633965 0 0 0 633967 0 0 0 634331 633947 634327 0 0 634321 0 0 633899 633873 633831 0 634252 0 633867 0 0 634237 634228 0 634273 0 0 634279 0 633863 0 0 0 634200 634235 0 633789 0 0 0 
0 0 0 631913 0 0 0 0 0 631881 0 0 0 0 0 0 0 0 0 0 0 0 631965 632011 632029 631997 632001 0 0 0 0 0 631985 632059 632043 0 0 0 0 0 0 632013 0 0 0 0 0 0 0 0 0 0 632079 0 0 0 0 0 632021 632068 632061 0 0 0 0 631865 0 0 0 631981 631961 632054 0 0 0 0 0 631947 0 632009 632039 632023 0 0 0 0 0 0 631787 0 0 0 631997 631831 631965 0 0 631999 0 0 0 631777 631695 0 0 0 631787 0 0 631885 631891 0 0 0 0 631991 0 0 0 0 0 631871 631961 0 631745 0 0 0 
0 643001 643025 642977 643001 643025 0 0 642977 643073 643097 0 0 0 0 643001 643001 0 0 0 0 0 642857 642833 642857 642903 642929 643049 0 0 0 0 642833 642833 642881 0 0 643121 642785 0 0 642881 642857 0 0 643121 0 0 643193 642737 0 642761 642809 643145 0 0 0 0 642737 642761 642809 643143 643169 0 0 643217 0 0 0 642689 642665 642737 0 0 0 0 643313 642689 0 642665 642713 642735 642759 0 643241 0 0 0 643313 0 643337 0 642641 643265 642617 642641 642665 642687 0 0 643313 643385 643428 0 642593 0 643337 0 0 642545 642521 642521 642593 0 642569 642617 642617 643361 0 0 642521 642497 642593 0 643407 0 0 0 
643482 643479 643495 643457 643471 643483 643474 643421 643463 643518 643533 643486 643397 643426 643429 643476 643466 643495 643498 643437 643454 643460 643333 643326 643359 643365 643403 643495 643556 643553 643556 643533 643313 643326 643368 643484 643478 643553 643279 643245 643250 643345 643329 643502 643490 643533 643564 643559 643565 643221 643288 643259 643296 643540 643558 643570 643508 643513 643240 643249 643283 643526 643555 643550 643541 643548 643490 643496 643505 643184 643156 643227 643243 643544 643538 643526 643481 643167 643120 643160 643205 643197 643221 643245 643510 643512 643507 643526 643507 643465 643465 643109 643136 643503 643122 643128 643133 643149 643486 643480 643479 643466 643431 643424 643065 643119 643460 643477 643411 643028 643013 643000 643083 643080 643059 643098 643090 643461 643448 643391 642992 642985 643063 643439 643418 643425 643434 643387 
0 643764 643792 643735 643756 643780 643771 643699 643767 643839 643866 643795 643675 0 0 643784 643764 0 643821 643728 0 0 643611 643604 643643 643656 643696 643822 0 0 643878 0 643591 643628 643672 0 0 643910 643557 643523 643528 643636 643620 0 0 643898 0 643916 643887 643499 0 643537 643600 643888 0 643917 0 643835 643518 643553 643576 643872 643894 643884 643879 643892 0 0 0 643462 643434 643531 0 0 0 643861 643803 643445 0 643458 643509 643488 643512 0 643845 643856 643855 0 643829 0 643787 643387 643434 643839 643400 643432 643424 643440 643821 0 643815 643806 643753 0 643343 0 643795 0 0 643306 643291 643278 643387 0 643363 643398 643382 643803 643770 643713 643270 643263 643354 0 643753 0 0 0 
643479 643482 643466 643499 643490 643478 643479 643515 643455 643443 643428 643467 643527 643506 643503 643436 643416 643434 643437 643416 643404 643410 643516 643475 643484 643452 643456 643402 643405 643408 643381 643418 643488 643451 643493 643386 643380 643396 643426 643412 643407 643457 643441 643356 643368 643370 643383 643378 643372 643388 643413 643398 643421 643348 643353 643365 643369 643374 643369 643374 643397 643332 643342 643332 643326 643343 643327 643357 643360 643329 643309 643352 643365 643326 643320 643308 643336 643346 643297 643285 643330 643309 643333 643357 643292 643307 643302 643321 643310 643304 643326 643300 643261 643286 643247 643253 643245 643261 643268 643262 643262 643261 643266 643285 643256 643244 643242 643270 643262 643197 643164 643177 643208 643205 643184 643219 643203 643250 643249 643252 643183 643144 643175 643230 643200 643220 643239 643214 
0 644300 644320 644281 644308 644332 644323 644251 644226 644369 644390 644347 644227 0 0 644242 644222 0 644286 644186 0 0 644163 644124 644133 644114 644154 644280 0 0 644415 0 644137 644096 644132 0 0 644394 644075 644061 644056 644094 644078 0 0 644356 0 644384 644406 644037 0 644047 644060 644346 0 644382 0 644422 644018 644014 644034 644330 644352 644342 644348 644386 0 0 0 643978 643958 643994 0 0 0 644342 644391 643995 0 643932 643974 643946 643970 0 644338 644363 644353 0 644369 0 644375 643939 643908 644333 643896 643892 643882 643898 644315 0 644309 644319 644325 0 643895 0 644289 0 0 643846 643813 643826 643850 0 643826 643856 643840 644297 644308 644301 643822 643793 643812 0 644247 0 0 0 
0 0 0 0 0 0 0 0 0 0 0 0 0 0 0 0 0 0 0 0 0 0 0 0 0 637718 637726 0 0 0 0 0 0 637745 637739 0 0 0 0 0 0 637720 0 0 0 0 0 0 0 0 0 0 0 0 0 0 0 0 637731 637740 0 0 0 0 0 0 0 0 0 0 0 0 0 0 0 0 0 0 0 637743 0 637718 0 0 0 0 0 0 0 0 0 0 637743 0 0 0 0 637718 0 0 0 0 0 0 0 0 0 0 0 637680 0 0 0 0 0 0 0 0 0 0 0 0 0 0 0 0 0 0 
0 0 0 0 0 0 0 0 0 0 0 0 0 0 0 0 0 0 0 0 0 0 0 0 0 634695 0 0 0 0 0 0 0 634694 634695 0 0 0 0 0 0 0 0 0 0 0 0 0 0 0 0 0 0 0 0 0 0 0 0 634695 0 0 0 0 0 0 0 0 0 0 0 0 0 0 0 0 0 0 0 634654 0 634695 0 0 0 0 0 0 0 0 0 0 0 0 0 0 0 0 0 0 0 0 0 0 0 0 0 0 0 0 0 0 0 0 0 0 0 0 0 0 0 0 0 0 0 0 0 0 
0 0 0 627330 0 0 0 0 0 627306 0 0 0 0 0 0 0 0 0 0 0 0 627378 627439 627457 627477 627465 0 0 0 0 0 627402 627487 627475 0 0 0 0 0 0 627489 0 0 0 0 0 0 0 0 0 0 627511 0 0 0 0 0 627459 627519 627525 0 0 0 0 627293 0 0 0 627395 627363 627493 0 0 0 0 0 627348 0 627411 627465 627513 0 0 0 0 0 0 627215 0 0 0 627387 627297 627343 0 0 627465 0 0 0 627205 627117 0 0 0 627261 0 0 627184 627174 0 0 0 0 627391 0 0 0 0 0 627127 627358 0 627225 0 0 0 
0 641764 641796 641730 641748 641772 0 0 641818 641842 641872 0 0 0 0 641850 641870 0 0 0 0 0 641602 641612 641666 641786 641794 641908 0 0 0 0 641586 641660 641720 0 0 641936 641566 0 0 641758 641726 0 0 641976 0 0 641984 641498 0 641550 641648 642010 0 0 0 0 641536 641598 641674 642026 642028 0 0 642042 0 0 0 641472 641440 641570 0 0 0 0 642056 641438 0 641488 641542 641618 641642 0 642114 0 0 0 642108 0 642072 0 641464 642132 641420 641480 641538 641570 0 0 642180 642206 642196 0 641330 0 642212 0 0 641304 641298 641272 641426 0 641402 641468 641484 642216 0 0 641256 641266 641464 0 642290 0 0 0 
0 0 644917 644818 0 644881 0 0 0 644986 645031 0 0 0 0 644925 644895 0 0 0 0 0 644626 644641 644710 644733 644793 644982 0 0 0 0 644602 644688 644760 0 0 645104 644572 0 0 644703 644679 0 0 0 0 0 645016 644470 0 644546 644652 0 0 0 0 0 644520 644583 644613 0 645054 0 0 645011 0 0 0 644431 644383 644547 0 0 0 0 644767 644380 0 644434 644509 644481 0 0 644925 0 0 0 644840 0 0 0 644398 644898 644344 0 0 644409 0 0 644826 644757 644617 0 644218 0 644778 0 0 644179 644170 0 644331 0 0 644346 0 644772 0 0 0 644122 644280 0 644661 0 0 0 
0 643653 643681 643624 643645 643669 643660 643588 643668 643728 643755 643684 643564 0 0 643690 643680 0 643710 643644 0 0 643500 643493 643532 643572 643610 643733 0 0 643766 0 643480 643517 643571 0 0 643799 643446 643412 643417 643552 643536 0 0 643807 0 643817 643775 643388 0 643426 643499 643814 0 643806 0 643723 643407 643450 643490 643800 643805 643800 643791 643780 0 0 0 643351 643323 643424 0 0 0 643776 643691 643334 0 643347 643398 643404 643428 0 643760 643744 643749 0 643717 0 643675 643276 643323 643753 643289 643331 643340 643356 643736 0 643729 643694 643641 0 643232 0 643710 0 0 643195 643180 643167 643280 0 643256 643305 643297 643711 643658 643601 643159 643152 643270 0 643668 0 0 0 
0 644851 644899 644800 644827 644863 0 0 644882 644966 644987 0 0 0 0 644922 644918 0 644948 644868 0 0 644608 644623 644686 644760 644812 644995 0 0 645006 0 644584 644659 644737 0 0 645035 644554 0 0 644730 644702 0 0 645055 0 0 645033 644452 0 644530 644629 645062 0 0 0 0 644501 644556 644632 645046 645077 0 645061 645014 0 0 0 644413 644365 644518 0 0 0 0 644781 644362 0 644405 644480 644508 644544 0 644984 0 0 0 644855 0 644733 0 644369 644951 644323 644377 644412 644436 0 0 644879 644760 644631 0 644200 0 644837 0 0 644161 644152 644113 644302 0 644266 644347 644343 644813 644676 644511 644089 644104 644305 0 644720 0 0 0 
0 0 0 641300 0 0 0 0 0 641396 0 0 0 0 0 0 0 0 0 0 0 0 641180 641156 641180 641228 641252 0 0 0 0 0 641156 641156 641204 0 0 0 0 0 0 641204 0 0 0 0 0 0 0 0 0 0 641132 0 0 0 0 0 641060 641084 641132 0 0 0 0 641540 0 0 0 641012 640988 641060 0 0 0 0 0 641012 0 640988 641036 641060 0 0 0 0 0 0 641636 0 0 0 640964 641588 640940 0 0 641012 0 0 0 641708 641756 0 0 0 641660 0 0 640868 640844 0 0 0 0 640940 0 0 0 0 0 640820 640916 0 641732 0 0 0 
643740 643743 643763 643716 643737 643761 643752 643680 643665 643812 643833 643776 643656 643659 643656 643681 643661 643719 643725 643625 643649 643655 643592 643567 643576 643553 643593 643719 643846 643849 643930 643871 643572 643535 643571 643703 643697 643835 643518 643504 643499 643533 643517 643745 643721 643795 643857 643847 643921 643480 643505 643490 643499 643809 643893 643869 643966 643971 643461 643453 643473 643793 643839 643829 643859 643921 644056 643990 643999 643421 643401 643433 643441 643823 643817 643877 644047 643426 643379 643371 643413 643385 643409 643433 643897 643993 643983 643973 644039 644066 644066 643368 643347 643927 643339 643331 643321 643337 643945 643939 643975 644020 644030 644025 643324 643336 643990 644018 644012 643287 643256 643259 643289 643283 643265 643295 643279 643998 644013 643992 643251 643236 643251 643978 643948 643984 644003 643978 
643500 643503 643486 643520 643511 643499 643508 643544 643440 643464 643446 643496 643556 643518 643512 643420 643400 643422 643428 643400 643388 643394 643535 643489 643483 643436 643440 643386 643412 643418 643400 643447 643507 643441 643477 643370 643364 643394 643439 643431 643425 643439 643423 643340 643352 643354 643380 643370 643382 643407 643413 643407 643405 643332 643344 643356 643398 643397 643373 643359 643379 643316 643326 643316 643310 643336 643348 643386 643381 643341 643325 643339 643347 643310 643304 643292 643357 643365 643316 643277 643319 643291 643315 643339 643276 643300 643290 643316 643318 643325 643349 643327 643253 643270 643249 643237 643227 643243 643252 643246 643246 643256 643287 643314 643275 643243 643226 643254 643283 643216 643179 643196 643195 643189 643171 643201 643185 643234 643256 643279 643204 643163 643157 643214 643184 643222 643248 643234 
643700 643703 643723 643684 643711 643735 643736 643664 643640 643772 643793 643760 643640 643619 643616 643660 643647 643691 643694 643611 643635 643641 643568 643527 643536 643539 643579 643703 643806 643809 643890 643855 643540 643503 643545 643689 643683 643797 643478 643464 643459 643519 643503 643731 643707 643777 643820 643815 643881 643440 643465 643450 643473 643795 643862 643838 643950 643955 643421 643426 643459 643779 643823 643815 643845 643888 643943 643973 643976 643381 643361 643404 643420 643809 643803 643863 643952 643398 643349 643337 643382 643371 643395 643419 643883 643923 643918 643937 643926 643920 643942 643352 643313 643912 643299 643305 643307 643323 643894 643888 643888 643877 643882 643901 643308 643296 643868 643888 643878 643249 643216 643229 643260 643257 643236 643275 643265 643872 643865 643868 643235 643196 643237 643850 643826 643836 643855 643830 
0 0 0 644234 0 0 0 0 0 644060 0 0 0 0 0 0 0 0 0 0 0 0 0 0 0 644348 644332 0 0 0 0 0 644522 644570 644468 0 0 0 0 0 0 644404 0 0 0 0 0 0 0 0 0 0 0 0 0 0 0 0 644594 644590 0 0 0 0 0 643802 0 0 0 644542 0 644594 0 0 0 0 0 0 0 644534 644582 644516 0 0 0 0 0 0 643606 0 0 0 644510 643656 644486 0 0 644480 0 0 0 643466 643334 0 0 0 0 0 0 644374 0 0 0 0 0 0 0 0 0 0 0 644336 0 0 0 0 0 0 
0 0 0 631778 0 0 0 0 0 631746 0 0 0 0 0 0 0 0 0 0 0 0 631830 631876 631868 631819 631815 0 0 0 0 0 631850 631880 631852 0 0 0 0 0 0 631833 0 0 0 0 0 0 0 0 0 0 631888 0 0 0 0 0 631928 631913 631875 0 0 0 0 631688 0 0 0 631932 631912 631927 0 0 0 0 0 631898 0 631920 631940 631903 0 0 0 0 0 0 631640 0 0 0 631908 631646 631896 0 0 631907 0 0 0 631604 631560 0 0 0 631606 0 0 631836 631842 0 0 0 0 631886 0 0 0 0 0 631822 631864 0 631567 0 0 0 
0 0 0 620371 0 0 0 0 0 620347 0 0 0 0 0 0 0 0 0 0 0 0 0 0 0 620516 620508 0 0 0 0 0 620443 620537 620519 0 0 0 0 0 0 620530 0 0 0 0 0 0 0 0 0 0 0 0 0 0 0 0 620560 620578 0 0 0 0 0 620344 0 0 0 620549 0 620588 0 0 0 0 0 0 0 620574 620598 620600 0 0 0 0 0 0 620266 0 0 0 620545 620341 620491 0 0 620613 0 0 0 620258 620158 0 0 0 0 0 0 620318 0 0 0 0 0 0 0 0 0 0 0 620261 0 0 0 0 0 0 
639336 639330 639326 639332 639314 639302 639284 639320 639420 639300 639294 639272 639332 639390 639396 639416 639424 639390 639384 639430 639418 639421 639384 639430 639448 639466 639460 639397 639304 639298 639244 639222 639404 639478 639466 639397 639394 639322 639456 639448 639458 639480 639496 639370 639382 639359 639312 639322 639262 639448 639482 639476 639502 639352 639300 639312 639172 639182 639486 639524 639520 639346 639337 639340 639327 639284 639172 639160 639178 639446 639426 639520 639536 639337 639334 639316 639154 639412 639390 639474 639504 639538 639538 639526 639302 639248 639258 639256 639206 639146 639134 639368 639462 639293 639430 639478 639506 639514 639278 639275 639269 639196 639114 639088 639352 639436 639253 639246 639086 639350 639356 639330 639448 639454 639436 639477 639485 639239 639148 639058 639314 639336 639471 639213 639214 639134 639132 639074 
642183 642177 642173 642179 642161 642149 642131 642167 642267 642147 642141 642119 642179 642237 642243 642263 642283 642237 642231 642307 642295 642289 642159 642181 642223 642319 642315 642249 642151 642145 642091 642069 642155 642229 642265 642265 642271 642169 642152 642108 642118 642303 642283 642247 642259 642209 642159 642169 642109 642084 642178 642136 642229 642207 642147 642159 642019 642029 642122 642184 642255 642223 642189 642199 642181 642131 642019 642007 642025 642058 642026 642156 642196 642205 642211 642175 642001 642024 641978 642074 642128 642204 642228 642252 642167 642095 642105 642103 642053 641993 641981 641956 642050 642149 642006 642066 642124 642156 642143 642149 642125 642043 641961 641935 641916 642012 642121 642093 641933 641890 641884 641858 642012 642018 641988 642054 642070 642089 641995 641905 641842 641852 642050 642061 642091 641981 641979 641898 
637879 637873 637881 637863 637857 637857 637839 637839 637951 637879 637885 637839 637839 637897 637903 637959 637979 637945 637939 637991 637991 637985 637855 637889 637919 637991 637975 637969 637907 637901 637883 637837 637863 637937 637949 637985 637991 637925 637891 637871 637881 637987 637979 637991 637991 637965 637927 637937 637901 637871 637917 637899 637949 637975 637939 637939 637835 637845 637909 637947 637975 637991 637969 637979 637973 637935 637871 637835 637853 637893 637885 637943 637959 637985 637991 637979 637853 637859 637861 637933 637939 637991 637991 637991 637983 637935 637945 637931 637905 637869 637845 637839 637933 637977 637913 637949 637983 637991 637983 637989 637977 637931 637873 637835 637847 637919 637985 637957 637857 637869 637887 637861 637943 637949 637943 637961 637977 637965 637907 637841 637845 637879 637981 637961 637991 637917 637903 637881 
0 643879 643907 643850 643871 643895 643886 643814 643894 643954 643981 643910 643790 0 0 643922 643922 0 643936 643890 0 0 643726 643719 643758 643818 643852 643975 0 0 644058 0 643706 643743 643797 0 0 644025 643672 643638 643643 643798 643778 0 0 644045 0 644055 644067 643614 0 643652 643725 644068 0 644074 0 644063 643633 643676 643732 644058 644089 644084 644099 644096 0 0 0 643577 643549 643650 0 0 0 644108 644033 643560 0 643573 643624 643650 643674 0 644118 644086 644091 0 644059 0 644017 643502 643549 644111 643515 643557 643584 643602 644096 0 644087 644036 643983 0 643458 0 644071 0 0 643421 643406 643393 643506 0 643482 643539 643539 644065 644000 643943 643385 643378 643513 0 644030 0 0 0 
0 0 644776 644731 0 644804 0 0 0 644851 644878 0 0 0 0 644623 644593 0 0 0 0 0 644551 644476 644467 644431 644491 644680 0 0 0 0 644515 644404 644458 0 0 644854 644401 0 0 644401 644377 0 0 0 0 0 644998 644359 0 644353 644350 0 0 0 0 0 644302 644281 644311 0 644860 0 0 644983 0 0 0 644254 644230 644251 0 0 0 0 645102 644301 0 644158 644221 644179 0 0 644947 0 0 0 645040 0 0 0 644122 644986 644116 0 0 644107 0 0 644932 644893 644908 0 644151 0 644884 0 0 644074 644011 0 644035 0 0 644044 0 644878 0 0 0 643987 643978 0 644767 0 0 0 
0 0 0 632806 0 0 0 0 0 632790 0 0 0 0 0 0 0 0 0 0 0 0 0 0 0 632678 632694 0 0 0 0 0 632806 632732 632720 0 0 0 0 0 0 632682 0 0 0 0 0 0 0 0 0 0 0 0 0 0 0 0 632760 632722 0 0 0 0 0 632734 0 0 0 632766 0 632726 0 0 0 0 0 632800 0 632702 632730 632678 0 0 0 0 0 0 632764 0 0 0 632678 632692 632674 0 0 632668 0 0 0 632738 632796 0 0 0 632684 0 0 632646 0 0 0 0 0 0 0 0 0 0 0 632588 0 0 632678 0 0 0 
642868 642871 642855 642888 642879 642867 642860 642896 642844 642832 642817 642848 642908 642895 642892 642828 642818 642823 642826 642824 642812 642815 642952 642947 642920 642860 642856 642799 642794 642797 642770 642799 642960 642923 642893 642791 642788 642785 642970 642992 642987 642874 642890 642764 642776 642765 642772 642767 642761 643004 642957 642978 642929 642748 642742 642754 642750 642755 642985 642954 642916 642740 642739 642734 642725 642732 642716 642738 642747 643017 643033 642968 642948 642731 642728 642710 642723 643034 643057 643009 642982 642944 642932 642920 642696 642696 642691 642710 642699 642693 642707 643052 643021 642687 643019 643013 642984 642968 642672 642669 642663 642650 642655 642666 643032 643016 642647 642661 642651 643005 642984 642997 642992 642989 642980 642995 642987 642645 642638 642633 642995 642976 642973 642623 642608 642609 642628 642603 
0 0 0 0 0 0 0 0 0 0 0 0 0 0 0 0 0 0 0 0 0 0 0 0 0 639488 0 0 0 0 0 0 0 639482 639470 0 0 0 0 0 0 0 0 0 0 0 0 0 0 0 0 0 0 0 0 0 0 0 0 639528 0 0 0 0 0 0 0 0 0 0 0 0 0 0 0 0 0 0 0 639562 0 639572 0 0 0 0 0 0 0 0 0 0 0 0 0 0 0 0 0 0 0 0 0 0 0 0 0 0 0 0 0 0 0 0 0 0 0 0 0 0 0 0 0 0 0 0 0 0 
0 0 0 644540 0 0 0 0 0 644380 0 0 0 0 0 0 0 0 0 0 0 0 0 0 0 644680 644664 0 0 0 0 0 644828 644928 644812 0 0 0 0 0 0 644736 0 0 0 0 0 0 0 0 0 0 0 0 0 0 0 0 644985 644992 0 0 0 0 0 644160 0 0 0 644949 0 645000 0 0 0 0 0 0 0 644972 645006 644904 0 0 0 0 0 0 643939 0 0 0 644948 643988 644907 0 0 644892 0 0 0 643824 643648 0 0 0 0 0 0 644693 0 0 0 0 0 0 0 0 0 0 0 644617 0 0 0 0 0 0 
0 0 0 0 0 0 0 0 0 0 0 0 0 0 0 0 0 0 0 0 0 0 0 0 0 634482 0 0 0 0 0 0 0 634497 634479 0 0 0 0 0 0 0 0 0 0 0 0 0 0 0 0 0 0 0 0 0 0 0 0 634538 0 0 0 0 0 0 0 0 0 0 0 0 0 0 0 0 0 0 0 634545 0 634566 0 0 0 0 0 0 0 0 0 0 0 0 0 0 0 0 0 0 0 0 0 0 0 0 0 0 0 0 0 0 0 0 0 0 0 0 0 0 0 0 0 0 0 0 0 0 
0 634263 634267 634258 634255 634255 0 0 634302 634266 634269 0 0 0 0 634305 634305 0 0 0 0 0 634254 634271 634286 634305 634305 634305 0 0 0 0 634258 634295 634301 0 0 634289 634272 0 0 634305 634305 0 0 634305 0 0 634277 634262 0 634276 634301 634305 0 0 0 0 634281 634300 634305 634305 634305 0 0 634294 0 0 0 634273 634269 634298 0 0 0 0 634253 634256 0 634293 634296 634305 634305 0 634305 0 0 0 634279 0 634249 0 634293 634305 634283 634301 634305 634305 0 0 634305 634292 634263 0 634250 0 634305 0 0 634261 634270 634257 634298 0 634298 634305 634305 634305 0 0 634249 634266 634305 0 634305 0 0 0 
633132 633129 633133 633124 633121 633121 633112 633112 633168 633132 633135 633112 633112 633141 633144 633172 633182 633165 633162 633188 633188 633185 633120 633137 633152 633188 633180 633177 633146 633143 633134 633111 633124 633161 633167 633185 633188 633155 633138 633128 633133 633186 633182 633188 633188 633175 633156 633161 633143 633128 633151 633142 633167 633180 633162 633162 633110 633115 633147 633166 633180 633188 633177 633182 633179 633160 633128 633110 633119 633139 633135 633164 633172 633185 633188 633182 633119 633122 633123 633159 633162 633188 633188 633188 633184 633160 633165 633158 633145 633127 633115 633112 633159 633181 633149 633167 633184 633188 633184 633187 633181 633158 633129 633110 633116 633152 633185 633171 633121 633127 633136 633123 633164 633167 633164 633173 633181 633175 633146 633113 633115 633132 633183 633173 633188 633151 633144 633133 
0 0 644725 644626 0 644689 0 0 0 644794 644839 0 0 0 0 644750 644720 0 0 0 0 0 644434 644449 644530 644558 644618 644807 0 0 0 0 644410 644511 644581 0 0 644935 644380 0 0 644528 644504 0 0 0 0 0 645007 644278 0 644356 644473 0 0 0 0 0 644335 644402 644438 0 644987 0 0 645086 0 0 0 644239 644191 644368 0 0 0 0 644983 644188 0 644257 644332 644306 0 0 645074 0 0 0 645061 0 0 0 644221 645101 644161 0 0 644234 0 0 645059 644988 644833 0 644026 0 645011 0 0 643987 643978 0 644152 0 0 644171 0 645005 0 0 0 643930 644105 0 644894 0 0 0 
0 642907 642935 642878 642899 642923 642914 642842 642887 642982 643009 642938 642818 0 0 642903 642883 0 642947 642847 0 0 642754 642747 642786 642775 642815 642941 0 0 643104 0 642734 642757 642793 0 0 643053 642700 642666 642671 642755 642739 0 0 643017 0 643069 643113 642642 0 642680 642721 643031 0 643091 0 643133 642661 642675 642695 643015 643061 643051 643081 643143 0 0 0 642605 642577 642655 0 0 0 643099 643164 642588 0 642593 642635 642607 642631 0 643119 643204 643194 0 643190 0 643148 642530 642569 643149 642543 642553 642543 642559 643156 0 643152 643162 643114 0 642486 0 643132 0 0 642449 642434 642421 642511 0 642487 642517 642501 643140 643131 643074 642413 642406 642473 0 643090 0 0 0 
0 642985 643013 642956 642977 643001 642992 642920 642963 643060 643087 643016 642896 0 0 642979 642959 0 643023 642923 0 0 642832 642825 642864 642851 642891 643017 0 0 643182 0 642812 642833 642869 0 0 643131 642778 642744 642749 642831 642815 0 0 643093 0 643145 643191 642720 0 642758 642797 643107 0 643167 0 643211 642739 642751 642771 643091 643137 643127 643157 643219 0 0 0 642683 642655 642731 0 0 0 643175 643227 642666 0 642669 642711 642683 642707 0 643195 643267 643257 0 643253 0 643211 642608 642645 643225 642621 642629 642619 642635 643219 0 643213 643223 643177 0 642564 0 643193 0 0 642527 642512 642499 642587 0 642563 642593 642577 643201 643194 643137 642491 642484 642549 0 643151 0 0 0 
644023 644020 644048 643991 644012 644036 644027 643955 644008 644095 644122 644051 643931 643960 643963 644024 644004 644062 644068 643968 643992 643998 643867 643860 643899 643896 643936 644062 644157 644154 644179 644146 643847 643878 643914 644046 644040 644166 643813 643779 643784 643876 643860 644088 644064 644138 644191 644190 644188 643755 643826 643793 643842 644152 644198 644210 644131 644136 643774 643796 643816 644136 644180 644170 644164 644189 644113 644119 644128 643718 643690 643776 643784 644164 644158 644146 644104 643701 643654 643712 643756 643728 643752 643776 644130 644153 644144 644167 644130 644088 644088 643643 643688 644124 643656 643674 643664 643680 644106 644100 644100 644107 644054 644047 643599 643659 644080 644108 644034 643562 643547 643534 643632 643626 643608 643638 643622 644088 644071 644014 643526 643519 643594 644068 644038 644052 644057 644010 
0 0 0 644106 0 0 0 0 0 644314 0 0 0 0 0 0 0 0 0 0 0 0 0 0 0 643842 643922 0 0 0 0 0 643818 643806 643878 0 0 0 0 0 0 643802 0 0 0 0 0 0 0 0 0 0 0 0 0 0 0 0 643654 643642 0 0 0 0 0 644520 0 0 0 643558 0 643602 0 0 0 0 0 0 0 643478 643562 643506 0 0 0 0 0 0 644632 0 0 0 643430 644484 643410 0 0 643410 0 0 0 644532 644494 0 0 0 0 0 0 643248 0 0 0 0 0 0 0 0 0 0 0 643162 0 0 0 0 0 0 
642792 642795 642815 642776 642803 642827 642820 642748 642709 642864 642885 642844 642724 642711 642708 642725 642705 642763 642769 642669 642693 642699 642660 642619 642621 642597 642637 642763 642897 642901 642982 642939 642632 642579 642615 642747 642741 642879 642570 642556 642551 642577 642561 642789 642765 642839 642901 642891 642973 642532 642551 642542 642543 642853 642937 642913 643034 643039 642511 642497 642517 642837 642883 642873 642903 642965 643108 643058 643067 642473 642453 642477 642485 642867 642861 642921 643115 642490 642441 642415 642457 642429 642453 642477 642941 643037 643027 643017 643091 643157 643135 642436 642391 642971 642387 642375 642365 642381 642989 642983 643019 643122 643140 643151 642392 642381 643035 643063 643136 642341 642308 642321 642333 642327 642309 642339 642323 643079 643122 643118 642319 642288 642295 643080 643050 643088 643113 643082 
0 644698 644706 644691 644706 644718 0 0 644647 644731 644740 0 0 0 0 644655 644645 0 0 0 0 0 644545 644492 644513 644537 644593 644674 0 0 0 0 644505 644468 644534 0 0 644732 644419 0 0 644507 644483 0 0 644712 0 0 644780 644357 0 644379 644426 644719 0 0 0 0 644338 644355 644413 644699 644734 0 0 644775 0 0 0 644274 644242 644321 0 0 0 0 644862 644291 0 644218 644287 644285 644321 0 644759 0 0 0 644838 0 644866 0 644182 644778 644156 644174 644189 644213 0 0 644802 644835 644812 0 644143 0 644804 0 0 644070 644025 644038 644105 0 644069 644132 644124 644830 0 0 644032 643993 644084 0 644777 0 0 0 
0 638006 637982 638030 638006 637982 637982 638054 638030 637934 637910 637958 638078 0 0 638006 638006 0 637982 638030 0 0 638150 638174 638150 638102 638078 637958 0 0 637814 0 638174 638174 638126 0 0 637886 638222 638246 638246 638126 638150 0 0 637886 0 637862 637814 638270 0 638246 638198 637862 0 637838 0 637766 638270 638246 638198 637862 637838 637838 637814 637790 0 0 0 638294 638294 638270 0 0 0 637790 637694 638294 0 638294 638294 638270 638246 0 637766 637718 637718 0 637694 0 637670 638294 638294 637742 638294 638294 638294 638294 637718 0 637694 637622 637574 0 638294 0 637670 0 0 638294 638294 638294 638294 0 638294 638294 638294 637646 637574 637526 638294 638294 638294 0 637598 0 0 0 
0 0 0 0 0 0 0 0 0 0 0 0 0 0 0 0 0 0 0 0 0 0 0 0 0 642011 641995 0 0 0 0 0 0 641947 641969 0 0 0 0 0 0 642007 0 0 0 0 0 0 0 0 0 0 0 0 0 0 0 0 641823 641885 0 0 0 0 0 0 0 0 0 0 0 0 0 0 0 0 0 0 0 641775 0 641905 0 0 0 0 0 0 0 0 0 0 641751 0 0 0 0 641857 0 0 0 0 0 0 0 0 0 0 0 641591 0 0 0 0 0 0 0 0 0 0 0 0 0 0 0 0 0 0 
0 0 0 644363 0 0 0 0 0 644499 0 0 0 0 0 0 0 0 0 0 0 0 0 0 0 644079 644159 0 0 0 0 0 644082 644029 644107 0 0 0 0 0 0 644039 0 0 0 0 0 0 0 0 0 0 0 0 0 0 0 0 643867 643870 0 0 0 0 0 644673 0 0 0 643779 0 643828 0 0 0 0 0 0 0 643699 643786 643743 0 0 0 0 0 0 644702 0 0 0 643651 644628 643625 0 0 643647 0 0 0 644621 644612 0 0 0 0 0 0 643503 0 0 0 0 0 0 0 0 0 0 0 643402 0 0 0 0 0 0 
0 0 0 644404 0 0 0 0 0 644244 0 0 0 0 0 0 0 0 0 0 0 0 0 0 0 644512 644496 0 0 0 0 0 644692 644735 644633 0 0 0 0 0 0 644568 0 0 0 0 0 0 0 0 0 0 0 0 0 0 0 0 644941 644874 0 0 0 0 0 643968 0 0 0 645034 0 644924 0 0 0 0 0 0 0 645033 644974 644848 0 0 0 0 0 0 643791 0 0 0 645035 643820 645009 0 0 644938 0 0 0 643634 643512 0 0 0 0 0 0 644822 0 0 0 0 0 0 0 0 0 0 0 644746 0 0 0 0 0 0 
0 641000 641024 640976 641000 641024 0 0 640976 641072 641096 0 0 0 0 641000 641000 0 0 0 0 0 640856 640832 640856 640904 640928 641048 0 0 0 0 640832 640832 640880 0 0 641120 640784 0 0 640880 640856 0 0 641120 0 0 641192 640736 0 640760 640808 641144 0 0 0 0 640736 640760 640808 641144 641168 0 0 641216 0 0 0 640688 640664 640736 0 0 0 0 641312 640688 0 640664 640712 640736 640760 0 641240 0 0 0 641312 0 641336 0 640640 641264 640616 640640 640664 640688 0 0 641312 641384 641432 0 640592 0 641336 0 0 640544 640520 640520 640592 0 640568 640616 640616 641360 0 0 640520 640496 640592 0 641408 0 0 0 
0 640956 640980 640932 640956 640980 0 0 640932 641028 641052 0 0 0 0 640956 640956 0 0 0 0 0 640812 640788 640812 640860 640884 641004 0 0 0 0 640788 640788 640836 0 0 641076 640740 0 0 640836 640812 0 0 641076 0 0 641148 640692 0 640716 640764 641100 0 0 0 0 640692 640716 640764 641100 641124 0 0 641172 0 0 0 640644 640620 640692 0 0 0 0 641268 640644 0 640620 640668 640692 640716 0 641196 0 0 0 641268 0 641292 0 640596 641220 640572 640596 640620 640644 0 0 641268 641340 641388 0 640548 0 641292 0 0 640500 640476 640476 640548 0 640524 640572 640572 641316 0 0 640476 640452 640548 0 641364 0 0 0 
0 0 0 0 0 0 0 0 0 0 0 0 0 0 0 0 0 0 0 0 0 0 0 0 0 641251 641275 0 0 0 0 0 0 641179 641227 0 0 0 0 0 0 641227 0 0 0 0 0 0 0 0 0 0 0 0 0 0 0 0 641083 641107 0 0 0 0 0 0 0 0 0 0 0 0 0 0 0 0 0 0 0 641011 0 641083 0 0 0 0 0 0 0 0 0 0 640987 0 0 0 0 641035 0 0 0 0 0 0 0 0 0 0 0 640891 0 0 0 0 0 0 0 0 0 0 0 0 0 0 0 0 0 0 
0 642712 642740 642683 642704 642728 642719 642647 642721 642787 642814 642743 642623 0 0 642740 642720 0 642769 642684 0 0 642559 642552 642591 642612 642652 642778 0 0 642909 0 642539 642576 642626 0 0 642858 642505 642471 642476 642592 642576 0 0 642854 0 642888 642918 642447 0 642485 642554 642868 0 642913 0 642938 642466 642507 642532 642852 642898 642888 642918 642959 0 0 0 642410 642382 642483 0 0 0 642936 642955 642393 0 642406 642457 642444 642468 0 642956 643007 643012 0 642981 0 642939 642335 642382 642986 642348 642386 642380 642396 642980 0 642975 642958 642905 0 642291 0 642955 0 0 642254 642239 642226 642339 0 642315 642354 642338 642963 642922 642865 642218 642211 642310 0 642913 0 0 0 
643497 643494 643522 643465 643486 643510 643501 643429 643509 643569 643596 643525 643405 643434 643437 643537 643538 643554 643551 643502 643526 643532 643341 643334 643373 643430 643470 643590 643631 643628 643691 643620 643321 643358 643412 643580 643574 643640 643287 643253 643258 643410 643394 643622 643598 643660 643665 643670 643700 643229 643300 643267 643340 643686 643719 643695 643715 643720 643248 643291 643350 643670 643710 643706 643736 643741 643770 643739 643748 643192 643164 643265 643297 643700 643694 643754 643761 643175 643128 643188 643239 643262 643286 643310 643774 643813 643818 643787 643787 643745 643745 643117 643164 643804 643130 643172 643198 643214 643822 643816 643817 643764 643711 643704 643073 643133 643797 643801 643691 643036 643021 643008 643121 643124 643097 643154 643156 643793 643728 643671 643000 642993 643128 643767 643755 643709 643714 643667 
0 0 644698 644599 0 644662 0 0 0 644767 644812 0 0 0 0 644719 644709 0 0 0 0 0 644407 644422 644503 644553 644603 644786 0 0 0 0 644383 644476 644544 0 0 644894 644353 0 0 644523 644493 0 0 0 0 0 644900 644251 0 644329 644436 0 0 0 0 0 644308 644365 644423 0 644910 0 0 644947 0 0 0 644212 644164 644331 0 0 0 0 644888 644161 0 644222 644297 644301 0 0 644939 0 0 0 644966 0 0 0 644186 644954 644134 0 0 644229 0 0 644978 644985 644838 0 643999 0 644986 0 0 643960 643951 0 644115 0 0 644142 0 645006 0 0 0 643903 644096 0 644921 0 0 0 
0 0 0 0 0 0 0 0 0 0 0 0 0 0 0 0 0 0 0 0 0 0 0 0 0 643188 643241 0 0 0 0 0 0 643158 643206 0 0 0 0 0 0 643172 0 0 0 0 0 0 0 0 0 0 0 0 0 0 0 0 643020 643087 0 0 0 0 0 643539 0 0 0 0 0 0 0 0 0 0 0 0 0 642984 0 643020 0 0 0 0 0 0 0 0 0 0 642960 0 0 0 0 642972 0 0 0 643543 0 0 0 0 0 0 0 642749 0 0 0 0 0 0 0 0 0 0 0 0 0 0 0 0 0 0 
0 0 0 641888 0 0 0 0 0 641997 0 0 0 0 0 0 0 0 0 0 0 0 0 0 0 641572 641652 0 0 0 0 0 641600 641536 641608 0 0 0 0 0 0 641532 0 0 0 0 0 0 0 0 0 0 0 0 0 0 0 0 641390 641372 0 0 0 0 0 642081 0 0 0 641305 0 641332 0 0 0 0 0 0 0 641208 641292 641236 0 0 0 0 0 0 642223 0 0 0 641160 642045 641145 0 0 641140 0 0 0 642257 642360 0 0 0 0 0 0 641027 0 0 0 0 0 0 0 0 0 0 0 640928 0 0 0 0 0 0 
643317 643314 643342 643285 643306 643330 643321 643249 643307 643389 643416 643345 643225 643254 643257 643331 643331 643355 643355 643299 643323 643329 643161 643154 643187 643227 643259 643379 643451 643448 643511 643440 643141 643163 643211 643377 643371 643451 643107 643073 643078 643207 643187 643419 643395 643451 643475 643475 643520 643049 643115 643087 643139 643475 643523 643499 643535 643540 643067 643091 643139 643467 643499 643499 643523 643547 643625 643559 643568 643012 642984 643067 643091 643497 643491 643547 643616 642995 642948 642995 643043 643059 643083 643107 643571 643619 643619 643595 643642 643672 643636 642937 642971 643595 642947 642971 642995 643011 643619 643613 643643 643715 643746 643703 642893 642947 643665 643667 643762 642856 642841 642828 642923 642923 642899 642947 642947 643691 643763 643771 642820 642813 642923 643739 643731 643804 643785 643767 
0 0 644522 644611 0 644542 0 0 0 644452 644408 0 0 0 0 644441 644411 0 0 0 0 0 644795 644798 644717 644537 644525 644354 0 0 0 0 644827 644726 644636 0 0 644312 644867 0 0 644579 644627 0 0 0 0 0 644240 644964 0 644891 644744 0 0 0 0 0 644912 644819 644705 0 644174 0 0 644153 0 0 0 645008 645056 644861 0 0 0 0 644112 645045 0 644984 644903 644789 0 0 644045 0 0 0 644054 0 0 0 645012 644018 645054 0 0 644861 0 0 643946 643907 643918 0 645105 0 643898 0 0 645034 644977 0 644993 0 0 644982 0 643892 0 0 0 644952 644936 0 643781 0 0 0 
642758 642755 642747 642762 642747 642735 642726 642762 642772 642722 642713 642714 642774 642803 642806 642756 642746 642751 642754 642748 642736 642742 642818 642847 642848 642784 642784 642727 642712 642709 642664 642665 642834 642851 642821 642718 642712 642713 642872 642874 642879 642800 642818 642688 642700 642693 642700 642695 642673 642886 642885 642888 642857 642676 642670 642682 642616 642621 642905 642882 642844 642664 642667 642662 642653 642660 642598 642604 642613 642921 642929 642896 642876 642658 642652 642638 642589 642904 642929 642937 642910 642868 642856 642844 642624 642624 642619 642638 642615 642573 642573 642918 642949 642615 642967 642941 642912 642892 642600 642594 642591 642578 642539 642532 642936 642968 642574 642589 642519 642923 642920 642907 642958 642955 642946 642947 642939 642573 642556 642499 642899 642904 642939 642551 642532 642537 642542 642495 
0 0 0 628645 0 0 0 0 0 628629 0 0 0 0 0 0 0 0 0 0 0 0 0 0 0 628517 628533 0 0 0 0 0 628645 628571 628559 0 0 0 0 0 0 628521 0 0 0 0 0 0 0 0 0 0 0 0 0 0 0 0 628565 628551 0 0 0 0 0 628573 0 0 0 628533 0 628531 0 0 0 0 0 628567 0 628469 628511 628483 0 0 0 0 0 0 628603 0 0 0 628445 628531 628441 0 0 628435 0 0 0 628577 628635 0 0 0 628523 0 0 628413 0 0 0 0 0 0 0 0 0 0 0 628355 0 0 628517 0 0 0 
643905 643902 643930 643873 643894 643918 643909 643837 643891 643977 644004 643933 643813 643842 643845 643911 643892 643942 643945 643856 643880 643886 643749 643742 643781 643784 643824 643950 644039 644036 644099 644028 643729 643754 643796 643934 643928 644048 643695 643661 643666 643764 643748 643976 643952 644026 644071 644066 644108 643637 643708 643675 643724 644040 644113 644089 644123 644128 643656 643677 643704 644024 644070 644060 644090 644139 644213 644147 644156 643600 643572 643655 643671 644054 644048 644108 644204 643583 643536 643588 643633 643616 643640 643664 644128 644211 644206 644189 644230 644225 644223 643525 643564 644158 643538 643556 643552 643568 644176 644170 644206 644238 644191 644184 643481 643541 644221 644247 644171 643444 643429 643416 643511 643508 643487 643526 643510 644231 644208 644151 643408 643401 643482 644211 644181 644189 644194 644147 
644231 644234 644242 644217 644242 644254 644251 644193 644173 644267 644276 644263 644169 644152 644149 644189 644169 644210 644213 644135 644157 644163 644101 644060 644069 644063 644103 644203 644277 644280 644325 644310 644073 644036 644078 644187 644181 644268 644011 643997 643992 644043 644027 644205 644193 644243 644279 644274 644316 643973 643998 643983 644006 644245 644297 644285 644357 644362 643954 643959 643983 644229 644263 644253 644271 644311 644391 644369 644376 643914 643894 643937 643951 644247 644241 644277 644400 643931 643882 643870 643915 643895 643919 643943 644285 644347 644342 644337 644374 644416 644410 643881 643846 644303 643832 643838 643831 643847 644309 644303 644327 644397 644450 644441 643837 643829 644331 644359 644470 643782 643749 643762 643793 643790 643769 643805 643789 644363 644433 644456 643764 643729 643761 644391 644361 644428 644447 644422 
0 0 0 643427 0 0 0 0 0 643258 0 0 0 0 0 0 0 0 0 0 0 0 0 0 0 643414 643398 0 0 0 0 0 643715 643666 643546 0 0 0 0 0 0 643470 0 0 0 0 0 0 0 0 0 0 0 0 0 0 0 0 643914 643790 0 0 0 0 0 642902 0 0 0 644020 0 643846 0 0 0 0 0 0 0 643982 643898 643750 0 0 0 0 0 0 642770 0 0 0 644018 642722 644094 0 0 643830 0 0 0 642574 642530 0 0 0 0 0 0 644212 0 0 0 0 0 0 0 0 0 0 0 644226 0 0 0 0 0 0 
0 0 0 638514 0 0 0 0 0 638430 0 0 0 0 0 0 0 0 0 0 0 0 638623 638666 638613 638493 638485 0 0 0 0 0 638658 638619 638559 0 0 0 0 0 0 638521 0 0 0 0 0 0 0 0 0 0 638631 0 0 0 0 0 638743 638681 638605 0 0 0 0 638237 0 0 0 638807 638836 638709 0 0 0 0 0 638797 0 638791 638737 638661 0 0 0 0 0 0 638171 0 0 0 638815 638147 638859 0 0 638709 0 0 0 638073 638068 0 0 0 638067 0 0 638940 638936 0 0 0 0 638811 0 0 0 0 0 638927 638815 0 637989 0 0 0 
0 640362 640362 640362 640362 640362 0 0 640362 640362 640362 0 0 0 0 640362 640362 0 0 0 0 0 640362 640362 640362 640362 640362 640362 0 0 0 0 640362 640362 640362 0 0 640362 640362 0 0 640362 640362 0 0 640362 0 0 640362 640362 0 640362 640362 640362 0 0 0 0 640362 640362 640362 640362 640362 0 0 640362 0 0 0 640362 640362 640362 0 0 0 0 640362 640362 0 640362 640362 640362 640362 0 640362 0 0 0 640362 0 640362 0 640362 640362 640362 640362 640362 640362 0 0 640362 640362 640362 0 640362 0 640362 0 0 640362 640362 640362 640362 0 640362 640362 640362 640362 0 0 640362 640350 640362 0 640362 0 0 0 
0 0 0 642744 0 0 0 0 0 642704 0 0 0 0 0 642746 642734 0 0 0 0 0 642800 642829 642832 642770 642774 0 0 0 0 0 642816 642841 642811 0 0 0 0 0 0 642786 642806 0 0 0 0 0 0 0 0 0 642847 0 0 0 0 0 642887 642872 642834 0 0 0 0 642650 0 0 0 642903 642911 642886 0 0 0 0 0 642886 0 642927 642900 642854 0 0 0 0 0 0 642597 0 0 0 642939 642604 642949 0 0 642878 0 0 0 642568 642521 0 0 0 642560 0 0 642911 642908 0 642954 0 0 642937 0 642563 0 0 0 642892 642932 0 642518 0 0 0 
634261 634255 634251 634257 634239 634227 634209 634245 634315 634225 634219 634197 634257 634315 634321 634299 634289 634294 634297 634295 634283 634286 634309 634355 634373 634331 634327 634270 634229 634223 634169 634147 634329 634394 634364 634262 634259 634247 634381 634373 634383 634345 634361 634235 634247 634236 634237 634238 634187 634385 634407 634401 634400 634219 634213 634225 634097 634107 634423 634425 634387 634211 634210 634205 634196 634203 634097 634085 634103 634431 634435 634439 634419 634202 634199 634181 634079 634397 634423 634479 634453 634415 634403 634391 634167 634167 634162 634179 634131 634071 634059 634401 634491 634158 634487 634484 634455 634439 634143 634140 634134 634119 634039 634013 634419 634493 634118 634132 634011 634417 634423 634397 634497 634494 634485 634490 634482 634116 634073 633983 634381 634403 634478 634094 634079 634059 634057 633999 
0 640675 640699 640651 640675 640699 0 0 640651 640747 640771 0 0 0 0 640675 640675 0 0 0 0 0 640531 640507 640531 640579 640603 640723 0 0 0 0 640507 640507 640555 0 0 640795 640459 0 0 640555 640531 0 0 640795 0 0 640867 640411 0 640435 640483 640819 0 0 0 0 640411 640435 640483 640819 640843 0 0 640891 0 0 0 640363 640339 640411 0 0 0 0 640987 640363 0 640339 640387 640411 640435 0 640915 0 0 0 640987 0 641011 0 640315 640939 640291 640315 640339 640363 0 0 640987 641059 641107 0 640267 0 641011 0 0 640219 640195 640195 640267 0 640243 640291 640291 641035 0 0 640195 640171 640267 0 641083 0 0 0 
0 0 0 631951 0 0 0 0 0 631919 0 0 0 0 0 0 0 0 0 0 0 0 632003 632049 632056 632052 632048 0 0 0 0 0 632023 632077 632059 0 0 0 0 0 0 632066 0 0 0 0 0 0 0 0 0 0 632095 0 0 0 0 0 632111 632118 632108 0 0 0 0 631884 0 0 0 632125 632129 632128 0 0 0 0 0 632091 0 632159 632138 632136 0 0 0 0 0 0 631821 0 0 0 632171 631879 632173 0 0 632160 0 0 0 631798 631733 0 0 0 631839 0 0 632091 632073 0 0 0 0 632197 0 0 0 0 0 632029 632213 0 631800 0 0 0 
0 640890 640914 640866 640890 640914 0 0 640866 640962 640986 0 0 0 0 640890 640890 0 0 0 0 0 640746 640722 640746 640794 640818 640938 0 0 0 0 640722 640722 640770 0 0 641010 640674 0 0 640770 640746 0 0 641010 0 0 641082 640626 0 640650 640698 641034 0 0 0 0 640626 640650 640698 641034 641058 0 0 641106 0 0 0 640578 640554 640626 0 0 0 0 641202 640578 0 640554 640602 640626 640650 0 641130 0 0 0 641202 0 641226 0 640530 641154 640506 640530 640554 640578 0 0 641202 641274 641322 0 640482 0 641226 0 0 640434 640410 640410 640482 0 640458 640506 640506 641250 0 0 640410 640386 640482 0 641298 0 0 0 
0 0 0 644530 0 0 0 0 0 644698 0 0 0 0 0 644591 644561 0 0 0 0 0 644338 644353 644415 644399 644459 0 0 0 0 0 644314 644370 644426 0 0 0 0 0 0 644369 644345 0 0 0 0 0 0 0 0 0 644318 0 0 0 0 0 644230 644249 644279 0 0 0 0 644947 0 0 0 644143 644095 644219 0 0 0 0 0 644092 0 644120 644189 644147 0 0 0 0 0 0 645092 0 0 0 644084 644960 644052 0 0 644075 0 0 0 645093 644977 0 0 0 645056 0 0 643891 643882 0 644003 0 0 644012 0 645080 0 0 0 643834 643946 0 644975 0 0 0 
0 644425 644473 644374 644401 644437 0 0 644428 644542 644587 0 0 0 0 644452 644422 0 644518 644368 0 0 644182 644197 644276 644260 644320 644509 0 0 644728 0 644158 644233 644287 0 0 644675 644128 0 0 644230 644206 0 0 644623 0 0 644755 644026 0 644104 644179 644644 0 0 0 0 644083 644110 644140 644620 644689 0 644719 644812 0 0 0 643987 643939 644080 0 0 0 0 644863 643936 0 643987 644050 644008 644044 0 644776 0 0 0 644941 0 644887 0 643951 644821 643909 643927 643912 643936 0 0 644893 645068 645073 0 643774 0 644917 0 0 643735 643726 643687 643864 0 643828 643873 643849 644983 645124 645011 643663 643678 643807 0 645016 0 0 0 
0 644370 644410 644329 644362 644398 0 0 644321 644481 644520 0 0 0 0 644353 644343 0 644399 644289 0 0 644145 644126 644157 644181 644237 644420 0 0 644663 0 644113 644112 644178 0 0 644550 644055 0 0 644151 644127 0 0 644530 0 0 644670 643973 0 644023 644070 644561 0 0 0 0 643982 643999 644057 644541 644600 0 644634 644689 0 0 0 643912 643872 643965 0 0 0 0 644828 643895 0 643862 643931 643929 643965 0 644697 0 0 0 644848 0 644860 0 643826 644740 643800 643818 643833 643857 0 0 644812 644943 645018 0 643745 0 644838 0 0 643684 643657 643644 643749 0 643713 643776 643768 644890 645027 645040 643636 643617 643728 0 644937 0 0 0 
0 640961 640985 640937 640961 640985 0 0 640937 641033 641057 0 0 0 0 640961 640961 0 0 0 0 0 640817 640793 640817 640865 640889 641009 0 0 0 0 640793 640793 640841 0 0 641081 640745 0 0 640841 640817 0 0 641081 0 0 641153 640697 0 640721 640769 641105 0 0 0 0 640697 640721 640769 641105 641129 0 0 641177 0 0 0 640649 640625 640697 0 0 0 0 641273 640649 0 640625 640673 640697 640721 0 641201 0 0 0 641273 0 641297 0 640601 641225 640577 640601 640625 640649 0 0 641273 641345 641393 0 640553 0 641297 0 0 640505 640481 640481 640553 0 640529 640577 640577 641321 0 0 640481 640457 640553 0 641369 0 0 0 
0 0 0 644283 0 0 0 0 0 644123 0 0 0 0 0 0 0 0 0 0 0 0 0 0 0 644303 644287 0 0 0 0 0 644571 644555 644435 0 0 0 0 0 0 644359 0 0 0 0 0 0 0 0 0 0 0 0 0 0 0 0 644729 644643 0 0 0 0 0 643791 0 0 0 644789 0 644675 0 0 0 0 0 0 0 644767 644707 644579 0 0 0 0 0 0 643641 0 0 0 644791 643611 644845 0 0 644627 0 0 0 643463 643391 0 0 0 0 0 0 644907 0 0 0 0 0 0 0 0 0 0 0 644975 0 0 0 0 0 0 
0 0 0 632943 0 0 0 0 0 632863 0 0 0 0 0 0 0 0 0 0 0 0 633053 633113 633119 633087 633071 0 0 0 0 0 633087 633161 633125 0 0 0 0 0 0 633113 0 0 0 0 0 0 0 0 0 0 633197 0 0 0 0 0 633229 633243 633191 0 0 0 0 632775 0 0 0 633261 633273 633263 0 0 0 0 0 633227 0 633321 633283 633255 0 0 0 0 0 0 632649 0 0 0 633328 632734 633308 0 0 633303 0 0 0 632603 632497 0 0 0 632658 0 0 633264 633282 0 0 0 0 633345 0 0 0 0 0 633260 633335 0 632583 0 0 0 
643077 643074 643100 643045 643066 643088 643079 643009 643075 643123 643138 643091 642985 643014 643017 643095 643085 643124 643127 643052 643076 643082 642921 642914 642953 642980 643015 643124 643161 643158 643185 643138 642901 642938 642980 643116 643110 643170 642867 642833 642838 642960 642941 643134 643122 643162 643183 643188 643194 642809 642880 642847 642908 643169 643211 643199 643185 643190 642828 642861 642895 643158 643184 643179 643194 643223 643239 643197 643206 642772 642744 642839 642855 643176 643170 643203 643230 642755 642708 642768 642817 642812 642836 642860 643213 643259 643256 643245 643256 643262 643238 642697 642744 643228 642710 642740 642747 642764 643237 643232 643252 643305 643300 643269 642653 642713 643260 643274 643304 642616 642601 642588 642695 642692 642671 642710 642702 643282 643317 643302 642580 642573 642676 643308 643290 643340 643327 643322 
0 0 0 631174 0 0 0 0 0 631286 0 0 0 0 0 0 0 0 0 0 0 0 0 0 0 631222 631238 0 0 0 0 0 631030 631104 631164 0 0 0 0 0 0 631198 0 0 0 0 0 0 0 0 0 0 0 0 0 0 0 0 630980 631042 0 0 0 0 0 631486 0 0 0 630916 0 631014 0 0 0 0 0 630882 0 630932 630986 631054 0 0 0 0 0 0 631552 0 0 0 630908 631576 630864 0 0 631006 0 0 0 631650 631640 0 0 0 0 0 0 630748 0 0 0 0 0 0 0 0 0 0 0 630710 0 0 631726 0 0 0 
643449 643446 643474 643417 643438 643462 643453 643381 643384 643521 643548 643477 643357 643386 643384 643400 643380 643438 643444 643344 643368 643374 643293 643286 643296 643272 643312 643438 643572 643578 643643 643572 643273 643254 643290 643422 643416 643554 643239 643205 643210 643252 643236 643464 643440 643514 643576 643566 643650 643181 643226 643218 643218 643528 643612 643588 643667 643672 643186 643172 643192 643512 643558 643548 643578 643640 643757 643691 643700 643144 643116 643152 643160 643542 643536 643596 643748 643127 643080 643090 643132 643104 643128 643152 643616 643712 643702 643692 643766 643804 643768 643069 643066 643646 643062 643050 643040 643056 643664 643658 643694 643812 643878 643835 643025 643056 643710 643738 643894 642988 642973 642960 643008 643002 642984 643014 642998 643754 643884 643904 642952 642945 642970 643806 643776 643916 643912 643902 
643812 643809 643837 643780 643801 643825 643816 643744 643824 643884 643911 643840 643720 643749 643752 643852 643862 643869 643866 643834 643858 643862 643656 643649 643688 643762 643788 643905 643946 643943 644006 643935 643636 643673 643727 643910 643906 643955 643602 643568 643573 643742 643718 643954 643930 643975 643980 643985 644015 643544 643615 643582 643655 644004 644034 644010 644030 644035 643563 643606 643668 644002 644025 644030 644051 644056 644119 644054 644063 643507 643479 643580 643612 644030 644026 644078 644110 643490 643443 643503 643554 643594 643618 643642 644102 644128 644133 644102 644136 644142 644118 643432 643479 644125 643445 643487 643526 643546 644150 644148 644172 644185 644132 644125 643388 643448 644185 644174 644112 643351 643336 643323 643436 643439 643412 643469 643477 644190 644149 644092 643315 643308 643454 644188 644193 644130 644135 644088 
642610 642607 642635 642578 642599 642623 642614 642542 642547 642682 642709 642638 642518 642541 642538 642563 642543 642601 642607 642507 642531 642537 642454 642447 642458 642435 642475 642601 642728 642731 642804 642733 642434 642417 642453 642585 642579 642717 642400 642366 642371 642415 642399 642627 642603 642677 642739 642729 642803 642342 642387 642372 642381 642691 642775 642751 642828 642833 642343 642335 642355 642675 642721 642711 642741 642803 642918 642852 642861 642303 642277 642315 642323 642705 642699 642759 642909 642288 642241 642253 642295 642267 642291 642315 642779 642875 642865 642855 642921 642965 642929 642230 642229 642809 642221 642213 642203 642219 642827 642821 642857 642975 643016 642985 642186 642218 642873 642901 643020 642149 642134 642121 642171 642165 642147 642177 642161 642917 643017 643024 642113 642106 642133 642958 642928 643036 643031 643058 
