642990 0 0 642958 642990 642942 0 0 0 642916 642890 642894 642902 0 0 0 642854 0 0 642814 0 0 642854 0 642812 0 0 0 0 0 0 642868 0 0 0 0 642740 642738 0 0 0 0 0 0 0 0 0 0 642708 642694 0 0 0 0 0 642674 0 642698 0 0 0 0 0 0 0 0 642848 0 0 0 0 0 0 0 0 0 642544 0 0 0 0 0 0 0 0 642540 642520 0 0 0 0 0 0 0 0 0 0 0 0 0 0 0 0 0 0 0 0 0 0 0 642484 0 0 0 0 0 0 0 0 0 0 642684 0 0 0 0 0 0 
642940 642944 642902 642903 642898 642853 642890 642925 642913 642864 642877 642829 642853 642873 642819 0 642851 642861 642870 642827 642835 0 642829 642862 642882 642822 642821 642763 0 642802 642795 642838 642847 642791 642817 642796 642668 642751 642802 0 642788 642785 0 0 642787 642825 642785 642726 642724 642729 642763 0 642775 642751 642719 642749 642723 642707 642697 642762 642771 642715 642583 642688 0 0 642742 642659 642588 642638 0 0 0 642726 642748 642731 642637 642625 642617 642645 642615 642713 642708 642669 642623 642594 642548 642517 642556 642548 642700 0 642573 642583 642573 642537 642487 642680 0 642603 642559 642531 642531 642535 0 0 642665 642654 642677 642607 642543 642507 642519 0 642653 0 0 642641 642649 642655 642623 642635 642539 642384 642631 642644 642635 642607 
643004 0 642970 642967 642962 642921 642954 642985 642995 642932 642945 642897 642917 642937 642887 0 642915 642925 642911 642897 642903 0 642893 642931 642899 642890 642885 0 0 0 642859 642883 642889 0 642825 642811 642736 642819 0 0 0 0 0 0 642851 642833 642793 642743 642792 642797 0 0 642839 642755 0 642757 642731 642775 642765 642826 642775 642723 0 0 0 0 642806 642667 642656 0 0 0 0 0 642763 642735 642641 0 642625 642653 642623 642777 0 642673 0 642623 642603 642585 642624 642616 0 0 642581 642591 642581 642557 642553 642744 0 0 642563 642539 642539 642543 0 0 642729 0 0 642611 642547 642515 642587 0 0 0 0 642705 0 642659 642627 642639 642543 642467 0 0 0 0 
0 0 0 638638 0 638620 0 0 0 0 0 0 0 0 0 0 0 0 0 0 0 0 0 0 0 0 0 0 0 0 0 0 0 0 0 0 0 0 0 0 0 0 0 0 0 0 0 0 0 0 0 0 0 0 0 0 0 0 0 0 0 0 0 0 0 0 0 0 0 0 0 0 0 0 0 0 0 0 0 0 0 0 0 0 0 0 0 0 0 0 0 0 0 0 0 0 0 0 0 0 0 0 0 0 0 0 0 0 0 0 0 0 0 0 0 0 0 0 0 0 0 0 0 0 0 0 0 0 
0 0 0 642304 642383 642284 0 0 0 642271 642304 642260 642300 0 0 0 642252 0 0 642277 0 0 642276 0 642251 0 0 0 0 0 0 642333 0 0 0 0 642183 642182 0 0 0 0 0 0 0 0 0 0 642167 642160 0 0 0 0 0 642089 0 642162 0 0 0 0 0 0 0 0 642287 0 0 0 0 0 0 0 0 0 641971 0 0 0 0 0 0 0 0 642099 642115 0 0 0 0 0 0 0 0 0 0 0 0 0 0 0 0 0 0 0 0 0 0 0 641947 0 0 0 0 0 0 0 0 0 0 642115 0 0 0 0 0 0 
0 0 0 641172 0 641172 0 0 0 0 0 0 0 0 0 0 0 0 0 0 0 0 0 0 0 0 0 0 0 0 0 0 0 0 0 0 0 0 0 0 0 0 0 0 0 0 0 0 0 0 0 0 0 0 0 0 0 0 0 0 0 0 0 0 0 0 0 0 0 0 0 0 0 0 0 0 0 0 0 0 0 0 0 0 0 0 0 0 0 0 0 0 0 0 0 0 0 0 0 0 0 0 0 0 0 0 0 0 0 0 0 0 0 0 0 0 0 0 0 0 0 0 0 0 0 0 0 0 
643546 0 0 643608 643538 643530 643588 0 0 643562 643410 643540 643558 0 0 0 643510 0 0 643334 0 0 643510 0 643342 643478 0 0 0 0 0 643398 0 0 0 0 643382 643384 0 0 0 0 0 0 0 0 0 0 643354 643340 0 0 643474 0 0 643194 0 643344 0 643448 0 0 0 0 0 0 643504 0 643124 0 0 0 0 0 0 0 643074 0 0 643090 643060 0 0 0 0 643060 643040 0 0 0 0 0 0 0 0 642994 0 643168 0 0 0 0 642976 0 0 0 0 0 0 0 643014 0 0 0 0 0 0 643350 0 0 0 643214 0 642904 0 0 0 0 
644707 0 644619 644633 644696 644521 644607 644842 644689 644543 644569 644473 644628 644610 644453 0 644513 644610 644651 644561 644471 0 644564 644674 644708 644432 644423 0 0 0 644454 644652 644676 0 644479 644451 644151 644267 0 0 0 0 0 0 644438 644576 644415 644315 644210 644196 0 0 644404 644444 0 644343 644291 644183 644153 644365 644436 644275 0 0 0 0 644288 644163 643991 0 0 0 0 0 644299 644339 644131 0 644079 644135 644075 644201 0 644232 0 644075 644027 643849 643898 643874 0 0 643991 644011 643991 643943 643889 643880 0 0 644060 643907 643907 643915 0 0 643985 0 0 644091 644028 643859 643740 0 0 0 0 643932 0 643995 643955 644051 643996 643635 0 0 0 0 
644834 0 644864 644760 644678 644794 644734 644849 644926 644740 644866 644746 644636 644556 644726 0 644638 644580 644806 644832 644666 0 644570 644596 644677 644627 644531 0 0 0 644400 644508 644544 0 644634 644658 644450 644517 0 0 0 0 0 0 644384 644456 644570 644524 644481 644429 0 0 644367 644348 0 644450 644500 644463 644423 644315 644292 644430 0 0 0 0 644225 644372 644290 0 0 0 0 0 644148 644188 644168 0 644262 644290 644284 644119 0 644088 0 644284 644244 644148 644195 644163 0 0 644200 644220 644200 644152 644144 643967 0 0 643964 644116 644116 644124 0 0 643927 0 0 643940 643932 644068 643999 0 0 0 0 643831 0 643844 643804 643900 643876 643924 0 0 0 0 
0 0 0 643452 0 643420 0 0 0 643494 0 643468 0 0 0 0 0 0 0 0 0 0 0 0 643174 0 0 0 0 0 0 643230 0 0 0 0 0 0 0 0 0 0 0 0 0 0 0 0 0 0 0 0 0 0 0 0 0 0 0 0 0 0 0 0 0 0 643470 0 0 0 0 0 0 0 0 0 642906 0 0 0 0 0 0 0 0 0 0 0 0 0 0 0 0 0 0 0 0 0 0 0 0 0 0 0 0 0 0 0 0 0 0 0 0 0 0 0 0 0 0 0 0 0 0 0 0 0 0 0 
0 0 0 644279 644271 644347 0 0 0 644249 644431 644299 644181 0 0 0 644175 0 0 644429 0 0 644133 0 644356 0 0 0 0 0 0 644221 0 0 0 0 644263 644143 0 0 0 0 0 0 0 0 0 0 644149 644099 0 0 0 0 0 644317 0 644161 0 0 0 0 0 0 0 0 643959 0 0 0 0 0 0 0 0 0 644240 0 0 0 0 0 0 0 0 644332 644297 0 0 0 0 0 0 0 0 0 0 0 0 0 0 0 0 0 0 0 0 0 0 0 644144 0 0 0 0 0 0 0 0 0 0 644028 0 0 0 0 0 0 
0 0 0 641256 0 641300 0 0 0 641280 0 641316 0 0 0 0 0 0 0 0 0 0 0 0 640970 0 0 0 0 0 0 640882 0 0 0 0 0 0 0 0 0 0 0 0 0 0 0 0 0 0 0 0 0 0 0 0 0 0 0 0 0 0 0 0 0 0 641040 0 0 0 0 0 0 0 0 0 640726 0 0 0 0 0 0 0 0 0 0 0 0 0 0 0 0 0 0 0 0 0 0 0 0 0 0 0 0 0 0 0 0 0 0 0 0 0 0 0 0 0 0 0 0 0 0 0 0 0 0 0 
0 0 0 645082 644942 645002 0 0 0 645124 644882 645050 645128 0 0 0 645112 0 0 644806 0 0 645102 0 644804 0 0 0 0 0 0 644730 0 0 0 0 644868 644996 0 0 0 0 0 0 0 0 0 0 644966 644952 0 0 0 0 0 644666 0 644956 0 0 0 0 0 0 0 0 644928 0 0 0 0 0 0 0 0 0 644536 0 0 0 0 0 0 0 0 644532 644512 0 0 0 0 0 0 0 0 0 0 0 0 0 0 0 0 0 0 0 0 0 0 0 644442 0 0 0 0 0 0 0 0 0 0 644426 0 0 0 0 0 0 
644396 0 644308 644322 644596 644210 644296 644340 644276 644232 644226 644162 644362 644664 644142 0 644218 644572 644104 644076 644174 0 644314 644570 644168 644148 644158 0 0 0 644512 644474 644462 0 643932 643904 643840 644002 0 0 0 0 0 0 644496 644302 643868 643768 643945 643936 0 0 644400 644024 0 643796 643744 643918 643888 644373 644258 643728 0 0 0 0 644421 643616 643652 0 0 0 0 0 644177 644200 643584 0 643532 643588 643528 644361 0 644054 0 643528 643488 643538 643616 643600 0 0 643444 643464 643444 643396 643388 643735 0 0 643640 643360 643360 643368 0 0 644020 0 0 643952 643608 643312 643498 0 0 0 0 644121 0 643873 643833 643929 643722 643216 0 0 0 0 
641600 0 0 641637 641452 641729 641650 0 0 641694 641672 641753 641593 0 641763 0 641602 0 0 641634 0 0 641530 0 641462 641605 0 0 0 0 0 641274 0 0 0 0 641665 641608 0 0 0 0 0 0 0 0 0 0 641590 641542 0 0 641368 0 0 641431 0 641599 641569 641329 0 0 0 0 0 0 641255 0 641529 0 0 0 0 0 0 0 641167 0 0 641339 641468 0 0 0 0 641497 641487 0 0 0 0 0 0 641472 0 641464 0 641089 0 0 0 0 641378 0 0 0 0 0 0 0 640939 0 0 0 0 0 0 640928 0 0 0 640923 0 641419 0 0 0 0 
644960 644932 644952 645034 644952 644978 645060 644842 644882 645076 644858 645026 645090 644866 645046 645094 645070 644986 644796 644782 645074 645064 645070 644796 644756 645048 645010 645026 644976 645016 645022 644748 644766 644664 644710 644696 644844 644978 644992 644982 645012 645030 645040 645044 645030 644722 644678 644628 644948 644934 644978 644996 645018 644636 644592 644618 644616 644938 644918 644992 644640 644608 644582 644924 644890 644936 644952 644552 644572 644872 644860 644808 644930 644920 644568 644588 644488 644494 644510 644538 644508 644894 644884 644538 644508 644508 644488 644782 644804 644788 644868 644874 644466 644476 644466 644442 644438 644728 644834 644496 644444 644424 644424 644428 644744 644746 644790 644776 644822 644464 644428 644400 644706 644778 644774 644766 644766 644750 644766 644416 644396 644444 644432 644352 644730 644756 644738 644392 
0 0 0 645049 644905 644967 0 0 0 645089 644847 645015 645091 0 0 0 645145 0 0 644771 0 0 645131 0 644771 0 0 0 0 0 0 644693 0 0 0 0 644833 645033 0 0 0 0 0 0 0 0 0 0 645003 644989 0 0 0 0 0 644631 0 644993 0 0 0 0 0 0 0 0 644963 0 0 0 0 0 0 0 0 0 644503 0 0 0 0 0 0 0 0 644497 644477 0 0 0 0 0 0 0 0 0 0 0 0 0 0 0 0 0 0 0 0 0 0 0 644405 0 0 0 0 0 0 0 0 0 0 644389 0 0 0 0 0 0 
644523 0 644415 644525 644657 644409 644499 644339 644275 644435 644227 644365 644565 644613 644345 0 644421 644699 644103 644075 644377 0 644517 644473 644167 644351 644359 0 0 0 644619 644377 644365 0 643931 643903 644043 644203 0 0 0 0 0 0 644603 644229 643867 643767 644146 644137 0 0 644531 644001 0 643795 643743 644119 644089 644502 644161 643727 0 0 0 0 644494 643615 643655 0 0 0 0 0 644047 644074 643583 0 643531 643587 643527 644432 0 643957 0 643527 643487 643741 643819 643803 0 0 643443 643463 643443 643395 643387 643936 0 0 643617 643359 643359 643367 0 0 644175 0 0 643826 643585 643311 643699 0 0 0 0 644193 0 643743 643703 643799 643649 643215 0 0 0 0 
644649 0 644661 644575 644508 644591 644549 644743 644731 644537 644663 644543 644460 644386 644523 0 644468 644410 644817 644691 644478 0 644409 644456 644811 644439 644369 0 0 0 644230 644504 644558 0 644757 644781 644271 644337 0 0 0 0 0 0 644214 644612 644693 644669 644301 644249 0 0 644217 644504 0 644573 644645 644305 644265 644168 644448 644553 0 0 0 0 644070 644519 644111 0 0 0 0 0 644298 644344 644309 0 644385 644413 644431 643972 0 644244 0 644391 644195 643969 644031 644007 0 0 644347 644367 644347 644291 644029 643805 0 0 644120 644263 644263 644271 0 0 643780 0 0 644096 644088 644215 643843 0 0 0 0 643684 0 644000 643960 644056 644032 643755 0 0 0 0 
0 0 0 642597 0 642665 0 0 0 642567 0 642617 0 0 0 0 0 0 0 642820 0 0 0 0 642743 0 0 0 0 0 0 642692 0 0 0 0 0 0 0 0 0 0 0 0 0 0 0 0 0 642417 0 0 0 0 0 0 0 0 0 0 0 0 0 0 0 0 642379 0 0 0 0 0 0 0 0 0 642621 0 0 0 0 0 0 0 0 0 0 0 0 0 0 0 0 0 0 0 0 0 0 0 0 0 0 0 0 0 0 0 0 0 0 0 0 0 0 0 0 0 0 0 0 0 0 0 0 0 0 0 
644973 0 644975 645047 644869 645001 645073 644831 644905 645109 644881 645049 645055 644775 645069 0 645131 644895 644819 644805 645151 0 645083 644705 644745 645149 645091 0 0 0 644931 644657 644675 0 644733 644719 644867 645069 0 0 0 0 0 0 644947 644631 644701 644651 645039 645025 0 0 644995 644577 0 644651 644639 645029 645009 644969 644549 644631 0 0 0 0 644915 644575 644595 0 0 0 0 0 644477 644497 644501 0 644533 644561 644531 644871 0 644447 0 644531 644511 644809 644895 644879 0 0 644489 644499 644489 644465 644461 644809 0 0 644385 644447 644447 644451 0 0 644775 0 0 644373 644369 644423 644797 0 0 0 0 644727 0 644325 644305 644353 644341 644375 0 0 0 0 
644971 644967 644915 645045 644987 644941 645071 644877 644845 645063 644821 644989 645125 644901 645009 645077 645083 645021 644759 644745 645063 645101 645107 644831 644791 645037 645023 644991 644989 645053 645057 644783 644801 644699 644673 644659 644807 644943 645029 645019 645049 645067 645077 645081 645061 644757 644641 644591 644913 644899 644943 645033 645055 644671 644627 644605 644579 644903 644883 645029 644675 644571 644545 644889 644855 644973 644989 644515 644535 644837 644825 644821 644967 644957 644603 644623 644499 644481 644473 644501 644471 644931 644921 644573 644543 644471 644451 644741 644769 644753 644905 644911 644429 644439 644429 644405 644401 644741 644871 644531 644479 644387 644387 644391 644709 644783 644827 644813 644859 644499 644463 644363 644671 644815 644811 644803 644803 644787 644803 644451 644431 644479 644467 644315 644767 644793 644775 644427 
0 0 0 643407 643347 643303 0 0 0 643425 643183 643351 643485 0 0 0 643511 0 0 643107 0 0 643533 0 643151 0 0 0 0 0 0 643207 0 0 0 0 643169 643415 0 0 0 0 0 0 0 0 0 0 643385 643371 0 0 0 0 0 642967 0 643375 0 0 0 0 0 0 0 0 643539 0 0 0 0 0 0 0 0 0 642861 0 0 0 0 0 0 0 0 642833 642813 0 0 0 0 0 0 0 0 0 0 0 0 0 0 0 0 0 0 0 0 0 0 0 642823 0 0 0 0 0 0 0 0 0 0 643023 0 0 0 0 0 0 
644285 0 644197 644211 644485 644099 644185 644367 644267 644121 644147 644051 644251 644584 644031 0 644107 644483 644131 644103 644063 0 644203 644624 644195 644037 644047 0 0 0 644428 644528 644515 0 643959 643931 643729 643891 0 0 0 0 0 0 644412 644351 643895 643795 643834 643825 0 0 644311 644051 0 643823 643771 643807 643777 644284 644312 643755 0 0 0 0 644328 643643 643569 0 0 0 0 0 644250 644238 643611 0 643559 643615 643555 644268 0 644108 0 643555 643515 643427 643505 643489 0 0 643471 643491 643471 643423 643415 643624 0 0 643667 643387 643387 643395 0 0 643909 0 0 643990 643635 643339 643387 0 0 0 0 644056 0 643946 643906 644002 643771 643213 0 0 0 0 
0 0 0 632463 0 632496 0 0 0 0 0 0 0 0 0 0 0 0 0 0 0 0 0 0 632789 0 0 0 0 0 0 632635 0 0 0 0 0 0 0 0 0 0 0 0 0 0 0 0 0 0 0 0 0 0 0 0 0 0 0 0 0 0 0 0 0 0 631983 0 0 0 0 0 0 0 0 0 632471 0 0 0 0 0 0 0 0 0 0 0 0 0 0 0 0 0 0 0 0 0 0 0 0 0 0 0 0 0 0 0 0 0 0 0 0 0 0 0 0 0 0 0 0 0 0 0 0 0 0 0 
641161 0 0 641235 641057 641191 641261 0 0 641301 641071 641239 641243 0 0 0 641339 0 0 640995 0 0 641291 0 640933 641363 0 0 0 0 0 640845 0 0 0 0 641057 641327 0 0 0 0 0 0 0 0 0 0 641303 641327 0 0 641219 0 0 640843 0 641279 0 641219 0 0 0 0 0 0 641123 0 640785 0 0 0 0 0 0 0 640689 0 0 640751 640721 0 0 0 0 640721 640701 0 0 0 0 0 0 0 0 640655 0 641339 0 0 0 0 640637 0 0 0 0 0 0 0 640557 0 0 0 0 0 0 641075 0 0 0 640541 0 640565 0 0 0 0 
639479 0 639461 639553 639471 639499 639579 639361 639391 639595 639391 639547 639609 639449 639567 0 639648 639521 639305 639327 639646 0 639648 639379 639275 639659 639669 0 0 0 639605 639331 639325 0 639219 639229 639449 639647 0 0 0 0 0 0 639621 639257 639187 639197 639634 639627 0 0 639666 639155 0 639137 639161 639623 639619 639669 639223 639117 0 0 0 0 639651 639121 639249 0 0 0 0 0 639271 639195 639007 0 639031 639047 639077 639669 0 639121 0 639149 639165 639451 639531 639539 0 0 639035 639081 639083 639107 639151 639534 0 0 638963 638993 639005 639069 0 0 639565 0 0 639071 638947 639005 639513 0 0 0 0 639625 0 639215 639171 639147 638967 639125 0 0 0 0 
644673 644595 644733 644784 644517 644832 644823 644460 644628 644883 644694 644904 644796 644376 644934 0 644908 644556 644499 644582 644946 0 644836 644271 644331 644933 644878 645012 0 644809 644610 644199 644226 644157 644370 644451 644675 644970 644833 0 644771 644744 0 0 644634 644160 644322 644351 644973 644948 644934 0 644710 644079 644049 644196 644333 644946 644936 644697 644037 644217 644282 644915 0 0 644581 644237 644267 644841 0 0 0 644613 643929 643959 643965 644010 644130 644112 644171 644552 644547 643884 643887 644171 644141 644588 644711 644703 644563 0 644108 644123 644108 644072 644066 644659 0 643821 643791 644045 644045 644051 0 0 644608 644445 644492 643773 643767 644009 644686 0 644564 0 0 644432 644416 643701 643671 643743 643725 643937 644506 644459 644354 643665 
645048 645022 645020 645085 644996 645033 645098 644977 644985 645094 644973 645057 645089 644949 645067 645106 645137 645009 644942 644935 645123 645116 645113 644914 644934 645136 645167 645087 645176 645140 645027 644890 644899 644876 644899 644892 644966 645135 645164 645155 645130 645109 645104 645082 645035 644877 644883 644858 645126 645131 645153 645126 645095 644850 644840 644865 644852 645107 645117 645108 644836 644848 644835 645090 645109 645088 645032 644820 644830 645068 645094 645092 645091 645096 644800 644810 644812 644803 644799 644813 644798 645061 645066 644785 644786 644798 644788 644937 645006 645014 645070 645047 644777 644782 644777 644765 644763 645052 645053 644764 644754 644756 644756 644758 645036 645025 645035 645024 645047 644748 644746 644744 645017 645025 645023 645019 645019 645011 645019 644724 644714 644738 644732 644720 645001 645014 645005 644712 
644758 644752 644674 644869 644754 644713 644908 644617 644569 644896 644533 644785 645007 644613 644815 0 645025 644793 644440 644419 644983 0 645079 644508 644488 645022 645079 644875 0 645136 644847 644436 644463 644368 644311 644290 644512 644967 645102 0 645122 645083 0 0 644871 644397 644263 644188 644928 644907 644973 0 645045 644314 644260 644209 644170 644899 644883 645050 644274 644158 644119 644864 0 0 644862 644074 644104 644794 0 0 0 644954 644166 644196 644050 644023 644011 644053 644008 644905 644900 644121 644122 644008 643978 644425 644632 644644 644876 0 643945 643960 643945 643909 643903 644670 0 644058 644026 643882 643882 643888 0 0 644771 644738 644807 644010 644002 643846 644565 0 644735 0 0 644699 644723 643938 643908 643980 643962 643774 644669 644708 644681 643902 
644376 0 644264 644498 644528 644316 644512 644188 644124 644464 644076 644368 644608 644500 644368 0 644512 644650 643952 643924 644464 0 644608 644360 644016 644458 644455 0 0 0 644696 644264 644258 0 643780 643752 644020 644299 0 0 0 0 0 0 644696 644122 643716 643616 644242 644233 0 0 644681 643872 0 643644 643592 644215 644185 644642 644048 643576 0 0 0 0 644630 643464 643504 0 0 0 0 0 643934 643972 643432 0 643380 643436 643376 644567 0 643844 0 643376 643336 643792 643926 643906 0 0 643292 643312 643292 643244 643236 644032 0 0 643488 643208 643208 643216 0 0 644293 0 0 643724 643456 643160 643795 0 0 0 0 644327 0 643630 643590 643686 643542 643064 0 0 0 0 
0 0 0 631750 0 631706 0 0 0 0 0 0 0 0 0 0 0 0 0 0 0 0 0 0 632112 0 0 0 0 0 0 632270 0 0 0 0 0 0 0 0 0 0 0 0 0 0 0 0 0 0 0 0 0 0 0 0 0 0 0 0 0 0 0 0 0 0 631672 0 0 0 0 0 0 0 0 0 631677 0 0 0 0 0 0 0 0 0 0 0 0 0 0 0 0 0 0 0 0 0 0 0 0 0 0 0 0 0 0 0 0 0 0 0 0 0 0 0 0 0 0 0 0 0 0 0 0 0 0 0 
644441 0 644353 644367 644641 644255 644341 644607 644423 644277 644303 644207 644407 644672 644187 0 644263 644619 644469 644307 644219 0 644359 644742 644549 644189 644180 0 0 0 644516 644766 644780 0 644313 644285 643885 644024 0 0 0 0 0 0 644500 644685 644249 644149 643967 643958 0 0 644436 644405 0 644177 644125 643940 643910 644397 644598 644109 0 0 0 0 644363 643997 643725 0 0 0 0 0 644455 644495 643965 0 643913 643969 643909 644280 0 644394 0 643909 643797 643583 643655 643631 0 0 643825 643845 643825 643777 643643 643723 0 0 644021 643741 643741 643749 0 0 644039 0 0 644247 643989 643693 643520 0 0 0 0 644040 0 644151 644111 644207 644105 643369 0 0 0 0 
642643 642681 642599 642606 642703 642550 642593 642726 642634 642561 642574 642526 642626 642678 642516 0 642554 642666 642677 642576 642532 0 642602 642713 642769 642519 642524 642460 0 642575 642600 642737 642752 642837 642720 642655 642365 642448 642539 0 642591 642590 0 0 642592 642798 642736 642581 642421 642426 642460 0 642580 642841 642793 642742 642659 642404 642394 642567 642791 642713 642280 642385 0 0 642547 642619 642285 642335 0 0 0 642531 642707 642793 642641 642623 642615 642643 642603 642518 642513 642775 642727 642425 642327 642214 642253 642245 642505 0 642571 642549 642518 642386 642244 642383 0 642709 642663 642529 642529 642465 0 0 642470 642459 642482 642713 642647 642505 642216 0 642458 0 0 642446 642454 642687 642707 642731 642645 642107 642436 642449 642440 642705 
644557 0 644587 644483 644394 644537 644457 644646 644657 644463 644633 644489 644352 644272 644469 0 644374 644296 644743 644641 644402 0 644299 644342 644732 644363 644282 0 0 0 644116 644390 644444 0 644823 644795 644219 644288 0 0 0 0 0 0 644100 644560 644781 644651 644276 644200 0 0 644101 644552 0 644661 644757 644260 644220 644059 644486 644641 0 0 0 0 643954 644629 644059 0 0 0 0 0 644210 644392 644379 0 644493 644501 644541 643863 0 644292 0 644339 644143 643917 643977 643953 0 0 644457 644477 644457 644261 643977 643718 0 0 644168 644373 644373 644381 0 0 643671 0 0 644144 644136 644325 643796 0 0 0 0 643575 0 644048 644008 644104 644080 643703 0 0 0 0 
643201 0 643209 643127 643209 643159 643101 643319 643279 643085 643255 643111 643071 643231 643091 0 643023 643159 643365 643307 643027 0 643023 643301 643405 643001 642963 0 0 0 643075 643349 643355 0 643385 643407 643125 642955 0 0 0 0 0 0 643059 643407 643353 643407 642949 642911 0 0 642987 643311 0 643293 643363 642963 642943 642961 643379 643283 0 0 0 0 643017 643347 643253 0 0 0 0 0 643407 643351 643163 0 643209 643213 643303 642959 0 643277 0 643389 643337 643063 642997 642981 0 0 643261 643343 643357 643407 643263 642681 0 0 643119 643219 643243 643367 0 0 642743 0 0 643227 643103 643267 642875 0 0 0 0 642863 0 643371 643327 643303 643123 643109 0 0 0 0 
0 0 0 633075 0 633153 0 0 0 633097 0 633183 0 0 0 0 0 0 0 633003 0 0 0 0 632640 0 0 0 0 0 0 632498 0 0 0 0 633357 0 0 0 0 0 0 0 0 0 0 0 0 632910 0 0 0 0 0 0 0 0 0 0 0 0 0 0 0 0 632579 0 0 0 0 0 0 0 0 0 632274 0 0 0 0 0 0 0 0 632885 632855 0 0 0 0 0 0 0 0 0 0 0 0 0 0 0 0 0 0 0 0 0 0 0 0 0 0 0 0 0 0 0 0 0 0 0 0 0 0 0 0 0 
0 0 0 642119 642037 642087 0 0 0 642161 641991 642135 642175 0 0 0 642223 0 0 641939 0 0 642223 0 641841 0 0 0 0 0 0 641897 0 0 0 0 642021 642231 0 0 0 0 0 0 0 0 0 0 642231 642213 0 0 0 0 0 641703 0 642231 0 0 0 0 0 0 0 0 642229 0 0 0 0 0 0 0 0 0 641573 0 0 0 0 0 0 0 0 641685 641665 0 0 0 0 0 0 0 0 0 0 0 0 0 0 0 0 0 0 0 0 0 0 0 641513 0 0 0 0 0 0 0 0 0 0 641677 0 0 0 0 0 0 
644816 644758 644732 644927 644680 644771 644966 644623 644627 644954 644591 644843 644959 644539 644873 0 645083 644719 644498 644477 645041 0 645031 644434 644494 645080 645147 644933 0 645098 644773 644362 644389 644320 644369 644348 644570 645035 645122 0 645060 645019 0 0 644797 644323 644321 644246 644996 644981 645047 0 644977 644242 644212 644267 644228 644967 644957 644986 644200 644216 644177 644936 0 0 644788 644132 644162 644862 0 0 0 644896 644092 644122 644108 644081 644069 644111 644066 644841 644836 644047 644050 644066 644036 644483 644690 644714 644818 0 644003 644018 644003 643967 643961 644744 0 643984 643954 643940 643940 643946 0 0 644713 644680 644749 643936 643930 643904 644639 0 644677 0 0 644641 644665 643864 643834 643906 643888 643832 644611 644650 644623 643828 
645027 645025 644999 645064 645023 645012 645077 644980 644964 645073 644952 645036 645116 644976 645046 645085 645116 645036 644921 644914 645102 645143 645140 644941 644937 645115 645146 645066 645149 645167 645054 644917 644926 644903 644878 644871 644945 645114 645167 645176 645157 645136 645131 645109 645062 644904 644862 644837 645105 645104 645126 645153 645122 644877 644867 644844 644831 645086 645096 645135 644863 644827 644814 645069 645082 645115 645059 644799 644809 645047 645067 645065 645118 645117 644827 644837 644791 644782 644778 644792 644777 645088 645093 644812 644813 644777 644767 644916 644985 644993 645091 645074 644756 644761 644756 644744 644742 645025 645074 644791 644781 644735 644735 644737 645009 645046 645056 645045 645068 644775 644773 644723 644990 645046 645044 645040 645040 645032 645040 644751 644741 644765 644759 644699 645022 645035 645026 644739 
642981 642966 642925 643055 642998 642951 643081 642876 642855 643073 642831 642999 643136 642940 643019 0 643159 643036 642769 642755 643131 0 643184 642870 642790 643157 643178 643059 0 643206 643096 642822 642828 642710 642683 642669 642817 643102 643182 0 643216 643213 0 0 643112 642772 642651 642601 643075 643080 643114 0 643203 642694 642638 642615 642589 643058 643048 643190 642714 642581 642555 643039 0 0 643130 642525 642545 642989 0 0 0 643154 642702 642674 642509 642491 642483 642511 642481 643141 643136 642612 642566 642481 642461 642759 642897 642899 643128 0 642439 642449 642439 642415 642411 643037 0 642546 642502 642397 642397 642401 0 0 643093 643082 643105 642550 642486 642373 642870 0 643081 0 0 643069 643077 642598 642566 642578 642482 642325 643059 643072 643063 642550 
644738 644732 644654 644849 644828 644693 644888 644597 644549 644876 644513 644765 645005 644687 644795 0 645005 644867 644420 644399 644963 0 645077 644582 644468 644994 645019 644855 0 645094 644921 644510 644537 644366 644291 644270 644492 644899 645028 0 645116 645131 0 0 644945 644471 644243 644168 644854 644833 644899 0 645097 644348 644258 644189 644150 644839 644809 645082 644348 644138 644099 644808 0 0 644936 644054 644084 644734 0 0 0 644974 644240 644270 644030 644003 643991 644033 643988 644935 644920 644195 644156 643988 643958 644405 644600 644596 644896 0 643925 643940 643925 643889 643883 644596 0 644132 644060 643862 643862 643868 0 0 644791 644758 644827 644084 644036 643826 644491 0 644755 0 0 644719 644743 644012 643982 644054 644036 643754 644689 644728 644701 643976 
644878 644874 644822 644952 644964 644848 644978 644784 644752 644970 644728 644896 645056 644940 644916 644994 645038 645014 644666 644652 645014 645086 645086 644870 644698 644998 644984 644942 644950 645038 645096 644822 644818 644630 644580 644566 644714 644904 644990 645004 645058 645098 645108 645128 645112 644750 644548 644498 644874 644860 644904 645064 645102 644626 644558 644512 644486 644864 644844 645076 644714 644478 644452 644850 644816 645066 645082 644422 644442 644798 644786 644782 645060 645050 644642 644662 644406 644388 644380 644408 644378 645024 645014 644612 644498 644378 644358 644656 644730 644714 644998 645004 644336 644346 644336 644312 644308 644702 644964 644524 644434 644294 644294 644298 644670 644792 644858 644906 644952 644538 644418 644270 644632 644862 644882 644896 644896 644880 644896 644490 644470 644518 644460 644222 644814 644886 644868 644466 
644892 644888 644836 644966 644980 644862 644992 644798 644766 644984 644742 644910 645070 644930 644930 645008 645050 645032 644680 644666 645026 645096 645098 644860 644712 645008 644994 644954 644960 645048 645086 644812 644830 644644 644594 644580 644728 644914 645000 645014 645068 645110 645120 645142 645102 644768 644562 644512 644884 644870 644914 645076 645116 644640 644572 644526 644500 644874 644854 645090 644704 644492 644466 644860 644826 645052 645068 644436 644456 644808 644796 644792 645046 645036 644632 644652 644420 644402 644394 644422 644392 645010 645000 644602 644512 644392 644372 644670 644740 644724 644984 644990 644350 644360 644350 644326 644322 644712 644950 644542 644448 644308 644308 644312 644680 644802 644870 644892 644938 644528 644432 644284 644642 644876 644890 644882 644882 644866 644882 644480 644460 644508 644478 644236 644828 644872 644854 644456 
644285 0 644173 644405 644461 644225 644431 644097 644033 644399 643985 644277 644543 644485 644297 0 644445 644607 643861 643833 644399 0 644541 644345 643925 644375 644370 0 0 0 644707 644249 644237 0 643689 643661 643927 644214 0 0 0 0 0 0 644707 644079 643625 643525 644157 644148 0 0 644644 643781 0 643553 643501 644130 644100 644605 644033 643485 0 0 0 0 644673 643373 643413 0 0 0 0 0 644031 643969 643341 0 643289 643345 643285 644598 0 643829 0 643285 643245 643727 643843 643821 0 0 643201 643221 643201 643153 643145 643947 0 0 643397 643117 643117 643125 0 0 644232 0 0 643721 643365 643069 643710 0 0 0 0 644406 0 643747 643707 643783 643499 642973 0 0 0 0 
644357 0 644269 644283 644551 644171 644257 644523 644339 644193 644219 644123 644323 644555 644103 0 644179 644501 644425 644223 644135 0 644275 644625 644603 644107 644098 0 0 0 644399 644673 644691 0 644377 644349 643801 643942 0 0 0 0 0 0 644383 644715 644313 644213 643885 643876 0 0 644320 644469 0 644241 644189 643858 643828 644281 644629 644173 0 0 0 0 644272 644061 643641 0 0 0 0 0 644508 644550 644029 0 643977 644033 643973 644191 0 644425 0 643921 643725 643499 643573 643549 0 0 643889 643909 643889 643835 643559 643655 0 0 644085 643805 643805 643813 0 0 643954 0 0 644302 644053 643757 643438 0 0 0 0 643951 0 644208 644168 644264 644135 643285 0 0 0 0 
644498 0 644547 644424 644316 644480 644398 644570 644617 644406 644552 644432 644274 644194 644412 0 644301 644218 644703 644580 644331 0 644207 644264 644656 644292 644202 0 0 0 644038 644312 644366 0 644789 644714 644158 644210 0 0 0 0 0 0 644021 644482 644815 644590 644174 644122 0 0 644009 644608 0 644754 644746 644178 644138 643960 644420 644751 0 0 0 0 643862 644654 643998 0 0 0 0 0 644132 644392 644470 0 644586 644611 644622 643764 0 644364 0 644278 644082 643856 643902 643878 0 0 644546 644510 644462 644200 643916 643638 0 0 644240 644462 644462 644358 0 0 643572 0 0 644216 644208 644414 643714 0 0 0 0 643476 0 643996 644048 644168 644152 643642 0 0 0 0 
643249 0 643257 643175 643257 643207 643149 643367 643327 643133 643303 643159 643119 643279 643139 0 643071 643207 643413 643355 643075 0 643071 643349 643453 643049 643011 0 0 0 643123 643397 643403 0 643413 643447 643145 643003 0 0 0 0 0 0 643107 643441 643381 643451 642997 642959 0 0 643035 643339 0 643321 643391 643011 642991 643009 643407 643311 0 0 0 0 643065 643375 643129 0 0 0 0 0 643453 643379 643191 0 643237 643241 643331 643007 0 643305 0 643337 643213 642963 642969 642953 0 0 643289 643343 643333 643305 643119 642729 0 0 643147 643247 643271 643295 0 0 642791 0 0 643255 643131 643267 642871 0 0 0 0 642911 0 643399 643355 643331 643151 642965 0 0 0 0 
0 0 0 643436 643354 643404 0 0 0 643478 643308 643452 643492 0 0 0 643540 0 0 643254 0 0 643540 0 643158 0 0 0 0 0 0 643214 0 0 0 0 643316 643574 0 0 0 0 0 0 0 0 0 0 643572 643534 0 0 0 0 0 643020 0 643572 0 0 0 0 0 0 0 0 643546 0 0 0 0 0 0 0 0 0 642890 0 0 0 0 0 0 0 0 642980 642960 0 0 0 0 0 0 0 0 0 0 0 0 0 0 0 0 0 0 0 0 0 0 0 642830 0 0 0 0 0 0 0 0 0 0 643030 0 0 0 0 0 0 
0 0 0 632788 0 632758 0 0 0 632863 0 632830 0 0 0 0 0 0 0 0 0 0 0 0 632303 0 0 0 0 0 0 632296 0 0 0 0 0 0 0 0 0 0 0 0 0 0 0 0 0 633052 0 0 0 0 0 0 0 0 0 0 0 0 0 0 0 0 632730 0 0 0 0 0 0 0 0 0 631779 0 0 0 0 0 0 0 0 0 0 0 0 0 0 0 0 0 0 0 0 0 0 0 0 0 0 0 0 0 0 0 0 0 0 0 0 0 0 0 0 0 0 0 0 0 0 0 0 0 0 0 
644720 644642 644742 644831 644564 644801 644870 644507 644637 644930 644621 644873 644843 644423 644903 0 644987 644603 644508 644507 645017 0 644915 644318 644378 645056 645047 644963 0 644972 644657 644246 644273 644204 644379 644378 644600 645069 645020 0 644938 644893 0 0 644681 644207 644331 644276 645036 645067 645093 0 644855 644126 644096 644243 644258 644993 645003 644868 644084 644226 644207 644952 0 0 644672 644162 644192 644882 0 0 0 644808 643976 644006 644012 644057 644099 644121 644096 644725 644730 643931 643934 644096 644066 644513 644720 644732 644760 0 644033 644048 644033 643997 643991 644734 0 643868 643838 643970 643970 643976 0 0 644683 644642 644689 643820 643814 643934 644755 0 644647 0 0 644611 644613 643748 643718 643790 643772 643862 644581 644620 644551 643712 
645010 645008 644982 645047 645054 644995 645060 644963 644947 645056 644935 645019 645099 645007 645029 645068 645099 645067 644904 644897 645085 645126 645123 644972 644920 645098 645129 645049 645118 645150 645085 644948 644957 644886 644861 644854 644928 645095 645138 645145 645164 645167 645162 645140 645093 644935 644845 644820 645080 645073 645095 645176 645153 644884 644850 644827 644814 645069 645065 645166 644894 644810 644797 645052 645051 645142 645090 644782 644792 645030 645036 645034 645139 645134 644858 644868 644774 644765 644761 644775 644760 645119 645116 644843 644820 644760 644750 644899 644968 644976 645108 645105 644739 644744 644739 644727 644725 644994 645091 644822 644788 644718 644718 644720 644978 645039 645073 645062 645085 644806 644780 644706 644959 645063 645061 645057 645057 645049 645057 644782 644772 644796 644790 644682 645039 645052 645043 644770 
642952 0 0 643026 643027 642922 643052 0 0 643044 642802 642970 643130 0 0 0 643130 0 0 642726 0 0 643178 0 642772 643120 0 0 0 0 0 642893 0 0 0 0 642788 643080 0 0 0 0 0 0 0 0 0 0 643056 643080 0 0 643240 0 0 642586 0 643032 0 643241 0 0 0 0 0 0 643211 0 642516 0 0 0 0 0 0 0 642480 0 0 642482 642452 0 0 0 0 642452 642432 0 0 0 0 0 0 0 0 642386 0 643152 0 0 0 0 642368 0 0 0 0 0 0 0 642491 0 0 0 0 0 0 643203 0 0 0 642659 0 642296 0 0 0 0 
642647 0 642603 642610 642679 642554 642597 642720 642638 642565 642578 642530 642608 642654 642520 0 642558 642642 642681 642580 642536 0 642584 642689 642763 642523 642528 0 0 0 642576 642713 642728 0 642724 642659 642369 642452 0 0 0 0 0 0 642568 642774 642740 642585 642425 642430 0 0 642556 642843 0 642765 642663 642408 642398 642543 642767 642731 0 0 0 0 642523 642623 642289 0 0 0 0 0 642683 642769 642659 0 642633 642661 642631 642494 0 642765 0 642429 642331 642218 642257 642249 0 0 642589 642553 642522 642390 642248 642387 0 0 642653 642547 642547 642469 0 0 642446 0 0 642703 642637 642523 642220 0 0 0 0 642422 0 642663 642697 642731 642635 642111 0 0 0 0 
643219 643271 643179 643145 643286 643105 643119 643361 643249 643079 643177 643057 643137 643272 643037 0 643041 643224 643335 643205 643021 0 643089 643342 643447 642995 642981 642949 0 643035 643116 643390 643408 643563 643421 643339 642903 642901 642987 0 643054 643060 0 0 643100 643488 643453 643263 642871 642857 642901 0 643052 643614 643635 643537 643371 642861 642841 643026 643498 643523 642877 642847 0 0 643034 643339 642887 642795 0 0 0 642978 643390 643514 643578 643557 643529 643555 643383 642976 642966 643600 643659 643095 642971 642721 642727 642711 642938 0 643425 643271 643233 643065 642877 642699 0 643637 643614 643438 643419 643175 0 0 642820 642882 642916 643621 643598 643347 642629 0 642820 0 0 642856 642884 643398 643454 643514 643594 642723 642764 642850 642880 643494 
0 0 0 641874 641868 641890 0 0 0 641853 641938 641866 641823 0 0 0 641822 0 0 641964 0 0 641799 0 642002 0 0 0 0 0 0 641902 0 0 0 0 641823 641788 0 0 0 0 0 0 0 0 0 0 641785 641766 0 0 0 0 0 642075 0 641792 0 0 0 0 0 0 0 0 641712 0 0 0 0 0 0 0 0 0 641985 0 0 0 0 0 0 0 0 641919 641857 0 0 0 0 0 0 0 0 0 0 0 0 0 0 0 0 0 0 0 0 0 0 0 641890 0 0 0 0 0 0 0 0 0 0 641932 0 0 0 0 0 0 
644538 0 644546 644464 644546 644496 644438 644656 644616 644422 644592 644448 644408 644568 644428 0 644360 644496 644702 644644 644364 0 644360 644638 644742 644338 644300 0 0 0 644412 644686 644692 0 644788 644754 644462 644292 0 0 0 0 0 0 644396 644760 644802 644750 644286 644248 0 0 644324 644760 0 644742 644808 644300 644280 644298 644794 644732 0 0 0 0 644354 644796 644562 0 0 0 0 0 644746 644800 644612 0 644658 644662 644752 644296 0 644726 0 644726 644646 644396 644334 644318 0 0 644710 644792 644806 644740 644552 644018 0 0 644568 644668 644692 644806 0 0 644080 0 0 644676 644552 644716 644212 0 0 0 0 644200 0 644800 644776 644752 644572 644398 0 0 0 0 
0 0 0 641188 641010 641228 0 0 0 641254 641156 641276 641196 0 0 0 641292 0 0 641096 0 0 641244 0 640886 0 0 0 0 0 0 640798 0 0 0 0 641158 641384 0 0 0 0 0 0 0 0 0 0 641408 641384 0 0 0 0 0 640796 0 641400 0 0 0 0 0 0 0 0 641082 0 0 0 0 0 0 0 0 0 640642 0 0 0 0 0 0 0 0 640822 640802 0 0 0 0 0 0 0 0 0 0 0 0 0 0 0 0 0 0 0 0 0 0 0 640510 0 0 0 0 0 0 0 0 0 0 640494 0 0 0 0 0 0 
644032 0 0 644069 643932 644125 644082 0 0 644114 644101 644149 644049 0 644159 0 644121 0 0 644094 0 0 644073 0 643906 644156 0 0 0 0 0 643790 0 0 0 0 644093 644227 0 0 0 0 0 0 0 0 0 0 644254 644229 0 0 644019 0 0 643885 0 644266 644276 644032 0 0 0 0 0 0 643908 0 643885 0 0 0 0 0 0 0 643796 0 0 643869 643961 0 0 0 0 643889 643843 0 0 0 0 0 0 643909 0 643832 0 644042 0 0 0 0 643907 0 0 0 0 0 0 0 643694 0 0 0 0 0 0 643869 0 0 0 643578 0 643679 0 0 0 0 
644182 0 0 644254 644223 644152 644267 0 0 644251 644032 644190 644320 0 0 0 644306 0 0 643956 0 0 644344 0 644002 644293 0 0 0 0 0 644076 0 0 0 0 644015 644268 0 0 0 0 0 0 0 0 0 0 644247 644274 0 0 644373 0 0 643816 0 644216 0 644386 0 0 0 0 0 0 644327 0 643746 0 0 0 0 0 0 0 643710 0 0 643712 643682 0 0 0 0 643682 643662 0 0 0 0 0 0 0 0 643616 0 644235 0 0 0 0 643598 0 0 0 0 0 0 0 643699 0 0 0 0 0 0 644320 0 0 0 643828 0 643526 0 0 0 0 
644107 0 644019 644033 644307 643921 644007 644273 644089 643943 643969 643873 644073 644401 643853 0 643923 644303 644175 643973 643881 0 644019 644471 644359 643842 643833 0 0 0 644245 644519 644518 0 644251 644131 643551 643677 0 0 0 0 0 0 644229 644567 644251 643983 643620 643611 0 0 644107 644429 0 644201 644107 643593 643563 644068 644611 644133 0 0 0 0 644130 644007 643391 0 0 0 0 0 644431 644587 643989 0 643937 643993 643933 644043 0 644481 0 643671 643475 643249 643308 643284 0 0 643849 643859 643819 643593 643309 643410 0 0 644045 643765 643765 643723 0 0 643695 0 0 644357 644013 643717 643173 0 0 0 0 643847 0 644271 644289 644385 644147 643035 0 0 0 0 
644344 0 644395 644270 644230 644345 644244 644438 644465 644252 644417 644297 644166 644108 644277 0 644145 644132 644551 644445 644175 0 644097 644178 644524 644136 644055 0 0 0 643952 644226 644280 0 644637 644579 644045 644086 0 0 0 0 0 0 643933 644396 644669 644477 644053 644004 0 0 643921 644594 0 644710 644611 644050 644020 643882 644334 644735 0 0 0 0 643774 644553 643885 0 0 0 0 0 644046 644314 644478 0 644613 644621 644597 643687 0 644426 0 644165 643969 643742 643787 643763 0 0 644595 644413 644351 644087 643803 643501 0 0 644316 644511 644511 644245 0 0 643503 0 0 644292 644284 644463 643618 0 0 0 0 643407 0 643910 644002 644170 644228 643529 0 0 0 0 
641185 641173 641209 641185 641137 641221 641185 641155 641209 641197 641233 641221 641161 641101 641221 0 641185 641125 641168 641233 641197 0 641161 641092 641112 641197 641185 641233 0 641161 641101 641068 641077 641054 641125 641166 641305 641221 641173 0 641149 641137 0 0 641101 641055 641109 641204 641233 641221 641209 0 641125 641028 641018 641067 641150 641245 641245 641125 641014 641074 641316 641257 0 0 641077 641166 641316 641281 0 0 0 641101 640966 640988 640990 641005 641049 641039 641144 641077 641077 640963 640964 641263 641289 641316 641316 641316 641089 0 641123 641200 641218 641254 641300 641185 0 640942 640932 641102 641126 641223 0 0 641137 641053 641065 640926 640924 641162 641316 0 641113 0 0 641053 641029 640842 640844 640904 640910 641256 641125 641065 640981 640854 
643850 643832 643874 643850 643802 643886 643850 643742 643818 643862 643866 643886 643826 643758 643886 0 643850 643790 643732 643819 643862 0 643826 643688 643656 643862 643843 643898 0 643822 643766 643640 643646 643552 643646 643704 643903 643875 643822 0 643808 643802 0 0 643766 643590 643614 643713 643884 643853 643851 0 643790 643512 643480 643542 643653 643896 643886 643782 643532 643544 643883 643901 0 0 643742 643637 643873 643899 0 0 0 643746 643502 643492 643400 643418 643482 643474 643593 643733 643728 643430 643384 643737 643789 643903 643903 643903 643720 0 643551 643633 643647 643719 643811 643702 0 643364 643320 643509 643533 643657 0 0 643685 643668 643697 643368 643304 643557 643852 0 643673 0 0 643655 643651 643350 643330 643378 643300 643845 643651 643664 643613 643326 
644981 644955 645001 645018 644929 645038 645031 644910 644966 645051 644978 645062 645022 644882 645072 645063 645070 644942 644923 644940 645080 645049 645046 644847 644867 645093 645100 645092 645117 645073 644960 644823 644832 644809 644880 644897 644971 645140 645097 645090 645063 645042 645037 645015 644968 644810 644864 644863 645131 645162 645140 645059 645028 644783 644773 644822 644857 645112 645122 645041 644769 644829 644840 645095 645176 645021 644965 644825 644835 645073 645161 645087 645024 645029 644733 644743 644745 644760 644804 644794 644803 644994 644999 644718 644719 644803 644793 644942 645011 645019 645031 644980 644782 644787 644782 644770 644768 645047 645048 644697 644687 644761 644761 644763 645103 645020 645030 645005 645006 644681 644679 644749 645084 645020 645018 645014 645014 645006 644986 644657 644647 644671 644665 644725 644996 645009 644952 644645 
644808 644804 644752 644882 644896 644778 644908 644714 644682 644900 644658 644826 644986 644924 644846 644924 644986 644970 644596 644582 644958 645040 645034 644854 644628 644984 645000 644886 644966 645054 645080 644806 644798 644560 644510 644496 644644 644920 645006 645020 645074 645108 645108 645116 645096 644706 644478 644428 644890 644876 644920 645082 645132 644556 644488 644442 644416 644880 644860 645118 644698 644408 644382 644866 644832 645136 645090 644352 644372 644814 644802 644798 645130 645120 644626 644646 644336 644318 644310 644338 644308 645094 645084 644596 644428 644308 644288 644586 644724 644724 645068 645074 644266 644276 644266 644242 644238 644718 645034 644480 644364 644224 644224 644228 644686 644808 644876 644976 645022 644522 644348 644200 644648 644904 644948 644966 644966 644950 644966 644474 644454 644502 644416 644152 644856 644956 644938 644450 
0 0 0 627874 0 627770 0 0 0 0 0 0 0 0 0 0 0 0 0 0 0 0 0 0 627531 0 0 0 0 0 0 627759 0 0 0 0 0 0 0 0 0 0 0 0 0 0 0 0 0 0 0 0 0 0 0 0 0 0 0 0 0 0 0 0 0 0 628158 0 0 0 0 0 0 0 0 0 627105 0 0 0 0 0 0 0 0 0 0 0 0 0 0 0 0 0 0 0 0 0 0 0 0 0 0 0 0 0 0 0 0 0 0 0 0 0 0 0 0 0 0 0 0 0 0 0 0 0 0 0 
643260 0 643268 643186 643268 643218 643160 643378 643338 643144 643314 643170 643130 643290 643150 0 643082 643218 643424 643366 643086 0 643082 643360 643464 643060 643022 0 0 0 643134 643408 643414 0 643510 643476 643106 643014 0 0 0 0 0 0 643118 643482 643526 643466 643008 642970 0 0 643046 643514 0 643496 643526 643022 643002 643020 643516 643486 0 0 0 0 643076 643520 643090 0 0 0 0 0 643468 643526 643366 0 643412 643416 643500 643018 0 643480 0 643298 643174 642924 642930 642914 0 0 643458 643448 643424 643268 643080 642740 0 0 643322 643416 643416 643376 0 0 642802 0 0 643430 643306 643392 642832 0 0 0 0 642922 0 643524 643526 643506 643326 642926 0 0 0 0 
639778 0 0 639667 639550 639895 0 0 0 639664 640052 639823 639463 0 0 0 639511 0 0 640069 0 0 639391 0 639546 0 0 0 0 0 0 639298 0 0 0 0 640138 639589 0 0 0 0 0 0 0 0 0 0 639640 639523 0 0 0 0 0 639390 0 639715 0 0 0 0 0 0 0 0 638962 0 640414 0 0 0 0 0 0 0 639070 0 0 0 0 0 0 0 0 640209 640344 0 0 0 0 0 0 0 0 640216 0 0 0 0 0 0 0 0 0 0 0 0 0 0 638770 0 0 0 0 0 0 0 0 0 0 638630 0 640188 0 0 0 0 
644065 644027 644109 644102 643965 644158 644115 643982 644074 644147 644134 644182 644082 643882 644192 0 644154 643966 644031 644132 644176 0 644106 643847 643939 644189 644180 644248 0 644133 643960 643823 643844 643869 643988 644053 644247 644248 644147 0 644109 644078 0 0 643968 643834 643972 644127 644269 644226 644212 0 644052 643831 643833 643918 644049 644300 644290 644059 643769 643937 644116 644323 0 0 643941 644089 644111 644349 0 0 0 643999 643673 643731 643829 643856 643924 643902 644067 643962 643957 643718 643767 644079 644069 644218 644287 644295 643961 0 644046 644063 644058 644046 644044 643928 0 643721 643735 644025 644037 644039 0 0 643894 643872 643914 643669 643727 644025 644254 0 643870 0 0 643846 643862 643549 643551 643611 643689 644000 643826 643852 643824 643561 
644966 644940 644986 645003 644914 645023 645016 644895 644951 645036 644987 645047 645007 644867 645057 645048 645055 644927 644908 644949 645065 645034 645031 644832 644852 645078 645085 645101 645102 645058 644945 644808 644817 644794 644865 644906 644980 645125 645082 645075 645048 645027 645022 645000 644953 644795 644849 644872 645140 645147 645125 645044 645013 644768 644758 644807 644866 645121 645131 645026 644754 644814 644849 645104 645167 645006 644950 644834 644844 645082 645176 645078 645009 645014 644718 644728 644730 644745 644789 644779 644812 644979 644984 644703 644704 644812 644802 644951 645020 645028 645016 644965 644791 644796 644791 644779 644777 645038 645033 644682 644672 644770 644770 644772 645118 645011 645021 644990 644991 644666 644664 644758 645093 645011 645009 645005 645005 644997 644971 644642 644632 644656 644650 644734 644987 645000 644937 644630 
642808 642780 642800 642882 642764 642850 642908 642690 642730 642924 642754 642898 642938 642670 642918 642948 642986 642790 642644 642702 642982 642992 642986 642600 642604 643008 643046 642982 643080 643040 642826 642552 642570 642512 642558 642592 642884 643054 643064 643074 643032 642990 642980 642936 642842 642526 642526 642596 643060 643098 643078 643024 642962 642472 642440 642466 642536 643046 643066 642988 642444 642456 642766 643036 643142 642948 642836 642520 642756 643040 643148 643188 642954 642964 642372 642392 642336 642342 642382 642386 642476 642894 642904 642342 642344 642620 642672 642946 643012 643028 642968 642866 642434 642516 642530 642602 642694 643188 643002 642300 642280 642392 642416 642540 643188 643176 643152 642916 642918 642268 642264 642440 643134 643128 643104 643022 642974 642942 642878 642220 642200 642248 642236 642728 643128 642984 642810 642196 
644784 644780 644728 644858 644872 644754 644884 644690 644658 644876 644634 644802 644962 644898 644822 644900 644962 644946 644572 644558 644934 645016 645010 644828 644604 644960 644980 644862 644946 645034 645054 644780 644774 644536 644486 644472 644620 644900 644986 645000 645054 645088 645088 645092 645070 644682 644454 644404 644870 644856 644900 645062 645112 644532 644464 644418 644392 644860 644840 645098 644672 644384 644358 644846 644812 645114 645110 644328 644348 644794 644782 644778 645108 645098 644646 644644 644312 644294 644286 644314 644284 645118 645108 644570 644404 644284 644264 644562 644700 644704 645070 645098 644242 644252 644242 644218 644214 644698 645036 644456 644340 644200 644200 644204 644666 644788 644856 645000 645046 644520 644324 644176 644628 644884 644928 644990 644990 644974 644990 644494 644474 644522 644392 644128 644836 644980 644962 644470 
642964 642960 642908 643038 643052 642934 643064 642870 642838 643056 642814 642982 643142 643080 643002 0 643142 643126 642752 642738 643114 0 643190 643010 642784 643140 643183 643042 0 643230 643236 642962 642954 642716 642666 642652 642800 643107 643198 0 643256 643271 0 0 643252 642862 642634 642584 643080 643085 643119 0 643293 642712 642644 642598 642572 643063 643053 643302 642854 642564 642538 643036 0 0 643270 642508 642528 642990 0 0 0 643316 642842 642814 642492 642474 642466 642494 642464 643303 643298 642752 642584 642464 642444 642742 642880 642888 643290 0 642422 642432 642422 642398 642394 643042 0 642636 642520 642380 642380 642384 0 0 643169 643244 643267 642690 642504 642356 642875 0 643229 0 0 643231 643239 642738 642706 642718 642572 642308 643171 643234 643225 642690 
643940 0 643852 643866 644140 643754 643840 644106 643922 643776 643802 643706 643906 644306 643686 0 643762 644138 644008 643806 643718 0 643858 644376 644190 643692 643690 0 0 0 644150 644424 644382 0 643970 643942 643384 643534 0 0 0 0 0 0 644134 644362 643906 643804 643477 643468 0 0 643966 644062 0 643834 643782 643450 643420 643927 644390 643766 0 0 0 0 644188 643654 643224 0 0 0 0 0 644671 644382 643622 0 643570 643626 643566 644116 0 644186 0 643504 643308 643082 643160 643141 0 0 643482 643502 643482 643422 643142 643267 0 0 643678 643398 643398 643406 0 0 643552 0 0 644134 643646 643350 643030 0 0 0 0 644045 0 644499 644435 644431 643782 642868 0 0 0 0 
643961 0 643873 643887 644161 643775 643861 644127 643943 643797 643823 643727 643927 644324 643707 0 643779 644159 644029 643827 643737 0 643875 644394 644213 643698 643689 0 0 0 644168 644442 644403 0 644115 643985 643405 643533 0 0 0 0 0 0 644152 644423 644123 643837 643476 643467 0 0 643965 644351 0 644125 643979 643449 643419 643926 644550 644057 0 0 0 0 644151 643883 643245 0 0 0 0 0 644478 644582 643913 0 643861 643917 643857 644064 0 644474 0 643525 643329 643103 643164 643140 0 0 643773 643739 643691 643447 643163 643266 0 0 643969 643689 643689 643595 0 0 643551 0 0 644404 643937 643641 643029 0 0 0 0 643872 0 644386 644434 644502 644073 642889 0 0 0 0 
0 0 0 628892 0 628906 0 0 0 0 0 0 0 0 0 0 0 0 0 0 0 0 0 0 629148 0 0 0 0 0 0 628800 0 0 0 0 0 0 0 0 0 0 0 0 0 0 0 0 0 0 0 0 0 0 0 0 0 0 0 0 0 0 0 0 0 0 628348 0 0 0 0 0 0 0 0 0 629327 0 0 0 0 0 0 0 0 0 0 0 0 0 0 0 0 0 0 0 0 0 0 0 0 0 0 0 0 0 0 0 0 0 0 0 0 0 0 0 0 0 0 0 0 0 0 0 0 0 0 0 
639223 639223 639204 639223 639223 639181 639223 639223 639204 639216 639157 639181 639223 639223 639181 0 639223 639223 639204 639133 639216 0 639223 639223 639223 639216 639223 639157 0 639223 639223 639223 639223 639223 639204 639157 639013 639181 639223 0 639223 639223 0 0 639223 639223 639204 639085 639157 639181 639204 0 639223 639223 639223 639216 639133 639133 639133 639223 639223 639204 638869 639109 0 0 639223 639085 638869 639061 0 0 0 639223 639223 639223 639223 639216 639181 639204 639085 639223 639223 639223 639223 638941 638869 638893 638965 638965 639223 0 639085 639013 638989 638893 638797 639223 0 639223 639221 639085 639061 638941 0 0 639223 639223 639223 639223 639213 639013 638989 0 639223 0 0 639223 639223 639223 639223 639223 639223 638677 639223 639223 639223 639223 
644266 0 644343 644192 644082 644305 644166 644336 644413 644196 644406 644257 644040 643960 644237 0 644076 643984 644499 644438 644130 0 643980 644030 644422 644078 643956 0 0 0 643804 644078 644132 0 644585 644568 644042 644021 0 0 0 0 0 0 643788 644248 644617 644474 644014 643933 0 0 643764 644446 0 644654 644604 644022 643982 643712 644186 644687 0 0 0 0 643632 644550 643882 0 0 0 0 0 643898 644166 644634 0 644773 644757 644594 643516 0 644288 0 644162 643966 643740 643780 643748 0 0 644636 644410 644348 644084 643800 643392 0 0 644402 644678 644606 644242 0 0 643324 0 0 644290 644370 644486 643584 0 0 0 0 643228 0 643762 643854 644022 644314 643526 0 0 0 0 
642828 0 0 642754 642836 642786 642728 0 0 642712 642882 642738 642698 0 0 0 642650 0 0 642934 0 0 642650 0 643032 642628 0 0 0 0 0 642976 0 0 0 0 642752 642582 0 0 0 0 0 0 0 0 0 0 642576 642538 0 0 642614 0 0 643170 0 642590 0 642588 0 0 0 0 0 0 642644 0 642814 0 0 0 0 0 0 0 643216 0 0 643250 643160 0 0 0 0 643016 642898 0 0 0 0 0 0 0 0 642992 0 642308 0 0 0 0 643220 0 0 0 0 0 0 0 643156 0 0 0 0 0 0 642490 0 0 0 643160 0 642650 0 0 0 0 
642769 0 0 642695 642777 642727 642669 0 0 642653 642823 642679 642639 0 0 0 642591 0 0 642875 0 0 642591 0 642973 642569 0 0 0 0 0 642917 0 0 0 0 642693 642523 0 0 0 0 0 0 0 0 0 0 642517 642479 0 0 642555 0 0 643027 0 642531 0 642529 0 0 0 0 0 0 642585 0 642821 0 0 0 0 0 0 0 642929 0 0 642979 643027 0 0 0 0 642957 642905 0 0 0 0 0 0 0 0 642975 0 642249 0 0 0 0 643009 0 0 0 0 0 0 0 642869 0 0 0 0 0 0 642431 0 0 0 643027 0 642849 0 0 0 0 
642824 0 642772 642861 642916 642773 642874 642789 642737 642858 642701 642797 642937 642976 642807 0 642913 642965 642680 642651 642887 0 642961 642941 642712 642900 642929 0 0 0 643054 642911 642882 0 642594 642580 642622 642857 0 0 0 0 0 0 643062 642790 642562 642512 642833 642840 0 0 643049 642640 0 642526 642500 642809 642808 643049 642803 642492 0 0 0 0 643098 642436 642414 0 0 0 0 0 642842 642787 642420 0 642394 642422 642392 643111 0 642701 0 642392 642372 642533 642638 642641 0 0 642350 642360 642350 642326 642311 642797 0 0 642448 642308 642308 642312 0 0 642924 0 0 642663 642432 642284 642630 0 0 0 0 643058 0 642738 642706 642718 642500 642208 0 0 0 0 
642812 642815 642760 642849 642861 642761 642862 642755 642725 642846 642689 642785 642906 642886 642795 0 642901 642898 642644 642630 642875 0 642930 642845 642669 642888 642929 642803 0 642957 642964 642797 642779 642589 642558 642544 642610 642853 642937 0 642971 642974 0 0 642972 642699 642526 642476 642826 642831 642865 0 642984 642573 642517 642490 642464 642809 642799 642993 642689 642456 642407 642782 0 0 642993 642400 642402 642736 0 0 0 643005 642701 642673 642384 642366 642358 642386 642356 643016 643011 642587 642445 642356 642336 642521 642626 642634 643003 0 642314 642324 642314 642290 642286 642788 0 642473 642381 642272 642272 642276 0 0 642872 642957 642980 642549 642365 642248 642621 0 642908 0 0 642944 642952 642597 642565 642577 642409 642196 642862 642947 642938 642549 
643863 0 643775 643789 644063 643677 643763 644029 643845 643699 643725 643629 643829 644185 643609 0 643685 644061 643931 643729 643641 0 643781 644255 644115 643615 643625 0 0 0 644029 644303 644285 0 644017 643887 643307 643473 0 0 0 0 0 0 644013 644325 644049 643739 643419 643429 0 0 643889 644331 0 644157 643895 643385 643365 643863 644411 644119 0 0 0 0 643935 643815 643147 0 0 0 0 0 644205 644427 644029 0 643977 644033 643859 643877 0 644509 0 643427 643231 643005 643083 643067 0 0 643879 643675 643613 643349 643065 643343 0 0 644085 643805 643805 643507 0 0 643597 0 0 644437 644053 643737 643009 0 0 0 0 643707 0 644069 644161 644329 644189 642791 0 0 0 0 
642653 642693 642637 642579 642709 642575 642553 642783 642707 642525 642659 642527 642547 642695 642507 0 642475 642647 642793 642699 642467 0 642499 642765 642869 642441 642415 642431 0 642445 642539 642813 642831 642973 642879 642821 642457 642371 642409 0 642453 642483 0 0 642523 642911 642911 642781 642353 642327 642359 0 642475 643013 643045 642983 642865 642355 642335 642449 642921 642981 642503 642353 0 0 642457 642857 642513 642325 0 0 0 642401 642813 642937 643076 643070 643034 643044 642901 642399 642389 643023 643119 642685 642597 642335 642305 642289 642361 0 642943 642825 642799 642679 642539 642133 0 643117 643068 642981 642949 642765 0 0 642243 642305 642339 643061 643052 642901 642195 0 642243 0 0 642279 642307 642821 642877 642937 643072 642445 642187 642273 642303 642917 
0 0 0 627454 0 627610 0 0 0 627427 0 627538 0 0 0 0 0 0 0 627904 0 0 0 0 627787 0 0 0 0 0 0 627535 0 0 0 0 627811 0 0 0 0 0 0 0 0 0 0 0 0 627238 0 0 0 0 0 0 0 0 0 0 0 0 0 0 0 0 626965 0 0 0 0 0 0 0 0 0 627460 0 0 0 0 0 0 0 0 628234 628142 0 0 0 0 0 0 0 0 0 0 0 0 0 0 0 0 0 0 0 0 0 0 0 0 0 0 0 0 0 0 0 0 0 0 0 0 0 0 0 0 0 
0 0 0 631073 0 631321 0 0 0 631103 0 631273 0 0 0 0 0 0 0 631586 0 0 0 0 631115 0 0 0 0 0 0 630737 0 0 0 0 631630 0 0 0 0 0 0 0 0 0 0 0 0 631073 0 0 0 0 0 0 0 0 0 0 0 0 0 0 0 0 630315 0 0 0 0 0 0 0 0 0 630919 0 0 0 0 0 0 0 0 631839 631925 0 0 0 0 0 0 0 0 0 0 0 0 0 0 0 0 0 0 0 0 0 0 0 0 0 0 0 0 0 0 0 0 0 0 0 0 0 0 0 0 0 
643790 0 643830 643864 643686 643904 643872 643648 643760 643896 643832 643944 643824 643592 643944 0 643856 643712 643674 643804 643882 0 643808 643522 643562 643869 643826 0 0 0 643704 643474 643492 0 643588 643670 644106 643894 0 0 0 0 0 0 643704 643448 643556 643746 643915 643872 0 0 643718 643394 0 643472 643638 643946 643936 643705 643366 643486 0 0 0 0 643637 643670 644046 0 0 0 0 0 643294 643314 643318 0 643436 643416 643626 643608 0 643264 0 643914 643962 644192 644131 644123 0 0 643584 643738 643776 643904 643948 643643 0 0 643202 643542 643590 643834 0 0 643609 0 0 643190 643186 643662 644046 0 0 0 0 643512 0 643142 643122 643170 643158 643922 0 0 0 0 
644510 0 644554 644547 644410 644603 644560 644427 644519 644592 644579 644627 644527 644327 644637 0 644599 644411 644476 644577 644621 0 644551 644292 644384 644624 644581 0 0 0 644405 644268 644289 0 644418 644498 644788 644649 0 0 0 0 0 0 644413 644278 644386 644572 644670 644627 0 0 644473 644224 0 644302 644468 644701 644691 644460 644196 644316 0 0 0 0 644386 644500 644706 0 0 0 0 0 644118 644144 644148 0 644266 644246 644456 644363 0 644094 0 644688 644664 644825 644866 644858 0 0 644414 644568 644598 644653 644603 644330 0 0 644032 644372 644420 644624 0 0 644296 0 0 644020 644016 644492 644780 0 0 0 0 644248 0 643972 643952 644000 643988 644500 0 0 0 0 
638479 0 638495 638553 638423 638557 638579 638349 638425 638607 638473 638605 638585 638365 638625 0 638657 638461 638339 638433 638665 0 638633 638295 638263 638685 638673 0 0 0 638521 638247 638253 0 638253 638311 638675 638709 0 0 0 0 0 0 638537 638197 638221 638351 638718 638687 0 0 638613 638119 0 638149 638267 638733 638727 638613 638139 638151 0 0 0 0 638555 638275 638525 0 0 0 0 0 638127 638099 638007 0 638089 638081 638231 638565 0 638037 0 638425 638441 638727 638817 638817 0 0 638189 638307 638333 638383 638427 638536 0 0 637927 638147 638183 638345 0 0 638519 0 0 637975 637911 638231 638765 0 0 0 0 638495 0 638023 637991 638003 637907 638401 0 0 0 0 
644441 644435 644357 644552 644573 644396 644591 644300 644252 644579 644216 644468 644708 644648 644498 0 644708 644684 644123 644102 644666 0 644780 644543 644171 644705 644798 644558 0 644861 644882 644471 644426 644069 643994 643973 644195 644702 644861 0 644903 644912 0 0 644906 644288 643946 643871 644675 644746 644772 0 644942 644063 643961 643892 643853 644618 644648 644981 644309 643841 643802 644567 0 0 644987 643757 643787 644501 0 0 0 645089 644293 644293 643733 643706 643694 643736 643691 645074 645089 644156 643871 643691 643661 644108 644315 644339 645133 0 643628 643643 643628 643592 643586 644543 0 643949 643775 643565 643565 643571 0 0 644780 645055 645090 644107 643751 643529 644438 0 644888 0 0 645016 645022 644065 644035 644107 643853 643457 644750 645025 644940 644029 
644788 644784 644732 644862 644876 644758 644888 644694 644662 644880 644638 644806 644966 644894 644826 644904 644966 644950 644576 644562 644938 645014 645014 644824 644608 644942 644960 644866 644926 645014 645050 644776 644770 644540 644490 644476 644624 644880 644966 644980 645034 645062 645062 645086 645066 644686 644458 644408 644850 644836 644880 645042 645086 644536 644468 644422 644396 644840 644820 645078 644668 644388 644362 644822 644792 645086 645102 644332 644352 644774 644762 644758 645080 645070 644666 644640 644316 644298 644290 644318 644288 645092 645082 644566 644408 644288 644268 644566 644678 644678 645042 645094 644246 644256 644246 644222 644218 644678 645008 644460 644344 644204 644204 644208 644646 644768 644836 644996 645042 644516 644328 644180 644608 644864 644900 644964 644986 644970 644986 644514 644494 644542 644396 644132 644816 644976 644958 644490 
642845 0 642853 642771 642853 642803 642745 642963 642923 642729 642899 642755 642715 642875 642735 0 642667 642803 643009 642951 642671 0 642667 642945 643049 642645 642607 0 0 0 642719 642993 642999 0 643095 643061 642769 642599 0 0 0 0 0 0 642703 643067 643127 643057 642593 642555 0 0 642631 643169 0 643187 643117 642607 642587 642605 643101 643197 0 0 0 0 642661 643133 642893 0 0 0 0 0 643053 643129 643115 0 643161 643165 643177 642603 0 643203 0 643033 642977 642707 642641 642625 0 0 643211 643137 643123 643051 642883 642325 0 0 643071 643171 643195 643113 0 0 642387 0 0 643179 643055 643211 642519 0 0 0 0 642507 0 643109 643153 643177 643075 642729 0 0 0 0 
643270 0 0 643159 643138 643315 643120 0 0 643132 643495 643243 643003 0 643213 0 643003 0 0 643609 0 0 642931 0 643540 643006 0 0 0 0 0 643240 0 0 0 0 643465 643009 0 0 0 0 0 0 0 0 0 0 643036 642943 0 0 642769 0 0 643699 0 643093 643063 642730 0 0 0 0 0 0 642670 0 643537 0 0 0 0 0 0 0 643533 0 0 643655 643925 0 0 0 0 643813 643663 0 0 0 0 0 0 644005 0 643792 0 642490 0 0 0 0 643895 0 0 0 0 0 0 0 643365 0 0 0 0 0 0 642367 0 0 0 643241 0 643387 0 0 0 0 
643581 0 643637 643507 643493 643611 643481 643675 643707 643489 643731 643563 643403 643443 643543 0 643403 643419 643793 643807 643431 0 643355 643513 643761 643405 643343 0 0 0 643287 643561 643591 0 643879 643893 643745 643407 0 0 0 0 0 0 643271 643683 643901 643961 643425 643363 0 0 643247 643762 0 643849 643973 643463 643443 643221 643669 643868 0 0 0 0 643181 644020 643826 0 0 0 0 0 643501 643661 643760 0 643855 643833 643998 643123 0 643649 0 643998 643910 643648 643618 643602 0 0 643977 644090 644097 643992 643852 643061 0 0 643666 643956 643992 644078 0 0 643027 0 0 643600 643658 644052 643499 0 0 0 0 642979 0 643461 643482 643542 643620 643758 0 0 0 0 
641292 0 0 641070 640980 641370 0 0 0 641028 641718 641226 640734 0 0 0 640758 0 0 641934 0 0 640590 0 641756 0 0 0 0 0 0 641148 0 0 0 0 641648 640758 0 0 0 0 0 0 0 0 0 0 640800 640626 0 0 0 0 0 641784 0 640902 0 0 0 0 0 0 0 0 639984 0 642259 0 0 0 0 0 0 0 641440 0 0 0 0 0 0 0 0 642552 642511 0 0 0 0 0 0 0 0 642641 0 0 0 0 0 0 0 0 0 0 0 0 0 0 641068 0 0 0 0 0 0 0 0 0 0 640712 0 642001 0 0 0 0 
641042 0 641042 641042 641042 641042 641042 641042 641042 641042 641042 641042 641042 641042 641042 0 641042 641042 641042 641042 641042 0 641042 641042 641042 641039 641020 0 0 0 641042 641042 641042 0 641042 641042 641042 641016 0 0 0 0 0 0 641042 641042 641042 641042 641013 640994 0 0 641032 641042 0 641042 641042 641020 641010 641019 641042 641042 0 0 0 0 641042 641042 641042 0 0 0 0 0 641042 641042 641030 0 641042 641042 641042 641018 0 641042 0 641042 641042 641042 641037 641029 0 0 641042 641042 641042 641042 641042 640879 0 0 641008 641042 641042 641042 0 0 640910 0 0 641042 640994 641042 640976 0 0 0 0 640970 0 641042 641042 641042 641010 641008 0 0 0 0 
643052 0 0 643126 642992 643094 643152 0 0 643168 642998 643142 643178 0 0 0 643230 0 0 642946 0 0 643226 0 642848 643252 0 0 0 0 0 642780 0 0 0 0 643128 643298 0 0 0 0 0 0 0 0 0 0 643304 643342 0 0 643190 0 0 642710 0 643290 0 643216 0 0 0 0 0 0 643064 0 643000 0 0 0 0 0 0 0 642580 0 0 642630 642720 0 0 0 0 642864 642916 0 0 0 0 0 0 0 0 642846 0 643510 0 0 0 0 642660 0 0 0 0 0 0 0 642492 0 0 0 0 0 0 643170 0 0 0 642476 0 642972 0 0 0 0 
644925 644923 644897 644962 644969 644910 644975 644878 644862 644971 644850 644934 645014 644994 644944 644983 645014 645006 644819 644812 645000 645041 645038 644959 644835 645013 645044 644964 645061 645065 645072 644935 644920 644801 644776 644769 644843 645012 645065 645082 645079 645082 645077 645079 645080 644874 644760 644735 645003 645034 645036 645099 645092 644799 644765 644742 644729 644984 644994 645105 644881 644725 644712 644967 645040 645133 645101 644697 644707 644945 645025 645023 645136 645141 644869 644879 644689 644680 644676 644690 644675 645130 645135 644830 644735 644675 644665 644814 644883 644891 645167 645116 644654 644659 644654 644642 644640 644983 645176 644761 644703 644633 644633 644635 644967 645028 645062 645141 645142 644817 644695 644621 644948 645076 645098 645142 645142 645134 645122 644793 644783 644807 644729 644597 645052 645137 645088 644781 
643023 643075 642983 642949 643098 642909 642923 643165 643053 642883 642981 642861 642941 643084 642841 0 642845 643036 643139 643009 642825 0 642893 643154 643251 642799 642785 642753 0 642839 642928 643202 643220 643367 643225 643143 642707 642705 642791 0 642859 642872 0 0 642912 643300 643257 643067 642675 642661 642705 0 642864 643419 643439 643341 643175 642665 642645 642838 643310 643327 642681 642651 0 0 642846 643143 642691 642599 0 0 0 642790 643202 643326 643495 643465 643377 643397 643187 642788 642778 643412 643547 642899 642775 642525 642531 642515 642750 0 643229 643075 643037 642869 642681 642503 0 643526 643559 643271 643223 642979 0 0 642632 642694 642728 643450 643551 643151 642433 0 642632 0 0 642668 642696 643210 643266 643326 643544 642527 642576 642662 642692 643306 
644468 0 644428 644394 644480 644354 644368 644590 644498 644328 644426 644306 644342 644502 644286 0 644290 644430 644584 644454 644270 0 644294 644572 644676 644244 644230 0 0 0 644346 644620 644626 0 644670 644588 644152 644150 0 0 0 0 0 0 644330 644694 644702 644512 644120 644106 0 0 644258 644796 0 644786 644620 644110 644090 644232 644728 644772 0 0 0 0 644288 644588 644136 0 0 0 0 0 644680 644756 644940 0 644822 644842 644632 644230 0 644830 0 644344 644220 643970 643976 643960 0 0 644674 644520 644482 644314 644126 643948 0 0 644950 644716 644668 644424 0 0 644014 0 0 644880 644950 644596 643878 0 0 0 0 644134 0 644736 644780 644804 644950 643972 0 0 0 0 
643670 0 643709 643633 643578 643696 643620 643705 643744 643635 643756 643672 643557 643517 643662 0 643581 643529 643787 643794 643606 0 643533 643552 643748 643593 643551 0 0 0 643439 643576 643603 0 643830 643837 643706 643594 0 0 0 0 0 0 643431 643661 643846 643858 643603 643572 0 0 643443 643755 0 643850 643877 643622 643612 643430 643630 643862 0 0 0 0 643362 643896 643698 0 0 0 0 0 643486 643620 643815 0 643874 643862 643909 643333 0 643659 0 643802 643740 643615 643618 643610 0 0 643909 643890 643871 643787 643693 643410 0 0 643721 643909 643909 643842 0 0 643345 0 0 643635 643713 643901 643569 0 0 0 0 643237 0 643418 643464 643539 643675 643616 0 0 0 0 
642796 0 0 642722 642804 642754 642696 0 0 642680 642850 642706 642666 0 0 0 642618 0 0 642902 0 0 642618 0 643000 642596 0 0 0 0 0 642944 0 0 0 0 642720 642550 0 0 0 0 0 0 0 0 0 0 642544 642506 0 0 642582 0 0 643138 0 642558 0 642556 0 0 0 0 0 0 642612 0 642848 0 0 0 0 0 0 0 643114 0 0 643164 643128 0 0 0 0 642984 642932 0 0 0 0 0 0 0 0 643002 0 642276 0 0 0 0 643168 0 0 0 0 0 0 0 643054 0 0 0 0 0 0 642458 0 0 0 643128 0 642876 0 0 0 0 
643587 0 643643 643513 643499 643617 643487 643681 643713 643495 643737 643569 643409 643449 643549 0 643409 643425 643799 643813 643437 0 643361 643519 643767 643411 643349 0 0 0 643293 643567 643597 0 643877 643899 643751 643413 0 0 0 0 0 0 643277 643689 643877 643967 643431 643369 0 0 643253 643736 0 643823 643949 643469 643449 643227 643661 643842 0 0 0 0 643187 643994 643941 0 0 0 0 0 643507 643636 643734 0 643829 643807 643972 643129 0 643623 0 644085 644025 643763 643671 643655 0 0 643951 644064 644093 644107 643967 643067 0 0 643640 643930 643966 644139 0 0 643033 0 0 643574 643632 644026 643525 0 0 0 0 642985 0 643445 643456 643516 643594 643873 0 0 0 0 
644908 644882 644928 644945 644856 644965 644958 644837 644893 644978 644929 644989 644949 644809 644999 644990 644997 644869 644850 644891 645007 644976 644973 644774 644794 645020 645027 645043 645044 645000 644887 644750 644759 644736 644807 644848 644922 645067 645024 645017 644990 644969 644964 644942 644895 644737 644791 644814 645082 645089 645067 644986 644955 644710 644700 644749 644808 645063 645073 644968 644696 644756 644791 645046 645111 644948 644892 644776 644786 645024 645126 645128 644951 644956 644660 644670 644672 644687 644731 644721 644754 644921 644926 644645 644646 644754 644744 644893 644962 644970 644958 644907 644733 644738 644733 644721 644719 645096 644975 644624 644614 644712 644712 644714 645176 645069 645079 644932 644933 644608 644606 644700 645035 645069 645053 644985 644961 644945 644913 644584 644574 644598 644592 644676 645045 644966 644879 644572 
644897 644895 644869 644934 644917 644882 644947 644850 644834 644943 644822 644906 644986 644870 644916 644955 644986 644930 644791 644784 644972 645013 645010 644835 644807 644985 645016 644936 645033 645037 644948 644811 644820 644773 644748 644741 644815 644984 645037 645054 645051 645030 645025 645003 644956 644798 644732 644707 644975 645006 645008 645047 645016 644771 644737 644714 644701 644956 644966 645029 644757 644697 644684 644939 645028 645009 644953 644669 644679 644917 645019 645117 645012 645017 644721 644731 644661 644652 644648 644662 644647 644982 644987 644706 644707 644647 644637 644786 644855 644863 645019 644968 644626 644631 644626 644614 644612 645131 645036 644685 644675 644605 644605 644607 645077 645176 645150 644993 644994 644669 644667 644593 644928 645136 645114 645046 645022 645006 644974 644645 644635 644659 644653 644569 645152 645027 644940 644633 
643181 0 643125 643255 643227 643151 643281 643087 643055 643273 643031 643199 643359 643205 643219 0 643359 643277 642969 642955 643331 0 643407 643135 643001 643357 643419 0 0 0 643361 643087 643081 0 642883 642869 643017 643355 0 0 0 0 0 0 643377 643013 642851 642801 643337 643399 0 0 643449 642911 0 642815 642789 643299 643319 643475 642979 642781 0 0 0 0 643419 642725 642745 0 0 0 0 0 643027 642951 642709 0 642683 642711 642681 643477 0 642877 0 642681 642661 642959 643097 643113 0 0 642639 642649 642639 642615 642611 643579 0 0 642719 642597 642597 642601 0 0 643651 0 0 642827 642703 642573 643243 0 0 0 0 643573 0 642971 642927 642903 642723 642525 0 0 0 0 
644294 644288 644210 644405 644426 644249 644444 644153 644105 644432 644069 644321 644561 644501 644351 0 644561 644537 643976 643955 644519 0 644633 644396 644024 644558 644651 644411 0 644714 644735 644324 644279 643922 643847 643826 644048 644555 644714 0 644756 644765 0 0 644759 644141 643799 643724 644528 644619 644627 0 644795 643916 643814 643745 643706 644471 644501 644834 644162 643694 643655 644420 0 0 644894 643610 643640 644354 0 0 0 644942 644358 644156 643586 643559 643547 643589 643544 644981 644996 644009 643724 643544 643514 643961 644168 644192 645016 0 643481 643496 643481 643445 643439 644478 0 643802 643628 643418 643418 643424 0 0 644715 645116 645087 643970 643604 643382 644349 0 644823 0 0 645123 645107 644130 644100 644172 643706 643310 644685 645084 645015 644094 
642930 642926 642874 643004 642983 642900 643030 642836 642804 643022 642780 642948 643097 642997 642968 0 643102 643045 642718 642704 643076 0 643139 642927 642750 643089 643132 643004 0 643166 643153 642879 642861 642671 642632 642618 642766 643064 643165 0 643180 643183 0 0 643169 642781 642600 642550 643043 643080 643100 0 643193 642655 642599 642564 642538 643012 643022 643206 642771 642530 642504 642983 0 0 643226 642474 642494 642937 0 0 0 643242 642807 642755 642458 642440 642432 642460 642430 643255 643260 642669 642527 642430 642410 642708 642827 642835 643260 0 642388 642398 642388 642364 642360 643037 0 642555 642463 642346 642346 642350 0 0 643129 643238 643261 642631 642447 642322 642870 0 643165 0 0 643225 643233 642703 642671 642683 642491 642274 643119 643228 643213 642655 
643760 0 643672 643686 643960 643574 643660 643926 643742 643596 643622 643526 643726 644062 643506 0 643582 643954 643828 643626 643538 0 643678 644132 644012 643512 643522 0 0 0 643906 644180 644174 0 643914 643784 643204 643370 0 0 0 0 0 0 643890 644218 643946 643636 643316 643326 0 0 643782 644228 0 644054 643792 643282 643262 643756 644288 644016 0 0 0 0 643822 643712 643044 0 0 0 0 0 644114 644314 644128 0 644042 644086 643756 643764 0 644390 0 643324 643128 642902 642980 642964 0 0 643798 643572 643510 643246 642962 643240 0 0 644184 643840 643768 643404 0 0 643494 0 0 644438 644152 643648 642906 0 0 0 0 643616 0 643978 644070 644238 644284 642688 0 0 0 0 
0 0 0 643311 643399 643291 0 0 0 643278 643327 643267 643307 0 0 0 643259 0 0 643341 0 0 643283 0 643462 0 0 0 0 0 0 643409 0 0 0 0 643190 643189 0 0 0 0 0 0 0 0 0 0 643174 643167 0 0 0 0 0 643507 0 643169 0 0 0 0 0 0 0 0 643195 0 0 0 0 0 0 0 0 0 643584 0 0 0 0 0 0 0 0 643286 643224 0 0 0 0 0 0 0 0 0 0 0 0 0 0 0 0 0 0 0 0 0 0 0 643606 0 0 0 0 0 0 0 0 0 0 643381 0 0 0 0 0 0 
643533 0 643589 643459 643445 643563 643433 643627 643659 643441 643683 643515 643355 643395 643495 0 643355 643371 643745 643759 643383 0 643307 643465 643713 643357 643295 0 0 0 643239 643513 643543 0 643831 643845 643697 643359 0 0 0 0 0 0 643223 643635 643863 643913 643377 643315 0 0 643199 643769 0 643874 643925 643415 643395 643173 643621 643903 0 0 0 0 643133 643989 643790 0 0 0 0 0 643453 643625 643795 0 643890 643868 644013 643075 0 643684 0 643962 643874 643612 643582 643566 0 0 644012 644065 644072 643956 643816 643013 0 0 643701 643991 644027 644042 0 0 642979 0 0 643635 643693 644087 643468 0 0 0 0 642931 0 643413 643473 643557 643655 643722 0 0 0 0 
640163 0 640155 640237 640155 640205 640263 640045 640085 640279 640109 640253 640293 640133 640273 0 640341 640205 639999 640057 640337 0 640341 640063 639959 640363 640401 0 0 0 640289 640015 640009 0 639913 639947 640239 640405 0 0 0 0 0 0 640305 639941 639881 639951 640408 640427 0 0 640377 639839 0 639821 639891 640401 640411 640402 639907 639811 0 0 0 0 640347 639875 640098 0 0 0 0 0 639955 639879 639691 0 639737 639741 639831 640403 0 639805 0 639975 640014 640300 640367 640383 0 0 639789 639871 639885 639956 640000 640420 0 0 639647 639747 639771 639895 0 0 640427 0 0 639755 639631 639795 640427 0 0 0 0 640427 0 639899 639855 639831 639651 639974 0 0 0 0 
644905 644903 644877 644942 644949 644890 644955 644858 644842 644951 644830 644914 644994 644926 644924 644963 644994 644986 644799 644792 644980 645021 645018 644891 644815 644993 645024 644944 645041 645045 645004 644867 644876 644781 644756 644749 644823 644992 645045 645062 645059 645062 645057 645059 645012 644854 644740 644715 644983 645014 645016 645079 645072 644779 644745 644722 644709 644964 644974 645085 644813 644705 644692 644947 645036 645065 645009 644677 644687 644925 645027 645115 645068 645073 644777 644787 644669 644660 644656 644670 644655 645038 645043 644762 644715 644655 644645 644794 644863 644871 645075 645024 644634 644639 644634 644622 644620 645075 645092 644741 644683 644613 644613 644615 645059 645120 645154 645049 645050 644725 644675 644601 644936 645168 645166 645102 645078 645062 645030 644701 644691 644715 644709 644577 645144 645083 644996 644689 
644299 644293 644215 644410 644431 644254 644449 644158 644110 644437 644074 644326 644566 644424 644356 0 644566 644542 643981 643960 644524 0 644638 644319 644029 644563 644656 644416 0 644719 644658 644247 644252 643927 643852 643831 644053 644560 644719 0 644761 644770 0 0 644682 644146 643804 643729 644533 644626 644632 0 644800 643921 643819 643750 643711 644476 644506 644839 644085 643699 643660 644425 0 0 644673 643615 643645 644359 0 0 0 644865 643977 644007 643591 643564 643552 643594 643549 644760 644775 643932 643729 643549 643519 643966 644173 644197 644871 0 643486 643501 643486 643450 643444 644859 0 643807 643633 643423 643423 643429 0 0 645078 644793 644796 643821 643609 643387 644392 0 645124 0 0 644832 644736 643749 643719 643791 643711 643315 645066 644895 644634 643713 
644891 644889 644863 644928 644935 644876 644941 644844 644828 644937 644816 644900 644980 644960 644910 644949 644980 644972 644785 644778 644966 645007 645004 644925 644801 644979 645010 644930 645027 645031 645038 644901 644886 644767 644742 644735 644809 644978 645031 645048 645045 645048 645043 645045 645046 644840 644726 644701 644969 645000 645002 645065 645058 644765 644731 644708 644695 644950 644960 645071 644847 644691 644678 644933 645022 645099 645091 644663 644673 644911 645013 645033 645102 645107 644859 644845 644655 644646 644642 644656 644641 645120 645125 644796 644701 644641 644631 644780 644849 644857 645133 645106 644620 644625 644620 644608 644606 644993 645150 644727 644669 644599 644599 644601 644977 645038 645072 645131 645132 644783 644661 644587 644922 645086 645108 645176 645160 645144 645112 644783 644773 644797 644695 644563 645062 645165 645078 644771 
644891 644889 644863 644928 644935 644876 644941 644844 644828 644937 644816 644900 644980 644960 644910 644949 644980 644972 644785 644778 644966 645007 645004 644925 644801 644979 645010 644930 645027 645031 645038 644901 644886 644767 644742 644735 644809 644978 645031 645048 645045 645048 645043 645045 645046 644840 644726 644701 644969 645000 645002 645065 645058 644765 644731 644708 644695 644950 644960 645071 644847 644691 644678 644933 645022 645099 645091 644663 644673 644911 645011 645009 645102 645107 644883 644845 644655 644646 644642 644656 644641 645120 645125 644796 644701 644641 644631 644780 644849 644857 645133 645130 644620 644625 644620 644608 644606 644969 645150 644727 644669 644599 644599 644601 644953 645014 645048 645155 645156 644783 644661 644587 644922 645062 645084 645152 645176 645168 645136 644807 644797 644821 644695 644563 645038 645171 645102 644795 
642956 0 0 643030 643044 642926 643056 0 0 643048 642806 642974 643134 0 0 0 643134 0 0 642730 0 0 643182 0 642776 643132 0 0 0 0 0 642976 0 0 0 0 642792 643130 0 0 0 0 0 0 0 0 0 0 643112 643174 0 0 643290 0 0 642590 0 643074 0 643316 0 0 0 0 0 0 643350 0 642520 0 0 0 0 0 0 0 642484 0 0 642486 642456 0 0 0 0 642456 642436 0 0 0 0 0 0 0 0 642390 0 643266 0 0 0 0 642372 0 0 0 0 0 0 0 642496 0 0 0 0 0 0 643500 0 0 0 642853 0 642300 0 0 0 0 
642744 642754 642692 642781 642836 642693 642794 642709 642657 642778 642621 642717 642857 642897 642727 0 642833 642885 642614 642571 642807 0 642881 642862 642664 642820 642863 642735 0 642908 642975 642838 642811 642596 642546 642532 642542 642795 642896 0 642934 642949 0 0 642983 642742 642514 642464 642774 642783 642817 0 642971 642592 642524 642478 642452 642743 642751 642984 642756 642444 642339 642714 0 0 643033 642388 642334 642668 0 0 0 643036 642845 642745 642372 642354 642346 642374 642344 643062 643067 642654 642464 642338 642292 642453 642558 642566 643039 0 642302 642312 642302 642278 642231 642740 0 642516 642400 642260 642260 642264 0 0 642867 643065 643064 642621 642384 642236 642573 0 642927 0 0 643052 643060 642741 642709 642721 642452 642128 642869 643031 643046 642693 
644461 0 644469 644387 644469 644419 644361 644579 644539 644345 644515 644371 644331 644491 644351 0 644283 644419 644625 644567 644287 0 644283 644561 644665 644261 644223 0 0 0 644335 644609 644615 0 644705 644677 644385 644215 0 0 0 0 0 0 644319 644683 644701 644673 644209 644171 0 0 644247 644659 0 644641 644705 644223 644203 644221 644705 644631 0 0 0 0 644277 644695 644513 0 0 0 0 0 644669 644699 644511 0 644557 644561 644651 644219 0 644625 0 644649 644597 644323 644257 644241 0 0 644609 644691 644705 644667 644575 643941 0 0 644467 644567 644591 644705 0 0 644003 0 0 644575 644451 644615 644135 0 0 0 0 644123 0 644705 644675 644651 644471 644473 0 0 0 0 
644266 0 644274 644192 644274 644224 644166 644384 644344 644150 644320 644176 644136 644296 644156 0 644088 644224 644430 644372 644092 0 644088 644366 644470 644066 644028 0 0 0 644140 644414 644420 0 644516 644482 644190 644020 0 0 0 0 0 0 644124 644488 644548 644478 644014 643976 0 0 644052 644590 0 644596 644538 644028 644008 644026 644522 644594 0 0 0 0 644082 644554 644318 0 0 0 0 0 644474 644550 644474 0 644520 644524 644596 644024 0 644588 0 644454 644402 644128 644062 644046 0 0 644572 644558 644544 644472 644380 643746 0 0 644430 644530 644554 644534 0 0 643808 0 0 644538 644414 644578 643940 0 0 0 0 643928 0 644530 644574 644596 644434 644346 0 0 0 0 
0 0 0 642230 642319 642210 0 0 0 642197 642246 642186 642226 0 0 0 642178 0 0 642260 0 0 642202 0 642369 0 0 0 0 0 0 642402 0 0 0 0 642109 642108 0 0 0 0 0 0 0 0 0 0 642093 642086 0 0 0 0 0 642345 0 642088 0 0 0 0 0 0 0 0 642236 0 0 0 0 0 0 0 0 0 642260 0 0 0 0 0 0 0 0 642201 642143 0 0 0 0 0 0 0 0 0 0 0 0 0 0 0 0 0 0 0 0 0 0 0 642236 0 0 0 0 0 0 0 0 0 0 642418 0 0 0 0 0 0 
642945 0 642905 642871 643049 642831 642845 643087 642975 642805 642903 642783 642863 643084 642763 0 642767 643012 643061 642931 642747 0 642815 643154 643173 642721 642707 0 0 0 642928 643202 643208 0 643147 643065 642629 642627 0 0 0 0 0 0 642912 643276 643179 642989 642597 642583 0 0 642840 643341 0 643263 643097 642587 642567 642814 643310 643249 0 0 0 0 642870 643065 642613 0 0 0 0 0 643262 643338 643417 0 643299 643319 643109 642812 0 643412 0 642821 642697 642447 642453 642437 0 0 643151 642997 642959 642791 642603 642425 0 0 643504 643193 643145 642901 0 0 642583 0 0 643462 643504 643073 642355 0 0 0 0 642716 0 643302 643358 643386 643541 642449 0 0 0 0 
635922 0 0 635848 635642 636096 0 0 0 635878 636258 636048 635643 0 0 0 635715 0 0 636326 0 0 635571 0 635724 0 0 0 0 0 0 635404 0 0 0 0 636417 635829 0 0 0 0 0 0 0 0 0 0 635887 635763 0 0 0 0 0 635592 0 635968 0 0 0 0 0 0 0 0 635058 0 636718 0 0 0 0 0 0 0 635260 0 0 0 0 0 0 0 0 636500 636676 0 0 0 0 0 0 0 0 636512 0 0 0 0 0 0 0 0 0 0 0 0 0 0 634924 0 0 0 0 0 0 0 0 0 0 634676 0 636918 0 0 0 0 
644300 644294 644216 644411 644402 644255 644450 644159 644111 644438 644075 644327 644567 644323 644357 0 644567 644477 643982 643961 644525 0 644639 644218 644030 644564 644657 644417 0 644720 644557 644146 644171 643928 643853 643832 644054 644561 644720 0 644756 644741 0 0 644581 644081 643805 643730 644534 644627 644633 0 644735 643916 643820 643751 643712 644477 644507 644774 643984 643700 643661 644426 0 0 644572 643616 643646 644360 0 0 0 644764 643876 643906 643592 643565 643553 643595 643550 644659 644674 643831 643724 643550 643520 643967 644174 644198 644770 0 643487 643502 643487 643451 643445 644960 0 643742 643628 643424 643424 643430 0 0 645101 644692 644695 643720 643604 643388 644393 0 645053 0 0 644731 644635 643648 643618 643690 643646 643316 645101 644794 644533 643612 
644354 644348 644270 644465 644486 644309 644504 644213 644165 644492 644129 644381 644621 644561 644411 0 644621 644597 644036 644015 644579 0 644693 644456 644084 644618 644711 644471 0 644774 644795 644384 644339 643982 643907 643886 644108 644615 644774 0 644816 644825 0 0 644819 644201 643859 643784 644588 644681 644687 0 644855 643976 643874 643805 643766 644531 644561 644894 644222 643754 643715 644480 0 0 644948 643670 643700 644414 0 0 0 645002 644266 644216 643646 643619 643607 643649 643604 645035 645050 644069 643784 643604 643574 644021 644228 644252 645080 0 643541 643556 643541 643505 643499 644570 0 643862 643688 643478 643478 643484 0 0 644807 645068 645085 644030 643664 643442 644419 0 644915 0 0 645081 645025 644038 644008 644080 643766 643370 644777 645112 644923 644002 
642863 642859 642807 642937 642951 642833 642963 642769 642737 642955 642713 642881 643041 643001 642901 0 643041 643025 642651 642637 643013 0 643089 642931 642683 643037 643080 642941 0 643125 643157 642883 642853 642615 642565 642551 642699 643012 643113 0 643151 643166 0 0 643173 642761 642533 642483 642991 643012 643046 0 643188 642611 642543 642497 642471 642960 642970 643201 642775 642463 642437 642931 0 0 643263 642407 642427 642885 0 0 0 643261 642943 642771 642391 642373 642365 642393 642363 643298 643303 642673 642483 642363 642343 642641 642775 642783 643275 0 642321 642331 642321 642297 642293 642969 0 642535 642419 642279 642279 642283 0 0 643096 643337 643324 642647 642403 642255 642802 0 643156 0 0 643324 643368 642873 642841 642819 642471 642207 643098 643291 643388 642825 
642294 642320 642267 642257 642346 642218 642244 642365 642302 642224 642242 642194 642253 642393 642184 0 642205 642333 642345 642244 642195 0 642229 642428 642408 642182 642175 642128 0 642202 642315 642452 642443 642466 642388 642323 642033 642116 642178 0 642212 642233 0 0 642307 642465 642404 642249 642089 642094 642128 0 642247 642492 642484 642453 642327 642072 642062 642234 642506 642437 641948 642053 0 0 642310 642287 641953 642003 0 0 0 642246 642542 642532 642393 642387 642376 642402 642309 642281 642276 642549 642449 642093 641995 641882 641921 641913 642244 0 642306 642217 642186 642054 641912 642034 0 642477 642385 642285 642273 642133 0 0 642113 642270 642269 642536 642369 642237 641884 0 642149 0 0 642257 642289 642548 642582 642604 642413 641775 642103 642236 642301 642608 
