640573 640563 640531 640506 640522 640522 640498 640494 640450 640462 640504 640521 640500 640484 640514 640494 640497 640487 640469 640489 640438 640484 640493 640452 640420 640426 640477 640468 640467 640464 640468 640449 640453 640440 640422 640451 640460 640434 640437 640428 640431 640444 640440 640438 640413 640419 640431 640406 640412 640402 640382 640332 640422 640408 640418 640399 640411 640394 640398 640412 640386 640384 640376 640354 640352 640428 640390 640382 640393 640382 640382 640366 640356 640258 640379 640378 640372 640336 640330 640292 640330 640294 640246 640238 640363 640381 640344 640351 640365 640318 640278 640282 640272 640304 640278 640362 640364 640367 640357 640336 640338 640312 640335 640341 640312 640325 640310 640270 640242 640208 640234 640158 640164 640332 640324 640324 640316 640321 640332 640317 640301 640258 640246 640236 640202 640192 640322 640312 
0 645050 644986 0 644971 644947 644899 644926 0 0 644929 0 0 0 644960 644915 0 644854 644757 0 0 0 0 0 0 0 0 0 644806 644773 0 0 644709 644704 644695 644789 0 644751 0 644634 0 0 0 0 644589 0 644623 0 0 644647 0 644614 0 644665 0 0 0 644532 0 644586 0 0 0 0 644554 644731 0 0 644529 0 0 0 0 0 644586 0 0 0 0 0 644485 0 0 0 644529 0 644382 0 0 0 0 0 0 0 644425 644578 0 0 0 0 0 0 0 644472 644286 0 0 0 0 0 0 0 0 644497 644467 0 0 0 0 0 0 0 0 0 0 0 0 0 
0 0 644958 0 644961 0 0 0 0 0 0 0 0 0 644778 644887 0 0 0 0 0 0 0 0 0 0 0 0 0 0 0 0 0 0 0 0 0 644731 0 0 0 0 0 0 0 0 0 0 0 0 0 0 0 0 0 0 0 644229 0 0 0 0 0 0 0 0 0 0 0 0 0 0 0 0 0 0 0 0 0 0 0 0 0 0 0 0 643979 0 0 0 0 0 0 0 0 644226 0 0 0 0 0 0 0 0 0 0 0 0 0 0 0 0 0 0 0 0 0 0 0 0 0 0 0 0 0 0 0 0 
0 642139 642031 642214 642016 641992 642255 642208 642215 642221 641974 642001 642051 0 642131 641968 641965 641899 641982 0 642227 641926 641929 641991 642218 642138 641941 641890 641851 641818 641818 641898 641958 642126 642147 641887 641890 641824 641874 641871 641952 641878 641830 641800 641886 641952 641976 0 0 642119 642091 642156 0 641710 641668 0 0 641757 641865 641895 0 642036 0 0 642076 641926 0 641769 641838 641928 641968 0 0 0 641719 0 0 0 0 0 642029 642029 642113 642091 641707 641737 641691 641736 0 0 0 0 0 641980 642021 641886 0 641695 0 641739 0 641912 641623 641629 641667 641742 0 641909 0 0 641945 0 0 641839 641815 641638 641614 0 641602 641658 0 0 641879 0 641929 641942 641662 641614 
0 0 0 0 642122 0 0 0 0 0 0 0 0 0 0 0 0 0 0 0 0 0 0 0 0 0 0 0 0 0 0 0 0 0 0 0 0 0 0 0 0 0 0 0 0 0 0 0 0 0 0 0 0 0 0 0 0 0 0 0 0 0 0 0 0 0 0 0 0 0 0 0 0 0 0 0 0 0 0 0 0 0 0 0 0 0 641628 0 0 0 0 0 0 0 0 0 0 0 0 0 0 0 0 0 0 0 0 0 0 0 0 0 0 0 0 0 0 0 0 0 0 0 0 0 0 0 0 0 
0 0 641444 0 641399 641519 641165 641205 0 0 641381 0 0 0 641282 641267 0 641444 0 0 0 0 0 0 0 0 0 0 641384 641371 0 0 0 0 0 641108 0 641227 0 641111 0 0 0 0 0 0 0 0 0 640829 0 640785 0 641207 0 0 0 641021 0 0 0 0 0 0 0 641009 0 0 0 0 0 0 0 0 641036 0 0 0 0 0 0 0 0 0 0 0 640787 0 0 0 0 0 0 0 640533 640856 0 0 0 0 0 0 0 640984 640617 0 0 0 0 0 0 0 0 640773 640745 0 0 0 0 0 0 0 0 0 0 0 0 0 
0 0 642412 0 642418 0 642420 0 0 0 642406 0 0 0 642450 642422 0 642324 0 0 0 0 0 0 0 0 0 0 0 642254 0 0 0 0 0 642351 0 642317 0 642242 0 0 0 0 0 0 0 0 0 0 0 0 0 0 0 0 0 642174 0 0 0 0 0 0 0 0 0 0 0 0 0 0 0 0 642207 0 0 0 0 0 0 0 0 0 0 0 642074 0 0 0 0 0 0 0 642078 642243 0 0 0 0 0 0 0 0 0 0 0 0 0 0 0 0 0 0 642168 0 0 0 0 0 0 0 0 0 0 0 0 0 
0 0 642242 0 642245 0 642295 642311 0 0 642239 0 0 0 642284 642253 0 642174 0 0 0 0 0 0 0 0 0 0 0 642104 0 0 0 0 0 642258 0 642229 0 642101 0 0 0 0 0 0 0 0 0 0 0 0 0 0 0 0 0 642021 0 0 0 0 0 0 0 642279 0 0 0 0 0 0 0 0 642234 0 0 0 0 0 0 0 0 0 0 0 641987 0 0 0 0 0 0 0 642212 642294 0 0 0 0 0 0 0 642218 641923 0 0 0 0 0 0 0 0 0 642295 0 0 0 0 0 0 0 0 0 0 0 0 0 
0 644883 644763 645027 644736 644736 645003 645045 645105 645087 644682 644733 644764 0 644853 644652 644661 644631 644671 0 645061 644622 644649 644620 645088 645039 644601 644574 644571 644562 644574 644611 644623 644788 644869 644523 644550 644472 644575 644548 644557 644502 644490 644484 644503 644545 644581 0 0 644845 644821 645000 0 644394 644424 0 0 644446 644458 644500 0 644656 0 0 644866 644550 0 644410 644443 644497 644551 0 0 0 644307 0 0 0 0 0 644791 644835 644871 644841 644259 644313 644296 644317 0 0 0 0 0 644722 644811 644487 0 644271 0 644272 0 644494 644175 644193 644200 644239 0 644611 0 0 644691 0 0 644424 644382 644142 644118 0 644166 644215 0 0 644593 0 644643 644646 644166 644106 
0 644913 644793 645055 644766 644766 644989 645073 645109 645091 644712 644763 644728 0 644883 644682 644691 644661 644635 0 645025 644652 644679 644584 645052 645069 644631 644604 644601 644592 644602 644575 644587 644752 644833 644553 644580 644502 644539 644512 644521 644532 644520 644514 644467 644509 644545 0 0 644809 644785 644970 0 644424 644452 0 0 644410 644422 644464 0 644620 0 0 644830 644580 0 644374 644407 644461 644515 0 0 0 644337 0 0 0 0 0 644755 644805 644841 644811 644289 644343 644260 644281 0 0 0 0 0 644686 644781 644517 0 644301 0 644236 0 644458 644205 644223 644164 644203 0 644575 0 0 644661 0 0 644454 644412 644172 644148 0 644196 644179 0 0 644557 0 644613 644616 644196 644136 
0 0 645056 0 645077 0 644744 0 0 0 645099 0 0 0 644960 644987 0 645064 0 0 0 0 0 0 0 0 0 0 0 644923 0 0 0 0 0 644828 0 644949 0 644743 0 0 0 0 0 0 0 0 0 0 0 0 0 0 0 0 0 644641 0 0 0 0 0 0 0 0 0 0 0 0 0 0 0 0 644756 0 0 0 0 0 0 0 0 0 0 0 644491 0 0 0 0 0 0 0 644270 644576 0 0 0 0 0 0 0 0 0 0 0 0 0 0 0 0 0 0 644465 0 0 0 0 0 0 0 0 0 0 0 0 0 
0 643943 643959 0 643935 643939 643811 643855 0 0 643905 643939 643831 0 643869 643859 643887 643871 643745 0 0 643865 643883 643601 0 0 0 643833 643831 643823 643803 643729 643689 643609 643615 643753 0 643765 643693 643651 0 643719 643777 0 643561 643471 643507 0 0 643571 643527 643597 0 643713 0 0 0 643595 0 643545 0 0 0 0 643497 643687 0 0 643509 643383 643407 0 0 0 643655 0 0 0 0 0 643427 0 643511 643479 643593 643647 643411 0 0 0 0 0 0 643353 643399 643585 0 643631 0 0 0 0 643567 643579 643275 643195 0 0 0 0 643283 0 0 643531 643511 0 0 0 0 643309 0 0 0 0 643251 0 643463 643455 
0 643870 643890 0 643848 643968 643826 643810 0 0 643824 0 643952 0 643770 643724 643778 643892 643869 0 0 0 0 0 0 0 0 643776 643840 643834 0 0 643771 643589 643601 643570 0 643664 0 643763 0 643524 643712 0 643563 0 643439 0 0 643541 643481 643556 0 643666 0 0 0 643673 0 643493 0 0 0 0 643436 643492 0 0 643531 0 0 0 0 0 643474 0 0 0 0 0 643343 0 643427 0 643290 0 643439 0 0 0 0 0 0 0 643295 643354 0 0 0 0 0 0 643346 643404 643243 643019 0 0 0 0 0 0 0 643252 643208 0 0 0 0 0 0 0 0 0 0 0 643064 0 
644707 644683 644645 644707 644627 644627 644755 644707 644731 644731 644591 644625 644727 644867 644635 644563 644577 644557 644761 644801 644779 644551 644569 644867 644779 644659 644515 644519 644517 644511 644519 644625 644817 644867 644867 644467 644503 644451 644649 644727 644867 644443 644463 644459 644833 644867 644867 644867 644867 644867 644867 644803 644395 644399 644419 644429 644501 644611 644851 644855 644867 644867 644867 644867 644867 644443 644739 644723 644817 644819 644843 644867 644867 644803 644341 644811 644799 644867 644867 644867 644867 644867 644803 644827 644299 644345 644719 644757 644785 644771 644867 644867 644867 644867 644867 644371 644299 644317 644769 644727 644699 644771 644253 644265 644679 644675 644699 644795 644819 644867 644867 644867 644867 644323 644299 644203 644203 644225 644247 644689 644627 644723 644771 644819 644867 644867 644203 644179 
0 0 0 0 644559 0 0 0 0 0 0 0 0 0 644631 0 0 0 0 0 0 0 0 0 0 0 0 0 0 0 0 0 0 0 0 0 0 0 0 0 0 0 0 0 0 0 0 0 0 0 0 0 0 0 0 0 0 644146 0 0 0 0 0 0 0 0 0 0 0 0 0 0 0 0 0 0 0 0 0 0 0 0 0 0 0 0 644003 0 0 0 0 0 0 0 0 0 0 0 0 0 0 0 0 0 0 0 0 0 0 0 0 0 0 0 0 0 0 0 0 0 0 0 0 0 0 0 0 0 
0 0 644791 0 644839 0 0 0 0 0 0 0 0 0 644741 644911 0 0 0 0 0 0 0 0 0 0 0 0 0 0 0 0 0 0 0 0 0 644863 0 0 0 0 0 0 0 0 0 0 0 0 0 0 0 0 0 0 0 644113 0 0 0 0 0 0 0 0 0 0 0 0 0 0 0 0 0 0 0 0 0 0 0 0 0 0 0 0 643913 0 0 0 0 0 0 0 0 644609 0 0 0 0 0 0 0 0 0 0 0 0 0 0 0 0 0 0 0 0 0 0 0 0 0 0 0 0 0 0 0 0 
0 644886 645006 0 645054 644922 644630 644670 0 0 645078 0 644734 0 644926 645064 645100 644880 644616 0 0 0 0 0 0 0 0 645048 644896 644692 0 0 644544 644370 644358 644856 0 644908 0 644452 0 644788 644944 0 644368 0 644262 0 0 644294 644230 644250 0 644822 0 0 0 644316 0 644334 0 0 0 0 644170 644724 0 0 644304 0 0 0 0 0 644678 0 0 0 0 0 644078 0 644078 0 644534 0 644116 0 0 0 0 0 0 0 643998 644520 0 0 0 0 0 0 644518 644554 643988 643854 0 0 0 0 0 0 0 644412 644372 0 0 0 0 0 0 0 0 0 0 0 644276 0 
0 0 642337 0 642339 0 642120 0 0 0 642338 0 0 0 642240 642262 0 642378 0 0 0 0 0 0 0 0 0 0 0 642276 0 0 0 0 0 642156 0 642238 0 642180 0 0 0 0 0 0 0 0 0 0 0 0 0 0 0 0 0 642078 0 0 0 0 0 0 0 0 0 0 0 0 0 0 0 0 642108 0 0 0 0 0 0 0 0 0 0 0 641928 0 0 0 0 0 0 0 641616 641957 0 0 0 0 0 0 0 0 0 0 0 0 0 0 0 0 0 0 641882 0 0 0 0 0 0 0 0 0 0 0 0 0 
0 0 644874 0 644829 644949 644850 644736 0 0 644811 0 0 0 644712 644697 0 644882 645138 0 0 0 0 0 0 0 0 0 644822 644813 0 0 0 0 0 644538 0 644653 0 645033 0 0 0 0 0 0 0 0 0 644782 0 644705 0 644645 0 0 0 644931 0 0 0 0 0 0 644689 644439 0 0 0 0 0 0 0 0 644466 0 0 0 0 0 0 0 0 0 0 0 644781 0 0 0 0 0 0 0 644560 644286 0 0 0 0 0 0 0 644410 644671 0 0 0 0 0 0 0 0 644205 644175 0 0 0 0 0 0 0 0 0 0 0 0 0 
645079 645059 645083 644987 645059 645067 645003 644975 644943 644955 645035 645077 645071 645021 644995 644985 645011 645009 645037 645075 644955 645003 645021 644941 644937 644919 644923 644971 644969 644951 644935 644969 645005 644925 644919 644879 644939 644903 644969 644955 644887 644845 644915 644911 644925 644847 644871 644855 644861 644887 644855 644861 644793 644851 644835 644821 644869 644887 644883 644907 644811 644821 644801 644839 644825 644813 644879 644863 644885 644783 644795 644803 644793 644787 644793 644835 644835 644773 644767 644741 644779 644755 644775 644759 644719 644771 644787 644801 644811 644695 644703 644719 644697 644729 644739 644711 644677 644769 644811 644763 644685 644689 644705 644717 644723 644667 644651 644659 644643 644633 644659 644631 644637 644657 644637 644605 644621 644677 644699 644733 644611 644611 644623 644637 644627 644629 644589 644581 
0 644924 644804 0 644777 644777 645104 645020 0 0 644723 644774 644925 0 644894 644693 644702 644672 644854 0 645114 644663 644690 644803 0 644900 0 644615 644612 644603 644615 644772 644806 644971 645010 644564 0 644513 644758 644731 0 644543 644531 0 644686 644728 644764 0 0 644970 644930 644959 0 644435 0 0 0 644629 0 644683 0 644833 0 0 644899 644591 0 0 644626 644680 644734 0 0 0 644348 0 0 0 0 0 644830 0 644830 644800 644300 644354 644479 0 0 0 0 0 0 644755 644770 644524 0 644312 0 0 0 0 644216 644234 644383 644422 0 0 0 0 644650 0 0 644455 644417 0 0 0 644207 644398 0 0 0 0 644602 0 644207 644147 
0 643711 643809 0 643854 643782 643454 643508 0 0 643908 643819 643562 0 643764 643945 643951 643785 643443 0 0 643964 643877 643106 0 0 0 643971 643809 643608 643528 643426 643321 643122 643122 643796 0 643861 643366 643306 0 643747 643903 0 643073 642893 642953 0 0 643046 642970 643050 0 643819 0 0 0 643182 0 643002 0 0 0 0 642910 643699 0 0 643021 642749 642790 0 0 0 643676 0 0 0 0 0 642794 0 642878 642826 643548 643626 642898 0 0 0 0 0 0 642670 642726 643535 0 643640 0 0 0 0 643576 643618 642662 642431 0 0 0 0 642530 0 0 643451 643423 0 0 0 0 642733 0 0 0 0 642466 0 643363 643351 
0 644792 644857 0 644854 644870 644636 644642 0 0 644860 0 644771 0 644758 644798 644835 644867 644706 0 0 0 644883 644473 0 0 0 644828 644843 644754 644706 644684 644626 644452 644443 644692 0 644754 644648 644621 0 644657 644784 0 644474 644335 644371 0 0 644395 644347 644362 0 644730 0 0 0 644519 0 644427 0 0 0 0 644302 644609 0 0 644446 644239 644257 0 0 0 644624 0 0 0 0 0 644233 0 644233 644203 644491 0 644369 0 0 0 0 0 0 644158 644173 644487 0 0 0 0 0 0 644524 644566 644239 644065 0 0 0 0 644053 0 0 644406 644376 0 0 0 0 644288 0 0 0 0 644005 0 644304 644292 
0 643731 643707 0 643683 643697 643803 643755 0 0 643659 0 643797 0 643683 643611 643635 643627 643831 0 0 0 643639 643995 0 0 0 643589 643587 643581 643589 643695 643895 643947 643923 643515 0 643521 643719 643797 0 643491 643533 0 643987 643999 643999 0 0 643947 643971 643851 0 643469 0 0 0 643681 0 643999 0 0 0 0 643971 643491 0 0 643971 643999 643999 0 0 0 643411 0 0 0 0 0 643999 0 643851 643875 643347 0 643873 0 0 0 0 0 0 643999 643995 643419 0 0 0 0 0 0 643323 643335 643953 643999 0 0 0 0 643999 0 0 643371 643347 0 0 0 0 643915 0 0 0 0 643999 0 643251 643227 
0 644310 644258 0 644237 644261 644402 644376 0 0 644207 644248 644339 0 644276 644173 644188 644199 644330 0 644438 644175 644208 644313 644447 644350 644132 644147 644159 644153 644161 644247 644314 644369 644396 644082 644115 644077 644257 644263 644292 644063 644095 644101 644274 644288 644300 0 0 644388 644380 644437 0 644041 0 0 0 644183 644259 644273 0 644325 0 0 644395 644079 0 644207 644254 644272 644290 0 0 0 643962 0 0 0 0 0 644370 644382 644394 644384 643910 643952 644167 644205 0 0 0 0 0 644347 644374 644022 0 643938 0 644197 0 0 643882 643900 644173 644186 0 644310 0 0 644334 0 0 643977 643951 643823 643815 0 643889 644161 0 0 644304 0 644318 644319 643831 643799 
0 644963 644871 0 644844 644816 644941 645055 0 0 644790 644841 644680 0 644961 644760 644769 644739 644587 0 644977 644730 644757 644536 0 645127 0 644682 644679 644642 644584 644527 644539 644704 644785 644631 0 644580 644491 644464 0 644610 644598 0 644419 644461 644497 0 0 644761 644737 644892 0 644502 0 0 0 644362 0 644416 0 644572 0 0 644772 644658 0 0 644359 644413 644467 0 0 0 644415 0 0 0 0 0 644699 0 644763 644733 644367 644421 644212 0 0 0 0 0 0 644628 644703 644595 0 644379 0 0 0 0 644283 644301 644116 644155 0 0 0 0 644583 0 0 644532 644490 0 0 0 644274 644131 0 0 0 0 644535 0 644274 644214 
0 643891 643972 0 644018 643878 643663 643717 0 0 644048 643952 643692 0 643943 644126 644090 643857 643575 0 643543 644068 643957 643390 643516 643747 644152 644096 643879 643704 643632 643539 643503 643396 643399 644110 644160 644112 643491 643440 643288 644076 644120 644008 643328 643219 643267 0 0 643339 643279 643339 0 643918 0 0 0 643350 643250 643300 0 643192 0 0 643234 644030 0 643266 643263 643099 643129 0 0 0 643988 0 0 0 0 0 643141 643117 643167 643127 643896 643968 643116 643113 0 0 0 0 0 643042 643087 643899 0 643952 0 643006 0 0 643864 643883 642948 642852 0 642901 0 0 642927 0 0 643818 643788 643738 643752 0 643856 642987 0 0 642835 0 642863 642867 643716 643702 
0 644297 644417 0 644444 644415 644083 644135 0 0 644497 0 0 0 644327 644527 0 644411 644137 0 0 0 0 0 0 0 0 644592 644431 644288 0 0 644045 643816 643819 644422 0 644534 0 644031 0 644371 0 0 643841 0 643687 0 0 643759 0 643765 0 644483 0 0 0 643926 0 643768 0 0 0 0 643654 644323 0 0 643805 0 0 0 0 0 644344 0 0 0 0 0 643561 0 643593 0 644182 0 643719 0 0 0 0 0 0 0 643513 644170 0 0 0 0 0 0 0 644288 643511 0 0 0 0 0 0 0 0 644089 644059 0 0 0 0 0 0 0 0 0 0 0 0 0 
0 0 644849 0 644864 0 644433 644473 0 0 644880 0 0 0 644708 644792 0 644980 0 0 0 0 0 0 0 0 0 0 645015 644871 0 0 0 0 0 644582 0 644746 0 644607 0 0 0 0 0 0 0 0 0 0 0 0 0 0 0 0 0 644495 0 0 0 0 0 0 0 644450 0 0 0 0 0 0 0 0 644486 0 0 0 0 0 0 0 0 0 0 0 644293 0 0 0 0 0 0 0 643801 644246 0 0 0 0 0 0 0 644437 643983 0 0 0 0 0 0 0 0 0 644098 0 0 0 0 0 0 0 0 0 0 0 0 0 
0 0 632014 0 631993 0 0 0 0 0 0 0 0 0 631798 631917 0 0 0 0 0 0 0 0 0 0 0 0 0 632257 0 0 0 0 0 0 0 632001 0 0 0 0 0 0 0 0 0 0 0 0 0 0 0 0 0 0 0 632033 0 0 0 0 0 0 0 0 0 0 0 0 0 0 0 0 0 0 0 0 0 0 0 0 0 0 0 0 631582 0 0 0 0 0 0 0 0 631574 0 0 0 0 0 0 0 0 0 0 0 0 0 0 0 0 0 0 0 0 0 0 0 0 0 0 0 0 0 0 0 0 
0 644322 644313 0 644301 644322 644322 644322 0 0 644289 0 644306 0 644301 644265 644277 644313 644258 0 0 0 644301 644138 0 0 0 644265 644301 644320 644304 644306 644210 644186 644210 644193 0 644217 644282 644234 0 644169 644241 0 644114 644066 644090 0 0 644186 644162 644282 0 644265 0 0 0 644212 0 644090 0 0 0 0 644162 644169 0 0 644090 644018 644042 0 0 0 644097 0 0 0 0 0 644114 0 644282 644258 644025 0 644090 0 0 0 0 0 0 644066 644138 644097 0 0 0 0 0 0 644025 644049 643946 643874 0 0 0 0 644066 0 0 644049 644025 0 0 0 0 643994 0 0 0 0 644066 0 643929 643905 
0 644300 644288 0 644276 644300 644311 644311 0 0 644264 0 644311 0 644276 644240 644252 644288 644271 0 0 0 644276 644151 0 0 0 644240 644276 644300 644311 644311 644223 644199 644223 644146 0 644170 644295 644247 0 644122 644194 0 644127 644079 644103 0 0 644199 644175 644295 0 644240 0 0 0 644243 0 644103 0 0 0 0 644175 644122 0 0 644103 644031 644055 0 0 0 644050 0 0 0 0 0 644127 0 644295 644271 643978 0 644103 0 0 0 0 0 0 644079 644151 644050 0 0 0 0 0 0 643978 644002 643959 643887 0 0 0 0 644079 0 0 644002 643978 0 0 0 0 644007 0 0 0 0 644079 0 643882 643858 
0 0 643826 0 643811 643848 643818 643780 0 0 643805 0 0 0 643772 643767 0 643810 643920 0 0 0 0 0 0 0 0 0 643782 643752 0 0 643926 643867 643852 643714 0 643752 0 643878 0 0 0 0 643914 0 643852 0 0 643848 0 643758 0 643700 0 0 0 643780 0 643879 0 0 0 0 643829 643681 0 0 643890 0 0 0 0 0 643690 0 0 0 0 0 643818 0 0 0 0 0 643818 0 0 0 0 0 0 0 643794 643630 0 0 0 0 0 0 0 643668 643746 0 0 0 0 0 0 0 0 643603 643593 0 0 0 0 0 0 0 0 0 0 0 0 0 
0 0 644567 0 644546 644570 644717 644655 0 0 644516 0 0 0 644585 644482 0 644523 644709 0 0 0 0 0 0 0 0 0 644491 644499 0 0 644747 644826 644811 644391 0 644386 0 644698 0 0 0 0 644727 0 644741 0 0 644819 0 644694 0 644387 0 0 0 644599 0 644714 0 0 0 0 644800 644388 0 0 644695 0 0 0 0 0 644271 0 0 0 0 0 644761 0 0 0 0 0 644645 0 0 0 0 0 0 0 644753 644331 0 0 0 0 0 0 0 644209 644542 0 0 0 0 0 0 0 0 644286 644260 0 0 0 0 0 0 0 0 0 0 0 0 0 
0 0 643401 0 643395 643371 643549 643523 0 0 643371 0 0 0 643473 643375 0 643313 643433 0 0 0 0 0 0 0 0 0 643285 643255 0 0 643461 643583 643600 643313 0 643279 0 643387 0 0 0 0 643434 0 643498 0 0 643590 0 643514 0 643203 0 0 0 643283 0 643444 0 0 0 0 643559 643331 0 0 643406 0 0 0 0 0 643169 0 0 0 0 0 643536 0 0 0 0 0 643308 0 0 0 0 0 0 0 643516 643281 0 0 0 0 0 0 0 643093 643316 0 0 0 0 0 0 0 0 643236 643210 0 0 0 0 0 0 0 0 0 0 0 0 0 
0 0 644827 0 644866 0 644550 0 0 0 644896 0 0 0 644772 644965 0 644713 0 0 0 0 0 0 0 0 0 0 0 644572 0 0 0 0 0 645085 0 645056 0 644392 0 0 0 0 0 0 0 0 0 0 0 0 0 0 0 0 0 644290 0 0 0 0 0 0 0 0 0 0 0 0 0 0 0 0 644993 0 0 0 0 0 0 0 0 0 0 0 644140 0 0 0 0 0 0 0 644076 644880 0 0 0 0 0 0 0 0 0 0 0 0 0 0 0 0 0 0 644769 0 0 0 0 0 0 0 0 0 0 0 0 0 
0 644719 644879 0 644915 644805 644463 644503 0 0 644987 644885 644621 0 644759 645027 645015 644761 644497 0 644319 645027 644881 644235 644283 644511 645061 645067 644777 644573 644493 644417 644433 644203 644191 644975 645129 645087 644369 644333 644127 644907 645115 644949 644261 644047 644095 0 0 644127 644063 644083 0 644829 0 0 0 644197 644163 644203 0 643995 0 0 644003 644843 0 644149 644193 643919 643943 0 0 0 644857 0 0 0 0 0 643911 643863 643911 643871 644655 644775 643997 644025 0 0 0 0 0 643811 643831 644639 0 644809 0 643931 0 0 644697 644721 643869 643687 0 643671 0 0 643671 0 0 644531 644491 644427 644459 0 644685 643889 0 0 643599 0 643607 643611 644395 644379 
0 0 644727 0 644765 0 0 0 0 0 0 0 0 0 644609 644877 0 0 0 0 0 0 0 0 0 0 0 0 0 0 0 0 0 0 0 0 0 645045 0 0 0 0 0 0 0 0 0 0 0 0 0 0 0 0 0 0 0 644121 0 0 0 0 0 0 0 0 0 0 0 0 0 0 0 0 0 0 0 0 0 0 0 0 0 0 0 0 643921 0 0 0 0 0 0 0 0 644715 0 0 0 0 0 0 0 0 0 0 0 0 0 0 0 0 0 0 0 0 0 0 0 0 0 0 0 0 0 0 0 0 
0 644289 644277 0 644265 644289 644296 644296 0 0 644253 0 644296 0 644265 644229 644241 644277 644254 0 0 0 644265 644134 0 0 0 644229 644265 644289 644296 644296 644206 644182 644206 644161 0 644185 644278 644230 0 644137 644205 0 644110 644062 644086 0 0 644182 644158 644278 0 644229 0 0 0 644244 0 644086 0 0 0 0 644158 644137 0 0 644086 644014 644038 0 0 0 644065 0 0 0 0 0 644110 0 644278 644254 643993 0 644086 0 0 0 0 0 0 644062 644134 644065 0 0 0 0 0 0 643993 644017 643942 643870 0 0 0 0 644062 0 0 644017 643993 0 0 0 0 643990 0 0 0 0 644062 0 643897 643873 
0 0 641865 0 641853 0 641884 0 0 0 641841 0 0 0 641853 641817 0 641865 0 0 0 0 0 0 0 0 0 0 0 641877 0 0 0 0 0 641769 0 641781 0 641884 0 0 0 0 0 0 0 0 0 0 0 0 0 0 0 0 0 641882 0 0 0 0 0 0 0 0 0 0 0 0 0 0 0 0 641721 0 0 0 0 0 0 0 0 0 0 0 641884 0 0 0 0 0 0 0 641876 641721 0 0 0 0 0 0 0 0 0 0 0 0 0 0 0 0 0 0 641685 0 0 0 0 0 0 0 0 0 0 0 0 0 
0 644052 644012 0 644006 643982 644060 644022 0 0 643982 643992 644034 0 644014 643986 643980 643924 644044 0 644048 643954 643948 644189 644039 643976 643974 643934 643896 643866 643862 643932 644084 644139 644112 643948 643942 643902 643944 643998 644216 643939 643902 643874 644148 644209 644208 0 0 644120 644128 644013 0 643814 0 0 0 643894 644179 644182 0 644183 0 0 644113 643923 0 644014 644144 644165 644183 0 0 0 643852 0 0 0 0 0 644138 644102 643970 643984 643856 643868 644046 644097 0 0 0 0 0 644150 644094 643872 0 643840 0 644067 0 0 643800 643800 644019 644035 0 644091 0 0 644115 0 0 643845 643835 643819 643810 0 643782 644029 0 0 644061 0 644099 644087 643811 643807 
0 643343 643307 0 643364 643196 643195 643249 0 0 643394 0 0 0 643473 643532 0 643175 642893 0 0 0 0 0 0 0 0 643454 643199 643022 0 0 642821 642928 642931 643735 0 643604 0 642758 0 643726 0 0 642653 0 642719 0 0 642871 0 642886 0 643274 0 0 0 642668 0 642638 0 0 0 0 642766 643774 0 0 642581 0 0 0 0 0 643567 0 0 0 0 0 642673 0 642757 0 643555 0 642434 0 0 0 0 0 0 0 642625 643683 0 0 0 0 0 0 0 643477 642266 0 0 0 0 0 0 0 0 643626 643608 0 0 0 0 0 0 0 0 0 0 0 0 0 
0 644468 644589 0 644616 644605 644240 644280 0 0 644670 0 644415 0 644499 644700 644691 644570 644312 0 0 0 0 0 0 0 0 644778 644574 644393 0 0 644222 643973 643968 644685 0 644808 0 644153 0 644634 644838 0 644006 0 643844 0 0 643904 643840 643860 0 644590 0 0 0 644017 0 643925 0 0 0 0 643780 644586 0 0 643982 0 0 0 0 0 644613 0 0 0 0 0 643688 0 643688 0 644445 0 643817 0 0 0 0 0 0 0 643608 644433 0 0 0 0 0 0 644529 644569 643687 643430 0 0 0 0 0 0 0 644352 644322 0 0 0 0 0 0 0 0 0 0 0 644237 0 
0 643208 643328 0 643355 643346 643016 643046 0 0 643409 643358 643198 0 643238 643345 643384 643428 643140 0 642908 643423 643428 642789 642881 643052 643300 643420 643454 643301 643233 643184 643032 642789 642792 643282 643351 643380 643148 643113 642684 643255 643404 643479 642822 642612 642660 0 0 642732 642672 642731 0 643399 0 0 0 642997 642699 642741 0 642585 0 0 642627 643207 0 642939 642792 642492 642522 0 0 0 643306 0 0 0 0 0 642534 642510 642602 642572 643210 643252 642789 642732 0 0 0 0 0 642435 642486 643126 0 643294 0 642465 0 0 643290 643314 642522 642246 0 642294 0 0 642330 0 0 643093 643087 643134 643158 0 643332 642652 0 0 642228 0 642282 642297 643110 643110 
0 0 642724 0 642712 642729 642772 642748 0 0 642700 0 0 0 642712 642676 0 642694 642796 0 0 0 0 0 0 0 0 0 642674 642647 0 0 642828 642844 642832 642628 0 642640 0 642779 0 0 0 0 642873 0 642873 0 0 642844 0 642760 0 642595 0 0 0 642675 0 642873 0 0 0 0 642856 642616 0 0 642869 0 0 0 0 0 642580 0 0 0 0 0 642873 0 0 0 0 0 642808 0 0 0 0 0 0 0 642841 642580 0 0 0 0 0 0 0 642548 642860 0 0 0 0 0 0 0 0 642556 642544 0 0 0 0 0 0 0 0 0 0 0 0 0 
0 642421 642381 0 642360 642384 642469 642393 0 0 642330 0 642482 0 642373 642296 642311 642337 642523 0 0 0 642331 642685 0 0 0 642270 642305 642326 642342 642431 642579 642627 642573 642205 0 642200 642455 642518 0 642181 642218 0 642683 642745 642733 0 0 642589 642605 642375 0 642210 0 0 0 642448 0 642718 0 0 0 0 642575 642181 0 0 642699 642721 642733 0 0 0 642085 0 0 0 0 0 642625 0 642289 642317 642033 0 642650 0 0 0 0 0 0 642659 642537 642093 0 0 0 0 0 0 642005 642023 642642 642649 0 0 0 0 642589 0 0 642039 642019 0 0 0 0 642647 0 0 0 0 642557 0 641941 641917 
0 0 643892 0 643871 643895 643994 643918 0 0 643841 0 0 0 643886 643807 0 643848 644034 0 0 0 0 0 0 0 0 0 643816 643837 0 0 644090 644150 644098 643716 0 643711 0 644029 0 0 0 0 644194 0 644234 0 0 644114 0 643900 0 643721 0 0 0 643959 0 644217 0 0 0 0 644100 643694 0 0 644198 0 0 0 0 0 643596 0 0 0 0 0 644150 0 0 0 0 0 644149 0 0 0 0 0 0 0 644062 643618 0 0 0 0 0 0 0 643534 644131 0 0 0 0 0 0 0 0 643564 643544 0 0 0 0 0 0 0 0 0 0 0 0 0 
644630 644616 644564 644644 644543 644567 644700 644638 644646 644652 644513 644554 644665 644793 644582 644479 644494 644520 644706 644726 644700 644481 644514 644842 644691 644568 644438 644453 644488 644492 644500 644606 644762 644851 644812 644388 644421 644383 644630 644701 644808 644369 644401 644423 644802 644792 644816 644860 644857 644832 644851 644677 644323 644380 644400 644410 644482 644592 644763 644789 644810 644831 644809 644808 644836 644385 644770 644759 644770 644752 644782 644822 644817 644640 644268 644719 644713 644807 644804 644803 644822 644811 644634 644660 644216 644258 644716 644704 644694 644708 644760 644780 644757 644773 644803 644320 644237 644244 644686 644641 644621 644705 644188 644206 644617 644594 644638 644702 644706 644725 644738 644739 644742 644269 644247 644129 644121 644162 644197 644646 644550 644642 644672 644703 644722 644735 644137 644105 
638368 638354 638302 638382 638281 638305 638438 638376 638384 638390 638251 638292 638403 638531 638320 638217 638232 638258 638444 638464 638438 638219 638252 638596 638429 638306 638176 638191 638226 638247 638263 638352 638500 638589 638550 638126 638159 638121 638376 638439 638587 638107 638139 638161 638569 638583 638595 638627 638624 638570 638590 638415 638061 638131 638213 638223 638278 638369 638554 638568 638601 638610 638600 638546 638575 638123 638509 638501 638549 638567 638585 638601 638596 638378 638006 638534 638528 638586 638583 638570 638589 638565 638372 638398 637954 637996 638500 638507 638521 638547 638551 638559 638548 638564 638557 638058 637975 637982 638513 638492 638496 638544 637926 637944 638468 638481 638513 638529 638521 638516 638529 638464 638470 638007 637985 637867 637859 637900 637935 638473 638461 638505 638511 638518 638513 638514 637875 637843 
0 0 639377 0 639368 639368 639481 639471 0 0 639350 0 0 0 639407 639340 0 639333 0 0 0 0 0 0 0 0 0 0 639313 639310 0 0 0 0 0 639297 0 639280 0 639418 0 0 0 0 0 0 0 0 0 639564 0 639506 0 639254 0 0 0 639360 0 0 0 0 0 0 0 639306 0 0 0 0 0 0 0 0 639225 0 0 0 0 0 0 0 0 0 0 0 639429 0 0 0 0 0 0 0 639562 639285 0 0 0 0 0 0 0 639187 639427 0 0 0 0 0 0 0 0 639264 639250 0 0 0 0 0 0 0 0 0 0 0 0 0 
0 644574 644522 0 644501 644516 644674 644630 0 0 644471 0 0 0 644540 644437 0 644446 644618 0 0 0 0 0 0 0 0 644408 644406 644400 0 0 644658 644743 644746 644346 0 644340 0 644572 0 644327 0 0 644695 0 644733 0 0 644756 644763 644649 0 644288 0 0 0 644468 0 644706 0 0 0 0 644748 644343 0 0 644681 0 0 0 0 0 644226 0 0 0 0 0 644749 0 644606 0 644174 0 644583 0 0 0 0 0 0 0 644717 644286 0 0 0 0 0 0 0 644154 644519 0 0 0 0 0 0 0 0 644241 644215 0 0 0 0 0 0 0 0 0 0 0 0 0 
0 0 643649 0 643643 643619 643784 643812 0 0 643619 0 0 0 643721 643623 0 643561 0 0 0 0 0 0 0 0 0 0 643533 643503 0 0 0 0 0 643585 0 643539 0 643562 0 0 0 0 0 0 0 0 0 643808 0 643904 0 643451 0 0 0 643470 0 0 0 0 0 0 0 643615 0 0 0 0 0 0 0 0 643482 0 0 0 0 0 0 0 0 0 0 0 643494 0 0 0 0 0 0 0 643875 643602 0 0 0 0 0 0 0 643406 643502 0 0 0 0 0 0 0 0 643560 643532 0 0 0 0 0 0 0 0 0 0 0 0 0 
643497 643531 643527 643471 643554 643482 643431 643465 643425 643431 643572 643517 643388 643324 643565 643634 643601 643483 643333 643353 643383 643588 643525 643256 643374 643491 643689 643608 643499 643424 643392 643337 643293 643294 643303 643735 643672 643682 643313 643280 643211 643764 643652 643578 643205 643195 643219 643223 643226 643275 643247 643312 643812 643548 643295 643257 643281 643247 643166 643192 643177 643194 643172 643251 643232 643762 643206 643198 643173 643139 643157 643185 643180 643275 643781 643122 643116 643170 643167 643166 643185 643185 643269 643247 643801 643795 643124 643107 643097 643071 643123 643143 643120 643136 643177 643793 643812 643781 643089 643044 643024 643068 643773 643767 643020 642997 643013 643065 643069 643088 643101 643135 643138 643790 643792 643810 643802 643771 643758 643049 642953 643005 643035 643066 643085 643098 643816 643810 
0 0 644628 0 644655 644655 644316 644346 0 0 644709 0 0 0 644538 644709 0 644760 0 0 0 0 0 0 0 0 0 0 644820 644829 0 0 0 0 0 644643 0 644754 0 644505 0 0 0 0 0 0 0 0 0 644064 0 644031 0 644967 0 0 0 644573 0 0 0 0 0 0 0 644556 0 0 0 0 0 0 0 0 644619 0 0 0 0 0 0 0 0 0 0 0 644325 0 0 0 0 0 0 0 643842 644439 0 0 0 0 0 0 0 644613 643989 0 0 0 0 0 0 0 0 644382 644364 0 0 0 0 0 0 0 0 0 0 0 0 0 
0 643180 643240 643072 643207 643327 643035 643054 642981 642999 643201 643270 643224 0 643090 643111 643162 643372 643173 0 642927 643201 643294 642864 642900 642964 643042 643189 643372 643501 643525 643377 643077 642840 642831 643000 643093 643111 643341 643224 642783 642961 643153 643279 642909 642723 642759 0 0 642783 642735 642750 0 643369 643621 0 0 643386 642810 642840 0 642684 0 0 642690 642913 0 643146 642897 642627 642645 0 0 0 642976 0 0 0 0 0 642621 642585 642621 642591 642844 642910 643044 642879 0 0 0 0 0 642546 642561 642796 0 642952 0 642636 0 642486 642928 642970 642708 642453 0 642441 0 0 642441 0 0 642739 642721 642721 642745 0 642997 642837 0 0 642387 0 642393 642396 642697 642697 
644612 644591 644635 644520 644617 644689 644536 644508 644476 644488 644617 644655 644664 644504 644539 644565 644595 644723 644630 644590 644466 644621 644675 644424 644448 644451 644527 644617 644727 644805 644822 644766 644566 644408 644402 644483 644561 644565 644742 644664 644370 644449 644601 644677 644454 644330 644354 644338 644344 644370 644338 644348 644397 644737 644922 644936 644888 644780 644388 644408 644294 644304 644284 644322 644308 644417 644596 644612 644446 644266 644278 644286 644276 644274 644435 644332 644344 644256 644250 644224 644262 644238 644262 644242 644323 644383 644544 644434 644310 644178 644186 644202 644180 644212 644222 644315 644281 644411 644326 644272 644168 644172 644379 644415 644320 644150 644134 644142 644126 644116 644142 644114 644120 644261 644241 644209 644225 644359 644433 644406 644094 644094 644106 644120 644110 644112 644193 644185 
644814 644770 644802 644722 644772 644868 644786 644710 644702 644714 644760 644822 644960 644836 644694 644684 644726 644890 644962 644922 644762 644752 644830 644756 644744 644618 644622 644736 644882 644984 645024 645062 644898 644740 644734 644578 644656 644660 645074 644996 644702 644544 644696 644796 644786 644662 644686 644670 644676 644702 644670 644680 644492 644856 645056 645066 645126 645112 644720 644740 644626 644636 644616 644654 644640 644512 644928 644944 644778 644598 644610 644618 644608 644606 644530 644664 644676 644588 644582 644556 644594 644570 644594 644574 644418 644478 644876 644766 644642 644510 644518 644534 644512 644544 644554 644410 644376 644506 644658 644604 644500 644504 644474 644510 644652 644482 644466 644474 644458 644448 644474 644446 644452 644356 644336 644304 644320 644454 644528 644738 644426 644426 644438 644452 644442 644444 644288 644280 
0 0 0 0 642561 0 0 0 0 0 0 0 0 0 642561 0 0 0 0 0 0 0 0 0 0 0 0 0 0 0 0 0 0 0 0 0 0 0 0 0 0 0 0 0 0 0 0 0 0 0 0 0 0 0 0 0 0 642561 0 0 0 0 0 0 0 0 0 0 0 0 0 0 0 0 0 0 0 0 0 0 0 0 0 0 0 0 642561 0 0 0 0 0 0 0 0 0 0 0 0 0 0 0 0 0 0 0 0 0 0 0 0 0 0 0 0 0 0 0 0 0 0 0 0 0 0 0 0 0 
0 644521 644521 0 644498 644524 644551 644475 0 0 644470 644511 644622 0 644459 644418 644451 644475 644663 0 644527 644438 644471 644796 644509 644383 644363 644410 644435 644429 644437 644543 644719 644709 644655 644317 644378 644340 644567 644645 644841 644288 644358 644377 644823 644856 644833 0 0 644671 644687 644457 0 644317 0 0 0 644529 644879 644858 0 644797 0 0 644657 644272 0 644697 644839 644846 644852 0 0 0 644225 0 0 0 0 0 644707 644635 644371 644399 644153 644207 644765 644854 0 0 0 0 0 644752 644619 644175 0 644201 0 644839 0 0 644145 644163 644815 644788 0 644740 0 0 644682 0 0 644121 644101 644048 644056 0 644154 644816 0 0 644716 0 644650 644605 644040 644024 
0 0 643059 0 643038 643062 643130 643054 0 0 643008 0 0 0 643038 642968 0 643015 643201 0 0 0 0 0 0 0 0 0 642983 643004 0 0 643257 643288 643234 642872 0 642878 0 643196 0 0 0 0 643361 0 643392 0 0 643250 0 643036 0 642888 0 0 0 643126 0 643388 0 0 0 0 643236 642848 0 0 643369 0 0 0 0 0 642763 0 0 0 0 0 643286 0 0 0 0 0 643320 0 0 0 0 0 0 0 643198 642754 0 0 0 0 0 0 0 642701 643300 0 0 0 0 0 0 0 0 642700 642680 0 0 0 0 0 0 0 0 0 0 0 0 0 
0 639862 639782 639901 639764 639764 639957 639895 639903 639909 639728 639762 639864 0 639838 639708 639714 639694 639898 0 639957 639688 639706 640104 639948 639825 639674 639656 639654 639648 639656 639762 639962 640103 640069 639622 639640 639588 639786 639864 640146 639608 639600 639596 640074 640167 640162 0 0 640089 640109 639934 0 639536 639556 0 0 639748 640109 640108 640192 640187 640192 0 640094 639640 0 639916 640070 640160 640180 640179 640174 0 639478 0 0 0 0 0 640143 640095 639882 639910 639446 639482 639972 640028 0 0 0 0 0 640159 640087 639575 0 639454 0 640046 0 640140 639390 639402 639998 640060 0 640125 0 0 640124 0 0 639526 639503 639368 639352 639362 639384 639984 0 0 640107 0 640108 640092 639384 639344 
0 643826 643718 0 643703 643679 643936 643871 0 0 643661 643688 643781 0 643808 643655 643652 643586 643808 0 643923 643613 643616 644057 0 643779 0 643577 643538 643505 643505 643628 643880 644079 644048 643574 0 643511 643652 643745 0 643565 643517 0 644000 644092 644104 0 0 644067 644083 643853 0 643397 0 0 0 643583 0 644023 0 644145 0 0 644053 643611 0 0 643966 644092 644110 0 0 0 643406 0 0 0 0 0 644103 0 643767 643795 643394 643424 643819 0 0 0 0 0 0 644079 644015 643554 0 643382 0 0 0 0 643310 643316 643867 643978 0 0 0 0 644009 0 0 643505 643483 0 0 0 643289 643834 0 0 0 0 643977 0 643349 643301 
0 644632 644552 644674 644534 644534 644722 644674 644698 644698 644498 644532 644627 0 644602 644478 644484 644464 644637 0 644739 644458 644476 644783 644739 644626 644444 644426 644424 644418 644426 644525 644677 644799 644787 644392 644410 644358 644537 644591 644791 644378 644370 644366 644741 644795 644807 0 0 644799 644811 644751 0 644306 644326 0 0 644487 644737 644753 644813 644825 644813 0 644811 644410 0 644607 644715 644787 644801 644825 644825 0 644248 0 0 0 0 0 644835 644823 644712 644726 644216 644252 644617 644655 0 0 0 0 0 644813 644823 644338 0 644224 0 644642 0 644746 644160 644172 644594 644620 0 644770 0 0 644813 0 0 644290 644266 644138 644122 644132 644154 644604 0 0 644746 0 644806 644807 644154 644114 
644389 644375 644323 644435 644302 644326 644475 644441 644481 644475 644272 644313 644424 644552 644341 644238 644253 644279 644465 644485 644523 644240 644273 644583 644532 644415 644197 644212 644247 644268 644284 644373 644521 644601 644603 644147 644180 644142 644397 644460 644562 644128 644160 644182 644544 644557 644570 644602 644599 644620 644636 644552 644082 644152 644234 644251 644299 644390 644528 644543 644575 644595 644580 644644 644651 644144 644507 644499 644524 644517 644547 644604 644609 644515 644027 644484 644478 644619 644622 644659 644640 644668 644509 644535 643975 644017 644475 644469 644459 644489 644629 644646 644632 644616 644660 644087 643996 644003 644451 644406 644386 644492 643947 643965 644382 644359 644403 644543 644587 644606 644619 644592 644595 644042 644016 643888 643880 643921 643956 644411 644315 644459 644525 644584 644603 644605 643896 643864 
0 0 644608 0 644590 644590 644803 644769 0 0 644554 0 0 0 644668 644534 0 644520 644695 0 0 0 0 0 0 0 0 0 644480 644474 0 0 644735 644865 644878 644448 0 644414 0 644649 0 0 0 0 644717 0 644781 0 0 644884 0 644827 0 644362 0 0 0 644545 0 644727 0 0 0 0 644891 644466 0 0 644689 0 0 0 0 0 644304 0 0 0 0 0 644866 0 0 0 0 0 644591 0 0 0 0 0 0 0 644850 644415 0 0 0 0 0 0 0 644228 644535 0 0 0 0 0 0 0 0 644370 644344 0 0 0 0 0 0 0 0 0 0 0 0 0 
0 0 644522 0 644582 0 644470 644534 0 0 644606 0 0 0 644726 644758 0 644346 0 0 0 0 0 0 0 0 0 0 0 644158 0 0 0 0 0 644964 0 644806 0 643918 0 0 0 0 0 0 0 0 0 0 0 0 0 0 0 0 0 643782 0 0 0 0 0 0 0 645054 0 0 0 0 0 0 0 0 644830 0 0 0 0 0 0 0 0 0 0 0 643582 0 0 0 0 0 0 0 643862 645010 0 0 0 0 0 0 0 644682 643454 0 0 0 0 0 0 0 0 0 644868 0 0 0 0 0 0 0 0 0 0 0 0 0 
644809 644765 644797 644717 644767 644863 644781 644705 644697 644709 644755 644817 644955 644987 644689 644679 644721 644861 645015 644977 644757 644747 644823 645023 644739 644613 644617 644731 644829 644824 644832 644938 645049 644937 644885 644573 644651 644655 644962 645040 644970 644539 644691 644764 645054 644930 644954 644938 644944 644899 644903 644687 644487 644712 644732 644742 644814 644924 644988 645008 644894 644904 644884 644851 644873 644507 645094 645078 645046 644866 644878 644886 644876 644613 644525 644932 644944 644856 644850 644824 644862 644837 644601 644629 644413 644473 645037 645022 644910 644778 644786 644802 644780 644812 644821 644405 644371 644501 644926 644872 644768 644772 644469 644505 644917 644750 644734 644742 644726 644716 644742 644679 644685 644351 644331 644299 644315 644449 644516 644976 644694 644694 644706 644720 644710 644712 644283 644275 
0 644772 644804 0 644774 644870 644788 644712 0 0 644762 644824 644962 0 644696 644686 644728 644876 645024 0 644764 644754 644832 645005 644746 644620 644624 644738 644852 644864 644872 644978 645056 644942 644892 644580 644658 644662 645002 645068 644965 644546 644698 644780 645047 644925 644949 0 0 644904 644896 644694 0 644752 0 0 0 644964 644983 645003 0 644899 0 0 644866 644514 0 645104 645041 644861 644873 0 0 0 644532 0 0 0 0 0 644855 644819 644608 644636 644420 644480 645065 645026 0 0 0 0 0 644807 644803 644412 0 644508 0 644867 0 0 644476 644512 644915 644745 0 644737 0 0 644737 0 0 644358 644338 644306 644322 0 644530 644981 0 0 644701 0 644705 644707 644290 644282 
0 0 633912 0 633888 633936 634008 633960 0 0 633864 0 0 0 633888 633816 0 633912 634080 0 0 0 0 0 0 0 0 0 633888 633936 0 0 634128 634152 634128 633720 0 633744 0 634104 0 0 0 0 634201 0 634213 0 0 634152 0 634056 0 633816 0 0 0 634080 0 634213 0 0 0 0 634176 633696 0 0 634213 0 0 0 0 0 633624 0 0 0 0 0 634201 0 0 0 0 0 634213 0 0 0 0 0 0 0 634189 633624 0 0 0 0 0 0 0 633576 634225 0 0 0 0 0 0 0 0 633576 633552 0 0 0 0 0 0 0 0 0 0 0 0 0 
0 642479 642427 0 642406 642430 642563 642515 0 0 642376 0 642528 0 642443 642342 642357 642383 642569 0 0 0 642377 642732 0 0 0 642316 642351 642372 642388 642477 642625 642707 642683 642251 0 642246 642501 642564 0 642232 642264 0 642729 642815 642791 0 0 642707 642731 642611 0 642256 0 0 0 642494 0 642764 0 0 0 0 642731 642248 0 0 642745 642864 642851 0 0 0 642131 0 0 0 0 0 642779 0 642611 642635 642079 0 642696 0 0 0 0 0 0 642827 642755 642179 0 0 0 0 0 0 642051 642069 642801 642850 0 0 0 0 642827 0 0 642131 642107 0 0 0 0 642782 0 0 0 0 642827 0 642000 641968 
0 640433 640393 0 640384 640384 640475 640451 0 0 640366 0 640434 0 640415 640356 640359 640349 640451 0 0 0 640355 640554 0 0 0 640330 640329 640326 640330 640383 640483 640547 640535 640313 0 640296 640395 640434 0 640306 640302 0 640539 640601 640589 0 0 640547 640559 640499 0 640270 0 0 0 640376 0 640562 0 0 0 0 640559 640319 0 0 640543 640617 640617 0 0 0 640241 0 0 0 0 0 640583 0 640499 640511 640225 0 640494 0 0 0 0 0 0 640607 640571 640283 0 0 0 0 0 0 640197 640203 640556 640605 0 0 0 0 640607 0 0 640259 640247 0 0 0 0 640537 0 0 0 0 640607 0 640194 640174 
0 644621 644541 644688 644523 644523 644744 644682 644690 644696 644487 644521 644623 0 644601 644467 644473 644453 644657 0 644744 644447 644465 644815 644735 644612 644433 644415 644413 644407 644415 644521 644709 644855 644844 644381 644399 644347 644545 644623 644845 644367 644359 644355 644773 644868 644861 0 0 644852 644860 644721 0 644295 644315 0 0 644507 644810 644807 644904 644911 644914 0 644845 644399 0 644639 644769 644838 644874 644906 644901 0 644237 0 0 0 0 0 644870 644834 644678 644704 644205 644241 644671 644718 0 0 0 0 0 644888 644826 644357 0 644213 0 644688 0 644822 644149 644161 644640 644666 0 644819 0 0 644853 0 0 644313 644287 644127 644111 644121 644143 644650 0 0 644789 0 644837 644819 644143 644103 
0 643329 643289 643377 643280 643280 643393 643383 643381 643387 643262 643279 643330 0 643319 643252 643255 643245 643347 0 643411 643242 643251 643450 643402 643339 643235 643226 643225 643222 643226 643279 643379 643458 643461 643209 643218 643192 643291 643330 643455 643202 643198 643196 643435 643451 643463 0 0 643477 643491 643376 0 643166 643176 0 0 643272 643422 643436 643469 643488 643474 0 643476 643218 0 643356 643417 643435 643453 643497 643502 0 643137 0 0 0 0 0 643501 643465 643333 643347 643121 643139 643368 643375 0 0 0 0 0 643478 643457 643197 0 643125 0 643360 0 643434 643093 643099 643336 643349 0 643443 0 0 643443 0 0 643176 643162 643082 643074 643079 643090 643341 0 0 643425 0 643427 643428 643090 643070 
644421 644429 644361 644513 644355 644331 644521 644525 644569 644557 644331 644341 644383 644440 644433 644335 644329 644273 644391 644431 644581 644303 644297 644376 644599 644545 644325 644283 644245 644215 644211 644281 644378 644488 644542 644297 644291 644251 644293 644321 644334 644295 644251 644223 644298 644326 644350 644414 644408 644526 644510 644687 644275 644163 644111 644109 644169 644241 644268 644296 644362 644400 644372 644574 644540 644327 644252 644236 644258 644294 644330 644418 644428 644728 644201 644228 644216 644448 644454 644528 644490 644562 644722 644734 644205 644217 644160 644174 644202 644286 644470 644502 644476 644444 644578 644321 644247 644189 644186 644144 644152 644292 644149 644149 644096 644122 644186 644370 644434 644540 644514 644641 644644 644303 644287 644175 644159 644133 644131 644106 644082 644274 644358 644440 644545 644580 644191 644163 
0 0 644684 0 644711 0 644372 0 0 0 644765 0 0 0 644594 644795 0 644633 0 0 0 0 0 0 0 0 0 0 0 644492 0 0 0 0 0 644914 0 644965 0 644312 0 0 0 0 0 0 0 0 0 0 0 0 0 0 0 0 0 644210 0 0 0 0 0 0 0 0 0 0 0 0 0 0 0 0 645081 0 0 0 0 0 0 0 0 0 0 0 644060 0 0 0 0 0 0 0 643898 644902 0 0 0 0 0 0 0 0 0 0 0 0 0 0 0 0 0 0 644806 0 0 0 0 0 0 0 0 0 0 0 0 0 
644431 644397 644373 644385 644352 644376 644441 644379 644387 644393 644322 644363 644474 644602 644335 644288 644303 644329 644515 644535 644441 644290 644323 644672 644432 644309 644239 644262 644297 644302 644310 644416 644571 644592 644553 644193 644230 644192 644440 644510 644717 644164 644210 644232 644675 644733 644709 644665 644668 644573 644593 644418 644114 644190 644210 644220 644292 644402 644732 644710 644715 644684 644710 644549 644578 644148 644580 644570 644691 644722 644728 644675 644670 644381 644077 644733 644727 644660 644657 644608 644627 644579 644375 644401 644025 644067 644638 644706 644720 644678 644661 644633 644658 644674 644571 644061 644008 644053 644712 644691 644673 644675 643997 644015 644667 644664 644656 644660 644652 644626 644639 644481 644484 644010 643988 643924 643930 643971 644006 644672 644630 644636 644642 644649 644623 644588 643916 643900 
644407 644373 644371 644361 644350 644374 644417 644355 644363 644369 644320 644361 644472 644580 644311 644270 644301 644325 644513 644533 644417 644288 644321 644648 644408 644285 644215 644260 644285 644279 644287 644393 644569 644568 644529 644169 644228 644190 644417 644495 644693 644140 644208 644227 644673 644709 644685 644641 644644 644549 644569 644394 644090 644167 644187 644197 644269 644379 644730 644708 644691 644660 644686 644525 644554 644124 644563 644547 644689 644691 644697 644651 644646 644357 644075 644724 644718 644636 644633 644584 644603 644555 644351 644377 644005 644059 644615 644697 644711 644647 644637 644609 644634 644650 644547 644037 643984 644051 644703 644682 644642 644644 643995 644013 644658 644633 644625 644629 644621 644602 644615 644457 644460 643986 643964 643900 643908 643969 644004 644659 644605 644605 644611 644618 644599 644564 643892 643876 
644246 644232 644180 644292 644159 644183 644332 644298 644330 644332 644129 644170 644281 644409 644198 644095 644110 644117 644321 644342 644380 644097 644129 644485 644375 644252 644054 644069 644077 644071 644079 644185 644378 644469 644460 644004 644037 643999 644209 644287 644536 643985 644017 644019 644482 644534 644544 644540 644537 644488 644516 644359 643939 643959 643979 643989 644061 644171 644505 644517 644552 644569 644557 644492 644521 644001 644355 644339 644498 644518 644536 644578 644583 644285 643884 644485 644479 644593 644596 644551 644570 644522 644273 644301 643832 643874 644407 644447 644472 644514 644570 644576 644567 644583 644514 643944 643853 643860 644464 644443 644447 644517 643804 643822 644417 644432 644464 644548 644540 644525 644548 644365 644371 643899 643873 643745 643737 643778 643807 644403 644412 644508 644530 644537 644519 644507 643753 643721 
644027 644013 643961 644073 643940 643964 644113 644079 644115 644113 643910 643951 644062 644190 643979 643876 643891 643917 644103 644123 644161 643878 643911 644266 644160 644037 643835 643850 643885 643906 643922 644011 644159 644250 644241 643785 643818 643780 644035 644098 644315 643766 643798 643820 644263 644323 644323 644321 644318 644269 644297 644138 643720 643790 643872 643889 643937 644028 644294 644296 644341 644348 644346 644277 644306 643782 644168 644160 644277 644331 644337 644357 644362 644064 643665 644298 644292 644372 644375 644336 644355 644307 644052 644080 643613 643655 644228 644259 644297 644351 644363 644359 644360 644376 644299 643725 643634 643641 644289 644292 644320 644354 643585 643603 644268 644317 644337 644377 644357 644312 644338 644144 644150 643680 643654 643526 643518 643559 643594 644249 644321 644369 644371 644354 644306 644284 643534 643502 
644554 644550 644470 644646 644452 644452 644678 644658 644708 644702 644416 644450 644552 644712 644530 644396 644402 644382 644586 644626 644750 644376 644394 644762 644756 644636 644362 644344 644342 644336 644344 644450 644650 644808 644814 644310 644328 644276 644474 644552 644768 644296 644288 644284 644708 644762 644784 644824 644818 644846 644872 644780 644252 644224 644244 644254 644326 644436 644704 644730 644798 644834 644808 644876 644894 644328 644614 644598 644692 644730 644766 644852 644862 644780 644166 644664 644652 644882 644888 644894 644894 644894 644780 644804 644134 644170 644594 644610 644638 644722 644872 644894 644872 644872 644894 644286 644176 644142 644622 644580 644588 644728 644078 644090 644532 644558 644622 644800 644824 644872 644872 644894 644894 644244 644216 644056 644040 644050 644072 644542 644518 644710 644776 644824 644872 644894 644072 644032 
0 0 641483 0 641462 641486 641635 641601 0 0 641432 0 0 0 641501 641398 0 641425 641608 0 0 0 0 0 0 0 0 0 641385 641379 0 0 641640 641719 641722 641307 0 641302 0 641566 0 0 0 0 641683 0 641721 0 0 641738 0 641683 0 641267 0 0 0 641462 0 641694 0 0 0 0 641769 641304 0 0 641675 0 0 0 0 0 641187 0 0 0 0 0 641779 0 0 0 0 0 641589 0 0 0 0 0 0 0 641763 641247 0 0 0 0 0 0 0 641125 641666 0 0 0 0 0 0 0 0 641202 641176 0 0 0 0 0 0 0 0 0 0 0 0 0 
0 644740 644660 0 644642 644642 644868 644848 0 0 644606 644640 644742 0 644720 644586 644592 644572 644776 0 644940 644566 644584 644970 644958 644844 644552 644534 644532 644526 644534 644640 644840 644998 645004 644500 644518 644466 644664 644742 644954 644486 644478 644474 644916 644946 644970 0 0 645036 645068 645000 0 644414 0 0 0 644626 644888 644916 0 645020 0 0 645098 644518 0 644794 644878 644914 644950 0 0 0 644356 0 0 0 0 0 645108 645144 644914 644942 644324 644360 644780 644794 0 0 0 0 0 645064 645144 644476 0 644332 0 644764 0 0 644268 644280 644716 644742 0 644990 0 0 645096 0 0 644434 644406 644246 644230 0 644262 644726 0 0 644978 0 645064 645066 644262 644222 
0 644522 644458 0 644425 644460 644652 644600 0 0 644383 0 0 0 644464 644325 0 644358 644544 0 0 0 0 0 0 0 0 644292 644298 644289 0 0 644538 644602 644630 644186 0 644188 0 644445 0 644155 0 0 644445 0 644449 0 0 644621 0 644729 0 644121 0 0 0 644319 0 644422 0 0 0 0 644616 644171 0 0 644393 0 0 0 0 0 644018 0 0 0 0 0 644543 0 644772 0 643930 0 644252 0 0 0 0 0 0 0 644611 644078 0 0 0 0 0 0 0 643918 644156 0 0 0 0 0 0 0 0 644009 643971 0 0 0 0 0 0 0 0 0 0 0 0 0 
0 643781 643701 0 643683 643683 643909 643889 0 0 643647 0 643773 0 643761 643627 643633 643613 643767 0 0 0 643625 643853 0 0 0 643575 643573 643567 643575 643671 643783 643917 643947 643541 0 643507 643679 643709 0 643527 643519 0 643799 643875 643875 0 0 643955 643963 644073 0 643455 0 0 0 643617 0 643821 0 0 0 0 643993 643559 0 0 643783 643891 643903 0 0 0 643397 0 0 0 0 0 643991 0 644151 644151 643365 0 643685 0 0 0 0 0 0 643993 644055 643517 0 0 0 0 0 0 643309 643321 643765 643863 0 0 0 0 644063 0 0 643475 643447 0 0 0 0 643727 0 0 0 0 644095 0 643303 643263 
0 0 643642 0 643747 643411 643198 643268 0 0 643789 0 0 0 643716 644035 0 643334 642872 0 0 0 0 0 0 0 0 0 643362 643005 0 0 642760 642743 642722 644386 0 644139 0 642585 0 0 0 0 642480 0 642540 0 0 642610 0 642533 0 643453 0 0 0 642347 0 642473 0 0 0 0 642393 644423 0 0 642340 0 0 0 0 0 644594 0 0 0 0 0 642232 0 0 0 644962 0 641997 0 0 0 0 0 0 0 642092 644570 0 0 0 0 0 0 0 644664 641773 0 0 0 0 0 0 0 0 644717 644815 0 0 0 0 0 0 0 0 0 0 0 0 0 
0 643291 643297 0 643339 643219 643127 643171 0 0 643363 0 643079 0 643335 643463 643409 643209 642993 0 0 0 643281 642899 0 0 0 643411 643229 643103 643051 642977 642937 642925 642931 643617 0 643523 642941 642899 0 643655 643475 0 642809 642787 642823 0 0 642887 642843 642913 0 643291 0 0 0 642842 0 642795 0 0 0 0 642813 643633 0 0 642757 642699 642723 0 0 0 643703 0 0 0 0 0 642743 0 642827 642795 643731 643743 642659 0 0 0 0 0 0 642669 642715 643701 0 643715 0 0 0 0 643675 643675 642523 642503 0 0 0 0 642599 0 0 643695 643687 0 0 0 0 642557 0 0 0 0 642567 0 643687 643681 
0 0 0 0 0 0 0 0 0 0 0 0 0 0 0 0 0 0 0 0 0 0 0 0 0 0 0 0 0 0 0 0 0 0 0 0 0 0 0 0 0 0 0 0 0 0 0 0 0 0 0 0 0 0 0 0 0 0 0 0 0 0 0 0 0 0 0 0 0 0 0 0 0 0 0 0 0 0 0 0 0 0 0 0 0 0 642297 0 0 0 0 0 0 0 0 0 0 0 0 0 0 0 0 0 0 0 0 0 0 0 0 0 0 0 0 0 0 0 0 0 0 0 0 0 0 0 0 0 
0 642571 642535 0 642499 642571 642679 642607 0 0 642463 642535 642715 0 642499 642391 642427 642535 642787 0 642715 642427 642499 642967 642715 642535 642319 642391 642499 642532 642544 642697 642859 642895 642859 642247 642319 642283 642733 642820 643039 642211 642319 642391 643003 643069 643039 0 0 642895 642931 642751 0 642364 0 0 0 642682 643069 643039 0 643039 0 0 642931 642211 0 642918 643039 643059 643071 0 0 0 642103 0 0 0 0 0 643003 642967 642751 642787 641995 642067 643024 643071 0 0 0 0 0 643069 642967 642103 0 642067 0 642968 0 0 641995 642031 642968 642860 0 643035 0 0 643069 0 0 642031 641995 641851 641851 0 642031 643035 0 0 643004 0 643069 643039 641851 641815 
644309 644275 644265 644263 644244 644268 644319 644257 644265 644271 644214 644255 644366 644482 644213 644172 644195 644221 644407 644427 644319 644182 644215 644550 644310 644187 644117 644154 644189 644210 644226 644315 644463 644470 644431 644071 644122 644084 644339 644402 644595 644042 644102 644124 644567 644611 644587 644543 644546 644451 644471 644296 643992 644094 644176 644193 644241 644332 644624 644602 644593 644562 644588 644427 644456 644026 644472 644464 644583 644651 644621 644553 644548 644259 643969 644676 644670 644538 644535 644486 644505 644457 644253 644279 643907 643959 644534 644613 644685 644629 644539 644511 644536 644552 644449 643939 643886 643945 644677 644656 644624 644626 643889 643907 644632 644615 644607 644611 644581 644504 644517 644348 644354 643888 643866 643802 643810 643863 643898 644637 644587 644587 644593 644578 644501 644466 643794 643778 
644516 644512 644432 644550 644414 644414 644606 644544 644552 644558 644378 644412 644514 644674 644492 644358 644364 644344 644548 644588 644606 644338 644356 644754 644597 644474 644324 644306 644304 644298 644306 644412 644612 644757 644718 644272 644290 644238 644436 644514 644808 644258 644250 644246 644724 644848 644824 644830 644831 644738 644758 644583 644214 644186 644206 644216 644288 644398 644790 644770 644880 644849 644875 644714 644743 644290 644582 644566 644732 644912 644900 644840 644835 644546 644128 644846 644834 644825 644822 644773 644792 644744 644540 644566 644096 644132 644634 644744 644868 644960 644826 644798 644823 644839 644736 644226 644138 644104 644852 644866 644898 644957 644040 644052 644818 644880 644932 644912 644868 644791 644804 644646 644649 644175 644153 644018 644002 644012 644034 644772 644846 644920 644924 644865 644788 644753 644034 643994 
644293 644289 644209 644385 644191 644191 644417 644397 644445 644441 644155 644189 644291 644451 644269 644135 644141 644121 644325 644365 644489 644115 644133 644531 644493 644373 644101 644083 644081 644075 644083 644189 644389 644547 644553 644049 644067 644015 644213 644291 644584 644035 644027 644023 644501 644612 644600 644617 644611 644585 644617 644496 643991 643963 643983 643993 644065 644175 644554 644546 644648 644650 644658 644613 644637 644067 644359 644343 644508 644616 644640 644668 644678 644459 643905 644550 644538 644698 644704 644685 644685 644657 644453 644479 643873 643909 644410 644484 644536 644632 644720 644708 644720 644720 644649 644025 643915 643881 644520 644502 644534 644638 643817 643829 644454 644516 644568 644696 644708 644691 644704 644559 644562 643983 643955 643795 643779 643789 643811 644440 644500 644644 644684 644705 644688 644665 643811 643771 
642656 642664 642596 642748 642590 642566 642756 642760 642804 642792 642566 642576 642618 642730 642668 642570 642564 642508 642628 642668 642816 642538 642532 642774 642834 642780 642560 642518 642480 642450 642446 642516 642668 642814 642832 642532 642526 642486 642528 642582 642804 642530 642486 642458 642732 642816 642820 642848 642842 642852 642872 642850 642510 642398 642346 642344 642404 642478 642758 642766 642852 642870 642862 642900 642902 642562 642614 642598 642728 642808 642832 642888 642898 642813 642436 642742 642730 642918 642924 642942 642924 642930 642807 642821 642440 642452 642630 642676 642728 642824 642950 642954 642950 642934 642930 642556 642482 642424 642712 642694 642726 642830 642384 642384 642646 642708 642760 642896 642926 642934 642947 642853 642856 642538 642522 642410 642394 642368 642366 642632 642692 642836 642896 642926 642931 642924 642426 642398 
644216 644202 644150 644262 644129 644153 644302 644268 644308 644302 644099 644140 644251 644379 644168 644065 644080 644099 644292 644312 644350 644067 644100 644455 644359 644242 644024 644039 644059 644053 644061 644167 644348 644439 644430 643974 644007 643969 644191 644269 644506 643955 643987 644001 644452 644522 644514 644510 644507 644458 644486 644358 643909 643941 643961 643971 644043 644153 644493 644487 644540 644539 644545 644482 644501 643971 644337 644321 644468 644507 644525 644548 644553 644284 643854 644474 644468 644563 644566 644551 644548 644522 644272 644300 643802 643844 644389 644447 644461 644503 644588 644576 644585 644581 644514 643914 643823 643830 644453 644432 644436 644506 643774 643792 644408 644421 644453 644545 644559 644542 644566 644364 644370 643869 643843 643715 643707 643748 643783 644404 644401 644497 644539 644556 644536 644506 643723 643691 
0 643849 643797 0 643776 643800 643949 643915 0 0 643746 0 643898 0 643815 643712 643727 643753 643939 0 0 0 643747 644102 0 0 0 643686 643721 643742 643758 643847 643995 644086 644077 643621 0 643616 643871 643934 0 643602 643634 0 644099 644163 644161 0 0 644105 644133 643982 0 643626 0 0 0 643864 0 644134 0 0 0 0 644142 643618 0 0 644115 644147 644165 0 0 0 643501 0 0 0 0 0 644191 0 643939 643965 643449 0 644066 0 0 0 0 0 0 644216 644135 643561 0 0 0 0 0 0 643421 643439 644048 644061 0 0 0 0 644181 0 0 643516 643490 0 0 0 0 644053 0 0 0 0 644165 0 643370 643338 
0 0 643626 0 643593 0 643826 0 0 0 643551 0 0 0 643632 643493 0 643582 0 0 0 0 0 0 0 0 0 0 0 643583 0 0 0 0 0 643354 0 643361 0 643859 0 0 0 0 0 0 0 0 0 0 0 0 0 0 0 0 0 643777 0 0 0 0 0 0 0 0 0 0 0 0 0 0 0 0 643186 0 0 0 0 0 0 0 0 0 0 0 643959 0 0 0 0 0 0 0 644150 643246 0 0 0 0 0 0 0 0 0 0 0 0 0 0 0 0 0 0 643139 0 0 0 0 0 0 0 0 0 0 0 0 0 
0 0 644310 0 644370 0 0 0 0 0 0 0 0 0 644488 644520 0 0 0 0 0 0 0 0 0 0 0 0 0 0 0 0 0 0 0 0 0 644496 0 0 0 0 0 0 0 0 0 0 0 0 0 0 0 0 0 0 0 643570 0 0 0 0 0 0 0 0 0 0 0 0 0 0 0 0 0 0 0 0 0 0 0 0 0 0 0 0 643370 0 0 0 0 0 0 0 0 644738 0 0 0 0 0 0 0 0 0 0 0 0 0 0 0 0 0 0 0 0 0 0 0 0 0 0 0 0 0 0 0 0 
644565 644609 644577 644581 644607 644511 644541 644572 644516 644528 644619 644557 644419 644387 644671 644695 644653 644489 644357 644397 644480 644627 644549 644323 644462 644576 644757 644643 644497 644395 644355 644317 644325 644404 644413 644801 644723 644719 644293 644275 644281 644835 644683 644583 644245 644273 644297 644333 644336 644384 644352 644362 644886 644523 644255 644217 644241 644207 644215 644243 644287 644304 644282 644336 644322 644858 644199 644183 644205 644233 644263 644295 644290 644288 644836 644175 644163 644270 644264 644238 644276 644252 644276 644256 644912 644876 644107 644121 644149 644181 644200 644216 644194 644226 644236 644916 644949 644848 644133 644091 644099 644178 644856 644832 644043 644069 644119 644156 644140 644130 644156 644128 644134 644937 644951 644906 644890 644864 644814 644053 644029 644108 644120 644134 644124 644126 644921 644894 
0 642988 643042 0 643084 642964 642824 642868 0 0 643108 0 642824 0 643032 643192 643154 642954 642738 0 0 0 643026 642614 0 0 0 643156 642974 642848 642796 642722 642682 642622 642628 643336 0 643268 642686 642644 0 643362 643220 0 642554 642484 642520 0 0 642584 642540 642610 0 643036 0 0 0 642588 0 642540 0 0 0 0 642510 643330 0 0 642502 642396 642420 0 0 0 643456 0 0 0 0 0 642440 0 642524 642492 643466 643490 642404 0 0 0 0 0 0 642366 642412 643406 0 643468 0 0 0 0 643428 643428 642268 642208 0 0 0 0 642296 0 0 643400 643392 0 0 0 0 642302 0 0 0 0 642264 0 643392 643396 
644381 644347 644351 644335 644324 644378 644391 644329 644337 644343 644306 644361 644476 644554 644285 644244 644277 644331 644517 644525 644391 644290 644325 644622 644382 644259 644189 644264 644299 644308 644316 644422 644573 644542 644503 644143 644206 644194 644446 644512 644667 644114 644212 644234 644673 644683 644659 644615 644618 644523 644543 644368 644064 644196 644216 644226 644298 644408 644712 644686 644665 644634 644660 644499 644528 644098 644582 644574 644693 644717 644693 644625 644620 644331 644071 644750 644756 644610 644607 644558 644577 644529 644325 644351 643979 644033 644644 644723 644749 644683 644611 644583 644608 644624 644521 644011 643958 644047 644757 644730 644678 644680 643999 644017 644724 644669 644661 644665 644647 644576 644589 644431 644434 643960 643938 643874 643882 643973 644008 644729 644641 644641 644647 644644 644573 644538 643866 643850 
0 644295 644285 0 644261 644267 644339 644277 0 0 644231 644265 644367 0 644233 644189 644213 644197 644401 0 644339 644191 644209 644570 644330 644207 644137 644159 644157 644151 644159 644265 644465 644490 644451 644091 644141 644091 644289 644367 644615 644062 644103 644099 644577 644631 644607 0 0 644471 644491 644316 0 644039 0 0 0 644251 644643 644621 0 644582 0 0 644476 644046 0 644419 644585 644671 644641 0 0 0 643981 0 0 0 0 0 644525 644477 644273 644299 643925 643973 644487 644597 0 0 0 0 0 644572 644469 643959 0 643957 0 644684 0 0 643893 643905 644636 644646 0 644642 0 0 644537 0 0 643908 643886 643822 643829 0 643887 644622 0 0 644624 0 644521 644486 643814 643798 
644571 644537 644493 644525 644475 644475 644581 644519 644527 644533 644439 644473 644575 644735 644475 644419 644425 644405 644609 644649 644581 644399 644417 644812 644572 644449 644379 644367 644365 644359 644367 644473 644673 644732 644693 644331 644351 644299 644497 644575 644857 644304 644311 644307 644785 644873 644849 644805 644808 644713 644733 644548 644254 644247 644267 644277 644349 644459 644851 644831 644855 644824 644850 644689 644718 644288 644643 644627 644793 644913 644883 644815 644810 644474 644189 644907 644895 644800 644797 644748 644767 644719 644462 644490 644157 644193 644695 644805 644929 644941 644801 644773 644798 644814 644710 644201 644148 644165 644913 644956 645009 644938 644101 644113 644908 645012 644992 644887 644843 644748 644774 644554 644560 644150 644128 644064 644063 644073 644095 644833 644967 644948 644905 644840 644742 644696 644056 644040 
0 644308 644188 644378 644161 644161 644458 644372 644392 644398 644107 644158 644311 0 644278 644077 644086 644056 644362 0 644470 644047 644074 644671 644461 644278 644026 643999 643996 643987 643999 644158 644458 644681 644630 643948 643975 643897 644194 644311 644752 643927 643915 643909 644626 644812 644776 0 0 644662 644694 644459 0 643819 643849 0 0 644137 644725 644695 0 644821 0 0 644679 643975 0 644389 644638 644908 644890 0 0 0 643732 0 0 0 0 0 644752 644692 644402 644444 643684 643738 644491 644656 0 0 0 0 0 644823 644684 643886 0 643696 0 644879 0 644995 643600 643618 644807 644902 0 644932 0 0 644788 0 0 643811 643777 643567 643543 0 643591 644698 0 0 644962 0 644772 644725 643591 643531 
0 643377 643509 0 643548 643490 643149 643203 0 0 643614 0 643300 0 643431 643668 643647 643469 643187 0 0 0 0 0 0 0 0 643736 643493 643298 0 0 643109 642882 642885 643845 0 643880 0 643052 0 643878 643828 0 642915 0 642753 0 0 642825 642765 642840 0 643554 0 0 0 642922 0 642834 0 0 0 0 642720 643830 0 0 642869 0 0 0 0 0 644109 0 0 0 0 0 642627 0 642711 0 644147 0 642722 0 0 0 0 0 0 0 642579 643929 0 0 0 0 0 0 644217 644185 642560 642339 0 0 0 0 0 0 0 643994 644024 0 0 0 0 0 0 0 0 0 0 0 644002 0 
0 0 644235 0 644289 0 643779 643829 0 0 644361 0 0 0 644149 644446 0 644215 0 0 0 0 0 0 0 0 0 0 0 643980 0 0 0 0 0 644603 0 644625 0 643680 0 0 0 0 0 0 0 0 0 0 0 0 0 0 0 0 0 643510 0 0 0 0 0 0 0 644550 0 0 0 0 0 0 0 0 644795 0 0 0 0 0 0 0 0 0 0 0 643260 0 0 0 0 0 0 0 642989 644583 0 0 0 0 0 0 0 644873 643075 0 0 0 0 0 0 0 0 0 644626 0 0 0 0 0 0 0 0 0 0 0 0 0 
0 0 641449 0 641425 0 641545 641497 0 0 641401 0 0 0 641425 641353 0 641427 0 0 0 0 0 0 0 0 0 0 0 641416 0 0 0 0 0 641257 0 641281 0 641602 0 0 0 0 0 0 0 0 0 0 0 0 0 0 0 0 0 641538 0 0 0 0 0 0 0 641233 0 0 0 0 0 0 0 0 641161 0 0 0 0 0 0 0 0 0 0 0 641662 0 0 0 0 0 0 0 641683 641161 0 0 0 0 0 0 0 641113 641774 0 0 0 0 0 0 0 0 0 641089 0 0 0 0 0 0 0 0 0 0 0 0 0 
0 642215 642067 0 642022 642022 642357 642195 0 0 641932 0 642272 0 642091 641878 641897 641847 642357 0 0 0 0 0 0 0 0 641752 641747 641732 0 0 642517 642738 642633 641653 0 641582 0 642272 0 641604 641612 0 642797 0 642995 0 0 642681 642729 642264 0 641452 0 0 0 641982 0 642912 0 0 0 0 642684 641616 0 0 642817 0 0 0 0 0 641307 0 0 0 0 0 642807 0 642135 0 641221 0 642572 0 0 0 0 0 0 0 642651 641409 0 0 0 0 0 0 641087 641117 643101 643459 0 0 0 0 0 0 0 641280 641226 0 0 0 0 0 0 0 0 0 0 0 641016 0 
644600 644596 644516 644595 644498 644498 644651 644589 644597 644603 644462 644496 644598 644758 644545 644442 644448 644428 644632 644672 644651 644422 644440 644838 644642 644519 644408 644390 644388 644382 644390 644496 644696 644802 644763 644356 644374 644322 644520 644598 644892 644342 644334 644330 644808 644932 644908 644875 644878 644783 644803 644605 644298 644270 644290 644300 644372 644482 644874 644854 644925 644894 644920 644759 644788 644358 644666 644650 644816 644983 644953 644885 644880 644531 644212 644930 644918 644870 644867 644817 644837 644783 644519 644547 644180 644216 644718 644828 644952 645000 644871 644843 644868 644884 644767 644271 644216 644188 644936 644967 645037 644997 644124 644136 644919 645014 645040 644957 644911 644805 644831 644611 644617 644220 644198 644102 644086 644096 644118 644856 644974 645006 644964 644905 644799 644753 644118 644078 
0 644283 644203 0 644185 644185 644404 644370 0 0 644149 644183 644285 0 644263 644129 644135 644115 644319 0 644452 644109 644127 644525 644451 644328 644095 644077 644075 644069 644077 644183 644383 644541 644532 644043 644061 644009 644207 644285 644579 644029 644021 644017 644495 644619 644595 0 0 644560 644588 644437 0 643957 0 0 0 644169 644561 644541 0 644641 0 0 644597 644061 0 644337 644503 644683 644671 0 0 0 643899 0 0 0 0 0 644646 644598 644394 644420 643867 643903 644405 644515 0 0 0 0 0 644693 644590 644016 0 643875 0 644596 0 0 643811 643823 644548 644610 0 644755 0 0 644658 0 0 643971 643945 643789 643773 0 643805 644532 0 0 644739 0 644642 644607 643805 643765 
644560 644556 644476 644652 644458 644458 644684 644664 644720 644708 644422 644456 644558 644718 644536 644402 644408 644388 644592 644632 644756 644382 644400 644798 644774 644658 644368 644350 644348 644342 644350 644456 644656 644814 644820 644316 644334 644282 644480 644558 644852 644302 644294 644290 644768 644892 644868 644884 644878 644852 644884 644811 644258 644230 644250 644260 644332 644442 644834 644814 644928 644918 644938 644898 644914 644334 644626 644610 644776 644938 644944 644936 644946 644737 644172 644872 644860 644966 644972 644983 644960 644964 644725 644753 644140 644176 644678 644788 644858 644954 645026 645006 645029 645010 644969 644292 644182 644148 644842 644824 644856 644960 644084 644096 644776 644833 644890 645026 645062 645011 645037 644817 644823 644250 644222 644062 644046 644056 644078 644762 644793 644966 645024 645065 645005 644959 644078 644038 
644594 644590 644510 644686 644492 644492 644718 644698 644754 644742 644456 644490 644592 644752 644570 644436 644442 644422 644626 644666 644790 644416 644434 644832 644808 644694 644402 644384 644382 644376 644384 644490 644690 644848 644854 644350 644368 644316 644514 644592 644873 644336 644328 644324 644801 644887 644889 644917 644911 644886 644918 644906 644292 644264 644284 644294 644366 644476 644829 644835 644923 644939 644933 644934 644948 644368 644660 644644 644797 644867 644903 644957 644967 644879 644206 644801 644789 644987 644993 645031 644993 645018 644873 644899 644174 644210 644699 644747 644775 644859 645031 645041 645037 645005 645034 644326 644216 644182 644759 644717 644725 644865 644118 644130 644669 644695 644759 644943 645007 645085 645075 644968 644974 644284 644256 644096 644080 644090 644112 644679 644655 644847 644931 645013 645082 645073 644112 644072 
0 642269 642217 0 642196 642220 642369 642335 0 0 642166 0 642318 0 642235 642132 642147 642173 642359 0 0 0 642167 642522 0 0 0 642106 642141 642162 642178 642267 642415 642506 642497 642041 0 642036 642291 642354 0 642022 642054 0 642519 642591 642581 0 0 642525 642553 642486 0 642046 0 0 0 642284 0 642554 0 0 0 0 642568 642038 0 0 642535 642580 642598 0 0 0 641921 0 0 0 0 0 642615 0 642443 642469 641869 0 642486 0 0 0 0 0 0 642650 642623 641981 0 0 0 0 0 0 641841 641859 642481 642494 0 0 0 0 642685 0 0 641936 641910 0 0 0 0 642486 0 0 0 0 642677 0 641790 641758 
644561 644557 644477 644653 644459 644459 644685 644665 644721 644709 644423 644457 644559 644719 644537 644403 644409 644389 644593 644633 644757 644383 644401 644733 644775 644661 644369 644351 644349 644343 644351 644457 644657 644797 644821 644317 644335 644283 644481 644559 644739 644303 644295 644291 644679 644731 644755 644795 644789 644835 644843 644875 644259 644231 644251 644261 644333 644443 644673 644701 644767 644805 644777 644883 644873 644335 644585 644569 644663 644699 644735 644823 644833 644949 644173 644633 644621 644853 644859 644909 644871 644919 644961 644981 644141 644177 644565 644579 644607 644691 644875 644907 644881 644849 644935 644293 644183 644149 644591 644549 644557 644697 644085 644097 644501 644527 644591 644775 644839 644945 644919 645067 645061 644251 644223 644063 644047 644057 644079 644511 644487 644679 644763 644845 644951 644997 644079 644039 
644561 644557 644477 644653 644459 644459 644685 644665 644721 644709 644423 644457 644559 644719 644537 644403 644409 644389 644593 644633 644757 644383 644401 644727 644775 644661 644369 644351 644349 644343 644351 644457 644657 644791 644821 644317 644335 644283 644481 644559 644733 644303 644295 644291 644673 644749 644749 644789 644783 644829 644837 644875 644259 644231 644251 644261 644333 644443 644691 644695 644785 644799 644795 644877 644867 644335 644579 644563 644657 644741 644777 644817 644827 644949 644173 644675 644663 644847 644853 644903 644865 644913 644961 644981 644141 644177 644559 644621 644649 644733 644893 644901 644899 644867 644929 644293 644183 644149 644633 644591 644599 644739 644085 644097 644543 644569 644633 644817 644881 644963 644937 645061 645055 644251 644223 644063 644047 644057 644079 644553 644529 644721 644805 644887 644969 644991 644079 644039 
0 0 644442 0 644487 644343 644426 644465 0 0 644505 0 0 0 644590 644619 0 644310 0 0 0 0 0 0 0 0 0 0 644322 644169 0 0 0 0 0 644756 0 644645 0 643989 0 0 0 0 0 0 0 0 0 644183 0 644150 0 644361 0 0 0 643887 0 0 0 0 0 0 0 644834 0 0 0 0 0 0 0 0 644780 0 0 0 0 0 0 0 0 0 0 0 643737 0 0 0 0 0 0 0 643961 644932 0 0 0 0 0 0 0 644742 643641 0 0 0 0 0 0 0 0 644936 644912 0 0 0 0 0 0 0 0 0 0 0 0 0 
0 0 644473 0 644517 0 644371 0 0 0 644536 0 0 0 644585 644641 0 644341 0 0 0 0 0 0 0 0 0 0 0 644200 0 0 0 0 0 644795 0 644686 0 644020 0 0 0 0 0 0 0 0 0 0 0 0 0 0 0 0 0 643918 0 0 0 0 0 0 0 0 0 0 0 0 0 0 0 0 644872 0 0 0 0 0 0 0 0 0 0 0 643768 0 0 0 0 0 0 0 643897 644950 0 0 0 0 0 0 0 0 0 0 0 0 0 0 0 0 0 0 645019 0 0 0 0 0 0 0 0 0 0 0 0 0 
0 642702 642716 0 642746 642639 642565 642595 0 0 642758 642696 642501 0 642745 642834 642792 642603 642408 0 642447 642766 642681 642317 642411 642576 642889 642782 642603 642465 642405 642348 642359 642357 642367 642938 642862 642858 642312 642285 642242 642958 642822 642696 642231 642198 642234 0 0 642315 642263 642223 0 642606 0 0 0 642183 642177 642217 0 642209 0 0 642203 642942 0 642147 642179 642118 642148 0 0 0 642988 0 0 0 0 0 642135 642075 642051 642023 643100 643040 642033 642054 0 0 0 0 0 642059 642043 642999 0 643012 0 641993 0 0 643044 643005 641937 641916 0 641955 0 0 641919 0 0 643044 643070 643161 643161 0 642978 641952 0 0 641895 0 641855 641847 643153 643137 
0 642482 642518 0 642563 642419 642286 642340 0 0 642581 642488 642245 0 642526 642688 642632 642386 642128 0 642166 642593 642476 641988 642139 642346 642754 642617 642398 642245 642185 642092 642056 642019 642022 642830 642737 642731 642044 641993 641886 642856 642677 642527 641888 641822 641870 0 0 641962 641902 641977 0 642437 0 0 0 641903 641819 641873 0 641815 0 0 641857 642824 0 641819 641816 641710 641746 0 0 0 642926 0 0 0 0 0 641764 641740 641848 641806 643084 643002 641669 641666 0 0 0 0 0 641665 641716 642898 0 642962 0 641573 0 0 643010 642956 641501 641450 0 641524 0 0 641560 0 0 642961 643003 643190 643202 0 642929 641540 0 0 641458 0 641512 641527 643174 643168 
0 644405 644525 644261 644552 644542 644213 644243 644159 644177 644606 644555 644396 0 644435 644636 644627 644553 644331 0 644105 644666 644619 644042 644078 644249 644687 644714 644565 644412 644352 644295 644251 644018 644009 644765 644738 644816 644259 644232 643961 644786 644792 644694 644087 643901 643937 0 0 643961 643913 643928 0 644604 644202 0 0 644130 643988 644018 643847 643862 643832 0 643868 644738 0 644094 644071 643805 643823 643835 643820 0 644981 0 0 0 0 0 643799 643763 643799 643769 645029 644975 643980 644001 0 0 0 0 0 643724 643739 644801 0 645017 0 643814 0 643664 645113 645083 643864 643631 0 643619 0 0 643619 0 0 644864 644906 644928 644952 645147 645090 643899 0 0 643565 0 643571 643574 644904 644892 
0 644454 644574 0 644601 644601 644262 644292 0 0 644655 644604 644451 0 644484 644685 644676 644628 644394 0 644154 644715 644682 644091 0 644298 0 644763 644640 644487 644427 644370 644304 644067 644058 644814 0 644865 644334 644307 0 644835 644847 0 644136 643950 643986 0 0 644010 643962 643977 0 644679 0 0 0 644205 0 644067 0 643911 0 0 643917 644787 0 0 644124 643854 643872 0 0 0 645030 0 0 0 0 0 643848 0 643848 643818 645024 645024 644055 0 0 0 0 0 0 643773 643788 644850 0 645066 0 0 0 0 645108 645142 643927 643680 0 0 0 0 643668 0 0 644911 644901 0 0 0 645153 643974 0 0 0 0 643620 0 644829 644817 
0 641739 641715 0 641691 641739 641811 641763 0 0 641667 0 641835 0 641691 641619 641643 641715 641883 0 0 0 641691 642003 0 0 0 641619 641691 641739 641762 641835 641931 641955 641931 641523 0 641547 641859 641907 0 641499 641571 0 642025 642049 642037 0 0 641955 641979 641859 0 641619 0 0 0 641868 0 642037 0 0 0 0 641979 641499 0 0 642037 642073 642061 0 0 0 641427 0 0 0 0 0 642025 0 641859 641883 641355 0 642037 0 0 0 0 0 0 642049 642003 641427 0 0 0 0 0 0 641355 641379 642078 642078 0 0 0 0 642049 0 0 641379 641355 0 0 0 0 642078 0 0 0 0 642049 0 641259 641235 
644360 644326 644289 644314 644271 644271 644370 644308 644316 644322 644235 644269 644371 644531 644264 644215 644221 644201 644405 644445 644370 644195 644213 644601 644361 644238 644168 644163 644161 644155 644163 644269 644469 644521 644482 644122 644147 644095 644293 644371 644646 644093 644107 644103 644581 644662 644638 644594 644597 644502 644522 644347 644043 644043 644063 644073 644145 644255 644647 644627 644644 644613 644639 644478 644507 644077 644439 644423 644589 644702 644672 644604 644599 644310 643985 644703 644691 644589 644586 644537 644556 644508 644304 644330 643953 643989 644491 644601 644725 644730 644590 644562 644587 644603 644500 643990 643937 643961 644709 644763 644833 644727 643897 643909 644715 644860 644816 644676 644632 644555 644568 644410 644413 643939 643917 643853 643859 643869 643891 644629 644886 644760 644694 644629 644552 644517 643845 643829 
644524 644520 644440 644616 644422 644422 644648 644627 644667 644661 644386 644420 644522 644682 644500 644366 644372 644352 644556 644596 644709 644346 644364 644762 644712 644589 644332 644314 644312 644306 644314 644420 644620 644778 644784 644280 644298 644246 644444 644522 644816 644266 644258 644254 644732 644856 644832 644848 644842 644816 644845 644672 644222 644194 644214 644224 644296 644406 644798 644778 644892 644882 644902 644829 644858 644298 644590 644574 644740 644920 644908 644900 644910 644598 644136 644854 644842 644922 644925 644884 644907 644850 644586 644614 644104 644140 644642 644752 644865 644985 644941 644910 644936 644954 644834 644256 644146 644112 644849 644879 644949 644991 644048 644060 644831 644931 644983 645016 644978 644872 644898 644678 644684 644214 644186 644026 644010 644020 644042 644769 644909 645040 645022 644972 644866 644820 644042 644002 
0 644295 644215 0 644197 644197 644415 644381 0 0 644161 644195 644297 0 644275 644141 644147 644127 644331 0 644463 644121 644139 644537 644472 644349 644107 644089 644087 644081 644089 644195 644395 644552 644543 644055 644073 644021 644219 644297 644591 644041 644033 644029 644507 644631 644607 0 0 644571 644599 644458 0 643969 0 0 0 644181 644573 644553 0 644652 0 0 644614 644073 0 644349 644515 644695 644683 0 0 0 643911 0 0 0 0 0 644661 644619 644415 644441 643879 643915 644417 644527 0 0 0 0 0 644710 644611 644027 0 643887 0 644685 0 0 643823 643835 644637 644699 0 644781 0 0 644679 0 0 643982 643956 643801 643785 0 643817 644555 0 0 644805 0 644663 644628 643817 643777 
644571 644567 644487 644663 644469 644469 644695 644669 644709 644703 644433 644467 644569 644729 644547 644413 644419 644399 644603 644643 644751 644393 644411 644809 644760 644643 644379 644361 644359 644353 644361 644467 644667 644825 644831 644327 644345 644293 644491 644569 644863 644313 644305 644301 644779 644903 644879 644895 644889 644859 644887 644775 644269 644241 644261 644271 644343 644453 644845 644825 644939 644929 644949 644883 644902 644345 644637 644621 644787 644956 644955 644947 644954 644701 644183 644890 644878 644964 644967 644968 644949 644949 644689 644717 644151 644187 644689 644799 644876 644972 645011 644991 645014 644998 644937 644303 644193 644159 644860 644842 644874 644978 644095 644107 644794 644851 644908 645022 645054 644975 645001 644781 644787 644261 644233 644073 644057 644067 644089 644780 644811 644974 645016 645057 644969 644923 644089 644049 
0 643914 643862 0 643841 643865 644014 643980 0 0 643811 0 643963 0 643880 643777 643792 643818 644004 0 0 0 643812 644167 0 0 0 643751 643786 643807 643823 643912 644060 644151 644142 643686 0 643681 643936 643999 0 643667 643699 0 644164 644204 644214 0 0 644170 644198 644133 0 643691 0 0 0 643929 0 644187 0 0 0 0 644213 643683 0 0 644168 644188 644206 0 0 0 643566 0 0 0 0 0 644260 0 644104 644130 643514 0 644119 0 0 0 0 0 0 644263 644268 643626 0 0 0 0 0 0 643486 643504 644089 644102 0 0 0 0 644298 0 0 643581 643555 0 0 0 0 644094 0 0 0 0 644306 0 643435 643403 
0 643923 643843 0 643825 643825 644051 644031 0 0 643789 643823 643925 0 643903 643769 643775 643755 643959 0 644123 643749 643767 644165 644141 644027 643735 643717 643715 643709 643717 643823 644023 644181 644187 643683 643701 643649 643847 643925 644193 643669 643661 643657 644133 644209 644209 0 0 644219 644251 644241 0 643597 0 0 0 643809 644151 644155 0 644259 0 0 644281 643701 0 643977 644117 644225 644237 0 0 0 643539 0 0 0 0 0 644325 644351 644255 644283 643507 643543 644019 644081 0 0 0 0 0 644327 644367 643659 0 643515 0 644147 0 0 643451 643463 644099 644197 0 644325 0 0 644397 0 0 643617 643589 643429 643413 0 643445 644061 0 0 644337 0 644429 644431 643445 643405 
0 643112 643110 0 643167 642999 642912 642977 0 0 643197 0 642813 0 643180 643335 643260 642978 642696 0 0 0 0 0 0 0 0 643257 643002 642815 0 0 642624 642638 642656 643542 0 643407 0 642561 0 643596 643341 0 642456 0 642488 0 0 642599 642539 642614 0 643071 0 0 0 642439 0 642441 0 0 0 0 642494 643574 0 0 642384 0 0 0 0 0 643662 0 0 0 0 0 642401 0 642485 0 643816 0 642237 0 0 0 0 0 0 0 642353 643688 0 0 0 0 0 0 643732 643690 642069 642060 0 0 0 0 0 0 0 643752 643780 0 0 0 0 0 0 0 0 0 0 0 643880 0 
0 644420 644438 0 644483 644339 644244 644274 0 0 644501 0 644201 0 644466 644603 644552 644306 644108 0 0 0 644396 644033 0 0 0 644537 644318 644165 644105 644048 644060 644049 644040 644752 0 644651 644012 643985 0 644787 644597 0 643940 643916 643952 0 0 643992 643944 643959 0 644357 0 0 0 643883 0 643937 0 0 0 0 643899 644769 0 0 643880 643836 643854 0 0 0 644846 0 0 0 0 0 643830 0 643830 643800 645000 0 643733 0 0 0 0 0 0 643755 643770 644832 0 0 0 0 0 0 644930 644876 643637 643634 0 0 0 0 643650 0 0 644895 644937 0 0 0 0 643652 0 0 0 0 643602 0 645059 645079 
