645081 645087 645095 645112 645107 645007 645104 645068 645015 645045 644999 645034 645053 644996 644992 644990 644976 644920 645015 644887 644905 644993 644942 644977 644944 644942 644924 644867 644936 644919 644929 644878 644912 644851 644901 644911 644917 644901 644911 644886 644848 644834 644830 644855 644865 644824 644840 644834 644856 644759 644851 644863 644857 644879 644839 644786 644783 644744 644807 644829 644835 644808 644801 644748 644774 644749 644791 644760 644738 644732 644718 644731 644711 644673 644693 644739 644753 644742 644690 644676 644676 644704 644688 644728 644642 644647 644729 644717 644723 644725 644711 644642 644654 644684 644664 644674 644678 644695 644711 644691 644689 644634 644630 644628 644630 644626 644640 644650 644617 644571 644577 644683 644671 644677 644652 644663 644588 644586 644600 644606 644582 644588 644594 644580 644602 644604 644580 644584 
0 644607 644623 644611 0 644591 644625 644625 644607 644619 644547 644595 644591 644557 0 644599 0 644609 644553 644591 644525 644533 0 0 644529 644551 644581 0 0 0 0 0 644617 644495 0 0 0 0 0 0 644481 644625 644573 0 0 0 0 0 644625 644575 0 0 0 644419 0 0 644623 0 0 0 0 0 0 0 644503 644603 0 0 0 0 644567 644615 644623 644595 644505 0 0 0 0 0 0 644481 644465 644553 644581 644555 0 0 0 0 0 0 0 0 0 0 0 0 0 0 0 644267 0 0 0 0 0 0 644625 644551 644365 0 644211 0 0 0 0 0 0 0 0 0 0 0 0 644525 0 644609 
0 0 645080 0 0 0 645080 645080 645042 645066 645040 645080 645068 645046 0 645066 0 0 645030 0 644946 645008 0 0 645018 645026 0 0 0 0 0 0 0 644892 0 0 0 0 0 0 644932 0 0 0 0 0 0 0 644874 644802 0 0 0 0 0 0 644802 0 0 0 0 0 0 0 644858 644778 0 0 0 0 644802 0 644730 644706 644734 0 0 0 0 0 0 0 0 644812 644682 644688 0 0 0 0 0 0 0 0 0 0 0 0 0 0 0 644718 0 0 0 0 0 0 644634 644612 644618 0 0 0 0 0 0 0 0 0 0 0 0 0 0 644688 0 0 
0 0 644931 645065 0 0 644952 644832 644767 644817 644697 644747 644857 644652 0 644637 0 0 644762 644447 644462 644771 0 0 644522 644517 644472 0 0 0 0 0 0 644327 0 0 0 0 0 0 644282 644247 0 0 0 0 0 0 644302 644107 0 0 0 0 0 0 644151 0 0 0 0 0 0 0 644097 644105 0 0 0 0 643957 644043 643971 643913 643932 0 0 0 0 0 0 0 0 643982 643822 643817 0 0 0 0 0 0 0 0 0 0 0 0 0 0 0 643747 0 0 0 0 0 0 643725 643627 643642 0 643990 0 0 0 0 0 0 0 0 0 0 0 0 643672 0 643686 
634469 634469 634469 634469 634469 634397 634469 634445 634397 634421 634421 634467 634463 634429 634425 634421 634349 634301 634425 634277 634349 634403 634363 634387 634377 634375 634357 634301 634357 634329 634339 634311 634325 634325 634311 634321 634327 634311 634321 634307 634281 634205 634229 634265 634275 634257 634273 634267 634229 634157 634261 634273 634267 634289 634249 634219 634157 634133 634217 634239 634245 634229 634211 634181 634207 634133 634201 634181 634171 634165 634151 634109 634085 634061 634157 634149 634163 634163 634123 634109 634109 634137 634121 634161 634037 634061 634139 634127 634133 634135 634121 634075 634087 634117 634097 634107 634111 634105 634121 634101 634099 634067 634063 634061 634063 634059 634037 634037 633989 633989 634181 634093 634081 634087 634073 634073 634021 634019 634033 634039 634015 634021 634027 634013 634035 634037 634013 633965 
0 645107 645093 645057 0 645123 645051 645099 645133 645123 645079 645017 644965 644979 0 645047 0 645077 644927 645043 645049 644905 0 0 644975 644999 645029 0 0 0 0 0 645033 644995 0 0 0 0 0 0 644929 644955 644977 0 0 0 0 0 644977 644907 0 0 0 644791 0 0 644919 0 0 0 0 0 0 0 644895 644909 0 0 0 0 644839 644879 644847 644831 644837 0 0 0 0 0 0 644825 644809 644849 644793 644791 0 0 0 0 0 0 0 0 0 0 0 0 0 0 0 644715 0 0 0 0 0 0 644747 644715 644721 0 644583 0 0 0 0 0 0 0 0 0 0 0 0 644725 0 644741 
0 0 639049 0 0 0 639049 639047 638995 639023 638959 639049 639049 639049 0 639023 0 0 639049 0 638865 639049 0 0 639047 639023 0 0 0 0 0 0 0 638811 0 0 0 0 0 0 638999 0 0 0 0 0 0 0 638831 638723 0 0 0 0 0 0 638759 0 0 0 0 0 0 0 638903 638727 0 0 0 0 638783 0 638687 638647 638653 0 0 0 0 0 0 0 0 638807 638609 638607 0 0 0 0 0 0 0 0 0 0 0 0 0 0 0 638999 0 0 0 0 0 0 638591 638531 638537 0 0 0 0 0 0 0 0 0 0 0 0 0 0 638711 0 0 
0 0 645004 0 0 0 645022 645022 644976 645000 644928 645018 645014 644980 0 645022 0 0 644976 0 644846 644978 0 0 644952 644974 0 0 0 0 0 0 0 644792 0 0 0 0 0 0 644892 0 0 0 0 0 0 0 644838 644704 0 0 0 0 0 0 644752 0 0 0 0 0 0 0 644818 644708 0 0 0 0 644762 0 644680 644628 644634 0 0 0 0 0 0 0 0 644772 644590 644588 0 0 0 0 0 0 0 0 0 0 0 0 0 0 0 644678 0 0 0 0 0 0 644588 644512 644518 0 0 0 0 0 0 0 0 0 0 0 0 0 0 644648 0 0 
0 0 0 0 0 0 0 0 645111 0 645039 0 0 0 0 0 0 0 0 0 645023 0 0 0 644950 0 0 0 0 0 0 0 0 644969 0 0 0 0 0 0 0 0 0 0 0 0 0 0 644971 0 0 0 0 0 0 0 0 0 0 0 0 0 0 0 644906 0 0 0 0 0 0 0 0 0 0 0 0 0 0 0 0 0 0 644860 0 0 0 0 0 0 0 0 0 0 0 0 0 0 0 0 0 0 0 0 0 0 0 0 0 0 644695 0 0 0 0 0 0 0 0 0 0 0 0 0 0 0 0 0 
0 0 645027 0 0 0 644993 645027 645037 645037 644999 644959 644907 644921 0 644973 0 0 644869 0 644977 644847 0 0 644903 644925 0 0 0 0 0 0 0 644947 0 0 0 0 0 0 644855 0 0 0 0 0 0 0 645031 644965 0 0 0 0 0 0 644975 0 0 0 0 0 0 0 644877 644951 0 0 0 0 644903 0 644903 644879 644895 0 0 0 0 0 0 0 0 644913 644851 644849 0 0 0 0 0 0 0 0 0 0 0 0 0 0 0 644641 0 0 0 0 0 0 644807 644773 644779 0 0 0 0 0 0 0 0 0 0 0 0 0 0 644789 0 0 
0 0 0 0 0 0 0 0 645041 0 645113 0 0 0 0 0 0 0 0 0 645075 0 0 0 644895 0 0 0 0 0 0 0 0 645063 0 0 0 0 0 0 0 0 0 0 0 0 0 0 644843 0 0 0 0 0 0 0 0 0 0 0 0 0 0 0 644761 0 0 0 0 0 0 0 0 0 0 0 0 0 0 0 0 0 0 644715 0 0 0 0 0 0 0 0 0 0 0 0 0 0 0 0 0 0 0 0 0 0 0 0 0 0 644791 0 0 0 0 0 0 0 0 0 0 0 0 0 0 0 0 0 
0 0 645004 0 0 0 645008 645022 644978 645000 644928 645080 645046 645118 0 645076 0 0 645084 0 644848 645058 0 0 645134 645124 0 0 0 0 0 0 0 644794 0 0 0 0 0 0 645084 0 0 0 0 0 0 0 644840 644706 0 0 0 0 0 0 644754 0 0 0 0 0 0 0 645010 644710 0 0 0 0 644882 0 644682 644630 644636 0 0 0 0 0 0 0 0 644920 644592 644590 0 0 0 0 0 0 0 0 0 0 0 0 0 0 0 644870 0 0 0 0 0 0 644590 644514 644520 0 0 0 0 0 0 0 0 0 0 0 0 0 0 644836 0 0 
0 0 638182 0 0 0 638224 638176 638094 638130 638058 638234 638268 638234 0 638186 0 0 638268 0 637964 638268 0 0 638186 638184 0 0 0 0 0 0 0 637910 0 0 0 0 0 0 638090 0 0 0 0 0 0 0 637956 637822 0 0 0 0 0 0 637870 0 0 0 0 0 0 0 638016 637826 0 0 0 0 637946 0 637798 637746 637752 0 0 0 0 0 0 0 0 637970 637708 637706 0 0 0 0 0 0 0 0 0 0 0 0 0 0 0 637876 0 0 0 0 0 0 637706 637630 637636 0 0 0 0 0 0 0 0 0 0 0 0 0 0 637846 0 0 
0 0 645001 0 0 0 645007 645019 644985 644997 644925 645077 645045 645099 0 645073 0 0 645063 0 644865 645039 0 0 645099 645099 0 0 0 0 0 0 0 644811 0 0 0 0 0 0 645075 0 0 0 0 0 0 0 644857 644723 0 0 0 0 0 0 644771 0 0 0 0 0 0 0 645011 644727 0 0 0 0 644893 0 644699 644647 644653 0 0 0 0 0 0 0 0 644917 644609 644607 0 0 0 0 0 0 0 0 0 0 0 0 0 0 0 644861 0 0 0 0 0 0 644607 644531 644537 0 0 0 0 0 0 0 0 0 0 0 0 0 0 644821 0 0 
0 645049 645065 645029 0 644997 645083 645083 645013 645049 644977 645117 645093 645117 645117 645105 644995 644919 645093 644877 644883 645069 0 645055 645093 645103 645057 644845 0 0 645007 0 645009 644829 0 644989 0 0 644989 644999 645009 644849 644811 0 644943 0 0 0 644875 644741 644929 0 0 644957 0 0 644789 644735 0 0 0 0 0 0 644935 644745 0 0 0 0 644865 644733 644717 644665 644671 0 0 0 0 0 0 644865 644849 644889 644627 644625 0 0 0 0 0 0 0 644845 644825 0 0 0 644789 0 0 644795 0 0 0 0 644707 644697 644625 644549 644555 0 644749 0 0 0 0 0 0 0 0 0 0 0 0 644765 0 644583 
0 0 645027 0 0 0 645021 645069 645047 645059 644987 645089 645037 645051 0 645129 0 0 644999 0 644965 644977 0 0 645047 645081 0 0 0 0 0 0 0 644923 0 0 0 0 0 0 645011 0 0 0 0 0 0 0 644969 644835 0 0 0 0 0 0 644883 0 0 0 0 0 0 0 644997 644839 0 0 0 0 644941 0 644811 644759 644765 0 0 0 0 0 0 0 0 644951 644721 644719 0 0 0 0 0 0 0 0 0 0 0 0 0 0 0 644797 0 0 0 0 0 0 644719 644643 644649 0 0 0 0 0 0 0 0 0 0 0 0 0 0 644827 0 0 
0 643600 643600 643552 0 643672 643572 643620 643672 643648 643648 643538 643486 643500 643544 643590 643672 643670 643448 643646 643672 643426 0 643410 643496 643542 643596 643670 0 0 643362 0 643632 643672 0 643344 0 0 643344 643354 643496 643574 643598 0 643298 0 0 0 643598 643526 643284 0 0 643312 0 0 643526 643502 0 0 0 0 0 0 643516 643502 0 0 0 0 643460 643478 643454 643430 643526 0 0 0 0 0 0 643446 643430 643470 643406 643430 0 0 0 0 0 0 0 643404 643406 0 0 0 643144 0 0 643282 0 0 0 0 643382 643392 643358 643358 643550 0 643104 0 0 0 0 0 0 0 0 0 0 0 0 643346 0 643334 
0 636137 636145 636141 0 636121 636145 636145 636137 636145 636077 636145 636145 636145 0 636145 0 636139 636145 636121 636055 636145 0 0 636145 636145 636145 0 0 0 0 0 636145 636025 0 0 0 0 0 0 636145 636083 636065 0 0 0 0 0 636107 635995 0 0 0 636145 0 0 636035 0 0 0 0 0 0 0 636145 635999 0 0 0 0 636059 635987 635963 635919 635925 0 0 0 0 0 0 636131 636131 636083 635881 635879 0 0 0 0 0 0 0 0 0 0 0 0 0 0 0 636145 0 0 0 0 0 0 635867 635803 635809 0 636145 0 0 0 0 0 0 0 0 0 0 0 0 635987 0 635837 
0 0 644982 0 0 0 645024 644976 644894 644930 644858 645058 645098 645072 0 645006 0 0 645108 0 644764 645108 0 0 645044 645024 0 0 0 0 0 0 0 644710 0 0 0 0 0 0 644948 0 0 0 0 0 0 0 644756 644622 0 0 0 0 0 0 644670 0 0 0 0 0 0 0 644874 644626 0 0 0 0 644784 0 644598 644546 644552 0 0 0 0 0 0 0 0 644808 644508 644506 0 0 0 0 0 0 0 0 0 0 0 0 0 0 0 644734 0 0 0 0 0 0 644506 644430 644436 0 0 0 0 0 0 0 0 0 0 0 0 0 0 644704 0 0 
0 0 644939 0 0 0 644909 644957 645011 644987 644959 644875 644823 644837 0 644927 0 0 644785 645121 645009 644763 0 0 644833 644879 644957 0 0 0 0 0 0 645003 0 0 0 0 0 0 644833 645097 0 0 0 0 0 0 645119 645049 0 0 0 0 0 0 645049 0 0 0 0 0 0 0 644951 645025 0 0 0 0 644981 0 644977 644953 644979 0 0 0 0 0 0 0 0 644991 644929 644933 0 0 0 0 0 0 0 0 0 0 0 0 0 0 0 644619 0 0 0 0 0 0 644881 644857 644863 0 0 0 0 0 0 0 0 0 0 0 0 0 0 644867 0 0 
0 0 0 0 0 0 0 0 645039 0 645075 0 0 0 0 0 0 0 0 0 645106 0 0 0 644833 0 0 0 0 0 0 0 0 645069 0 0 0 0 0 0 0 0 0 0 0 0 0 0 644925 0 0 0 0 0 0 0 0 0 0 0 0 0 0 0 644838 0 0 0 0 0 0 0 0 0 0 0 0 0 0 0 0 0 0 644797 0 0 0 0 0 0 0 0 0 0 0 0 0 0 0 0 0 0 0 0 0 0 0 0 0 0 644812 0 0 0 0 0 0 0 0 0 0 0 0 0 0 0 0 0 
0 0 643141 0 0 0 643171 643135 643053 643089 643017 643165 643177 643165 0 643117 0 0 643177 0 642923 643177 0 0 643141 643117 0 0 0 0 0 0 0 642869 0 0 0 0 0 0 643049 0 0 0 0 0 0 0 642915 642781 0 0 0 0 0 0 642829 0 0 0 0 0 0 0 642975 642785 0 0 0 0 642877 0 642757 642705 642711 0 0 0 0 0 0 0 0 642901 642667 642665 0 0 0 0 0 0 0 0 0 0 0 0 0 0 0 642835 0 0 0 0 0 0 642665 642589 642595 0 0 0 0 0 0 0 0 0 0 0 0 0 0 642805 0 0 
644832 644844 644860 644824 644862 644756 644878 644854 644772 644808 644736 644936 644916 644974 644930 644884 644754 644678 644954 644636 644642 644928 645040 644992 644978 644932 644854 644604 645046 645024 645024 645048 644770 644588 644972 644962 645000 645000 645000 645048 644976 644608 644570 645024 645024 645048 645000 645000 644634 644500 644952 644952 644952 644946 644976 645000 644548 644494 644928 644952 644952 645048 645024 645024 644860 644504 644976 645048 645000 645000 644676 644492 644476 644424 644430 644928 644976 645048 644976 644880 644856 644832 644832 644714 644386 644384 644880 644880 644880 644976 645024 644976 644880 644904 644880 644904 644620 644880 644880 644928 644952 644976 644928 644856 644716 644528 644466 644456 644384 644308 644314 644952 644976 644976 645006 644982 644954 644952 644952 644952 644948 644952 644952 644856 644832 644646 644622 644342 
0 644974 644990 644992 0 644886 645022 644984 644902 644938 644866 645066 645084 645104 645060 645014 644884 644808 645122 644766 644772 645096 0 645142 645104 645062 644984 644734 0 0 645118 0 644900 644718 0 645094 0 0 645100 645086 645046 644738 644700 0 645054 0 0 0 644764 644630 645040 0 0 645068 0 0 644678 644624 0 0 0 0 0 0 644960 644634 0 0 0 0 644806 644622 644606 644554 644560 0 0 0 0 0 0 644902 644886 644844 644516 644514 0 0 0 0 0 0 0 644882 644862 0 0 0 644900 0 0 644832 0 0 0 0 644596 644586 644514 644438 644444 0 644860 0 0 0 0 0 0 0 0 0 0 0 0 644768 0 644472 
0 0 0 0 0 0 0 0 642577 0 642535 0 0 0 0 0 0 0 0 0 642447 0 0 0 642721 0 0 0 0 0 0 0 0 642393 0 0 0 0 0 0 0 0 0 0 0 0 0 0 642439 0 0 0 0 0 0 0 0 0 0 0 0 0 0 0 642615 0 0 0 0 0 0 0 0 0 0 0 0 0 0 0 0 0 0 642499 0 0 0 0 0 0 0 0 0 0 0 0 0 0 0 0 0 0 0 0 0 0 0 0 0 0 642119 0 0 0 0 0 0 0 0 0 0 0 0 0 0 0 0 0 
0 0 645009 0 0 0 645003 645039 645005 645017 644945 645085 645041 645089 0 645093 0 0 645041 0 644923 645017 0 0 645077 645099 0 0 0 0 0 0 0 644881 0 0 0 0 0 0 645029 0 0 0 0 0 0 0 644927 644793 0 0 0 0 0 0 644841 0 0 0 0 0 0 0 645015 644797 0 0 0 0 644945 0 644769 644717 644723 0 0 0 0 0 0 0 0 644969 644679 644677 0 0 0 0 0 0 0 0 0 0 0 0 0 0 0 644815 0 0 0 0 0 0 644677 644601 644607 0 0 0 0 0 0 0 0 0 0 0 0 0 0 644845 0 0 
0 0 615173 0 0 0 615176 615224 615221 615215 615107 615271 615225 615255 0 615317 0 0 615203 0 615136 615181 0 0 615240 615297 615373 0 0 0 0 0 0 615079 0 0 0 0 0 0 615192 615069 0 0 0 0 0 0 615120 614883 0 0 0 0 0 0 614955 0 0 0 0 0 0 0 615234 614877 0 0 0 0 615095 0 614811 614721 614778 0 0 0 0 0 0 0 0 615129 614652 614661 0 0 0 0 0 0 0 0 0 0 0 0 0 0 0 614764 0 0 0 0 0 0 614625 614511 614613 0 0 0 0 0 0 0 0 0 0 0 0 0 0 614894 0 0 
0 644609 644593 644557 0 644687 644551 644599 644681 644645 644663 644517 644465 644479 644523 644569 644697 644725 644427 644733 644733 644405 0 644389 644475 644521 644599 644733 0 0 644341 0 644657 644733 0 644323 0 0 644323 644333 644475 644699 644733 0 644277 0 0 0 644697 644733 644263 0 0 644291 0 0 644711 644733 0 0 0 0 0 0 644543 644731 0 0 0 0 644607 644719 644711 644733 644733 0 0 0 0 0 0 644521 644505 644593 644733 644733 0 0 0 0 0 0 0 644429 644433 0 0 0 644123 0 0 644261 0 0 0 0 644673 644683 644707 644733 644733 0 644083 0 0 0 0 0 0 0 0 0 0 0 0 644565 0 644725 
644922 644934 644950 644896 644934 644848 644950 644946 644864 644900 644828 645026 644988 645064 645022 644976 644846 644770 645026 644728 644734 645000 645112 645064 645070 645024 644946 644696 645118 645122 645112 645164 644862 644680 645044 645034 645076 645092 645082 645146 645070 644700 644662 645082 645092 645116 645118 645118 644726 644592 645046 645034 645040 645018 645066 645080 644640 644586 645026 645050 645050 645070 645028 645042 644952 644596 645018 645022 645032 645026 644768 644584 644568 644516 644522 644966 644980 645004 644984 644970 644970 644926 644942 644806 644478 644476 644956 644944 644950 644952 644938 644936 644948 644978 644958 644968 644712 644922 644938 644918 644916 644928 644924 644922 644808 644620 644558 644548 644476 644400 644406 644910 644898 644904 644914 644890 644880 644880 644894 644900 644876 644882 644888 644874 644896 644738 644714 644434 
644897 644909 644925 644915 644953 644821 644945 644919 644837 644873 644801 645001 645007 645039 644995 644949 644819 644743 645045 644701 644707 645043 645107 645083 645043 644997 644919 644669 645113 645117 645117 645115 644835 644653 645095 645085 645117 645117 645117 645117 645043 644673 644635 645077 645087 645067 645067 645067 644699 644565 645077 645077 645077 645069 645093 645029 644613 644559 645053 645077 645077 645041 645023 644991 644925 644569 645045 644993 644981 644975 644741 644557 644541 644489 644495 644993 645007 644975 644933 644919 644919 644899 644899 644779 644451 644449 644983 644971 644977 644979 644933 644885 644897 644927 644907 644917 644685 644949 644965 644945 644943 644877 644873 644871 644781 644593 644531 644521 644449 644373 644379 644937 644925 644931 644885 644885 644831 644829 644843 644849 644825 644831 644837 644823 644845 644711 644687 644407 
0 643309 643325 643325 0 643221 643355 643319 643237 643273 643201 643401 643417 643439 643395 643349 643219 643143 643455 643101 643107 643453 0 643485 643443 643397 643319 643069 0 0 643485 0 643235 643053 0 643485 0 0 643485 643485 643401 643073 643035 0 643485 0 0 0 643099 642965 643485 0 0 643485 0 0 643013 642959 0 0 0 0 0 0 643305 642969 0 0 0 0 643141 642957 642941 642889 642895 0 0 0 0 0 0 643257 643257 643179 642851 642849 0 0 0 0 0 0 0 643329 643305 0 0 0 643485 0 0 643401 0 0 0 0 642931 642921 642849 642773 642779 0 643485 0 0 0 0 0 0 0 0 0 0 0 0 643111 0 642807 
644906 644918 644934 644902 644940 644830 644956 644928 644846 644882 644810 645010 644994 645048 645004 644958 644828 644752 645032 644710 644716 645006 645118 645070 645052 645006 644928 644678 645124 645128 645118 645152 644844 644662 645050 645040 645082 645098 645088 645156 645052 644682 644644 645100 645110 645112 645104 645104 644708 644574 645052 645040 645046 645024 645084 645074 644622 644568 645036 645060 645060 645088 645046 645036 644934 644578 645036 645040 645026 645020 644750 644566 644550 644498 644504 644984 644998 645022 644978 644964 644960 644908 644924 644788 644460 644458 644974 644962 644968 644970 644956 644930 644942 644972 644952 644962 644694 644940 644956 644936 644934 644922 644918 644916 644790 644602 644540 644530 644458 644382 644388 644928 644916 644922 644932 644908 644876 644874 644888 644894 644870 644876 644882 644868 644890 644720 644696 644416 
0 645012 645028 644968 0 645044 645022 645070 645060 645072 645000 645030 644978 644992 0 645082 0 645062 644940 645030 644978 644918 0 0 644988 645034 645064 0 0 0 0 0 645100 644948 0 0 0 0 0 0 644964 645002 644964 0 0 0 0 0 645028 644894 0 0 0 644804 0 0 644942 0 0 0 0 0 0 0 644986 644898 0 0 0 0 644940 644886 644870 644818 644824 0 0 0 0 0 0 644926 644910 644950 644780 644778 0 0 0 0 0 0 0 0 0 0 0 0 0 0 0 644750 0 0 0 0 0 0 644778 644702 644708 0 644596 0 0 0 0 0 0 0 0 0 0 0 0 644826 0 644736 
0 639160 639144 639108 0 639248 639102 639150 639232 639196 639268 639068 639016 639030 0 639120 0 639268 638978 639286 639340 638956 0 0 639026 639072 639150 0 0 0 0 0 639200 639340 0 0 0 0 0 0 639026 639242 639304 0 0 0 0 0 639240 639302 0 0 0 638842 0 0 639254 0 0 0 0 0 0 0 639086 639274 0 0 0 0 639150 639262 639254 639282 639340 0 0 0 0 0 0 639064 639048 639136 639296 639322 0 0 0 0 0 0 0 0 0 0 0 0 0 0 0 638812 0 0 0 0 0 0 639250 639326 639242 0 638634 0 0 0 0 0 0 0 0 0 0 0 0 639108 0 639268 
644795 644807 644823 644857 644895 644719 644865 644817 644735 644771 644699 644899 644949 644937 644893 644847 644717 644641 644987 644599 644605 644985 645027 645025 644941 644895 644817 644567 645033 645055 645055 645009 644733 644551 645053 645043 645055 645055 645055 645033 644937 644571 644533 645055 645055 645009 644961 644961 644597 644463 645055 645055 645055 645051 645055 644961 644511 644457 645055 645055 645055 645033 645055 644985 644823 644467 645055 645009 644961 644961 644639 644455 644439 644387 644393 645055 645055 644991 644927 644841 644817 644793 644793 644677 644349 644347 645007 645007 645007 645033 644971 644879 644841 644865 644841 644865 644583 645007 645007 645047 645021 644871 644867 644817 644679 644491 644429 644419 644347 644271 644277 645015 644979 644985 644901 644923 644825 644823 644837 644843 644819 644825 644831 644817 644793 644609 644585 644305 
0 638923 638939 638975 0 638835 638981 638933 638851 638887 638815 639015 639067 639053 639009 638963 638833 638757 639105 638715 638721 639115 0 639137 639057 639011 638933 638683 0 0 639137 0 638849 638667 0 639149 0 0 639149 639113 639017 638687 638649 0 639137 0 0 0 638713 638579 639149 0 0 639149 0 0 638627 638573 0 0 0 0 0 0 638921 638583 0 0 0 0 638755 638571 638555 638503 638509 0 0 0 0 0 0 638873 638873 638793 638465 638463 0 0 0 0 0 0 0 638945 638921 0 0 0 639149 0 0 639017 0 0 0 0 638545 638535 638463 638387 638393 0 639149 0 0 0 0 0 0 0 0 0 0 0 0 638725 0 638421 
644828 644840 644856 644868 644906 644752 644898 644850 644768 644804 644732 644932 644960 644970 644926 644880 644750 644674 644998 644632 644638 644996 645060 645036 644974 644928 644850 644600 645066 645070 645070 645046 644766 644584 645040 645030 645070 645070 645070 645070 644974 644604 644566 645070 645070 645046 644998 644998 644630 644496 645022 645022 645022 645014 645046 644998 644544 644490 644998 645022 645022 645070 645070 645022 644856 644500 645046 645070 644998 644998 644672 644488 644472 644420 644426 644998 645046 645052 644974 644878 644854 644830 644830 644710 644382 644380 644950 644950 644950 645046 645010 644940 644878 644902 644878 644902 644616 644950 644950 644998 645012 644932 644926 644854 644712 644524 644462 644452 644380 644304 644310 645006 644994 645000 644962 644962 644886 644884 644898 644904 644880 644886 644892 644854 644830 644642 644618 644338 
644849 644861 644877 644913 644951 644773 644919 644871 644789 644825 644753 644953 645005 644991 644947 644901 644771 644695 645043 644653 644659 645065 645081 645081 644995 644949 644871 644621 645087 645139 645129 645081 644787 644605 645135 645125 645141 645157 645147 645101 644995 644625 644587 645083 645093 645027 645043 645037 644651 644517 645137 645125 645131 645109 645141 644989 644565 644511 645109 645131 645137 645023 645029 644951 644877 644521 645093 644975 644941 644935 644693 644509 644493 644441 644447 645041 645055 644957 644893 644879 644879 644851 644867 644731 644403 644401 645031 645019 645025 645027 644939 644845 644857 644887 644867 644877 644637 644997 645013 644993 644991 644837 644833 644831 644733 644545 644483 644473 644401 644325 644331 644985 644973 644979 644867 644891 644791 644789 644803 644809 644785 644791 644797 644783 644805 644663 644639 644359 
0 644867 644883 644917 0 644779 644925 644877 644795 644831 644759 644959 645009 644997 644953 644907 644777 644701 645047 644659 644665 645045 0 645085 645001 644955 644877 644627 0 0 645133 0 644793 644611 0 645103 0 0 645127 645115 645001 644631 644593 0 645105 0 0 0 644657 644523 645123 0 0 645095 0 0 644571 644517 0 0 0 0 0 0 644883 644527 0 0 0 0 644699 644515 644499 644447 644453 0 0 0 0 0 0 644857 644873 644737 644409 644407 0 0 0 0 0 0 0 644901 644881 0 0 0 645007 0 0 644851 0 0 0 0 644489 644479 644407 644331 644337 0 644959 0 0 0 0 0 0 0 0 0 0 0 0 644669 0 644365 
0 644907 644923 644889 0 644843 644941 644941 644859 644895 644823 644999 644981 645037 645017 644971 644841 644765 645019 644723 644729 644993 0 645057 645065 645019 644941 644691 0 0 645105 0 644857 644675 0 645027 0 0 645075 645133 645065 644695 644657 0 645097 0 0 0 644721 644587 645039 0 0 645011 0 0 644635 644581 0 0 0 0 0 0 644947 644591 0 0 0 0 644763 644579 644563 644511 644517 0 0 0 0 0 0 644921 644937 644801 644473 644471 0 0 0 0 0 0 0 644985 644965 0 0 0 644943 0 0 644935 0 0 0 0 644553 644543 644471 644395 644401 0 644903 0 0 0 0 0 0 0 0 0 0 0 0 644733 0 644429 
0 0 0 0 0 0 0 0 642685 0 642667 0 0 0 0 0 0 0 0 0 642613 0 0 0 642776 0 0 0 0 0 0 0 0 642574 0 0 0 0 0 0 642788 0 0 0 0 0 0 0 642549 0 0 0 0 0 0 0 0 0 0 0 0 0 0 0 642698 0 0 0 0 0 0 0 0 642360 0 0 0 0 0 0 0 0 0 642577 0 0 0 0 0 0 0 0 0 0 0 0 0 0 0 0 0 0 0 0 0 0 0 0 0 0 642354 0 0 0 0 0 0 0 0 0 0 0 0 0 0 0 0 0 
0 0 644566 0 0 0 644560 644608 644622 644610 644538 644562 644510 644524 0 644614 0 0 644472 0 644588 644450 0 0 644520 644566 644644 0 0 0 0 0 0 644582 0 0 0 0 0 0 644520 644758 0 0 0 0 0 0 644760 644698 0 0 0 0 0 0 644746 0 0 0 0 0 0 0 644638 644726 0 0 0 0 644714 0 644746 644718 644628 0 0 0 0 0 0 0 0 644700 644704 644678 0 0 0 0 0 0 0 0 0 0 0 0 0 0 0 644306 0 0 0 0 0 0 644750 644674 644488 0 0 0 0 0 0 0 0 0 0 0 0 0 0 644672 0 0 
0 636114 636114 636114 0 636114 636114 636114 636114 636114 636078 636114 636114 636114 0 636114 0 636114 636114 636114 636056 636114 0 0 636114 636114 636114 0 0 0 0 0 636114 636026 0 0 0 0 0 0 636114 636114 636104 0 0 0 0 0 636114 636070 0 0 0 636114 0 0 636078 0 0 0 0 0 0 0 636114 636054 0 0 0 0 636102 636030 636006 635982 636000 0 0 0 0 0 0 636114 636114 636114 635956 635954 0 0 0 0 0 0 0 0 0 0 0 0 0 0 0 636114 0 0 0 0 0 0 635910 635878 635884 0 636114 0 0 0 0 0 0 0 0 0 0 0 0 636030 0 635886 
644835 644847 644863 644869 644907 644759 644905 644857 644775 644811 644739 644939 644961 644977 644933 644887 644757 644681 644999 644639 644645 644973 645067 645037 644981 644935 644857 644607 645073 645095 645085 645095 644773 644591 645017 645007 645049 645065 645055 645123 644981 644611 644573 645129 645129 645111 645037 645043 644637 644503 645019 645007 645013 644991 645079 645063 644551 644497 645015 645041 645035 645135 645117 645069 644863 644507 645081 645093 645059 645053 644679 644495 644479 644427 644433 645033 645069 645075 645011 644943 644913 644837 644853 644717 644389 644387 644985 644985 644985 645041 645027 644963 644943 644967 644943 644967 644623 644985 644985 645007 645005 644955 644951 644919 644719 644531 644469 644459 644387 644311 644317 644999 644987 644993 644985 644979 644909 644907 644921 644927 644903 644909 644915 644901 644895 644649 644625 644345 
0 644752 644768 644804 0 644664 644810 644762 644680 644716 644644 644844 644896 644882 644838 644792 644662 644586 644934 644544 644550 644956 0 644972 644886 644840 644762 644512 0 0 645020 0 644678 644496 0 644992 0 0 645038 645028 644886 644516 644478 0 645072 0 0 0 644542 644408 645004 0 0 644976 0 0 644456 644402 0 0 0 0 0 0 644768 644412 0 0 0 0 644584 644400 644384 644332 644338 0 0 0 0 0 0 644742 644758 644622 644294 644292 0 0 0 0 0 0 0 644880 644856 0 0 0 644978 0 0 644952 0 0 0 0 644374 644364 644292 644216 644222 0 645074 0 0 0 0 0 0 0 0 0 0 0 0 644554 0 644250 
644828 644840 644856 644796 644834 644782 644850 644880 644798 644834 644762 644932 644888 644970 644956 644910 644780 644704 644926 644662 644668 644900 645012 644964 645004 644958 644880 644630 645018 645022 645012 645088 644796 644614 644944 644934 644976 644992 644982 645068 645004 644634 644596 645086 645076 645142 645060 645066 644660 644526 644946 644934 644940 644918 645006 645114 644574 644520 644942 644968 644962 645128 645094 645142 644886 644530 645054 645088 645132 645126 644702 644518 644502 644450 644456 645008 645046 645070 645084 644984 644936 644860 644876 644740 644412 644410 644924 644936 644930 645018 645004 645036 645006 645024 644996 645034 644646 644958 644942 644984 644982 645028 645024 644984 644742 644554 644492 644482 644410 644334 644340 644976 644964 644970 644980 644956 644952 644980 644994 645000 644976 644982 644988 644974 644962 644672 644648 644368 
644884 644896 644912 644852 644890 644876 644906 644954 644892 644928 644856 644988 644944 645026 645030 645004 644874 644798 644982 644756 644762 644956 645068 645020 645078 645052 644974 644724 645074 645070 645068 645118 644890 644708 645000 644990 645032 645046 645038 645094 645098 644728 644690 645054 645064 645094 645138 645138 644754 644620 644998 644990 644996 644974 645022 645124 644668 644614 644974 644998 644998 645042 645000 645066 644980 644624 644990 644994 645076 645070 644796 644612 644596 644544 644550 644938 644952 644976 645028 645014 644994 644954 644970 644834 644506 644504 644926 644916 644922 644924 644910 644980 644992 645022 645002 645012 644740 644894 644910 644890 644888 644972 644968 644966 644836 644648 644586 644576 644504 644428 644434 644882 644870 644876 644886 644862 644858 644924 644938 644944 644920 644926 644932 644918 644940 644766 644742 644462 
644843 644855 644871 644811 644849 644879 644865 644913 644895 644907 644835 644947 644903 644985 644989 644983 644877 644801 644941 644759 644765 644915 645027 644979 645037 645031 644977 644727 645033 645037 645027 645103 644893 644711 644959 644949 644991 645007 644997 645083 645101 644731 644693 645051 645061 645091 645133 645139 644757 644623 644961 644949 644955 644933 645021 645141 644671 644617 644957 644983 644977 645039 644997 645063 644983 644627 644987 644991 645093 645087 644799 644615 644599 644547 644553 644935 644949 644973 645069 645055 645033 644957 644973 644837 644509 644507 644925 644913 644919 644921 644907 645021 645033 645063 645043 645053 644743 644891 644907 644887 644885 645013 645009 645007 644839 644651 644589 644579 644507 644431 644437 644879 644867 644873 644883 644859 644855 644965 644979 644985 644961 644967 644973 644959 644981 644769 644745 644465 
0 0 0 0 0 0 0 0 644983 0 644931 0 0 0 0 0 0 0 0 0 644981 0 0 0 644803 0 0 0 0 0 0 0 0 644975 0 0 0 0 0 0 0 0 0 0 0 0 0 0 645087 0 0 0 0 0 0 0 0 0 0 0 0 0 0 0 644921 0 0 0 0 0 0 0 0 0 0 0 0 0 0 0 0 0 0 644983 0 0 0 0 0 0 0 0 0 0 0 0 0 0 0 0 0 0 0 0 0 0 0 0 0 0 644881 0 0 0 0 0 0 0 0 0 0 0 0 0 0 0 0 0 
0 0 0 0 0 0 0 0 644929 0 644895 0 0 0 0 0 0 0 0 0 644945 0 0 0 644723 0 0 0 0 0 0 0 0 644939 0 0 0 0 0 0 644723 0 0 0 0 0 0 0 645067 645137 0 0 0 0 0 0 0 0 0 0 0 0 0 0 644841 0 0 0 0 0 0 0 0 645049 0 0 0 0 0 0 0 0 0 644987 0 0 0 0 0 0 0 0 0 0 0 0 0 0 0 0 0 644509 0 0 0 0 0 0 0 0 644941 0 0 0 0 0 0 0 0 0 0 0 0 0 0 0 0 0 
0 644192 644216 644270 0 644060 644279 644207 644084 644138 644030 644330 644408 644387 644321 644252 644057 643943 644465 643880 643889 644498 0 644522 644393 644324 644207 643832 0 0 644586 0 644081 643808 0 644609 0 0 644616 644554 644392 643838 643781 0 644574 0 0 0 643877 643676 644651 0 0 644621 0 0 643748 643667 0 0 0 0 0 0 644216 643682 0 0 0 0 643940 643664 643640 643562 643571 0 0 0 0 0 0 644176 644192 643997 643505 643502 0 0 0 0 0 0 0 644279 644245 0 0 0 644557 0 0 644306 0 0 0 0 643625 643610 643502 643388 643397 0 644536 0 0 0 0 0 0 0 0 0 0 0 0 643895 0 643439 
644787 644799 644815 644851 644889 644711 644857 644809 644727 644763 644691 644891 644943 644929 644885 644839 644709 644633 644981 644591 644597 645003 645019 645019 644933 644887 644809 644559 645025 645077 645067 645031 644725 644543 645095 645085 645079 645095 645085 645055 644933 644563 644525 645037 645047 644981 644983 644983 644589 644455 645145 645133 645139 645117 645117 644943 644503 644449 645165 645151 645151 644977 644983 644905 644815 644459 645069 644929 644895 644889 644631 644447 644431 644379 644385 645103 645031 644911 644847 644833 644833 644789 644805 644669 644341 644339 645093 645081 645087 645003 644893 644799 644811 644841 644821 644831 644575 645059 645075 645055 645015 644791 644787 644785 644671 644483 644421 644411 644339 644263 644269 645009 644949 644955 644821 644845 644745 644743 644757 644763 644739 644745 644751 644737 644759 644601 644577 644297 
644785 644797 644813 644849 644887 644709 644855 644807 644725 644761 644689 644889 644941 644927 644883 644837 644707 644631 644979 644589 644595 645001 645017 645017 644931 644885 644807 644557 645023 645051 645051 645003 644723 644541 645093 645083 645075 645075 645075 645027 644931 644561 644523 645051 645051 644997 644955 644955 644587 644453 645121 645121 645121 645113 645099 644955 644501 644447 645121 645121 645121 644993 644999 644921 644813 644457 645085 644945 644911 644905 644629 644445 644429 644377 644383 645103 645047 644927 644863 644835 644811 644787 644787 644667 644339 644337 645075 645075 645075 645019 644909 644815 644827 644857 644835 644847 644573 645061 645075 645055 645029 644807 644803 644801 644669 644481 644419 644409 644337 644261 644267 645023 644965 644971 644837 644861 644761 644759 644773 644779 644755 644761 644767 644753 644775 644599 644575 644295 
0 639913 639929 639965 0 639825 639971 639923 639841 639877 639805 640005 640057 640043 0 639953 0 639747 640095 639705 639711 640117 0 0 640033 640001 639923 0 0 0 0 0 639839 639657 0 0 0 0 0 0 639985 639677 639639 0 0 0 0 0 639703 639569 0 0 0 640177 0 0 639617 0 0 0 0 0 0 0 639889 639573 0 0 0 0 639745 639561 639545 639493 639499 0 0 0 0 0 0 639841 639841 639783 639455 639453 0 0 0 0 0 0 0 0 0 0 0 0 0 0 0 639985 0 0 0 0 0 0 639453 639377 639383 0 640153 0 0 0 0 0 0 0 0 0 0 0 0 639697 0 639411 
644768 644780 644796 644832 644870 644692 644838 644790 644708 644744 644672 644872 644924 644910 644866 644820 644690 644614 644962 644572 644578 644960 645000 645000 644914 644868 644790 644540 645006 645058 645048 645014 644706 644524 645028 645018 645036 645052 645042 645038 644914 644544 644506 645046 645056 644990 644966 644966 644570 644436 645054 645042 645048 645026 645062 644952 644484 644430 645062 645062 645062 644986 644992 644914 644796 644440 645030 644938 644904 644898 644612 644428 644412 644360 644366 645026 644992 644920 644856 644842 644822 644770 644786 644650 644322 644320 645062 645052 645058 644964 644902 644808 644820 644850 644830 644840 644556 645030 645046 644978 644952 644800 644796 644794 644652 644464 644402 644392 644320 644244 644250 644946 644910 644916 644830 644854 644754 644752 644766 644772 644748 644754 644760 644746 644768 644582 644558 644278 
644812 644824 644840 644780 644818 644856 644834 644882 644872 644884 644812 644916 644872 644954 644958 644960 644860 644784 644910 644742 644748 644884 644996 644948 645006 645008 644960 644710 645002 645006 644996 645072 644876 644694 644928 644918 644960 644976 644966 645052 645078 644714 644676 645064 645060 645108 645110 645116 644740 644606 644930 644918 644924 644902 644990 645160 644654 644600 644926 644952 644946 645056 645014 645080 644966 644610 645004 645008 645118 645112 644782 644598 644582 644530 644536 644952 644966 644990 645094 645064 645016 644940 644956 644820 644492 644490 644908 644920 644914 644938 644924 645046 645064 645094 645070 645084 644726 644908 644920 644904 644902 645038 645040 645038 644822 644634 644572 644562 644490 644414 644420 644896 644884 644890 644900 644876 644872 644990 645010 645016 644992 644998 645004 644990 645012 644752 644728 644448 
0 0 644859 0 0 0 644821 644869 644927 644907 644843 644787 644735 644749 0 644839 0 0 644697 0 644893 644675 0 0 644745 644791 0 0 0 0 0 0 0 644887 0 0 0 0 0 0 644745 0 0 0 0 0 0 0 645089 645099 0 0 0 0 0 0 645135 0 0 0 0 0 0 0 644863 645127 0 0 0 0 645035 0 645101 645061 645029 0 0 0 0 0 0 0 0 645009 645023 645021 0 0 0 0 0 0 0 0 0 0 0 0 0 0 0 644531 0 0 0 0 0 0 645005 644945 644889 0 0 0 0 0 0 0 0 0 0 0 0 0 0 644983 0 0 
0 644659 644659 644611 0 644731 644635 644683 644731 644707 644707 644613 644561 644575 644619 644665 644779 644827 644523 644851 644779 644501 0 644485 644571 644617 644695 644827 0 0 644437 0 644779 644803 0 644419 0 0 644419 644429 644571 644923 644899 0 644373 0 0 0 644899 644971 644359 0 0 644387 0 0 644971 644971 0 0 0 0 0 0 644689 644971 0 0 0 0 644873 644969 644945 644921 644971 0 0 0 0 0 0 644715 644699 644835 644897 644921 0 0 0 0 0 0 0 644551 644579 0 0 0 644219 0 0 644357 0 0 0 0 644889 644897 644849 644849 644947 0 644179 0 0 0 0 0 0 0 0 0 0 0 0 644853 0 644825 
644747 644759 644775 644811 644849 644671 644817 644769 644687 644723 644651 644851 644903 644889 644845 644799 644669 644593 644941 644551 644557 644963 644979 644979 644893 644847 644769 644519 644985 645037 645027 645007 644685 644503 645055 645045 645039 645055 645045 645035 644893 644523 644485 645047 645057 644991 644949 644955 644549 644415 645105 645093 645099 645077 645113 644953 644463 644409 645143 645127 645121 644987 644993 644915 644775 644419 645079 644939 644905 644899 644591 644407 644391 644339 644345 645117 645041 644921 644857 644843 644825 644749 644765 644629 644301 644299 645133 645121 645127 645013 644903 644809 644821 644851 644831 644841 644535 645099 645115 645069 645025 644801 644797 644795 644631 644443 644381 644371 644299 644223 644229 645019 644959 644965 644831 644855 644755 644753 644767 644773 644749 644755 644761 644747 644769 644561 644537 644257 
644759 644771 644787 644823 644861 644683 644829 644781 644699 644735 644663 644863 644915 644901 644857 644811 644681 644605 644953 644563 644569 644975 644991 644991 644905 644859 644781 644531 644997 645049 645039 645019 644697 644515 645067 645057 645051 645067 645057 645047 644905 644535 644497 645073 645073 645023 644961 644967 644561 644427 645117 645105 645111 645089 645121 644977 644475 644421 645137 645139 645133 645019 645025 644947 644787 644431 645111 644971 644937 644931 644603 644419 644403 644351 644357 645131 645073 644953 644889 644857 644833 644761 644777 644641 644313 644311 645097 645097 645097 645045 644935 644841 644853 644881 644857 644873 644547 645087 645097 645083 645057 644833 644829 644827 644643 644455 644393 644383 644311 644235 644241 645051 644991 644997 644863 644887 644787 644785 644799 644805 644781 644787 644793 644779 644801 644573 644549 644269 
644774 644786 644802 644838 644876 644698 644844 644796 644714 644750 644678 644878 644930 644916 644872 644826 644696 644620 644968 644578 644584 644990 645006 645006 644920 644874 644796 644546 645012 645064 645054 645018 644712 644530 645082 645072 645066 645082 645072 645042 644920 644550 644512 645040 645050 644984 644970 644970 644576 644442 645108 645096 645102 645080 645114 644946 644490 644436 645114 645114 645114 644980 644986 644908 644802 644446 645072 644932 644898 644892 644618 644434 644418 644366 644372 645068 645034 644914 644850 644836 644826 644776 644792 644656 644328 644326 645106 645094 645100 645006 644896 644802 644814 644844 644824 644834 644562 645072 645088 645020 644994 644794 644790 644788 644658 644470 644408 644398 644326 644250 644256 644988 644952 644958 644824 644848 644748 644746 644760 644766 644742 644748 644754 644740 644762 644588 644564 644284 
644800 644812 644828 644816 644854 644726 644846 644824 644742 644778 644706 644904 644908 644942 644900 644854 644724 644648 644946 644606 644612 644944 645008 644984 644948 644902 644824 644574 645014 645042 645032 645060 644740 644558 644996 644986 645020 645036 645026 645064 644948 644578 644540 645106 645096 645114 645004 645010 644604 644470 644998 644986 644992 644970 645058 645058 644518 644464 644994 645020 645014 645126 645118 645090 644830 644474 645106 645088 645080 645074 644646 644462 644446 644394 644400 645062 645102 645070 645032 644928 644880 644804 644820 644684 644356 644354 644976 644988 644982 645074 645028 644984 644950 644968 644940 644978 644590 645010 644994 645040 645038 644976 644972 644928 644686 644498 644436 644426 644354 644278 644284 645032 645020 645026 644980 644980 644928 644928 644942 644948 644924 644930 644936 644922 644906 644616 644592 644312 
644752 644764 644780 644816 644854 644676 644822 644774 644692 644728 644656 644856 644908 644894 644850 644804 644674 644598 644946 644556 644562 644946 644984 644984 644898 644852 644774 644524 644990 645042 645032 645012 644690 644508 644990 644980 645022 645038 645028 645040 644898 644528 644490 645106 645096 645066 644954 644960 644554 644420 644992 644980 644986 644964 645052 645008 644468 644414 644988 645014 645008 645102 645126 645054 644780 644424 645100 645102 645030 645030 644596 644412 644396 644344 644350 645056 645104 645102 645006 644878 644830 644754 644770 644634 644306 644304 644970 644982 644976 645104 645084 644990 644900 644918 644890 644928 644540 645004 644988 645056 645080 644982 644958 644878 644636 644448 644386 644376 644304 644228 644234 645080 645070 645076 645012 645036 644936 644934 644948 644954 644930 644936 644942 644886 644856 644566 644542 644262 
644783 644795 644811 644757 644795 644731 644811 644829 644747 644783 644711 644887 644849 644925 644905 644859 644729 644653 644887 644611 644617 644861 644973 644925 644953 644907 644829 644579 644979 644983 644973 645043 644745 644563 644905 644895 644937 644953 644943 645029 644953 644583 644545 645047 645037 645097 645009 645015 644609 644475 644907 644895 644901 644879 644967 645063 644523 644469 644903 644929 644923 645107 645101 645149 644835 644479 645015 645137 645111 645117 644651 644467 644451 644399 644405 644971 645053 645121 645107 644933 644885 644809 644825 644689 644361 644359 644885 644897 644891 645065 645055 645075 644955 644973 644945 644983 644595 644919 644903 645017 645033 645067 645059 644933 644691 644503 644441 644431 644359 644283 644289 645027 645015 645021 645031 645007 644997 645019 645033 645039 645015 645021 645027 644981 644911 644621 644597 644317 
0 0 0 0 0 0 0 0 0 0 0 0 0 0 0 0 0 0 0 0 0 0 0 0 0 0 0 0 0 0 0 0 0 643170 0 0 0 0 0 0 0 0 0 0 0 0 0 0 0 0 0 0 0 0 0 0 0 0 0 0 0 0 0 0 643293 0 0 0 0 0 0 0 0 0 0 0 0 0 0 0 0 0 0 0 0 0 0 0 0 0 0 0 0 0 0 0 0 0 0 0 0 0 0 0 0 0 0 0 0 0 642987 0 0 0 0 0 0 0 0 0 0 0 0 0 0 0 0 0 
0 0 0 0 0 0 0 0 643078 0 643036 0 0 0 0 0 0 0 0 0 643061 0 0 0 643054 0 0 0 0 0 0 0 0 643058 0 0 0 0 0 0 643074 0 0 0 0 0 0 0 643162 643164 0 0 0 0 0 0 0 0 0 0 0 0 0 0 643126 643178 0 0 0 0 0 0 0 643174 0 0 0 0 0 0 0 0 0 643174 0 0 0 0 0 0 0 0 0 0 0 0 0 0 0 0 0 642967 0 0 0 0 0 0 643180 0 643059 0 0 0 0 0 0 0 0 0 0 0 0 0 0 0 0 0 
643826 643838 643854 643866 643904 643786 643884 643860 643802 643826 643754 643930 643958 643968 643936 643902 643808 643756 643996 643726 643696 644006 644046 644034 643984 643950 643896 643682 644052 644092 644082 644086 643836 643654 644077 644067 644082 644098 644088 644102 644008 643734 643684 644156 644146 644134 644052 644058 643748 643650 644079 644067 644073 644051 644139 644106 643698 643656 644075 644101 644095 644143 644146 644107 643938 643666 644173 644119 644102 644099 643814 643666 643662 643622 643580 644125 644161 644110 644078 644036 644000 643936 643952 643840 643596 643582 644057 644069 644063 644147 644101 644054 644050 644062 644048 644062 643782 644077 644075 644106 644117 644050 644048 644038 643866 643726 643676 643666 643618 643542 643452 644114 644120 644123 644065 644077 644027 644026 644033 644036 644024 644027 644030 644023 644026 643820 643808 643588 
644791 644803 644819 644761 644799 644715 644815 644813 644731 644767 644695 644895 644853 644933 644889 644843 644713 644637 644891 644595 644601 644865 644977 644929 644937 644891 644813 644563 644983 644987 644977 645051 644729 644547 644909 644899 644941 644957 644947 645033 644937 644567 644529 645051 645041 645105 644993 644999 644593 644459 644911 644899 644905 644883 644971 645047 644507 644453 644907 644933 644927 645111 645105 645133 644819 644463 645019 645135 645095 645101 644635 644451 644435 644383 644389 644975 645057 645135 645085 644917 644869 644793 644809 644673 644345 644343 644889 644901 644895 645063 645071 645071 644939 644957 644929 644967 644579 644923 644907 645015 645039 645063 645037 644917 644675 644487 644425 644415 644343 644267 644273 645039 645031 645037 645047 645023 645017 645015 645029 645035 645011 645017 645023 644965 644895 644605 644581 644301 
644805 644817 644833 644773 644811 644805 644827 644875 644821 644857 644785 644909 644865 644947 644951 644933 644803 644727 644903 644685 644691 644877 644989 644941 644999 644981 644903 644653 644995 644999 644989 645065 644819 644637 644921 644911 644953 644969 644959 645045 645027 644657 644619 645063 645053 645115 645083 645089 644683 644549 644923 644911 644917 644895 644983 645137 644597 644543 644919 644945 644939 645091 645067 645137 644909 644553 645019 645065 645143 645143 644725 644541 644525 644473 644479 644971 645019 645047 645107 645007 644959 644883 644899 644763 644435 644433 644901 644913 644907 644995 644981 645059 645023 645047 645019 645047 644669 644923 644919 644961 644959 645051 645047 644999 644765 644577 644515 644505 644433 644357 644363 644953 644941 644947 644957 644933 644929 645003 645017 645023 644999 645005 645011 644997 644975 644695 644671 644391 
644783 644795 644811 644751 644789 644811 644805 644853 644827 644839 644767 644887 644843 644925 644929 644915 644811 644735 644881 644693 644699 644855 644967 644919 644977 644963 644911 644661 644973 644977 644967 645043 644827 644645 644899 644889 644931 644947 644937 645023 645033 644665 644627 645041 645031 645089 645065 645071 644691 644557 644901 644889 644895 644873 644961 645119 644605 644551 644897 644923 644917 645065 645041 645113 644917 644561 644993 645057 645121 645121 644733 644549 644533 644481 644487 644945 644993 645039 645121 645015 644967 644891 644907 644771 644443 644441 644879 644891 644885 644987 644973 645079 645027 645051 645027 645051 644677 644897 644897 644945 644951 645071 645069 645003 644773 644585 644523 644513 644441 644365 644371 644945 644933 644939 644949 644925 644921 645023 645039 645045 645021 645027 645033 645003 644979 644703 644679 644399 
0 0 638082 0 0 0 638100 638100 638066 638078 638006 638112 638112 638112 0 638112 0 0 638112 0 637984 638112 0 0 638112 638112 0 0 0 0 0 0 0 637954 0 0 0 0 0 0 638112 0 0 0 0 0 0 0 638096 638026 0 0 0 0 0 0 638074 0 0 0 0 0 0 0 638112 638030 0 0 0 0 638112 0 638002 637950 637956 0 0 0 0 0 0 0 0 638112 637912 637910 0 0 0 0 0 0 0 0 0 0 0 0 0 0 0 638112 0 0 0 0 0 0 637910 637834 637824 0 0 0 0 0 0 0 0 0 0 0 0 0 0 638056 0 0 
0 0 634038 0 0 0 634038 634038 634038 634038 634000 634038 634038 634038 0 634038 0 0 634038 634038 633978 634038 0 0 634038 634038 634038 0 0 0 0 0 0 633948 0 0 0 0 0 0 634038 634038 0 0 0 0 0 0 634038 634028 0 0 0 0 0 0 634038 0 0 0 0 0 0 0 634038 634038 0 0 0 0 634038 634038 634038 634024 633958 0 0 0 0 0 0 0 0 634038 633996 633994 0 0 0 0 0 0 0 0 0 0 0 0 0 0 0 634038 0 0 0 0 0 0 633952 633918 633818 0 634038 0 0 0 0 0 0 0 0 0 0 0 0 634038 0 633928 
0 0 644788 0 0 0 644778 644826 644844 644832 644760 644778 644726 644740 0 644830 0 0 644688 0 644810 644666 0 0 644736 644782 0 0 0 0 0 0 0 644804 0 0 0 0 0 0 644736 0 0 0 0 0 0 0 645042 645040 0 0 0 0 0 0 645088 0 0 0 0 0 0 0 644854 645068 0 0 0 0 645038 0 645088 645060 644970 0 0 0 0 0 0 0 0 645000 645032 645020 0 0 0 0 0 0 0 0 0 0 0 0 0 0 0 644522 0 0 0 0 0 0 645030 644954 644818 0 0 0 0 0 0 0 0 0 0 0 0 0 0 645008 0 0 
0 0 643761 0 0 0 643719 643767 643847 643813 643823 643685 643633 643647 0 643737 0 0 643595 643967 643886 643573 0 0 643643 643689 643767 0 0 0 0 0 0 643895 0 0 0 0 0 0 643643 644013 0 0 0 0 0 0 643987 644087 0 0 0 0 0 0 644073 0 0 0 0 0 0 0 643761 644111 0 0 0 0 643945 644129 644145 644171 644068 0 0 0 0 0 0 0 0 643907 644171 644171 0 0 0 0 0 0 0 0 0 0 0 0 0 0 0 643429 0 0 0 0 0 0 644153 644171 643974 0 643251 0 0 0 0 0 0 0 0 0 0 0 0 643975 0 644171 
0 0 644792 0 0 0 644750 644798 644880 644844 644916 644716 644664 644678 0 644768 0 0 644626 0 644994 644604 0 0 644674 644720 0 0 0 0 0 0 0 645018 0 0 0 0 0 0 644674 0 0 0 0 0 0 0 645006 645068 0 0 0 0 0 0 645020 0 0 0 0 0 0 0 644792 645028 0 0 0 0 644916 0 644960 644964 645102 0 0 0 0 0 0 0 0 644902 644954 645004 0 0 0 0 0 0 0 0 0 0 0 0 0 0 0 644460 0 0 0 0 0 0 644860 644936 644986 0 0 0 0 0 0 0 0 0 0 0 0 0 0 644838 0 0 
644689 644701 644717 644753 644791 644613 644759 644711 644629 644665 644593 644793 644845 644831 644787 644741 644611 644535 644883 644493 644499 644905 644921 644921 644835 644789 644711 644461 644927 644979 644969 644949 644627 644445 644997 644987 644981 644997 644987 644977 644835 644465 644427 645043 645033 645003 644891 644897 644491 644357 645047 645035 645041 645019 645059 644945 644405 644351 645073 645069 645063 645045 645069 644997 644717 644361 645107 645035 644973 644973 644533 644349 644333 644281 644287 645141 645117 645017 644949 644815 644767 644691 644707 644571 644243 644241 645055 645067 645061 645109 644999 644905 644837 644855 644827 644865 644477 645089 645073 645147 645121 644897 644893 644815 644573 644385 644323 644313 644241 644165 644171 645115 645055 645061 644927 644951 644851 644849 644863 644869 644845 644851 644857 644829 644793 644503 644479 644199 
644692 644704 644720 644756 644794 644616 644762 644714 644632 644668 644596 644796 644848 644834 644790 644744 644614 644538 644886 644496 644502 644906 644924 644924 644838 644792 644714 644464 644930 644982 644972 644952 644630 644448 644974 644964 644982 644998 644988 644980 644838 644468 644430 645046 645036 645006 644894 644900 644494 644360 645000 644988 644994 644972 645036 644948 644408 644354 644996 645022 645016 645058 645096 645024 644720 644364 645084 645072 644996 645000 644536 644352 644336 644284 644290 645064 645118 645072 644976 644818 644770 644694 644710 644574 644246 644244 644978 644990 644984 645118 645076 644976 644840 644858 644830 644868 644480 645012 644996 645094 645118 644974 644928 644818 644576 644388 644326 644316 644244 644168 644174 645118 645106 645112 645004 645028 644928 644926 644940 644946 644922 644928 644934 644856 644796 644506 644482 644202 
644706 644718 644734 644739 644777 644630 644772 644728 644646 644682 644610 644810 644831 644848 644804 644758 644628 644552 644869 644510 644516 644843 644934 644907 644852 644806 644728 644478 644940 644965 644955 644966 644644 644462 644887 644877 644919 644935 644925 644990 644852 644482 644444 645029 645019 645020 644908 644914 644508 644374 644889 644877 644883 644861 644949 644962 644422 644368 644885 644911 644905 645068 645083 645048 644734 644378 644997 645116 645010 645016 644550 644366 644350 644298 644304 644953 645035 645125 645010 644832 644784 644708 644724 644588 644260 644258 644867 644879 644873 645063 645101 645025 644854 644872 644844 644882 644494 644901 644885 645001 645051 645021 644974 644832 644590 644402 644340 644330 644258 644182 644188 645051 645057 645060 645071 645068 644999 644997 644992 644995 644983 644986 644989 644880 644810 644520 644496 644216 
644744 644756 644772 644752 644790 644740 644790 644790 644756 644768 644696 644848 644844 644886 644866 644844 644764 644688 644882 644646 644652 644856 644952 644920 644914 644892 644862 644614 644958 644978 644968 645004 644780 644598 644900 644890 644932 644948 644938 645008 644962 644618 644580 645042 645032 645058 644994 645000 644644 644510 644902 644890 644896 644874 644962 645048 644558 644504 644898 644924 644918 645084 645076 645084 644870 644514 645010 645084 645084 645084 644686 644502 644486 644434 644440 644966 645028 645070 645084 644968 644920 644844 644860 644724 644396 644394 644880 644892 644886 645028 645020 645054 644990 645008 644980 645018 644630 644914 644898 644980 644998 645046 645062 644968 644726 644538 644476 644466 644394 644318 644324 644992 644980 644986 644980 644972 644928 644998 645036 645042 645018 645024 645030 644990 644946 644656 644632 644352 
644748 644760 644776 644716 644754 644816 644770 644818 644832 644820 644748 644852 644808 644890 644894 644896 644862 644834 644846 644816 644750 644820 644932 644884 644942 644944 644938 644760 644938 644942 644932 645008 644902 644720 644864 644854 644896 644912 644902 644988 645038 644790 644752 644974 644974 645022 645046 645052 644816 644682 644866 644854 644860 644838 644926 645070 644730 644676 644862 644888 644882 644980 644938 645004 645016 644686 644926 644932 645042 645036 644858 644674 644658 644606 644612 644876 644890 644914 645042 645094 645090 645016 645032 644896 644568 644566 644830 644830 644830 644862 644848 644994 645094 645094 645094 645094 644802 644830 644830 644828 644826 644986 645030 645094 644898 644710 644648 644638 644566 644490 644496 644820 644808 644814 644824 644800 644796 644938 644976 644982 644958 644964 644970 645052 645072 644828 644804 644524 
644689 644701 644717 644657 644695 644757 644711 644759 644773 644761 644689 644793 644749 644831 644835 644837 644851 644845 644787 644827 644739 644761 644873 644825 644883 644885 644903 644771 644879 644883 644873 644949 644913 644731 644805 644795 644837 644853 644843 644929 644979 644829 644791 644909 644909 644957 644987 644993 644855 644721 644807 644795 644801 644779 644861 645005 644769 644715 644803 644829 644823 644933 644899 644965 645027 644725 644861 644893 645003 644997 644897 644713 644697 644645 644651 644813 644851 644875 645003 645099 645099 645049 645065 644935 644607 644605 644765 644765 644765 644823 644809 644955 645099 645099 645099 645099 644841 644765 644765 644789 644787 644947 645039 645099 644937 644749 644687 644677 644605 644529 644535 644781 644769 644775 644785 644761 644757 644899 644961 644967 644943 644949 644955 645083 645099 644867 644843 644563 
0 640193 640209 640149 0 640249 640203 640251 640265 640253 640181 640285 640241 640323 0 640329 0 640363 640279 640355 640231 640253 0 0 640353 640377 640395 0 0 0 0 0 640407 640225 0 0 0 0 0 0 640401 640399 640337 0 0 0 0 0 640401 640339 0 0 0 640209 0 0 640387 0 0 0 0 0 0 0 640497 640367 0 0 0 0 640491 640379 640387 640359 640269 0 0 0 0 0 0 640507 640507 640505 640345 640319 0 0 0 0 0 0 0 0 0 0 0 0 0 0 0 640401 0 0 0 0 0 0 640391 640315 640129 0 640233 0 0 0 0 0 0 0 0 0 0 0 0 640507 0 640373 
0 640254 640270 640210 0 640310 640264 640312 640326 640314 640242 640346 640302 640384 0 640390 0 640424 640340 640430 640292 640314 0 0 640436 640438 640456 0 0 0 0 0 640468 640286 0 0 0 0 0 0 640508 640484 640422 0 0 0 0 0 640486 640424 0 0 0 640316 0 0 640472 0 0 0 0 0 0 0 640604 640452 0 0 0 0 640576 640464 640472 640444 640354 0 0 0 0 0 0 640638 640638 640590 640430 640404 0 0 0 0 0 0 0 0 0 0 0 0 0 0 0 640508 0 0 0 0 0 0 640476 640400 640214 0 640340 0 0 0 0 0 0 0 0 0 0 0 0 640618 0 640458 
0 0 0 0 0 0 0 0 0 0 0 0 0 0 0 0 0 0 0 0 0 0 0 0 0 0 0 0 0 0 0 0 0 642820 0 0 0 0 0 0 0 0 0 0 0 0 0 0 0 0 0 0 0 0 0 0 0 0 0 0 0 0 0 0 642961 0 0 0 0 0 0 0 0 0 0 0 0 0 0 0 0 0 0 643003 0 0 0 0 0 0 0 0 0 0 0 0 0 0 0 0 0 0 0 0 0 0 0 0 0 0 642821 0 0 0 0 0 0 0 0 0 0 0 0 0 0 0 0 0 
0 0 638040 0 0 0 638040 638040 638040 638040 638012 638040 638040 638040 0 638040 0 0 638040 0 637990 638040 0 0 638040 638040 0 0 0 0 0 0 0 637960 0 0 0 0 0 0 638040 0 0 0 0 0 0 0 638040 638040 0 0 0 0 0 0 638040 0 0 0 0 0 0 0 638040 638040 0 0 0 0 638040 0 638040 638040 637970 0 0 0 0 0 0 0 0 638040 638040 638020 0 0 0 0 0 0 0 0 0 0 0 0 0 0 0 638040 0 0 0 0 0 0 638030 638006 637830 0 0 0 0 0 0 0 0 0 0 0 0 0 0 638040 0 0 
0 0 637902 0 0 0 637902 637902 637902 637902 637902 637902 637902 637902 0 637902 0 0 637902 0 637898 637902 0 0 637902 637902 0 0 0 0 0 0 0 637868 0 0 0 0 0 0 637902 0 0 0 0 0 0 0 637902 637902 0 0 0 0 0 0 637902 0 0 0 0 0 0 0 637902 637902 0 0 0 0 637902 0 637902 637902 637878 0 0 0 0 0 0 0 0 637902 637890 637902 0 0 0 0 0 0 0 0 0 0 0 0 0 0 0 637902 0 0 0 0 0 0 637842 637842 637738 0 0 0 0 0 0 0 0 0 0 0 0 0 0 637902 0 0 
644090 644102 644118 644154 644192 644014 644160 644112 644030 644066 643994 644194 644246 644232 644188 644142 644012 643936 644284 643894 643900 644306 644322 644322 644236 644190 644112 643862 644328 644380 644370 644350 644028 643846 644398 644388 644382 644398 644388 644378 644236 643866 643828 644424 644429 644372 644292 644298 643892 643758 644448 644436 644442 644420 644460 644329 643806 643752 644492 644470 644464 644382 644397 644322 644118 643762 644464 644358 644305 644302 643934 643750 643734 643682 643688 644510 644445 644349 644269 644214 644168 644092 644108 643972 643644 643642 644554 644555 644558 644431 644352 644245 644203 644230 644208 644225 643878 644544 644552 644486 644449 644241 644215 644178 643974 643786 643724 643714 643642 643566 643572 644446 644404 644407 644304 644328 644254 644217 644212 644215 644203 644206 644209 644154 644153 643904 643880 643600 
644659 644671 644687 644723 644761 644583 644729 644681 644599 644635 644563 644763 644815 644801 644757 644711 644581 644505 644853 644463 644469 644875 644891 644891 644805 644759 644681 644431 644897 644949 644939 644919 644597 644415 644967 644957 644951 644967 644957 644947 644805 644435 644397 644981 644981 644933 644861 644867 644461 644327 645017 645005 645011 644989 645029 644885 644375 644321 645061 645039 645033 644957 644971 644893 644687 644331 645029 644917 644883 644877 644503 644319 644303 644251 644257 645077 645019 644899 644835 644765 644737 644661 644677 644541 644213 644211 645125 645125 645125 644991 644881 644787 644765 644789 644765 644789 644447 645125 645125 645053 645003 644779 644775 644741 644543 644355 644293 644283 644211 644135 644141 644997 644937 644943 644809 644833 644733 644731 644745 644751 644727 644733 644739 644725 644717 644473 644449 644169 
644680 644692 644708 644744 644782 644604 644750 644702 644620 644656 644584 644784 644836 644822 644778 644732 644602 644526 644874 644484 644490 644896 644912 644912 644826 644780 644702 644452 644918 644970 644960 644940 644618 644436 644988 644978 644972 644988 644978 644968 644826 644456 644418 645034 645024 644990 644882 644888 644482 644348 645038 645026 645032 645010 645050 644936 644396 644342 645082 645060 645054 645006 645012 644934 644708 644352 645086 644958 644924 644918 644524 644340 644324 644272 644278 645134 645060 644940 644876 644806 644758 644682 644698 644562 644234 644232 645132 645144 645138 645032 644922 644828 644822 644846 644818 644846 644468 645154 645150 645094 645044 644820 644816 644798 644564 644376 644314 644304 644232 644156 644162 645038 644978 644984 644850 644874 644774 644772 644786 644792 644768 644774 644780 644766 644774 644494 644470 644190 
644724 644736 644752 644788 644826 644648 644794 644746 644664 644700 644628 644828 644880 644866 644822 644776 644646 644570 644918 644528 644534 644940 644956 644956 644870 644824 644746 644496 644962 645014 645004 644984 644662 644480 645008 644998 645016 645032 645022 645012 644870 644500 644462 645078 645068 645038 644926 644932 644526 644392 645012 645000 645006 644984 645070 644980 644440 644386 645008 645034 645028 645090 645120 645048 644752 644396 645118 645096 645024 645024 644568 644384 644368 644316 644322 645076 645144 645082 645000 644850 644802 644726 644742 644606 644278 644276 644990 645002 644996 645144 645064 644970 644872 644890 644862 644900 644512 645024 645008 645098 645116 644962 644952 644850 644608 644420 644358 644348 644276 644200 644206 645110 645096 645102 644992 645016 644916 644914 644928 644934 644910 644916 644922 644880 644828 644538 644514 644234 
644000 644012 644028 644040 644078 643960 644058 644034 643976 644000 643928 644104 644132 644142 644110 644076 643982 643907 644170 643865 643870 644156 644220 644208 644158 644124 644070 643833 644226 644266 644256 644260 643999 643817 644212 644202 644232 644248 644238 644276 644182 643837 643799 644330 644320 644314 644226 644232 643863 643729 644226 644214 644220 644198 644274 644280 643777 643723 644234 644248 644242 644354 644384 644354 644089 643733 644322 644394 644328 644334 643905 643721 643705 643653 643659 644302 644360 644403 644339 644187 644139 644063 644079 643943 643615 643613 644240 644252 644246 644381 644436 644363 644209 644227 644199 644237 643849 644274 644258 644350 644375 644367 644321 644187 643945 643757 643695 643685 643613 643537 643543 644378 644408 644405 644404 644416 644366 644365 644360 644357 644363 644366 644363 644235 644165 643875 643851 643571 
644751 644763 644779 644727 644765 644723 644781 644797 644739 644775 644703 644855 644819 644893 644873 644851 644721 644645 644857 644603 644609 644831 644943 644895 644921 644899 644821 644571 644949 644953 644943 645011 644737 644555 644875 644865 644907 644923 644913 644999 644945 644575 644537 645017 645007 645065 645001 645007 644601 644467 644877 644865 644871 644849 644937 645055 644515 644461 644873 644899 644893 645077 645071 645117 644827 644471 644985 645125 645103 645109 644643 644459 644443 644391 644397 644941 645023 645129 645103 644925 644877 644801 644817 644681 644353 644351 644855 644867 644861 645051 645063 645105 644947 644965 644937 644975 644587 644889 644873 644989 645035 645097 645067 644925 644683 644495 644433 644423 644351 644275 644281 645035 645023 645029 645039 645015 645003 645049 645063 645069 645045 645051 645057 644973 644903 644613 644589 644309 
644638 644650 644666 644606 644644 644642 644660 644692 644658 644670 644598 644742 644698 644780 644768 644746 644688 644660 644736 644642 644576 644710 644822 644774 644816 644794 644764 644586 644828 644832 644822 644898 644728 644546 644754 644744 644786 644802 644792 644878 644864 644640 644602 644896 644886 644952 644896 644902 644666 644532 644756 644744 644750 644728 644816 644950 644580 644526 644752 644778 644772 644940 644916 644972 644842 644536 644864 644940 644972 644972 644708 644524 644508 644456 644462 644820 644868 644940 644972 644940 644916 644864 644880 644746 644418 644416 644734 644746 644740 644868 644916 644972 644962 644956 644952 644966 644652 644768 644752 644820 644844 644972 644972 644964 644748 644560 644498 644488 644416 644340 644346 644844 644868 644868 644940 644916 644946 644972 644972 644972 644972 644972 644972 644972 644966 644678 644654 644374 
0 644771 644787 644775 0 644755 644805 644805 644771 644783 644711 644863 644867 644901 644881 644859 644801 644747 644905 644705 644689 644903 0 644943 644929 644907 644877 644673 0 0 644991 0 644839 644657 0 644937 0 0 644985 645023 644977 644677 644639 0 645055 0 0 0 644703 644569 644949 0 0 644921 0 0 644617 644563 0 0 0 0 0 0 644929 644573 0 0 0 0 644745 644561 644545 644493 644499 0 0 0 0 0 0 644903 644919 644783 644455 644453 0 0 0 0 0 0 0 645059 645035 0 0 0 644941 0 0 644955 0 0 0 0 644535 644525 644453 644377 644383 0 644921 0 0 0 0 0 0 0 0 0 0 0 0 644715 0 644411 
0 644704 644720 644660 0 644760 644714 644762 644776 644764 644692 644796 644752 644834 644838 644840 644854 644842 644790 644802 644742 644764 0 644828 644886 644888 644906 644768 0 0 644876 0 644910 644728 0 644798 0 0 644846 644932 644982 644774 644736 0 644940 0 0 0 644800 644666 644810 0 0 644782 0 0 644714 644660 0 0 0 0 0 0 645024 644670 0 0 0 0 644842 644658 644642 644590 644596 0 0 0 0 0 0 645000 645016 644880 644552 644550 0 0 0 0 0 0 0 645138 645134 0 0 0 644806 0 0 645002 0 0 0 0 644632 644622 644550 644474 644480 0 644824 0 0 0 0 0 0 0 0 0 0 0 0 644812 0 644508 
644690 644702 644718 644658 644696 644758 644712 644760 644774 644762 644690 644794 644750 644832 644836 644838 644850 644798 644788 644756 644738 644762 644874 644826 644884 644886 644904 644724 644880 644884 644874 644950 644890 644708 644806 644796 644838 644854 644844 644930 644980 644728 644690 644948 644938 645004 644988 644994 644754 644620 644808 644796 644802 644780 644868 645042 644668 644614 644804 644830 644824 644990 644966 645038 644980 644624 644916 644990 645062 645062 644796 644612 644596 644544 644550 644870 644918 644976 645086 645078 645030 644954 644970 644834 644506 644504 644786 644798 644792 644918 644910 645056 645100 645118 645090 645128 644740 644820 644804 644870 644888 645048 645132 645078 644836 644648 644586 644576 644504 644428 644434 644882 644870 644876 644886 644862 644858 645000 645062 645068 645044 645050 645056 645084 645056 644766 644742 644462 
644718 644730 644746 644686 644724 644786 644740 644788 644802 644790 644718 644800 644752 644800 644824 644848 644880 644900 644752 644906 644768 644728 644724 644724 644810 644848 644896 644826 644718 644666 644676 644696 644944 644762 644648 644658 644664 644648 644658 644668 644810 645022 644936 644602 644612 644642 644754 644748 645000 645010 644598 644610 644604 644626 644586 644700 645058 645050 644554 644576 644582 644590 644548 644614 644928 645060 644538 644542 644652 644646 645088 645064 645048 644996 644940 644486 644500 644524 644652 644830 644878 644954 644938 645064 644958 644956 644476 644464 644470 644472 644458 644604 644808 644790 644818 644780 645134 644442 644458 644438 644436 644596 644688 644830 645072 645078 645038 645028 644956 644880 644776 644430 644418 644424 644434 644410 644406 644548 644610 644616 644592 644598 644604 644782 644852 645108 645084 644914 
644378 644390 644406 644442 644480 644302 644448 644400 644318 644354 644282 644482 644534 644520 644476 644430 644300 644224 644572 644182 644188 644594 644610 644610 644524 644478 644400 644150 644616 644668 644658 644638 644316 644134 644686 644676 644670 644686 644676 644666 644524 644154 644116 644721 644716 644677 644580 644586 644180 644046 644736 644724 644730 644708 644748 644624 644094 644040 644780 644758 644752 644699 644714 644639 644406 644050 644777 644675 644622 644619 644222 644038 644022 643970 643976 644827 644762 644666 644586 644499 644456 644380 644396 644260 643932 643930 644856 644862 644859 644748 644669 644562 644510 644531 644505 644536 644166 644873 644865 644803 644766 644558 644532 644487 644262 644074 644012 644002 643930 643854 643860 644763 644721 644724 644621 644645 644571 644534 644529 644532 644520 644523 644526 644471 644464 644192 644168 643888 
0 644693 644709 644745 0 644605 644751 644703 644621 644657 644585 644785 644837 644823 644779 644733 644603 644527 644875 644485 644491 644897 0 644913 644827 644781 644703 644453 0 0 644961 0 644619 644437 0 644979 0 0 644979 644969 644827 644457 644419 0 645025 0 0 0 644483 644349 645039 0 0 645011 0 0 644397 644343 0 0 0 0 0 0 644709 644353 0 0 0 0 644525 644341 644325 644273 644279 0 0 0 0 0 0 644683 644699 644563 644235 644233 0 0 0 0 0 0 0 644845 644819 0 0 0 645129 0 0 644841 0 0 0 0 644315 644305 644233 644157 644163 0 644999 0 0 0 0 0 0 0 0 0 0 0 0 644495 0 644191 
643818 643830 643846 643858 643896 643778 643876 643852 643794 643818 643746 643922 643950 643960 643928 643894 643800 643748 643988 643718 643688 643998 644038 644026 643976 643942 643888 643674 644044 644084 644074 644078 643828 643646 644078 644068 644074 644090 644080 644094 644000 643726 643676 644148 644138 644132 644044 644050 643740 643618 644116 644104 644110 644088 644140 644098 643666 643612 644140 644138 644132 644172 644202 644166 643930 643622 644188 644189 644146 644152 643794 643610 643594 643542 643548 644208 644226 644180 644142 644028 643992 643928 643944 643832 643504 643502 644134 644146 644140 644226 644171 644124 644050 644056 644040 644066 643738 644168 644152 644242 644232 644120 644118 644040 643834 643646 643584 643574 643502 643426 643432 644229 644199 644202 644135 644147 644097 644096 644103 644106 644094 644097 644100 644082 644030 643764 643740 643460 
644635 644647 644663 644699 644737 644559 644705 644657 644575 644611 644539 644739 644791 644777 644733 644687 644557 644481 644829 644439 644445 644851 644867 644867 644781 644735 644657 644407 644873 644925 644915 644895 644573 644391 644943 644933 644927 644943 644933 644923 644781 644411 644373 644989 644979 644949 644837 644843 644437 644303 644993 644981 644987 644965 645005 644891 644351 644297 645015 645015 645009 645001 645043 644977 644663 644307 645053 645049 644939 644945 644479 644295 644279 644227 644233 645083 645091 645063 644939 644761 644713 644637 644653 644517 644189 644187 645005 645017 645011 645119 645049 644955 644783 644801 644773 644811 644423 645039 645023 645131 645155 644947 644903 644761 644519 644331 644269 644259 644187 644111 644117 645159 645105 645111 644977 645001 644901 644899 644913 644919 644895 644901 644907 644809 644739 644449 644425 644145 
0 0 0 0 0 0 0 0 642437 0 642301 0 0 0 0 0 0 0 0 0 642177 0 0 0 642837 0 0 0 0 0 0 0 0 642066 0 0 0 0 0 0 642952 0 0 0 0 0 0 0 642267 641935 0 0 0 0 0 0 0 0 0 0 0 0 0 0 642770 641945 0 0 0 0 0 0 0 641745 0 0 0 0 0 0 0 0 0 642470 0 0 0 0 0 0 0 0 0 0 0 0 0 0 0 0 0 643265 0 0 0 0 0 0 641645 0 641470 0 0 0 0 0 0 0 0 0 0 0 0 0 0 0 0 0 
644678 644690 644706 644646 644684 644746 644700 644748 644762 644750 644678 644782 644738 644820 644824 644826 644816 644766 644776 644724 644704 644750 644862 644814 644872 644874 644892 644692 644868 644872 644862 644938 644856 644674 644794 644784 644826 644842 644832 644918 644968 644696 644658 644936 644926 644992 644976 644982 644722 644588 644796 644784 644790 644768 644856 645030 644636 644582 644792 644818 644812 644996 644990 645068 644948 644592 644904 645024 645078 645084 644764 644580 644564 644512 644518 644860 644942 645008 645120 645046 644998 644922 644938 644802 644474 644472 644774 644786 644780 644952 644942 645088 645068 645084 645058 645094 644708 644808 644792 644904 644920 645080 645144 645046 644804 644616 644554 644544 644472 644396 644402 644914 644902 644908 644918 644894 644890 645032 645094 645100 645076 645082 645088 645094 645024 644734 644710 644430 
644652 644664 644680 644620 644658 644720 644674 644722 644736 644724 644652 644756 644712 644794 644798 644800 644814 644834 644750 644840 644702 644724 644836 644788 644846 644848 644866 644760 644842 644846 644836 644912 644878 644696 644768 644758 644800 644816 644806 644892 644942 644836 644798 644910 644900 644966 644950 644956 644862 644728 644770 644758 644764 644742 644830 645004 644776 644722 644766 644792 644786 644934 644892 644958 645016 644732 644878 644886 644996 644990 644904 644720 644704 644652 644658 644830 644844 644868 644996 645114 645114 645062 645078 644942 644614 644612 644748 644760 644754 644816 644802 644948 645136 645106 645126 645116 644848 644782 644766 644782 644780 644940 645032 645162 644944 644756 644694 644684 644612 644536 644542 644774 644762 644768 644778 644754 644750 644892 644954 644960 644936 644942 644948 645126 645164 644874 644850 644570 
644012 644024 644040 643980 644018 644080 644034 644082 644096 644084 644012 644114 644068 644133 644147 644160 644174 644194 644087 644200 644062 644062 644134 644106 644171 644184 644217 644120 644131 644093 644098 644132 644238 644056 644060 644065 644080 644072 644077 644106 644225 644316 644230 644061 644066 644105 644185 644182 644294 644283 644023 644029 644026 644037 644029 644158 644331 644289 643989 644012 644015 644067 644034 644103 644328 644299 644005 644043 644134 644131 644416 644299 644295 644255 644213 643955 643986 644034 644146 644283 644319 644369 644361 644399 644229 644215 643926 643920 643923 643972 643989 644122 644272 644251 644277 644246 644403 643909 643917 643931 643942 644118 644188 644295 644451 644357 644309 644299 644251 644175 644070 643939 643945 643948 643989 643965 643987 644094 644137 644140 644128 644131 644134 644271 644318 644416 644404 644221 
644556 644568 644584 644524 644562 644624 644578 644626 644640 644628 644556 644623 644573 644604 644638 644673 644718 644738 644554 644744 644606 644531 644547 644535 644614 644649 644712 644664 644544 644492 644502 644522 644774 644600 644473 644478 644490 644474 644484 644494 644636 644860 644774 644428 644438 644468 644580 644574 644838 644847 644424 644436 644430 644450 644412 644526 644895 644877 644380 644402 644408 644416 644374 644440 644745 644887 644364 644368 644478 644472 644897 644911 644931 644915 644777 644312 644326 644350 644478 644656 644704 644780 644764 644866 644913 644875 644302 644290 644296 644298 644284 644430 644634 644616 644644 644606 644936 644268 644284 644264 644262 644422 644514 644656 644888 644982 644993 644983 644935 644859 644614 644256 644244 644250 644260 644236 644232 644374 644436 644442 644418 644424 644430 644608 644678 644923 644935 644905 
0 637912 637928 637916 0 637896 637946 637946 637912 637924 637852 637970 637970 637970 637970 637970 637942 637914 637970 637896 637830 637970 0 637970 637970 637970 637970 637840 0 0 637970 0 637970 637800 0 637970 0 0 637970 637970 637970 637940 637878 0 637970 0 0 0 637942 637880 637970 0 0 637970 0 0 637928 637898 0 0 0 0 0 0 637970 637908 0 0 0 0 637970 637920 637928 637900 637810 0 0 0 0 0 0 637970 637970 637970 637886 637860 0 0 0 0 0 0 0 637970 637970 0 0 0 637970 0 0 637970 0 0 0 0 637966 637956 637932 637856 637670 0 637970 0 0 0 0 0 0 0 0 0 0 0 0 637970 0 637892 
0 634942 634958 634946 0 634926 634976 634976 634942 634954 634882 634992 634992 634992 634992 634992 634972 634944 634992 634926 634860 634992 0 634992 634992 634992 634992 634870 0 0 634992 0 634992 634830 0 634992 0 0 634992 634992 634992 634970 634908 0 634992 0 0 0 634972 634910 634992 0 0 634992 0 0 634958 634928 0 0 0 0 0 0 634992 634938 0 0 0 0 634992 634950 634958 634930 634840 0 0 0 0 0 0 634992 634992 634992 634916 634890 0 0 0 0 0 0 0 634992 634992 0 0 0 634992 0 0 634992 0 0 0 0 634992 634986 634938 634862 634700 0 634992 0 0 0 0 0 0 0 0 0 0 0 0 634992 0 634896 
0 0 637993 0 0 0 637993 637993 637993 637993 637965 637993 637993 637993 0 637993 0 0 637993 0 637943 637993 0 0 637993 637993 0 0 0 0 0 0 0 637913 0 0 0 0 0 0 637993 0 0 0 0 0 0 0 637993 637993 0 0 0 0 0 0 637993 0 0 0 0 0 0 0 637993 637993 0 0 0 0 637993 0 637993 637993 637923 0 0 0 0 0 0 0 0 637993 637993 637973 0 0 0 0 0 0 0 0 0 0 0 0 0 0 0 637993 0 0 0 0 0 0 637993 637969 637783 0 0 0 0 0 0 0 0 0 0 0 0 0 0 637993 0 0 
0 0 644630 0 0 0 644588 644636 644718 644682 644744 644554 644502 644516 0 644606 0 0 644464 0 644816 644442 0 0 644512 644558 0 0 0 0 0 0 0 644836 0 0 0 0 0 0 644512 0 0 0 0 0 0 0 644856 644990 0 0 0 0 0 0 644942 0 0 0 0 0 0 0 644630 644986 0 0 0 0 644814 0 645014 645066 645008 0 0 0 0 0 0 0 0 644776 645092 645104 0 0 0 0 0 0 0 0 0 0 0 0 0 0 0 644298 0 0 0 0 0 0 645046 645116 644850 0 0 0 0 0 0 0 0 0 0 0 0 0 0 644844 0 0 
0 0 0 0 0 0 0 0 644740 0 644776 0 0 0 0 0 0 0 0 0 644870 0 0 0 644534 0 0 0 0 0 0 0 0 644924 0 0 0 0 0 0 0 0 0 0 0 0 0 0 644848 0 0 0 0 0 0 0 0 0 0 0 0 0 0 0 644652 0 0 0 0 0 0 0 0 0 0 0 0 0 0 0 0 0 0 644751 0 0 0 0 0 0 0 0 0 0 0 0 0 0 0 0 0 0 0 0 0 0 0 0 0 0 645115 0 0 0 0 0 0 0 0 0 0 0 0 0 0 0 0 0 
644668 644680 644696 644732 644770 644592 644738 644690 644608 644644 644572 644772 644824 644810 644766 644720 644590 644514 644862 644472 644478 644884 644900 644900 644814 644768 644690 644440 644906 644958 644948 644928 644606 644424 644956 644946 644960 644976 644966 644956 644814 644444 644406 645022 645012 644982 644870 644876 644470 644336 644960 644948 644954 644932 645018 644924 644384 644330 644956 644982 644976 645034 645076 645010 644696 644340 645066 645068 644972 644978 644512 644328 644312 644260 644266 645024 645104 645068 644972 644794 644746 644670 644686 644550 644222 644220 644938 644950 644944 645120 645092 644972 644816 644834 644806 644844 644456 644972 644956 645072 645098 644972 644924 644794 644552 644364 644302 644292 644220 644144 644150 645098 645120 645120 645044 645068 644968 644966 644948 644948 644948 644948 644948 644842 644772 644482 644458 644178 
0 0 643711 0 0 0 643778 643720 643563 643629 643449 643901 643945 643996 0 643819 0 0 644040 643281 643286 644037 0 0 644030 643939 643792 0 0 0 0 0 0 643161 0 0 0 0 0 0 644078 643211 0 0 0 0 0 0 643276 642941 0 0 0 0 0 0 643061 0 0 0 0 0 0 0 643841 642951 0 0 0 0 643381 0 642881 642751 642766 0 0 0 0 0 0 0 0 643476 642656 642651 0 0 0 0 0 0 0 0 0 0 0 0 0 0 0 644587 0 0 0 0 0 0 642651 642461 642476 0 644722 0 0 0 0 0 0 0 0 0 0 0 0 643306 0 0 
644636 644648 644664 644700 644738 644560 644706 644658 644576 644612 644540 644740 644792 644778 644734 644688 644558 644482 644830 644440 644446 644852 644868 644868 644782 644736 644658 644408 644874 644926 644916 644896 644574 644392 644908 644898 644928 644944 644934 644924 644782 644412 644374 644990 644980 644950 644838 644844 644438 644304 644910 644898 644904 644882 644970 644892 644352 644298 644906 644932 644926 645002 645044 644978 644664 644308 645018 645050 644940 644946 644480 644296 644280 644228 644234 644974 645056 645068 644940 644762 644714 644638 644654 644518 644190 644188 644888 644900 644894 645084 645134 644988 644784 644802 644774 644812 644424 644922 644906 645022 645072 644996 644904 644762 644520 644332 644270 644260 644188 644112 644118 645078 645138 645132 645094 645118 645018 645016 644982 644976 644996 644994 644988 644810 644740 644450 644426 644146 
644577 644589 644605 644619 644657 644501 644647 644599 644517 644553 644481 644681 644711 644719 644675 644629 644499 644423 644749 644381 644387 644747 644809 644787 644723 644677 644599 644349 644815 644845 644835 644837 644515 644333 644815 644805 644823 644839 644829 644865 644723 644353 644315 644909 644899 644891 644779 644785 644379 644245 644841 644829 644835 644813 644877 644833 644293 644239 644861 644863 644857 644943 644963 644919 644605 644249 644925 644991 644881 644887 644421 644237 644221 644169 644175 644929 644963 645009 644881 644703 644655 644579 644595 644459 644131 644129 644843 644855 644849 644991 645053 644929 644725 644743 644715 644753 644365 644877 644861 644977 645003 644937 644845 644703 644461 644273 644211 644201 644129 644053 644059 645009 645045 645039 645099 645101 645063 644985 644923 644917 644941 644935 644929 644751 644681 644391 644367 644087 
644598 644610 644626 644662 644700 644522 644668 644620 644538 644574 644502 644702 644754 644740 644696 644650 644520 644444 644792 644402 644408 644790 644830 644830 644744 644698 644620 644370 644836 644888 644878 644858 644536 644354 644858 644848 644866 644882 644872 644886 644744 644374 644336 644952 644942 644912 644800 644806 644400 644266 644860 644848 644854 644832 644920 644854 644314 644260 644856 644882 644876 644964 645006 644940 644626 644270 644968 645012 644902 644908 644442 644258 644242 644190 644196 644924 645006 645030 644902 644724 644676 644600 644616 644480 644152 644150 644838 644850 644844 645034 645096 644950 644746 644764 644736 644774 644386 644872 644856 644972 645022 644958 644866 644724 644482 644294 644232 644222 644150 644074 644080 645028 645088 645082 645078 645102 645054 644982 644944 644938 644958 644956 644950 644772 644702 644412 644388 644108 
644595 644607 644623 644565 644603 644549 644619 644641 644565 644601 644529 644699 644657 644737 644717 644677 644547 644471 644695 644429 644435 644669 644781 644733 644765 644725 644647 644397 644787 644791 644781 644855 644563 644381 644713 644703 644745 644761 644751 644837 644771 644401 644363 644855 644845 644909 644827 644833 644427 644293 644715 644703 644709 644687 644775 644881 644341 644287 644711 644737 644731 644915 644909 644961 644653 644297 644823 644963 644929 644935 644469 644285 644269 644217 644223 644779 644861 644981 644929 644751 644703 644627 644643 644507 644179 644177 644693 644705 644699 644889 644999 644977 644773 644791 644763 644801 644413 644727 644711 644827 644877 644985 644893 644751 644509 644321 644259 644249 644177 644101 644107 644883 644943 644937 645071 645047 645145 645033 644971 644965 644989 644983 644977 644799 644729 644439 644415 644135 
644605 644617 644633 644573 644611 644667 644627 644675 644683 644677 644605 644709 644665 644747 644751 644753 644665 644589 644703 644547 644553 644677 644789 644741 644799 644801 644765 644515 644795 644799 644789 644865 644681 644499 644721 644711 644753 644769 644759 644845 644889 644519 644481 644863 644853 644919 644903 644909 644545 644411 644723 644711 644717 644695 644783 644957 644459 644405 644719 644745 644739 644923 644917 644995 644771 644415 644831 644971 645005 645011 644587 644403 644387 644335 644341 644787 644869 644989 645047 644869 644821 644745 644761 644625 644297 644295 644701 644713 644707 644897 645007 645095 644891 644909 644881 644919 644531 644735 644719 644835 644885 645103 645011 644869 644627 644439 644377 644367 644295 644219 644225 644891 644951 644945 645067 645043 645067 645151 645089 645083 645107 645101 645095 644917 644847 644557 644533 644253 
644643 644655 644671 644659 644697 644639 644689 644689 644655 644667 644595 644747 644751 644785 644765 644743 644669 644593 644789 644551 644557 644763 644851 644827 644813 644791 644761 644519 644857 644885 644875 644903 644685 644503 644807 644797 644839 644855 644845 644907 644861 644523 644485 644949 644939 644957 644893 644899 644549 644415 644809 644797 644803 644781 644869 644947 644463 644409 644805 644831 644825 644985 645003 645009 644775 644419 644917 645033 644995 645001 644591 644407 644391 644339 644345 644873 644955 645051 645019 644873 644825 644749 644765 644629 644301 644299 644787 644799 644793 644983 645061 645061 644895 644913 644885 644923 644535 644821 644805 644921 644971 645061 645015 644873 644631 644443 644381 644371 644299 644223 644229 644977 645013 645013 645061 645061 645015 645061 645061 645061 645061 645061 645061 644921 644851 644561 644537 644257 
644630 644642 644658 644598 644636 644698 644652 644700 644714 644702 644630 644734 644690 644772 644776 644778 644772 644696 644728 644654 644660 644702 644814 644766 644824 644826 644844 644622 644820 644824 644814 644890 644788 644606 644746 644736 644778 644794 644784 644870 644920 644626 644588 644888 644878 644944 644928 644934 644652 644518 644748 644736 644742 644720 644808 644982 644566 644512 644744 644770 644764 644948 644942 645020 644878 644522 644856 644996 645030 645036 644694 644510 644494 644442 644448 644812 644894 645014 645078 644976 644928 644852 644868 644732 644404 644402 644726 644738 644732 644922 645004 645124 644998 645016 644988 645026 644638 644760 644744 644860 644910 645124 645118 644976 644734 644546 644484 644474 644402 644326 644332 644916 644956 644956 644988 644964 644960 645102 645148 645148 645146 645148 645148 645024 644954 644664 644640 644360 
644547 644559 644575 644563 644601 644543 644593 644593 644559 644571 644499 644651 644655 644689 644669 644647 644565 644489 644693 644447 644453 644691 644755 644731 644717 644695 644665 644415 644761 644789 644779 644807 644581 644399 644759 644749 644767 644783 644773 644811 644765 644419 644381 644853 644843 644861 644797 644803 644445 644311 644785 644773 644779 644757 644821 644851 644359 644305 644805 644807 644801 644889 644907 644913 644671 644315 644869 644937 644899 644905 644487 644303 644287 644235 644241 644873 644907 644955 644923 644769 644721 644645 644661 644525 644197 644195 644835 644847 644841 644935 644997 644971 644791 644809 644781 644819 644431 644869 644853 644921 644947 644979 644911 644769 644527 644339 644277 644267 644195 644119 644125 644953 644989 644983 645017 645017 644975 645017 644989 644983 645007 645001 644995 644817 644747 644457 644433 644153 
644585 644597 644613 644553 644591 644653 644607 644655 644669 644657 644585 644689 644645 644727 644731 644733 644715 644663 644683 644621 644603 644657 644769 644721 644779 644781 644791 644589 644775 644779 644769 644845 644755 644573 644701 644691 644733 644749 644739 644825 644875 644593 644555 644843 644833 644899 644883 644889 644619 644485 644703 644691 644697 644675 644763 644937 644533 644479 644699 644725 644719 644903 644897 644975 644845 644489 644811 644951 644985 644991 644661 644477 644461 644409 644415 644767 644849 644969 645033 644943 644895 644819 644835 644699 644371 644369 644681 644693 644687 644877 644987 645081 644965 644983 644955 644993 644605 644715 644699 644815 644865 645089 645061 644943 644701 644513 644451 644441 644369 644293 644299 644871 644931 644925 645021 644997 644993 645125 645115 645109 645133 645127 645121 644991 644921 644631 644607 644327 
644618 644630 644646 644586 644624 644662 644640 644688 644678 644690 644618 644722 644678 644760 644764 644766 644698 644622 644716 644580 644586 644690 644802 644754 644812 644814 644784 644548 644808 644812 644802 644878 644714 644532 644734 644724 644766 644782 644772 644858 644884 644552 644514 644876 644866 644932 644916 644922 644578 644444 644736 644724 644730 644708 644796 644970 644492 644438 644732 644758 644752 644936 644930 645008 644804 644448 644844 644984 645018 645024 644620 644436 644420 644368 644374 644800 644882 645002 645042 644902 644854 644778 644794 644658 644330 644328 644714 644726 644720 644910 645020 645090 644924 644942 644914 644952 644564 644748 644732 644848 644898 645098 645044 644902 644660 644472 644410 644400 644328 644252 644258 644904 644964 644958 645062 645038 645034 645142 645108 645102 645126 645120 645114 644950 644880 644590 644566 644286 
644573 644585 644601 644589 644627 644569 644619 644619 644585 644597 644525 644677 644681 644715 644695 644673 644615 644587 644719 644569 644503 644717 644781 644757 644743 644721 644691 644513 644787 644815 644805 644833 644655 644473 644785 644775 644793 644809 644799 644837 644791 644543 644505 644879 644869 644887 644823 644829 644569 644435 644811 644799 644805 644783 644847 644877 644483 644429 644831 644833 644827 644915 644933 644939 644769 644439 644895 644945 644925 644931 644611 644427 644411 644359 644365 644899 644933 644945 644945 644867 644843 644769 644785 644649 644321 644319 644861 644873 644867 644945 644935 644945 644889 644883 644879 644893 644555 644895 644879 644945 644945 644945 644945 644891 644651 644463 644401 644391 644319 644243 644249 644945 644943 644945 644887 644887 644835 644905 644943 644945 644925 644931 644937 644939 644871 644581 644557 644277 
644643 644655 644671 644611 644649 644711 644665 644713 644727 644715 644643 644747 644703 644785 644789 644791 644805 644825 644741 644823 644693 644715 644827 644779 644837 644839 644857 644751 644833 644837 644827 644903 644869 644687 644759 644749 644791 644807 644797 644883 644933 644841 644803 644899 644891 644947 644941 644947 644867 644733 644761 644749 644755 644733 644821 644995 644781 644727 644757 644783 644777 644923 644887 644953 645007 644737 644851 644881 644991 644985 644909 644725 644709 644657 644663 644803 644839 644863 644991 645105 645097 645045 645061 644947 644619 644617 644739 644751 644745 644811 644797 644943 645115 645091 645115 645091 644853 644755 644755 644777 644775 644935 645027 645131 644949 644761 644699 644689 644617 644541 644547 644769 644757 644763 644773 644749 644745 644887 644949 644955 644931 644937 644943 645113 645131 644879 644855 644575 
0 644012 644044 643924 0 644124 644032 644128 644156 644132 643988 644169 644077 644199 0 644261 644312 644352 644104 644364 644088 644056 0 0 644248 644296 644375 0 0 0 0 0 644435 644076 0 0 0 0 0 0 644285 644596 644424 0 0 0 0 0 644552 644571 0 0 0 643917 0 0 644667 0 0 0 0 0 0 0 644517 644661 0 0 0 0 644770 644697 644725 644659 644431 0 0 0 0 0 0 644573 644541 644728 644610 644579 0 0 0 0 0 0 0 0 0 0 0 0 0 0 0 643857 0 0 0 0 0 0 644620 644468 644104 0 643501 0 0 0 0 0 0 0 0 0 0 0 0 644869 0 644536 
644599 644611 644627 644567 644605 644667 644621 644669 644683 644671 644599 644703 644659 644741 644745 644747 644761 644781 644697 644787 644649 644671 644685 644685 644771 644795 644813 644707 644679 644627 644637 644657 644825 644643 644609 644619 644625 644609 644619 644629 644771 644903 644817 644563 644573 644603 644715 644709 644881 644891 644559 644571 644565 644587 644547 644661 644939 644933 644515 644537 644543 644551 644509 644575 644889 644943 644499 644503 644613 644607 645019 644979 645011 645003 644821 644447 644461 644485 644613 644791 644839 644915 644899 645009 644989 644963 644437 644425 644431 644433 644419 644565 644769 644751 644779 644741 645059 644403 644419 644399 644397 644557 644649 644791 645033 645107 645069 645059 644995 644919 644657 644391 644379 644385 644395 644371 644367 644509 644571 644577 644553 644559 644565 644743 644813 645103 645127 644953 
0 0 637920 0 0 0 637920 637920 637920 637920 637868 637920 637920 637920 0 637920 0 0 637920 637912 637846 637920 0 0 637920 637920 637920 0 0 0 0 0 0 637816 0 0 0 0 0 0 637920 637920 0 0 0 0 0 0 637920 637896 0 0 0 0 0 0 637920 0 0 0 0 0 0 0 637920 637920 0 0 0 0 637920 637920 637920 637916 637826 0 0 0 0 0 0 0 0 637920 637902 637876 0 0 0 0 0 0 0 0 0 0 0 0 0 0 0 637920 0 0 0 0 0 0 637920 637872 637686 0 637920 0 0 0 0 0 0 0 0 0 0 0 0 637920 0 637920 
