642518 642503 642503 642510 642489 642489 642478 642478 642476 642451 642476 642463 642472 642471 642475 642475 642459 642443 642420 642426 642446 642453 642463 642464 642445 642455 642441 642449 642452 642385 642371 642372 642440 642436 642447 642437 642433 642434 642407 642404 642375 642360 642365 642393 642397 642412 642425 642433 642411 642410 642412 642430 642426 642426 642397 642386 642346 642365 642340 642350 642299 642312 642322 642418 642410 642410 642410 642407 642388 642397 642381 642373 642330 642321 642311 642317 642296 642394 642407 642376 642399 642390 642393 642399 642386 642377 642393 642393 642386 642390 642380 642378 642354 642298 642288 642268 642309 642386 642383 642365 642356 642383 642373 642383 642374 642380 642370 642325 642301 642280 642258 642283 642191 642281 642292 642352 642348 642360 642364 642360 642363 642367 642362 642317 642293 642281 642262 642267 
0 645141 0 0 0 645127 0 645115 645079 0 0 0 0 0 0 645077 0 645059 0 645059 0 0 0 645087 0 0 0 0 0 0 0 0 0 645031 0 0 644993 644995 0 0 0 0 0 0 0 0 0 645025 0 0 0 0 644955 0 0 0 0 644953 0 0 0 644939 644923 0 0 0 644947 0 0 0 0 644945 0 0 0 644929 644911 644947 0 644911 644957 644939 0 0 0 0 0 0 0 0 0 0 0 0 0 0 0 0 0 0 0 644893 0 0 0 0 0 0 0 0 0 0 644819 0 0 644863 0 0 0 0 644853 644861 0 0 644833 644833 0 0 
0 645079 645145 0 645078 645045 645000 645004 645087 645050 645006 644955 0 0 0 645081 645029 645000 0 644943 644931 644937 0 644962 644991 645021 644975 0 645020 644948 0 0 644898 644878 0 0 644955 644981 0 0 644938 644911 0 0 644820 644802 644845 644869 0 0 0 644946 644930 644942 0 0 0 644918 644879 644901 0 644781 644739 644824 0 0 644886 644873 644843 644855 0 644906 644849 644858 0 644836 644793 644752 0 644698 644767 644740 0 0 644814 644787 644835 644835 644814 644822 644792 644813 644849 644825 0 0 644700 0 0 0 0 644805 644775 644805 644778 644804 0 0 0 644771 0 0 644598 644652 644649 644626 0 0 644748 644736 644745 644757 644750 0 644738 644738 0 0 
0 643198 643186 643210 643179 643200 643178 643190 643166 643153 643188 643148 643178 643186 643158 643158 643142 643157 643146 643164 643150 643142 643172 643174 643128 643138 643124 643132 643137 643123 643123 643140 643116 643106 0 0 643116 643124 0 643106 643113 643110 643115 643116 643088 643046 643096 643124 0 643093 0 643113 643109 643111 0 643088 643084 643103 643090 643100 643087 643104 643082 643094 0 643093 643093 643090 643078 643082 643083 643099 643080 643083 643073 643091 643082 643022 643060 643022 643056 643062 643104 643082 643069 643060 643076 643076 643069 643073 643063 643068 643080 643072 643062 643054 643056 643102 643090 643048 0 643066 643056 643066 643057 643065 643055 643051 643051 643054 643044 0 643044 643036 643022 642986 0 643043 643047 643043 643046 643050 643047 643043 643043 643043 643036 643041 
0 639852 0 0 639834 639866 0 639844 639808 639806 639840 639790 0 0 0 639772 0 639828 0 639858 0 639794 0 639864 0 0 0 0 0 0 0 0 639768 639760 0 0 639760 639724 0 0 0 0 0 0 639764 639688 639762 639802 0 0 0 0 639650 639674 0 0 0 639720 0 0 0 639734 639724 639772 0 0 639642 0 0 0 0 639712 0 0 0 639696 639678 639676 0 639712 639734 639764 0 0 639690 0 0 639680 0 0 0 0 0 0 0 0 639698 0 0 0 0 639708 0 0 0 0 0 0 0 0 0 0 639616 0 0 639688 0 0 0 0 639596 639628 0 0 639600 639600 0 0 
0 641636 0 0 0 641636 0 641618 641636 0 0 0 0 0 0 641636 0 641598 0 641598 0 0 0 641636 0 0 0 0 0 0 0 0 0 641534 0 0 641636 641636 0 0 0 0 0 0 0 0 0 641576 0 0 0 0 641636 0 0 0 0 641550 0 0 0 641478 641470 0 0 0 641636 0 0 0 0 641574 0 0 0 641478 641454 641450 0 641486 641508 641538 0 0 0 0 0 0 0 0 0 0 0 0 0 0 0 0 0 0 0 641636 0 0 0 0 0 0 0 0 0 0 641358 0 0 641462 0 0 0 0 641636 641636 0 0 641526 641502 0 0 
0 640018 0 0 639991 640072 640123 640093 639952 639937 640111 640108 0 0 0 639898 639826 639973 0 640030 640108 640110 0 640039 639808 639838 639772 0 639841 639919 0 0 640085 640061 0 0 639844 639826 0 0 639889 639904 0 0 640055 639965 640052 640078 0 0 0 639787 639727 639763 0 0 0 639859 639844 639874 0 639952 640044 640055 0 0 639703 639670 639688 639676 0 639823 639814 639847 0 639895 639892 639935 0 639953 639998 640019 0 0 639727 639676 639700 639724 639631 639619 639589 639658 639766 639838 0 0 640031 0 0 0 0 639742 639640 639670 639619 639625 0 0 0 639784 0 0 639895 640007 639980 639905 0 0 639685 639649 639610 639646 639571 0 639703 639727 0 0 
0 0 0 0 0 0 0 638361 638170 0 0 0 0 0 0 638239 0 0 0 0 0 0 0 638323 0 0 0 0 0 0 0 0 0 638316 0 0 638177 638086 0 0 0 0 0 0 0 0 0 0 0 0 0 0 0 0 0 0 0 0 0 0 0 0 638030 0 0 0 638109 0 0 0 0 0 0 0 0 0 0 0 0 638194 0 638248 0 0 0 0 0 0 0 0 0 0 0 0 0 0 0 0 0 0 0 0 0 0 0 0 0 0 0 0 0 0 0 0 0 0 0 0 0 0 0 638045 0 0 0 0 0 0 
0 0 0 0 0 0 0 0 640358 0 0 0 0 0 0 0 0 0 0 0 0 0 0 640307 0 0 0 0 0 0 0 0 0 640279 0 0 640307 640330 0 0 0 0 0 0 0 0 0 0 0 0 0 0 0 0 0 0 0 0 0 0 0 0 640307 0 0 0 640284 0 0 0 0 0 0 0 0 0 0 0 0 640219 0 640226 0 0 0 0 0 0 0 0 0 0 0 0 0 0 0 0 0 0 0 0 0 0 0 0 0 0 0 0 0 0 0 0 0 0 0 0 0 0 0 640241 0 0 0 0 0 0 
0 639220 0 0 639236 639192 0 639170 639226 639225 639166 639116 0 0 0 639208 0 639234 0 639196 0 639120 0 639190 0 0 0 0 0 0 0 0 639094 639086 0 0 639202 639184 0 0 0 0 0 0 639090 639014 639088 639128 0 0 0 0 639147 639159 0 0 0 639211 0 0 0 639208 639132 639098 0 0 639143 0 0 0 0 639195 0 0 0 639235 639236 639002 0 639038 639060 639090 0 0 639167 0 0 639162 0 0 0 0 0 0 0 0 639106 0 0 0 0 639176 0 0 0 0 0 0 0 0 0 0 639206 0 0 639014 0 0 0 0 639120 639136 0 0 639163 639175 0 0 
0 642502 0 0 642548 642548 0 642502 642548 642532 642548 642500 0 0 0 642502 0 642508 0 642508 0 642526 0 642454 0 0 0 0 0 0 0 0 642500 642446 0 0 642430 642548 0 0 0 0 0 0 642480 642398 642424 642440 0 0 0 0 642526 642548 0 0 0 642460 0 0 0 642388 642426 642410 0 0 642502 0 0 0 0 642484 0 0 0 642388 642364 642362 0 642326 642372 642354 0 0 642406 0 0 642430 0 0 0 0 0 0 0 0 642400 0 0 0 0 642382 0 0 0 0 0 0 0 0 0 0 642268 0 0 642278 0 0 0 0 642454 642430 0 0 642436 642412 0 0 
0 640165 0 0 0 640193 0 640215 640111 0 0 640247 0 0 0 640085 0 640093 0 640131 0 640247 0 640195 0 0 0 0 0 0 0 0 0 640217 0 0 640073 640027 0 0 0 0 0 0 0 640145 0 640247 0 0 0 0 639963 0 0 0 0 639985 0 0 0 639999 640117 640229 0 0 639955 0 0 0 0 639977 0 0 0 639961 639943 640133 0 640169 640191 640221 0 0 640003 0 0 639993 0 0 0 0 0 0 0 0 0 0 0 0 0 640021 0 0 0 0 0 0 0 0 0 0 639881 0 0 640145 0 0 0 0 639909 639941 0 0 639865 639865 0 0 
0 643190 643118 0 643100 643170 643211 643239 643074 643048 643193 643196 643241 643245 0 643110 643030 643056 0 643094 643160 643174 643257 643247 643050 643070 642994 643010 643016 642988 642988 643058 643161 643205 0 0 643115 642990 0 642954 642968 642962 0 0 643111 643139 643221 643253 0 643081 0 643059 642964 642964 0 0 642910 642948 642922 642942 0 642947 643036 643238 0 643019 642980 642926 642898 642906 0 642940 642902 642905 0 642909 642879 643151 0 643198 643219 643212 0 643083 643033 643003 643021 643035 642932 642892 642872 642878 642902 642871 0 0 643023 0 643159 0 0 643039 642981 643001 642947 642872 642852 642844 642844 642835 0 0 642769 642992 643006 643168 0 0 643001 642981 642961 642983 642836 642828 642828 642825 0 0 
0 627349 627325 0 627304 627346 627358 627358 627291 627266 627346 627358 0 627358 0 627309 627281 627258 0 627274 627322 627346 627358 627358 627279 627289 627263 627271 627274 627200 627188 627226 627346 627358 0 0 627303 627249 0 627219 627190 627175 0 0 627298 627358 627358 627358 0 627292 0 627276 627248 627248 0 0 627161 627180 627155 627165 0 627151 627202 627358 0 627256 627244 627229 627203 627219 0 627188 627145 627136 0 627132 627111 627358 0 627358 627358 627358 0 627305 627268 627247 627251 627263 627220 627212 627202 627193 627169 627113 0 0 627202 0 627358 0 0 627277 627231 627241 627220 627202 627192 627140 627116 627095 0 0 627032 627178 627202 627358 0 0 627258 627242 627221 627237 627184 627132 627108 627096 0 0 
0 639726 639750 639704 639708 639674 639640 639676 639726 639714 639648 639610 639664 639698 639774 639762 639750 639680 639666 639642 639610 639602 639682 639720 639762 639762 639750 639750 639738 639676 639640 639606 639576 639592 0 0 639774 639726 0 639714 639678 639666 639656 639576 639548 639508 639606 639658 0 639762 0 639774 639750 639738 0 639714 639678 639678 639666 639666 639604 639594 639542 639628 0 639774 639762 639750 639726 639738 639714 639690 639666 639654 639654 639632 639614 639508 639570 639556 639590 639596 639638 639738 639762 639774 639786 639774 639762 639750 639750 639726 639690 639642 639642 639630 639516 639636 639642 639702 0 639750 639786 639786 639774 639738 639738 639690 639666 639642 639630 0 639532 639496 639482 639520 0 639702 639750 639762 639786 639774 639738 639690 639666 639654 639642 639642 
0 0 0 0 0 0 0 644728 644864 0 0 0 0 0 0 644899 0 0 0 0 0 0 0 644694 0 0 0 0 0 0 0 0 0 644602 0 0 644787 644846 0 0 0 0 0 0 0 0 0 0 0 0 0 0 0 0 0 0 0 0 0 0 0 0 644486 0 0 0 644769 0 0 0 0 0 0 0 0 0 0 0 0 644430 0 644472 0 0 0 0 0 0 0 0 0 0 0 0 0 0 0 0 0 0 0 0 0 0 0 0 0 0 0 0 0 0 0 0 0 0 0 0 0 0 0 644655 0 0 0 0 0 0 
0 639728 0 0 639775 639710 639629 639653 639814 639805 639671 639584 0 0 0 639848 639888 639745 0 639688 639628 639602 0 639659 639874 639884 639870 0 639905 639751 0 0 639563 639527 0 0 639830 639900 0 0 639781 639742 0 0 639541 639431 639518 639566 0 0 0 639859 639855 639879 0 0 0 639811 639802 639772 0 639646 639556 639521 0 0 639839 639836 639854 639850 0 639867 639832 639775 0 639703 639682 639401 0 639419 639464 639485 0 0 639815 639806 639822 639822 639815 639819 639809 639844 639856 639760 0 0 639517 0 0 0 0 639812 639802 639812 639803 639833 0 0 0 639814 0 0 639583 639493 639466 639371 0 0 639793 639789 639792 639796 639815 0 639819 639819 0 0 
0 642575 0 0 0 642609 0 642550 642669 0 0 0 0 0 0 642589 0 642691 0 642672 0 0 0 642512 0 0 0 0 0 0 0 0 0 642508 0 0 642511 642620 0 0 0 0 0 0 0 0 0 642481 0 0 0 0 642498 0 0 0 0 642697 0 0 0 642638 642624 0 0 0 642466 0 0 0 0 642687 0 0 0 642657 642642 642466 0 642412 642447 642414 0 0 0 0 0 0 0 0 0 0 0 0 0 0 0 0 0 0 0 642412 0 0 0 0 0 0 0 0 0 0 642577 0 0 642376 0 0 0 0 642372 642380 0 0 642599 642611 0 0 
0 642923 642959 642930 642968 642933 642898 642898 642981 642994 642920 642883 642892 642891 642939 642957 642941 642990 643001 642971 642919 642897 642883 642884 642927 642937 642923 642931 642958 643002 642978 642967 642884 642856 0 0 642915 642969 0 642975 643012 642991 642986 642938 642906 642832 642845 642853 0 642892 0 642912 642908 642932 0 642957 643003 643022 643009 643001 642942 642943 642929 642838 0 642892 642892 642889 642923 642903 642952 643016 642999 642994 642992 642962 642947 642814 642827 642796 642819 642810 642813 642881 642868 642859 642875 642875 642868 642872 642862 642913 642997 642981 642981 642973 642916 642806 642803 642847 0 642865 642855 642865 642856 642886 642876 642968 642970 642973 642963 0 642882 642900 642899 642772 0 642842 642846 642842 642845 642849 642868 642960 642962 642962 642955 642960 
0 642832 0 0 0 642853 0 642818 642856 0 0 0 0 0 0 642832 0 642856 0 642855 0 0 0 642804 0 0 0 0 0 0 0 0 0 642737 0 0 642796 642856 0 0 0 0 0 0 0 0 0 642755 0 0 0 0 642844 0 0 0 0 642844 0 0 0 642790 642783 0 0 0 642832 0 0 0 0 642856 0 0 0 642790 642766 642653 0 642653 642687 642693 0 0 0 0 0 0 0 0 0 0 0 0 0 0 0 0 0 0 0 642772 0 0 0 0 0 0 0 0 0 0 642670 0 0 642617 0 0 0 0 642808 642796 0 0 642832 642814 0 0 
0 639966 0 0 639963 640032 640043 640039 639924 639909 640065 640028 0 0 0 639846 639774 639945 0 640002 640052 640042 0 639987 639756 639786 639720 0 639801 639891 0 0 640029 640001 0 0 639792 639798 0 0 639861 639876 0 0 640015 639949 639990 639998 0 0 0 639735 639675 639723 0 0 0 639831 639816 639846 0 639924 639988 639983 0 0 639651 639618 639660 639636 0 639795 639786 639819 0 639867 639864 639919 0 639937 639964 639955 0 0 639675 639624 639648 639672 639579 639567 639537 639630 639738 639810 0 0 639975 0 0 0 0 639690 639588 639618 639567 639585 0 0 0 639756 0 0 639793 639959 639958 639889 0 0 639633 639597 639558 639594 639531 0 639675 639699 0 0 
0 639694 0 0 0 639760 0 639769 639652 0 0 0 0 0 0 639574 0 639673 0 639730 0 639850 0 639715 0 0 0 0 0 0 0 0 0 639809 0 0 639520 639526 0 0 0 0 0 0 0 639785 0 639804 0 0 0 0 639403 0 0 0 0 639559 0 0 0 639652 639790 0 0 0 639379 0 0 0 0 639523 0 0 0 639595 639592 639767 0 639749 639772 639763 0 0 639403 0 0 639400 0 0 0 0 0 0 0 0 0 0 0 0 0 639418 0 0 0 0 0 0 0 0 0 0 639595 0 0 639725 0 0 0 0 639286 639322 0 0 639403 639427 0 0 
0 645064 644992 0 644974 645044 645094 645114 644948 644922 645070 645094 0 645128 0 644984 644904 644930 0 644968 645046 645070 645142 645114 644924 644944 644868 644884 644890 644862 644862 644932 645054 645094 0 0 644968 644864 0 644828 644842 644836 0 0 645002 644998 645120 645138 0 644922 0 644942 644838 644838 0 0 644784 644822 644796 644816 0 644836 644926 645126 0 644902 644854 644800 644772 644780 0 644814 644776 644782 0 644798 644780 645010 0 645042 645088 645070 0 644900 644874 644856 644888 644888 644806 644766 644746 644752 644776 644760 0 0 644922 0 644940 0 0 644868 644848 644868 644830 644746 644726 644718 644718 644724 0 0 644718 644890 644888 644994 0 0 644830 644822 644828 644836 644710 644702 644702 644702 0 0 
0 0 0 0 0 0 0 0 610582 0 0 0 0 0 0 0 0 0 0 0 0 0 0 610674 0 0 0 0 0 0 0 0 0 610607 0 0 610630 610540 0 0 0 0 0 0 0 0 0 0 0 0 0 0 0 0 0 0 0 0 0 0 0 0 610534 0 0 0 610535 0 0 0 0 0 0 0 0 0 0 0 0 610619 0 610650 0 0 0 0 0 0 0 0 0 0 0 0 0 0 0 0 0 0 0 0 0 0 0 0 0 0 0 0 0 0 0 0 0 0 0 0 0 0 0 610564 0 0 0 0 0 0 
0 635932 0 0 635905 635894 635883 635907 635918 635907 635881 635868 0 0 0 635972 635988 635879 0 635860 635856 635858 0 635905 636002 635992 636002 0 635971 635865 0 0 635845 635865 0 0 635954 635960 0 0 635875 635854 0 0 635819 635817 635866 635874 0 0 0 636005 635987 635987 0 0 0 635885 635874 635864 0 635806 635792 635859 0 0 635995 635968 635954 635958 0 635913 635884 635857 0 635825 635810 635823 0 635817 635840 635831 0 0 635977 635974 635990 635990 635971 635951 635941 635944 635932 635844 0 0 635779 0 0 0 0 635956 635970 635980 635971 635941 0 0 0 635862 0 0 635745 635763 635762 635793 0 0 635961 635957 635960 635964 635911 0 635919 635897 0 0 
0 638983 0 0 638974 638917 638860 638908 639013 639004 638878 638815 0 0 0 639083 639079 638944 0 638887 638827 638809 0 638950 639089 639099 639061 0 639072 638950 0 0 638770 638782 0 0 639089 639059 0 0 638980 638941 0 0 638740 638662 638797 638857 0 0 0 639098 639046 639046 0 0 0 638996 638985 638971 0 638845 638755 638812 0 0 639054 639027 639013 639017 0 639024 638995 638968 0 638902 638881 638656 0 638710 638755 638776 0 0 639066 639057 639073 639073 639030 639010 639000 639003 639015 638955 0 0 638716 0 0 0 0 639063 639053 639063 639042 639000 0 0 0 638973 0 0 638782 638692 638665 638662 0 0 639044 639040 639043 639047 638982 0 638978 638978 0 0 
0 637425 0 0 637508 637473 637424 637400 637521 637534 637460 637409 0 0 0 637465 637529 637530 0 637511 637459 637437 0 637338 637495 637485 637547 0 637550 637564 0 0 637424 637358 0 0 637363 637563 0 0 637574 637565 0 0 637446 637358 637323 637307 0 0 0 637462 637550 637576 0 0 0 637584 637585 637575 0 637517 637503 637292 0 0 637510 637531 637579 637559 0 637588 637595 637568 0 637536 637521 637316 0 637226 637273 637216 0 0 637362 637405 637445 637403 637486 637514 637504 637569 637607 637555 0 0 637490 0 0 0 0 637317 637425 637435 637450 637542 0 0 0 637573 0 0 637456 637474 637473 637178 0 0 637336 637364 637415 637395 637524 0 637632 637608 0 0 
0 644095 644143 0 644113 644067 644021 644045 644139 644141 644041 643991 0 644035 0 644175 644231 644109 0 644071 644015 643995 644019 644021 644235 644215 644219 644235 644221 644129 644105 644059 643969 643961 0 0 644119 644223 0 644235 644149 644131 0 0 643965 643889 643943 643959 0 644117 0 644217 644189 644213 0 0 644207 644169 644171 644151 0 644083 644007 643929 0 644185 644181 644151 644171 644155 0 644201 644191 644161 0 644121 644115 643877 0 643845 643891 643873 0 644043 644137 644119 644151 644151 644133 644117 644097 644151 644237 644159 0 0 643981 0 643859 0 0 644121 644111 644131 644113 644121 644101 644189 644237 644195 0 0 644081 643973 643947 643797 0 0 644093 644085 644091 644099 644085 644173 644221 644237 0 0 
0 636255 0 0 636290 636265 636230 636230 636303 636292 636252 636215 0 0 0 636295 636311 636264 0 636245 636241 636229 0 636216 636297 636307 636293 0 636328 636250 0 0 636216 636188 0 0 636265 636329 0 0 636260 636239 0 0 636204 636164 636177 636185 0 0 0 636282 636278 636302 0 0 0 636270 636259 636249 0 636191 636177 636170 0 0 636262 636259 636283 636273 0 636298 636269 636242 0 636210 636195 636146 0 636128 636151 636142 0 0 636238 636229 636245 636245 636238 636242 636232 636273 636285 636229 0 0 636164 0 0 0 0 636235 636225 636235 636226 636256 0 0 0 636247 0 0 636130 636148 636147 636104 0 0 636216 636212 636215 636219 636238 0 636248 636248 0 0 
0 642780 0 0 642891 642838 642779 642755 642878 642913 642825 642764 0 0 0 642752 642760 642953 0 642936 642848 642802 0 642693 642722 642732 642742 0 642801 642953 0 0 642789 642713 0 0 642638 642836 0 0 642943 642940 0 0 642859 642713 642678 642662 0 0 0 642683 642727 642775 0 0 0 642933 642920 642930 0 642916 642902 642647 0 0 642687 642708 642790 642746 0 642919 642910 642913 0 642921 642912 642671 0 642581 642628 642571 0 0 642567 642582 642622 642598 642663 642691 642681 642780 642900 642902 0 0 642889 0 0 0 0 642540 642602 642612 642627 642729 0 0 0 642884 0 0 642855 642873 642872 642533 0 0 642521 642541 642592 642572 642711 0 642873 642873 0 0 
0 638834 638828 0 638834 638822 638776 638800 638832 638830 638796 638746 0 638810 0 638796 638740 638834 0 638826 638770 638750 638794 638820 638736 638756 638704 638720 638750 638834 638834 638814 638724 638716 0 0 638784 638748 0 638736 638822 638834 0 0 638720 638644 638718 638758 0 638762 0 638730 638674 638698 0 0 638764 638802 638800 638820 0 638810 638762 638728 0 638690 638666 638636 638656 638640 0 638770 638780 638810 0 638810 638786 638632 0 638668 638690 638720 0 638788 638714 638672 638680 638704 638618 638602 638582 638636 638732 638788 0 0 638736 0 638826 0 0 638732 638640 638660 638618 638606 638586 638674 638722 638752 0 0 638690 638728 638702 638644 0 0 638694 638662 638620 638652 638570 638658 638706 638730 0 0 
0 641156 641145 0 641184 641180 641168 641156 641171 641182 641180 641168 0 641144 0 641117 641101 641210 0 641216 641192 641180 641144 641132 641087 641097 641083 641091 641118 641213 641216 641229 641180 641156 0 0 641075 641129 0 641135 641203 641203 0 0 641204 641168 641144 641132 0 641052 0 641072 641068 641092 0 0 641174 641193 641183 641193 0 641196 641220 641132 0 641052 641052 641049 641083 641063 0 641176 641173 641176 0 641184 641175 641154 0 641120 641132 641108 0 641041 641028 641019 641035 641035 641028 641032 641022 641073 641157 641165 0 0 641220 0 641048 0 0 641025 641015 641025 641016 641046 641036 641128 641144 641147 0 0 641136 641208 641220 641108 0 0 641006 641002 641005 641009 641028 641120 641136 641136 0 0 
0 642482 0 0 642534 642530 0 642482 642534 642534 642530 642506 0 0 0 642482 0 642516 0 642516 0 642530 0 642434 0 0 0 0 0 0 0 0 642530 642482 0 0 642410 642534 0 0 0 0 0 0 642534 642450 642458 642434 0 0 0 0 642506 642530 0 0 0 642468 0 0 0 642396 642444 642434 0 0 642482 0 0 0 0 642492 0 0 0 642396 642372 642414 0 642378 642424 642386 0 0 642386 0 0 642410 0 0 0 0 0 0 0 0 642444 0 0 0 0 642362 0 0 0 0 0 0 0 0 0 0 642276 0 0 642330 0 0 0 0 642434 642410 0 0 642444 642420 0 0 
0 0 0 0 0 0 0 0 0 0 0 0 0 0 0 0 0 0 0 0 0 0 0 0 0 0 0 0 0 0 0 0 0 640374 0 0 0 640190 0 0 0 0 0 0 0 0 0 0 0 0 0 0 0 0 0 0 0 0 0 0 0 0 0 0 0 0 0 0 0 0 0 0 0 0 0 0 0 0 0 0 0 0 0 0 0 0 0 0 0 0 0 0 0 0 0 0 0 0 0 0 0 0 0 0 0 0 0 0 0 0 0 0 0 0 0 0 0 0 0 0 0 0 0 0 0 0 0 0 
642601 642625 642601 642601 642553 642577 642595 642625 642553 642529 642577 642565 642625 642649 642649 642625 642601 642505 642481 642505 642541 642545 642649 642673 642625 642625 642601 642601 642577 642457 642433 642457 642519 642559 642687 642673 642687 642553 642529 642529 642457 642433 642433 642483 642467 642463 642585 642649 642587 642683 642687 642649 642601 642577 642553 642529 642457 642457 642433 642433 642361 642385 642413 642619 642659 642649 642625 642601 642553 642577 642529 642481 642433 642409 642409 642385 642361 642475 642549 642573 642581 642621 642611 642635 642683 642687 642673 642687 642625 642601 642601 642553 642481 642385 642385 642361 642387 642587 642563 642563 642611 642659 642673 642673 642649 642577 642577 642481 642433 642385 642361 642385 642265 642355 642353 642545 642467 642563 642659 642683 642673 642687 642577 642481 642433 642409 642385 642385 
644552 644558 644594 644536 644540 644506 644472 644508 644566 644549 644480 644442 644496 644530 644626 644636 644632 644493 644467 644455 644442 644434 644514 644552 644642 644652 644614 644622 644625 644465 644417 644395 644408 644424 644530 644674 644654 644612 644590 644587 644485 644443 644433 644389 644373 644340 644438 644490 644465 644648 644657 644651 644599 644599 644575 644569 644525 644505 644483 644463 644345 644347 644319 644460 644612 644631 644607 644580 644566 644570 644564 644546 644493 644449 644464 644385 644355 644340 644402 644388 644422 644423 644429 644587 644626 644622 644638 644638 644583 644563 644553 644556 644537 644423 644439 644411 644293 644415 644409 644513 644560 644611 644618 644628 644595 644553 644543 644508 644484 644447 644421 644444 644225 644261 644259 644347 644339 644518 644592 644600 644608 644612 644535 644500 644476 644464 644445 644450 
0 0 0 0 0 0 0 0 642653 0 0 0 0 0 0 0 0 0 0 0 0 0 0 642707 0 0 0 0 0 0 0 0 0 642631 0 0 642720 642622 0 0 0 0 0 0 0 0 0 0 0 0 0 0 0 0 0 0 0 0 0 0 0 0 642478 0 0 0 642637 0 0 0 0 0 0 0 0 0 0 0 0 642631 0 642657 0 0 0 0 0 0 0 0 0 0 0 0 0 0 0 0 0 0 0 0 0 0 0 0 0 0 0 0 0 0 0 0 0 0 0 0 0 0 0 642654 0 0 0 0 0 0 
0 0 0 0 0 0 0 0 0 0 0 0 0 0 0 0 0 0 0 0 0 0 0 0 0 0 0 0 0 0 0 0 0 0 0 0 0 641834 0 0 0 0 0 0 0 0 0 0 0 0 0 0 0 0 0 0 0 0 0 0 0 0 0 0 0 0 0 0 0 0 0 0 0 0 0 0 0 0 0 0 0 0 0 0 0 0 0 0 0 0 0 0 0 0 0 0 0 0 0 0 0 0 0 0 0 0 0 0 0 0 0 0 0 0 0 0 0 0 0 0 0 0 0 0 0 0 0 0 
642299 642269 642341 642283 642359 642289 642219 642219 642385 642397 642263 642189 642207 642205 642301 642349 642377 642359 642333 642321 642261 642217 642189 642191 642353 642353 642377 642377 642401 642331 642283 642261 642191 642135 642157 642305 642281 642425 642435 642435 642351 642309 642299 642255 642221 642087 642113 642129 642085 642257 642281 642329 642377 642401 642425 642435 642381 642371 642349 642329 642211 642213 642185 642099 642233 642329 642353 642377 642425 642401 642435 642405 642357 642315 642333 642251 642221 642051 642077 642015 642061 642043 642049 642209 642257 642281 642305 642281 642353 642377 642377 642425 642405 642289 642309 642277 642159 642035 642029 642137 642185 642233 642305 642305 642329 642401 642401 642405 642357 642309 642285 642309 642091 642127 642125 641967 641959 642137 642233 642257 642305 642281 642401 642405 642357 642333 642309 642309 
0 644839 644911 0 644929 644859 644789 644789 644955 644961 644833 644759 0 644775 0 644919 644991 644927 0 644889 644831 644787 644759 644761 644967 644959 644991 644991 645013 644899 644851 644829 644761 644705 0 0 644859 645039 0 645043 644919 644877 0 0 644785 644657 644683 644699 0 644857 0 644943 644991 645015 0 0 644977 644939 644917 644897 0 644781 644753 644669 0 644943 644967 644991 645039 645015 0 644995 644937 644883 0 644819 644789 644621 0 644585 644631 644613 0 644783 644871 644895 644919 644895 644967 644991 644991 645039 645017 644857 0 0 644727 0 644599 0 0 644847 644919 644919 644943 645015 645015 645017 644969 644893 0 0 644659 644695 644693 644537 0 0 644847 644871 644919 644895 645015 645017 644969 644945 0 0 
0 642839 0 0 642956 642897 642838 642814 642969 643006 642884 642823 0 0 0 642861 642869 643026 0 643007 642907 642861 0 642752 642831 642841 642851 0 642910 643064 0 0 642848 642772 0 0 642747 642945 0 0 643074 643053 0 0 642918 642772 642737 642721 0 0 0 642792 642836 642884 0 0 0 643072 643059 643063 0 643005 642991 642706 0 0 642796 642817 642899 642855 0 643054 643049 643052 0 643024 643009 642730 0 642640 642687 642630 0 0 642676 642691 642731 642707 642772 642800 642790 642889 643035 643041 0 0 642978 0 0 0 0 642649 642711 642721 642736 642838 0 0 0 643023 0 0 642944 642962 642961 642592 0 0 642630 642650 642701 642681 642820 0 643012 643012 0 0 
0 643107 0 0 643224 643165 643106 643082 643237 643274 643152 643091 0 0 0 643131 643139 643294 0 643275 643175 643129 0 643020 643101 643111 643121 0 643180 643340 0 0 643116 643040 0 0 643017 643215 0 0 643350 643341 0 0 643186 643040 643005 642989 0 0 0 643062 643106 643154 0 0 0 643350 643349 643351 0 643293 643279 642974 0 0 643066 643087 643169 643125 0 643322 643339 643342 0 643312 643297 642998 0 642908 642955 642898 0 0 642946 642961 643001 642977 643036 643048 643018 643159 643303 643331 0 0 643266 0 0 0 0 642919 642981 642991 643000 643090 0 0 0 643313 0 0 643232 643250 643249 642860 0 0 642900 642920 642967 642951 643036 0 643302 643302 0 0 
0 643040 643062 643047 643085 643050 643015 643015 643088 643099 643037 643000 643009 643008 643034 643034 643018 643107 643118 643088 643036 643014 643000 643001 643004 643014 643000 643008 643035 643119 643095 643084 643001 642973 0 0 642992 643046 0 643052 643109 643106 643103 643055 643023 642949 642962 642970 0 642969 0 642989 642985 643009 0 643034 643080 643099 643086 643096 643059 643060 643046 642955 0 642969 642969 642966 643000 642980 643029 643093 643076 643079 643069 643079 643064 642931 642944 642913 642936 642927 642930 642958 642945 642936 642952 642952 642945 642949 642939 642990 643074 643068 643058 643050 643033 642923 642920 642924 0 642942 642932 642942 642933 642963 642953 643045 643047 643050 643040 0 642999 643017 643016 642889 0 642919 642923 642919 642922 642926 642945 643037 643039 643039 643032 643037 
0 638869 638857 638886 638896 638907 638918 638894 638883 638894 638920 638913 638900 638877 638829 638829 638813 638922 638911 638941 638945 638927 638885 638860 638799 638809 638795 638803 638830 638888 638888 638923 638914 638886 0 0 638787 638841 0 638847 638878 638875 638880 638968 638936 638862 638875 638883 0 638764 0 638784 638780 638804 0 638829 638849 638868 638855 638865 638852 638875 638933 638868 0 638764 638764 638761 638795 638775 638824 638864 638845 638848 638838 638856 638847 638844 638857 638826 638849 638840 638811 638753 638740 638731 638747 638747 638740 638744 638734 638785 638845 638837 638827 638819 638920 638794 638773 638719 0 638737 638727 638737 638728 638758 638748 638816 638816 638819 638809 0 638816 638904 638903 638802 0 638714 638718 638714 638717 638721 638740 638808 638808 638808 638801 638806 
0 641077 0 0 641124 641153 0 641127 641098 641101 641179 641203 0 0 0 640997 0 641133 0 641171 0 641225 0 641059 0 0 0 0 0 0 0 0 641232 641184 0 0 640913 641014 0 0 0 0 0 0 641254 641193 641160 641121 0 0 0 0 640899 640947 0 0 0 641073 0 0 0 641159 641235 641136 0 0 640867 0 0 0 0 641041 0 0 0 641121 641127 641163 0 641109 641136 641088 0 0 640819 0 0 640833 0 0 0 0 0 0 0 0 641254 0 0 0 0 640813 0 0 0 0 0 0 0 0 0 0 641161 0 0 641073 0 0 0 0 640773 640781 0 0 640977 641001 0 0 
0 639552 0 0 0 639570 0 639627 639450 0 0 0 0 0 0 639432 0 639471 0 639528 0 639678 0 639583 0 0 0 0 0 0 0 0 0 639753 0 0 639388 639324 0 0 0 0 0 0 0 639785 0 639676 0 0 0 0 639237 0 0 0 0 639357 0 0 0 639450 639588 0 0 0 639237 0 0 0 0 639321 0 0 0 639393 639390 639793 0 639759 639760 639709 0 0 639271 0 0 639268 0 0 0 0 0 0 0 0 0 0 0 0 0 639286 0 0 0 0 0 0 0 0 0 0 639313 0 0 639759 0 0 0 0 639154 639190 0 0 639201 639225 0 0 
0 641421 0 0 641349 641373 0 641421 641349 641325 641373 641397 0 0 0 641421 0 641301 0 641301 0 641373 0 641469 0 0 0 0 0 0 0 0 641373 641421 0 0 641485 641349 0 0 0 0 0 0 641325 641333 641445 641469 0 0 0 0 641397 641373 0 0 0 641253 0 0 0 641181 641229 641469 0 0 641421 0 0 0 0 641277 0 0 0 641181 641157 641345 0 641445 641451 641467 0 0 641467 0 0 641485 0 0 0 0 0 0 0 0 641229 0 0 0 0 641443 0 0 0 0 0 0 0 0 0 0 641061 0 0 641403 0 0 0 0 641469 641485 0 0 641229 641205 0 0 
0 640162 0 0 0 640142 0 640212 640046 0 0 0 0 0 0 640082 0 640028 0 640066 0 0 0 640222 0 0 0 0 0 0 0 0 0 640252 0 0 640100 639962 0 0 0 0 0 0 0 0 0 640284 0 0 0 0 639936 0 0 0 0 639920 0 0 0 639934 640058 0 0 0 639952 0 0 0 0 639912 0 0 0 639896 639878 640168 0 640234 640256 640286 0 0 0 0 0 0 0 0 0 0 0 0 0 0 0 0 0 0 0 640048 0 0 0 0 0 0 0 0 0 0 639816 0 0 640210 0 0 0 0 639936 639968 0 0 639800 639800 0 0 
644624 644651 644603 644624 644570 644591 644592 644628 644557 644532 644578 644577 644622 644657 644647 644611 644559 644524 644501 644521 644541 644555 644649 644685 644581 644591 644534 644549 644540 644466 644454 644467 644542 644586 644692 644644 644664 644515 644488 644485 644456 644441 644446 644488 644492 644526 644611 644654 644766 644665 644643 644602 644504 644504 644456 644458 644427 644446 644421 644431 644382 644407 644417 644639 644689 644568 644520 644466 644438 644446 644448 644454 644411 644402 644392 644398 644377 644544 644593 644621 644620 644659 644734 644702 644639 644585 644581 644617 644472 644432 644412 644418 644435 644379 644369 644349 644404 644751 644761 644729 644683 644662 644541 644561 644496 644412 644392 644384 644382 644361 644339 644364 644286 644376 644387 644621 644676 644724 644631 644587 644521 644565 644376 644368 644368 644362 644343 644348 
0 643291 643279 0 643192 643205 643218 643266 643205 643170 643192 643203 0 643307 0 643331 643301 643118 0 643099 643143 643169 643299 643348 643335 643345 643270 643286 643270 643056 643008 643021 643156 643224 0 0 643421 643233 0 643191 643066 643021 0 0 643082 643152 643261 643317 0 643444 0 643368 643240 643228 0 0 643095 643076 643041 643031 0 642925 642959 643302 0 643328 643268 643202 643150 643170 0 643128 643051 643000 0 642944 642905 643182 0 643284 643283 643322 0 643437 643412 643358 643354 643390 643220 643168 643148 643130 643117 642963 0 0 642946 0 643292 0 0 643441 643314 643334 643256 643136 643116 643060 643036 642981 0 0 642744 642906 642929 643284 0 0 643404 643360 643294 643338 643100 643044 643020 643008 0 0 
644549 644555 644591 644533 644525 644503 644469 644505 644551 644529 644477 644439 644493 644527 644623 644635 644652 644473 644447 644435 644427 644431 644511 644547 644662 644667 644634 644642 644643 644445 644397 644375 644405 644421 644514 644685 644646 644619 644593 644590 644465 644423 644413 644369 644353 644337 644435 644485 644442 644642 644664 644671 644619 644619 644583 644572 644523 644485 644463 644443 644325 644327 644299 644455 644596 644651 644627 644600 644574 644590 644567 644541 644483 644429 644449 644365 644335 644337 644399 644372 644417 644400 644406 644570 644626 644629 644656 644645 644603 644583 644573 644564 644540 644403 644423 644391 644273 644392 644386 644494 644560 644611 644636 644646 644615 644573 644563 644511 644487 644439 644411 644433 644205 644241 644239 644324 644316 644504 644592 644600 644626 644619 644555 644503 644479 644467 644448 644451 
0 640501 0 0 640492 640435 640378 640426 640531 640522 640396 640333 0 0 0 640621 640663 640462 0 640405 640345 640327 0 640446 640677 640667 640653 0 640646 640468 0 0 640288 640300 0 0 640617 640635 0 0 640498 640459 0 0 640258 640180 640305 640353 0 0 0 640680 640638 640638 0 0 0 640528 640519 640489 0 640363 640273 640308 0 0 640646 640619 640605 640609 0 640588 640549 640492 0 640420 640399 640174 0 640206 640251 640272 0 0 640636 640627 640643 640643 640622 640602 640592 640595 640607 640477 0 0 640234 0 0 0 0 640633 640623 640633 640624 640592 0 0 0 640531 0 0 640300 640210 640183 640158 0 0 640614 640610 640613 640617 640574 0 640570 640570 0 0 
0 641700 0 0 0 641696 0 641675 641722 0 0 0 0 0 0 641740 0 641659 0 641640 0 0 0 641661 0 0 0 0 0 0 0 0 0 641633 0 0 641710 641764 0 0 0 0 0 0 0 0 0 641630 0 0 0 0 641811 0 0 0 0 641641 0 0 0 641526 641536 0 0 0 641805 0 0 0 0 641681 0 0 0 641545 641518 641591 0 641573 641596 641587 0 0 0 0 0 0 0 0 0 0 0 0 0 0 0 0 0 0 0 641712 0 0 0 0 0 0 0 0 0 0 641405 0 0 641549 0 0 0 0 641764 641768 0 0 641665 641629 0 0 
0 641724 0 0 641744 641721 0 641699 641757 641752 641708 641683 0 0 0 641764 0 641712 0 641693 0 641685 0 641685 0 0 0 0 0 0 0 0 641672 641657 0 0 641734 641799 0 0 0 0 0 0 641664 641632 641646 641654 0 0 0 0 641794 641806 0 0 0 641694 0 0 0 641579 641589 641639 0 0 641779 0 0 0 0 641734 0 0 0 641598 641571 641615 0 641597 641620 641611 0 0 641755 0 0 641762 0 0 0 0 0 0 0 0 641576 0 0 0 0 641736 0 0 0 0 0 0 0 0 0 0 641458 0 0 641573 0 0 0 0 641732 641736 0 0 641708 641682 0 0 
642406 642388 642448 642390 642429 642383 642326 642338 642455 642455 642357 642296 642326 642336 642432 642468 642536 642399 642373 642361 642331 642311 642320 642334 642528 642508 642564 642556 642537 642371 642323 642301 642285 642254 642312 642472 642444 642539 642543 642549 642391 642349 642339 642295 642279 642194 642244 642272 642300 642454 642486 642522 642577 642578 642588 642575 642449 642411 642389 642369 642251 642253 642225 642242 642418 642547 642562 642559 642580 642572 642580 642467 642409 642355 642375 642291 642261 642170 642208 642170 642204 642210 642252 642404 642499 642529 642540 642516 642538 642542 642532 642570 642505 642329 642349 642317 642199 642250 642256 642364 642454 642472 642525 642535 642526 642555 642545 642538 642467 642365 642337 642359 642131 642167 642165 642134 642234 642374 642497 642512 642515 642519 642537 642531 642476 642435 642401 642391 
0 644876 644948 644890 644959 644896 644826 644826 644985 644987 644870 644796 644814 644812 644908 644956 645036 644955 644953 644917 644861 644824 644796 644798 645016 644996 645072 645056 645050 644953 644905 644883 644798 644742 0 0 644896 645069 0 645081 644973 644931 644921 644851 644811 644694 644720 644736 0 644894 0 644998 645088 645102 0 645117 645031 644993 644971 644951 644833 644835 644807 644706 0 645038 645058 645052 645113 645080 645127 645047 644991 644937 644957 644873 644843 644658 644684 644622 644668 644650 644656 644820 644942 644992 645016 644976 645010 645018 644998 645093 645085 644911 644931 644899 644781 644642 644636 644744 0 644900 644984 645004 644986 645046 645026 645129 645049 644947 644919 0 644713 644749 644747 644574 0 644754 644938 644958 644964 644972 645010 645115 645065 645017 644983 644973 
0 644134 644206 0 644224 644154 644084 644084 644250 644276 644128 644054 0 644070 0 644214 644272 644264 0 644226 644126 644082 644054 644056 644244 644254 644236 644252 644306 644284 644260 644214 644056 644000 0 0 644154 644328 0 644340 644304 644286 0 0 644100 643952 643978 643994 0 644152 0 644214 644206 644254 0 0 644362 644324 644326 644306 0 644238 644162 643964 0 644174 644174 644168 644236 644196 0 644356 644346 644316 0 644276 644270 643916 0 643880 643926 643908 0 644078 644126 644108 644140 644140 644126 644134 644114 644216 644356 644314 0 0 644136 0 643894 0 0 644120 644100 644120 644102 644162 644142 644298 644346 644350 0 0 644236 644128 644102 643832 0 0 644082 644074 644080 644088 644126 644282 644330 644354 0 0 
0 637114 0 0 0 637138 0 637114 637150 0 0 0 0 0 0 637114 0 637174 0 637174 0 0 0 637090 0 0 0 0 0 0 0 0 0 637114 0 0 637078 637138 0 0 0 0 0 0 0 0 0 637090 0 0 0 0 637077 0 0 0 0 637197 0 0 0 637197 637197 0 0 0 637061 0 0 0 0 637185 0 0 0 637197 637197 637114 0 637078 637090 637066 0 0 0 0 0 0 0 0 0 0 0 0 0 0 0 0 0 0 0 637034 0 0 0 0 0 0 0 0 0 0 637197 0 0 637066 0 0 0 0 637014 637018 0 0 637164 637176 0 0 
0 642585 0 0 642702 642643 642584 642560 642715 642752 642630 642569 0 0 0 642605 642613 642772 0 642753 642653 642607 0 642498 642575 642585 642595 0 642654 642854 0 0 642594 642518 0 0 642491 642689 0 0 642864 642879 0 0 642664 642518 642483 642467 0 0 0 642536 642580 642628 0 0 0 642860 642883 642889 0 642867 642817 642452 0 0 642540 642561 642643 642599 0 642808 642873 642900 0 642886 642871 642476 0 642386 642433 642376 0 0 642420 642435 642475 642451 642516 642544 642534 642633 642789 642901 0 0 642804 0 0 0 0 642393 642455 642465 642480 642582 0 0 0 642883 0 0 642806 642812 642787 642338 0 0 642374 642394 642445 642425 642564 0 642836 642860 0 0 
0 642620 0 0 642737 642678 642619 642595 642750 642787 642665 642604 0 0 0 642658 642666 642807 0 642788 642688 642642 0 642533 642628 642638 642648 0 642707 642877 0 0 642629 642553 0 0 642544 642742 0 0 642887 642876 0 0 642699 642553 642518 642502 0 0 0 642589 642633 642681 0 0 0 642897 642896 642886 0 642828 642814 642487 0 0 642593 642614 642696 642652 0 642861 642888 642879 0 642847 642832 642511 0 642421 642468 642411 0 0 642473 642488 642528 642504 642569 642597 642587 642686 642842 642866 0 0 642801 0 0 0 0 642446 642508 642518 642533 642635 0 0 0 642862 0 0 642767 642785 642784 642373 0 0 642427 642447 642498 642478 642617 0 642851 642851 0 0 
0 643983 644013 643980 644040 643965 643884 643908 644039 644050 643926 643839 643890 643911 643985 643967 643895 644062 644073 644007 643899 643857 643887 643914 643877 643907 643841 643865 643922 644091 644094 644013 643818 643782 0 0 643913 643931 0 643925 644082 644103 644103 643908 643836 643686 643773 643821 0 643868 0 643856 643796 643844 0 643871 644003 644060 644069 644093 644130 644085 643947 643776 0 643796 643772 643739 643793 643757 643856 644000 644039 644096 644066 644127 644137 643656 643719 643674 643719 643740 643821 643883 643796 643745 643769 643793 643700 643688 643658 643763 643943 644111 644081 644105 643908 643824 643839 643853 0 643811 643709 643739 643688 643706 643676 643856 643952 644057 644075 0 643998 643908 643857 643626 0 643838 643754 643718 643679 643715 643652 643832 643928 643976 644003 644018 
0 639521 0 0 0 639521 0 639521 639493 0 0 0 0 0 0 639457 0 639521 0 639521 0 0 0 639521 0 0 0 0 0 0 0 0 0 639521 0 0 639445 639409 0 0 0 0 0 0 0 0 0 639521 0 0 0 0 639335 0 0 0 0 639463 0 0 0 639521 639521 0 0 0 639327 0 0 0 0 639431 0 0 0 639511 639517 639521 0 639521 639521 639521 0 0 0 0 0 0 0 0 0 0 0 0 0 0 0 0 0 0 0 639393 0 0 0 0 0 0 0 0 0 0 639439 0 0 639521 0 0 0 0 639281 639313 0 0 639367 639391 0 0 
0 0 0 0 0 0 0 0 0 0 0 0 0 0 0 0 0 0 0 0 0 0 0 0 0 0 0 0 0 0 0 0 0 628298 0 0 0 628157 0 0 0 0 0 0 0 0 0 0 0 0 0 0 0 0 0 0 0 0 0 0 0 0 628321 0 0 0 628075 0 0 0 0 0 0 0 0 0 0 0 0 628274 0 0 0 0 0 0 0 0 0 0 0 0 0 0 0 0 0 0 0 0 0 0 0 0 0 0 0 0 0 0 0 0 0 0 0 0 0 0 0 0 0 628061 0 0 0 0 0 0 
0 640158 0 0 0 640150 0 640208 640054 0 0 640250 0 0 0 640078 0 640036 0 640074 0 640222 0 640188 0 0 0 0 0 0 0 0 0 640292 0 0 640066 639970 0 0 0 0 0 0 0 640214 0 640250 0 0 0 0 639944 0 0 0 0 639928 0 0 0 639942 640066 640280 0 0 639948 0 0 0 0 639920 0 0 0 639904 639886 640214 0 640250 640272 640288 0 0 639996 0 0 639986 0 0 0 0 0 0 0 0 0 0 0 0 0 640014 0 0 0 0 0 0 0 0 0 0 639824 0 0 640226 0 0 0 0 639902 639934 0 0 639808 639808 0 0 
644861 644879 644893 644845 644825 644803 644781 644829 644843 644820 644777 644751 644817 644863 644945 644933 644879 644773 644747 644735 644727 644731 644847 644897 644899 644919 644843 644859 644865 644742 644697 644675 644705 644745 644911 644979 645011 644839 644809 644803 644752 644719 644713 644669 644653 644649 644771 644835 644981 645021 644977 644917 644813 644813 644765 644767 644759 644762 644739 644729 644625 644627 644599 644805 645056 644877 644829 644775 644747 644755 644757 644789 644747 644710 644720 644665 644635 644661 644735 644769 644767 644845 644933 645055 644973 644907 644891 644939 644781 644741 644721 644727 644751 644685 644695 644667 644573 644931 644937 645017 644995 645013 644851 644871 644805 644721 644701 644693 644693 644697 644675 644700 644505 644541 644539 644769 644902 645022 644975 644921 644831 644887 644685 644677 644677 644677 644663 644673 
0 644922 644946 0 644868 644846 644824 644872 644894 644872 644820 644794 0 644862 0 645002 645034 644816 0 644778 644770 644774 644846 644848 645062 645042 645054 645054 645000 644788 644740 644718 644748 644788 0 0 644946 644978 0 644966 644808 644766 0 0 644696 644692 644770 644786 0 644944 0 645048 645054 645030 0 0 644866 644828 644806 644786 0 644670 644642 644756 0 645058 645078 645054 645006 645030 0 644884 644826 644772 0 644708 644678 644704 0 644672 644718 644700 0 644870 644986 645010 645034 645010 645078 645054 645054 645006 644922 644746 0 0 644616 0 644686 0 0 644950 645034 645034 645058 645030 645030 644934 644884 644782 0 0 644548 644584 644582 644624 0 0 644962 644986 645034 645010 645030 644934 644886 644852 0 0 
0 0 0 0 0 0 0 0 0 0 0 0 0 0 0 0 0 0 0 0 0 0 0 0 0 0 0 0 0 0 0 0 0 640574 0 0 0 640654 0 0 0 0 0 0 0 0 0 0 0 0 0 0 0 0 0 0 0 0 0 0 0 0 0 0 0 0 640732 0 0 0 0 0 0 0 0 0 0 0 0 640514 0 0 0 0 0 0 0 0 0 0 0 0 0 0 0 0 0 0 0 0 0 0 0 0 0 0 0 0 0 0 0 0 0 0 0 0 0 0 0 0 0 640689 0 0 0 0 0 0 
0 643037 0 0 643082 643059 643024 643012 643095 643084 643046 643009 0 0 0 643077 643129 643056 0 643037 643033 643023 0 642950 643107 643097 643147 0 643136 643042 0 0 643010 642970 0 0 642975 643137 0 0 643052 643031 0 0 642996 642958 642935 642919 0 0 0 643074 643162 643162 0 0 0 643062 643051 643041 0 642983 642969 642904 0 0 643142 643157 643179 643171 0 643090 643061 643034 0 643002 642987 642928 0 642838 642885 642828 0 0 642974 643031 643063 643015 643124 643132 643102 643169 643109 643021 0 0 642956 0 0 0 0 642929 643063 643073 643088 643150 0 0 0 643039 0 0 642922 642940 642939 642790 0 0 642948 643000 643053 643033 643096 0 643098 643074 0 0 
0 639718 0 0 639771 639700 639619 639643 639810 639801 639661 639574 0 0 0 639838 639934 639717 0 639660 639624 639592 0 639649 639928 639898 639988 0 639931 639675 0 0 639553 639517 0 0 639820 639936 0 0 639705 639642 0 0 639537 639421 639508 639556 0 0 0 639925 640015 640009 0 0 0 639735 639702 639672 0 639498 639456 639511 0 0 640007 640014 640038 640028 0 639819 639732 639651 0 639555 639510 639391 0 639409 639454 639475 0 0 639913 639968 639976 639940 639993 639997 639987 640028 639876 639612 0 0 639417 0 0 0 0 639874 639980 639986 639981 640011 0 0 0 639666 0 0 639315 639369 639366 639361 0 0 639931 639961 639970 639974 639993 0 639843 639771 0 0 
0 643012 0 0 643059 643048 643011 642987 643072 643061 643035 642996 0 0 0 643052 643116 643033 0 643014 643010 643012 0 642925 643082 643072 643134 0 643125 643019 0 0 642999 642945 0 0 642950 643114 0 0 643029 643008 0 0 642973 642945 642910 642894 0 0 0 643049 643149 643151 0 0 0 643039 643028 643018 0 642960 642946 642879 0 0 643117 643160 643160 643176 0 643067 643038 643011 0 642979 642964 642903 0 642813 642860 642803 0 0 642949 643006 643038 642990 643115 643131 643101 643162 643086 642998 0 0 642933 0 0 0 0 642904 643054 643048 643079 643151 0 0 0 643016 0 0 642899 642917 642916 642765 0 0 642923 642975 643044 643016 643097 0 643075 643051 0 0 
0 644889 644961 644903 644979 644909 644839 644839 645005 645021 644883 644809 644827 644825 644921 644969 645049 644989 644963 644951 644881 644837 644809 644811 645029 645009 645069 645069 645063 644961 644913 644891 644811 644755 0 0 644909 645089 0 645115 644981 644939 644929 644885 644845 644707 644733 644749 0 644907 0 645011 645069 645093 0 645131 645039 645001 644979 644959 644841 644843 644815 644719 0 645021 645045 645049 645117 645077 645131 645057 644999 644945 644965 644881 644851 644671 644697 644635 644681 644663 644669 644833 644949 644973 644997 644973 645007 645015 644995 645097 645095 644919 644939 644907 644789 644655 644649 644757 0 644913 644981 644997 644983 645043 645023 645107 645057 644955 644927 0 644721 644757 644755 644587 0 644767 644925 644949 644961 644969 645007 645107 645059 645025 644991 644981 
0 641403 0 0 0 641389 0 641378 641425 0 0 0 0 0 0 641443 0 641410 0 641391 0 0 0 641388 0 0 0 0 0 0 0 0 0 641336 0 0 641447 641441 0 0 0 0 0 0 0 0 0 641357 0 0 0 0 641404 0 0 0 0 641440 0 0 0 641373 641359 0 0 0 641400 0 0 0 0 641447 0 0 0 641392 641377 641263 0 641299 641321 641338 0 0 0 0 0 0 0 0 0 0 0 0 0 0 0 0 0 0 0 641433 0 0 0 0 0 0 0 0 0 0 641312 0 0 641275 0 0 0 0 641377 641393 0 0 641420 641420 0 0 
0 643002 0 0 643119 643060 643001 642977 643132 643169 643047 642986 0 0 0 643042 643090 643189 0 643170 643070 643024 0 642915 643048 643062 643036 0 643133 643233 0 0 643011 642935 0 0 642940 643168 0 0 643243 643232 0 0 643081 642935 642900 642884 0 0 0 643003 642991 643063 0 0 0 643253 643252 643242 0 643184 643170 642869 0 0 642943 642934 643036 642976 0 643257 643262 643235 0 643203 643188 642893 0 642803 642850 642793 0 0 642871 642844 642892 642892 642871 642883 642853 643006 643244 643222 0 0 643157 0 0 0 0 642862 642832 642862 642835 642925 0 0 0 643240 0 0 643123 643141 643140 642755 0 0 642805 642793 642802 642814 642871 0 643215 643239 0 0 
0 642558 0 0 642675 642616 642557 642533 642688 642725 642603 642542 0 0 0 642574 642582 642745 0 642726 642626 642580 0 642471 642544 642554 642564 0 642623 642827 0 0 642567 642491 0 0 642460 642658 0 0 642837 642864 0 0 642637 642491 642456 642440 0 0 0 642505 642549 642597 0 0 0 642829 642864 642874 0 642860 642802 642425 0 0 642509 642530 642612 642568 0 642777 642854 642891 0 642879 642864 642449 0 642359 642406 642349 0 0 642389 642404 642444 642420 642485 642513 642503 642602 642758 642890 0 0 642789 0 0 0 0 642362 642424 642434 642449 642551 0 0 0 642872 0 0 642799 642807 642772 642311 0 0 642343 642363 642414 642394 642533 0 642817 642851 0 0 
0 643892 643976 643889 643955 643874 643793 643817 643994 644009 643835 643748 643799 643820 643964 644012 644036 643973 643982 643916 643808 643766 643796 643823 644020 644036 643986 644010 644057 644027 644003 643922 643727 643691 0 0 643994 644068 0 644068 644057 644042 644027 643817 643745 643595 643682 643730 0 643991 0 644001 643941 643989 0 644016 644124 644087 644102 644072 644039 643994 643856 643685 0 643941 643917 643884 643938 643902 644001 644111 644130 644099 644129 644051 644054 643565 643628 643583 643628 643649 643730 643952 643941 643890 643914 643938 643845 643833 643803 643908 644088 644108 644138 644138 643817 643733 643748 643910 0 643956 643854 643884 643833 643851 643821 644001 644097 644156 644166 0 643881 643817 643766 643535 0 643925 643899 643863 643824 643860 643797 643977 644073 644121 644144 644153 
0 643449 0 0 0 643481 0 643411 643521 0 0 0 0 0 0 643449 0 643569 0 643557 0 0 0 643383 0 0 0 0 0 0 0 0 0 643327 0 0 643377 643521 0 0 0 0 0 0 0 0 0 643321 0 0 0 0 643473 0 0 0 0 643617 0 0 0 643675 643565 0 0 0 643449 0 0 0 0 643593 0 0 0 643675 643675 643243 0 643207 643253 643235 0 0 0 0 0 0 0 0 0 0 0 0 0 0 0 0 0 0 0 643329 0 0 0 0 0 0 0 0 0 0 643602 0 0 643159 0 0 0 0 643401 643377 0 0 643641 643665 0 0 
0 644529 0 0 0 644577 0 644525 644601 0 0 0 0 0 0 644529 0 644649 0 644649 0 0 0 644481 0 0 0 0 0 0 0 0 0 644441 0 0 644457 644601 0 0 0 0 0 0 0 0 0 644435 0 0 0 0 644553 0 0 0 0 644697 0 0 0 644769 644679 0 0 0 644529 0 0 0 0 644673 0 0 0 644769 644793 644357 0 644321 644367 644349 0 0 0 0 0 0 0 0 0 0 0 0 0 0 0 0 0 0 0 644409 0 0 0 0 0 0 0 0 0 0 644743 0 0 644273 0 0 0 0 644481 644457 0 0 644721 644745 0 0 
0 639355 0 0 0 639383 0 639405 639297 0 0 0 0 0 0 639275 0 639279 0 639317 0 0 0 639385 0 0 0 0 0 0 0 0 0 639489 0 0 639263 639213 0 0 0 0 0 0 0 0 0 639447 0 0 0 0 639153 0 0 0 0 639171 0 0 0 639185 639309 0 0 0 639145 0 0 0 0 639163 0 0 0 639147 639129 639539 0 639537 639515 639485 0 0 0 0 0 0 0 0 0 0 0 0 0 0 0 0 0 0 0 639211 0 0 0 0 0 0 0 0 0 0 639067 0 0 639539 0 0 0 0 639099 639131 0 0 639051 639051 0 0 
0 639384 639312 639370 639294 639364 639434 639434 639268 639242 639390 639464 639446 639426 639330 639304 639224 639250 639228 639288 639392 639436 639442 639416 639244 639264 639188 639204 639210 639182 639182 639252 639462 639518 0 0 639294 639184 0 639148 639162 639156 639166 639354 639418 639524 639518 639478 0 639272 0 639240 639158 639158 0 639112 639104 639142 639116 639136 639110 639156 639280 639508 0 639200 639174 639120 639092 639100 639102 639134 639096 639102 639082 639118 639100 639548 639550 639550 639546 639516 639438 639298 639224 639182 639190 639214 639126 639086 639066 639072 639096 639080 639060 639044 639306 639428 639410 639302 0 639242 639150 639170 639128 639066 639046 639038 639038 639044 639024 0 639038 639290 639340 639550 0 639292 639204 639172 639130 639162 639030 639022 639022 639022 639008 639018 
0 0 0 0 0 0 0 0 0 0 0 0 0 0 0 0 0 0 0 0 0 0 0 0 0 0 0 0 0 0 0 0 0 642577 0 0 0 642090 0 0 0 0 0 0 0 0 0 0 0 0 0 0 0 0 0 0 0 0 0 0 0 0 0 0 0 0 0 0 0 0 0 0 0 0 0 0 0 0 0 642649 0 0 0 0 0 0 0 0 0 0 0 0 0 0 0 0 0 0 0 0 0 0 0 0 0 0 0 0 0 0 0 0 0 0 0 0 0 0 0 0 0 642110 0 0 0 0 0 0 
0 644942 0 0 0 644958 0 644992 644862 0 0 0 0 0 0 644862 0 644844 0 644882 0 0 0 644972 0 0 0 0 0 0 0 0 0 645076 0 0 644850 644778 0 0 0 0 0 0 0 0 0 645034 0 0 0 0 644740 0 0 0 0 644736 0 0 0 644750 644874 0 0 0 644732 0 0 0 0 644728 0 0 0 644712 644694 645056 0 645092 645092 645072 0 0 0 0 0 0 0 0 0 0 0 0 0 0 0 0 0 0 0 644786 0 0 0 0 0 0 0 0 0 0 644632 0 0 645068 0 0 0 0 644686 644718 0 0 644616 644616 0 0 
0 0 0 0 0 0 0 0 643869 0 0 0 0 0 0 0 0 0 0 0 0 0 0 643998 0 0 0 0 0 0 0 0 0 644010 0 0 643893 643785 0 0 0 0 0 0 0 0 0 0 0 0 0 0 0 0 0 0 0 0 0 0 0 0 643907 0 0 0 643739 0 0 0 0 0 0 0 0 0 0 0 0 644032 0 644058 0 0 0 0 0 0 0 0 0 0 0 0 0 0 0 0 0 0 0 0 0 0 0 0 0 0 0 0 0 0 0 0 0 0 0 0 0 0 0 643761 0 0 0 0 0 0 
0 642466 642418 642447 642385 642432 642420 642468 642372 642347 642416 642390 642456 642502 642462 642426 642374 642339 642316 642358 642366 642370 642486 642529 642396 642406 642356 642364 642355 642281 642269 642314 642344 642384 0 0 642492 642330 0 642300 642271 642256 642261 642308 642292 642288 642410 642474 0 642505 0 642417 642341 642329 0 642282 642242 642261 642236 642246 642197 642232 642238 642444 0 642397 642361 642322 642284 642300 642277 642269 642226 642217 642207 642213 642192 642300 642374 642408 642406 642484 642582 642538 642481 642436 642416 642452 642337 642305 642295 642274 642250 642194 642184 642164 642212 642592 642572 642518 0 642503 642396 642406 642361 642283 642273 642221 642197 642176 642154 0 642113 642180 642178 642408 0 642513 642484 642455 642386 642426 642265 642213 642189 642177 642158 642163 
0 642687 642675 0 642588 642601 642614 642662 642601 642566 642588 642599 0 642703 0 642727 642693 642514 0 642495 642539 642565 642695 642744 642727 642737 642659 642675 642662 642452 642404 642417 642552 642620 0 0 642829 642625 0 642583 642462 642417 0 0 642478 642548 642657 642713 0 642860 0 642757 642629 642617 0 0 642489 642472 642437 642427 0 642321 642355 642698 0 642717 642657 642591 642539 642559 0 642524 642447 642396 0 642340 642301 642578 0 642692 642679 642742 0 642867 642825 642759 642743 642791 642609 642557 642537 642519 642507 642359 0 0 642342 0 642793 0 0 642859 642703 642723 642645 642525 642505 642449 642425 642377 0 0 642140 642302 642325 642704 0 0 642821 642773 642683 642739 642489 642433 642409 642397 0 0 
0 644142 0 0 0 644038 0 644042 644158 0 0 0 0 0 0 644302 0 644050 0 643974 0 643894 0 644130 0 0 0 0 0 0 0 0 0 643874 0 0 644388 644280 0 0 0 0 0 0 0 643706 0 644006 0 0 0 0 644276 0 0 0 0 644100 0 0 0 643784 643728 0 0 0 644292 0 0 0 0 644183 0 0 0 643860 643800 643706 0 643850 643870 643972 0 0 644430 0 0 644402 0 0 0 0 0 0 0 0 0 0 0 0 0 644448 0 0 0 0 0 0 0 0 0 0 643540 0 0 643820 0 0 0 0 644294 644350 0 0 644094 644070 0 0 
0 637324 0 0 637297 637286 637275 637299 637310 637299 637273 637260 0 0 0 637364 637380 637271 0 637252 637248 637250 0 637333 637394 637384 637384 0 637363 637257 0 0 637237 637257 0 0 637398 637352 0 0 637267 637246 0 0 637211 637209 637270 637302 0 0 0 637409 637369 637369 0 0 0 637277 637266 637256 0 637198 637184 637287 0 0 637377 637350 637336 637340 0 637305 637276 637249 0 637217 637202 637215 0 637261 637268 637275 0 0 637417 637408 637408 637424 637353 637333 637323 637326 637324 637236 0 0 637171 0 0 0 0 637400 637388 637398 637365 637323 0 0 0 637254 0 0 637137 637155 637154 637237 0 0 637395 637391 637378 637398 637305 0 637301 637289 0 0 
0 637338 0 0 637311 637300 637289 637313 637324 637313 637287 637274 0 0 0 637378 637394 637285 0 637266 637262 637264 0 637347 637404 637398 637376 0 637377 637271 0 0 637251 637271 0 0 637408 637366 0 0 637281 637260 0 0 637225 637223 637284 637316 0 0 0 637413 637361 637361 0 0 0 637291 637280 637270 0 637212 637198 637301 0 0 637369 637342 637328 637332 0 637319 637290 637263 0 637231 637216 637229 0 637271 637282 637285 0 0 637405 637396 637400 637412 637345 637325 637315 637318 637330 637250 0 0 637185 0 0 0 0 637402 637380 637390 637357 637315 0 0 0 637268 0 0 637151 637169 637168 637247 0 0 637383 637379 637370 637386 637297 0 637293 637293 0 0 
0 644215 0 0 0 644111 0 644115 644231 0 0 0 0 0 0 644375 0 644123 0 644047 0 643967 0 644203 0 0 0 0 0 0 0 0 0 643947 0 0 644465 644399 0 0 0 0 0 0 0 643779 0 644079 0 0 0 0 644415 0 0 0 0 644193 0 0 0 643882 643826 0 0 0 644431 0 0 0 0 644283 0 0 0 643958 643898 643779 0 643917 643943 644001 0 0 644525 0 0 644535 0 0 0 0 0 0 0 0 0 0 0 0 0 644483 0 0 0 0 0 0 0 0 0 0 643638 0 0 643849 0 0 0 0 644433 644483 0 0 644258 644224 0 0 
0 633906 0 0 633887 633876 633865 633881 633900 633889 633863 633850 0 0 0 633946 633970 633861 0 633842 633838 633840 0 633867 633976 633966 633988 0 633953 633847 0 0 633827 633839 0 0 633916 633942 0 0 633857 633836 0 0 633801 633799 633828 633836 0 0 0 633967 634003 633979 0 0 0 633867 633856 633846 0 633788 633774 633821 0 0 634005 633986 633972 633976 0 633895 633866 633839 0 633807 633792 633797 0 633779 633802 633793 0 0 633939 633972 633980 633956 633981 633969 633959 633962 633914 633826 0 0 633761 0 0 0 0 633918 633968 633978 633969 633959 0 0 0 633844 0 0 633727 633745 633744 633755 0 0 633937 633955 633958 633962 633941 0 633903 633879 0 0 
0 642961 0 0 642956 642945 642934 642936 642969 642958 642932 642919 0 0 0 643001 643039 642930 0 642911 642907 642909 0 642874 643031 643021 643057 0 643022 642916 0 0 642896 642894 0 0 642899 643011 0 0 642926 642905 0 0 642870 642868 642859 642843 0 0 0 642998 643072 643048 0 0 0 642936 642925 642915 0 642857 642843 642828 0 0 643066 643091 643057 643077 0 642964 642935 642908 0 642876 642861 642852 0 642762 642809 642752 0 0 642898 642955 642987 642939 643090 643108 643110 643067 642983 642895 0 0 642830 0 0 0 0 642853 643007 642997 643054 643094 0 0 0 642913 0 0 642796 642814 642813 642714 0 0 642872 642924 643017 642965 643092 0 642972 642948 0 0 
0 642964 0 0 642949 642938 642927 642939 642962 642951 642925 642912 0 0 0 643004 643032 642923 0 642904 642900 642902 0 642887 643034 643024 643050 0 643015 642909 0 0 642889 642897 0 0 642912 643004 0 0 642919 642898 0 0 642863 642861 642872 642856 0 0 0 643011 643065 643041 0 0 0 642929 642918 642908 0 642850 642836 642841 0 0 643069 643084 643050 643070 0 642957 642928 642901 0 642869 642854 642855 0 642775 642822 642765 0 0 642911 642968 643000 642952 643093 643101 643111 643060 642976 642888 0 0 642823 0 0 0 0 642866 643020 643010 643067 643087 0 0 0 642906 0 0 642789 642807 642806 642727 0 0 642885 642937 643030 642978 643093 0 642965 642941 0 0 
0 642955 0 0 643060 643013 642954 642930 643073 643076 643000 642939 0 0 0 642995 643059 643048 0 643029 643011 642977 0 642868 643025 643015 643077 0 643090 643034 0 0 642964 642888 0 0 642893 643115 0 0 643044 643023 0 0 642988 642888 642853 642837 0 0 0 642992 643088 643116 0 0 0 643054 643043 643033 0 642975 642961 642822 0 0 643048 643069 643139 643107 0 643082 643053 643026 0 642994 642979 642846 0 642756 642803 642746 0 0 642892 642943 642981 642933 643024 643044 643014 643129 643101 643013 0 0 642948 0 0 0 0 642847 642963 642973 642988 643086 0 0 0 643031 0 0 642914 642932 642931 642708 0 0 642866 642902 642953 642933 643032 0 643090 643066 0 0 
0 637995 0 0 638058 637977 637896 637920 638097 638112 637938 637851 0 0 0 638115 638161 638076 0 638019 637911 637869 0 637926 638147 638149 638143 0 638176 638128 0 0 637830 637794 0 0 638097 638189 0 0 638158 638119 0 0 637848 637698 637785 637833 0 0 0 638132 638128 638152 0 0 0 638188 638179 638149 0 638023 637933 637788 0 0 638112 638109 638143 638123 0 638214 638207 638152 0 638080 638059 637668 0 637686 637731 637752 0 0 638088 638079 638095 638095 638088 638092 638082 638133 638217 638137 0 0 637894 0 0 0 0 638085 638075 638085 638076 638106 0 0 0 638185 0 0 637960 637870 637843 637638 0 0 638066 638062 638065 638069 638088 0 638202 638202 0 0 
0 642560 0 0 642677 642618 642559 642535 642672 642707 642605 642544 0 0 0 642546 642554 642747 0 642728 642628 642582 0 642473 642516 642526 642536 0 642595 642821 0 0 642569 642493 0 0 642432 642630 0 0 642811 642856 0 0 642639 642493 642458 642442 0 0 0 642477 642521 642569 0 0 0 642801 642836 642846 0 642894 642804 642427 0 0 642481 642502 642584 642540 0 642749 642826 642877 0 642913 642898 642451 0 642361 642408 642351 0 0 642361 642376 642416 642392 642457 642485 642475 642574 642730 642894 0 0 642791 0 0 0 0 642334 642396 642406 642421 642523 0 0 0 642876 0 0 642833 642823 642774 642313 0 0 642315 642335 642386 642366 642505 0 642789 642837 0 0 
0 643972 644042 643969 644035 643954 643873 643897 644066 644078 643915 643828 643879 643900 644018 644001 643929 644053 644062 643996 643888 643846 643876 643903 643911 643941 643875 643899 643956 644107 644083 644002 643807 643771 0 0 643947 643965 0 643959 644114 644122 644107 643897 643825 643675 643762 643810 0 643902 0 643890 643830 643878 0 643905 644037 644094 644103 644126 644119 644074 643936 643765 0 643830 643806 643773 643827 643791 643890 644034 644073 644128 644100 644131 644134 643645 643708 643663 643708 643729 643810 643917 643830 643779 643803 643827 643734 643722 643692 643797 643977 644142 644115 644139 643897 643813 643828 643887 0 643845 643743 643773 643722 643740 643710 643890 643986 644091 644109 0 643963 643897 643846 643615 0 643872 643788 643752 643713 643749 643686 643866 643962 644010 644037 644052 
0 643985 644069 643982 644048 643967 643886 643910 644087 644102 643928 643841 643892 643913 644049 644051 643991 644066 644075 644009 643901 643859 643889 643916 643973 644003 643937 643961 644018 644120 644096 644015 643820 643784 0 0 644008 644027 0 644021 644144 644135 644120 643910 643838 643688 643775 643823 0 643964 0 643952 643892 643940 0 643967 644099 644138 644149 644157 644084 644063 643949 643778 0 643892 643868 643835 643889 643853 643952 644096 644135 644166 644156 644120 644099 643658 643721 643676 643721 643742 643823 643975 643892 643841 643865 643889 643796 643784 643754 643859 644039 644155 644145 644137 643910 643826 643841 643941 0 643907 643805 643835 643784 643802 643772 643952 644048 644129 644123 0 643930 643910 643859 643628 0 643934 643850 643814 643775 643811 643748 643928 644024 644072 644075 644090 
0 642325 0 0 642397 642373 0 642325 642397 642421 642373 642349 0 0 0 642325 0 642445 0 642445 0 642373 0 642277 0 0 0 0 0 0 0 0 642373 642325 0 0 642253 642397 0 0 0 0 0 0 642421 642281 642301 642277 0 0 0 0 642349 642373 0 0 0 642493 0 0 0 642511 642517 642277 0 0 642325 0 0 0 0 642469 0 0 0 642511 642487 642245 0 642209 642255 642229 0 0 642229 0 0 642253 0 0 0 0 0 0 0 0 642517 0 0 0 0 642205 0 0 0 0 0 0 0 0 0 0 642391 0 0 642161 0 0 0 0 642277 642253 0 0 642517 642519 0 0 
0 643601 643553 643582 643520 643559 643560 643596 643507 643482 643546 643545 643590 643625 643597 643561 643509 643474 643451 643489 643509 643523 643617 643654 643531 643541 643491 643499 643490 643416 643404 643435 643510 643554 0 0 643627 643465 0 643435 643406 643391 643396 643456 643460 643494 643579 643623 0 643640 0 643552 643476 643464 0 643417 643377 643396 643371 643381 643332 643367 643385 643608 0 643532 643496 643457 643419 643435 643412 643404 643361 643352 643342 643348 643327 643512 643561 643602 643589 643652 643763 643701 643616 643571 643551 643587 643472 643440 643430 643409 643385 643329 643319 643299 643372 643784 643781 643731 0 643649 643531 643541 643496 643418 643408 643356 643332 643311 643289 0 643248 643344 643355 643614 0 643726 643630 643590 643521 643561 643400 643348 643324 643312 643293 643298 
0 643400 643356 0 643323 643338 643339 643375 643310 643285 643325 643324 0 643404 0 643364 643312 643277 0 643268 643288 643302 643396 643433 643334 643344 643294 643302 643293 643219 643207 643214 643289 643333 0 0 643430 643268 0 643238 643209 643194 0 0 643239 643273 643358 643402 0 643443 0 643355 643279 643267 0 0 643180 643199 643174 643184 0 643154 643164 643387 0 643335 643299 643260 643222 643238 0 643207 643164 643155 0 643151 643130 643291 0 643381 643368 643431 0 643504 643419 643374 643354 643390 643275 643243 643233 643212 643188 643132 0 0 643151 0 643578 0 0 643452 643334 643344 643299 643221 643211 643159 643135 643114 0 0 643033 643123 643134 643393 0 0 643433 643393 643324 643364 643203 643151 643127 643115 0 0 
0 644472 644506 644421 644391 644358 644325 644397 644430 644397 644319 644280 644379 644448 644582 644558 644494 644313 644274 644256 644244 644250 644424 644499 644528 644538 644476 644484 644463 644271 644199 644166 644211 644271 0 0 644660 644426 0 644384 644293 644238 644223 644157 644133 644127 644310 644406 0 644685 0 644561 644461 644437 0 644366 644290 644303 644268 644258 644091 644094 644052 644361 0 644541 644493 644442 644380 644408 644361 644329 644262 644227 644231 644151 644106 644145 644256 644307 644304 644421 644646 644770 644661 644604 644572 644620 644469 644425 644415 644370 644310 644190 644196 644160 644013 644697 644743 644863 0 644706 644552 644562 644505 644391 644381 644281 644233 644188 644154 0 643911 643965 643962 644307 0 644858 644687 644635 644542 644594 644373 644273 644225 644201 644170 644175 
644777 644795 644819 644761 644741 644719 644697 644745 644767 644745 644693 644667 644733 644779 644875 644875 644901 644689 644663 644651 644643 644647 644763 644813 644925 644915 644901 644901 644873 644661 644613 644591 644621 644661 644827 644951 644959 644851 644829 644829 644681 644639 644629 644585 644569 644565 644687 644751 644945 645005 644997 644949 644901 644877 644853 644829 644739 644701 644679 644659 644541 644543 644515 644721 645005 644949 644925 644901 644853 644877 644829 644757 644699 644645 644665 644581 644551 644577 644651 644685 644683 644761 644885 645025 645021 644997 644973 644997 644925 644901 644901 644853 644781 644619 644639 644607 644489 644895 644893 645001 645067 645045 644973 644973 644949 644877 644877 644781 644733 644655 644627 644649 644421 644457 644455 644685 644823 645011 645045 645021 644973 644997 644873 644781 644733 644709 644685 644681 
0 641812 0 0 0 641760 0 641762 641820 0 0 0 0 0 0 641892 0 641766 0 641728 0 0 0 641806 0 0 0 0 0 0 0 0 0 641678 0 0 641940 641904 0 0 0 0 0 0 0 0 0 641744 0 0 0 0 641981 0 0 0 0 641802 0 0 0 641680 641628 0 0 0 641989 0 0 0 0 641846 0 0 0 641718 641700 641594 0 641666 641676 641730 0 0 0 0 0 0 0 0 0 0 0 0 0 0 0 0 0 0 0 642016 0 0 0 0 0 0 0 0 0 0 641618 0 0 641654 0 0 0 0 641990 642018 0 0 641886 641850 0 0 
0 632879 0 0 632852 632841 632830 632854 632865 632854 632828 632815 0 0 0 632919 632935 632826 0 632807 632803 632805 0 632888 632949 632939 632953 0 632918 632812 0 0 632792 632812 0 0 632939 632907 0 0 632822 632801 0 0 632766 632764 632825 632857 0 0 0 632964 632968 632944 0 0 0 632832 632821 632811 0 632753 632739 632842 0 0 632984 632987 632953 632973 0 632860 632831 632804 0 632772 632757 632770 0 632802 632823 632816 0 0 632962 632995 633001 632979 632990 632970 632960 632963 632879 632791 0 0 632726 0 0 0 0 632941 633021 633011 633002 632960 0 0 0 632809 0 0 632692 632710 632709 632778 0 0 632960 632988 633015 633005 632942 0 632868 632844 0 0 
0 638129 0 0 638120 638063 638006 638054 638159 638150 638024 637961 0 0 0 638249 638321 638090 0 638033 637973 637955 0 638108 638339 638309 638375 0 638294 638096 0 0 637916 637928 0 0 638281 638285 0 0 638126 638087 0 0 637886 637808 637943 638015 0 0 0 638360 638396 638372 0 0 0 638156 638147 638117 0 637991 637901 637970 0 0 638412 638387 638373 638377 0 638216 638177 638120 0 638048 638027 637802 0 637870 637913 637936 0 0 638374 638423 638429 638401 638390 638370 638360 638363 638273 638105 0 0 637862 0 0 0 0 638335 638425 638435 638402 638360 0 0 0 638159 0 0 637928 637838 637811 637822 0 0 638388 638414 638415 638421 638342 0 638288 638240 0 0 
0 642881 0 0 642854 642843 642832 642856 642867 642856 642830 642817 0 0 0 642921 642937 642828 0 642809 642805 642807 0 642854 642951 642941 642955 0 642920 642814 0 0 642794 642814 0 0 642903 642909 0 0 642824 642803 0 0 642768 642766 642815 642823 0 0 0 642954 642970 642946 0 0 0 642834 642823 642813 0 642755 642741 642808 0 0 642986 642989 642955 642975 0 642862 642833 642806 0 642774 642759 642772 0 642766 642789 642780 0 0 642926 642959 642967 642943 643010 643002 642992 642965 642881 642793 0 0 642728 0 0 0 0 642905 642987 642977 643010 642992 0 0 0 642811 0 0 642694 642712 642711 642742 0 0 642924 642952 642997 642969 642966 0 642870 642846 0 0 
0 642924 0 0 642909 642898 642887 642899 642922 642911 642885 642872 0 0 0 642964 642992 642883 0 642864 642860 642862 0 642885 642994 642984 643010 0 642975 642869 0 0 642849 642857 0 0 642934 642964 0 0 642879 642858 0 0 642823 642821 642846 642854 0 0 0 642985 643025 643001 0 0 0 642889 642878 642868 0 642810 642796 642839 0 0 643029 643044 643010 643030 0 642917 642888 642861 0 642829 642814 642815 0 642797 642820 642811 0 0 642957 642990 642998 642974 643041 643033 643013 643020 642936 642848 0 0 642783 0 0 0 0 642936 643018 643008 643029 643023 0 0 0 642866 0 0 642749 642767 642766 642773 0 0 642955 642983 643018 643000 642983 0 642925 642901 0 0 
0 642262 642334 0 642306 642280 642212 642212 642332 642310 642254 642182 0 642198 0 642342 642422 642254 0 642216 642208 642208 642182 642184 642402 642382 642458 642442 642434 642226 642178 642156 642182 642128 0 0 642282 642416 0 642404 642246 642204 0 0 642134 642080 642106 642122 0 642280 0 642384 642488 642486 0 0 642304 642266 642244 642224 0 642108 642080 642092 0 642424 642472 642526 642508 642544 0 642322 642264 642210 0 642146 642116 642044 0 642008 642054 642036 0 642206 642328 642394 642410 642362 642512 642536 642536 642528 642360 642184 0 0 642054 0 642022 0 0 642286 642450 642430 642488 642558 642558 642418 642322 642220 0 0 641986 642022 642020 641960 0 0 642324 642380 642464 642414 642558 642434 642338 642290 0 0 
0 638737 638761 0 638746 638723 638700 638712 638759 638760 638710 638685 0 638717 0 638777 638804 638744 0 638725 638697 638687 638709 638722 638804 638797 638804 638804 638800 638754 638742 638719 638674 638670 0 0 638783 638801 0 638804 638764 638755 0 0 638672 638634 638671 638691 0 638794 0 638804 638804 638804 0 0 638793 638774 638775 638765 0 638731 638693 638676 0 638804 638804 638804 638804 638804 0 638790 638785 638770 0 638750 638747 638628 0 638646 638657 638672 0 638781 638804 638804 638804 638804 638804 638804 638804 638804 638804 638769 0 0 638680 0 638725 0 0 638804 638804 638804 638804 638804 638804 638804 638804 638787 0 0 638730 638676 638663 638634 0 0 638804 638804 638804 638804 638801 638804 638804 638804 0 0 
0 644121 644193 0 644211 644141 644071 644071 644237 644263 644115 644041 0 644057 0 644201 644279 644255 0 644217 644113 644069 644041 644043 644251 644241 644243 644259 644295 644321 644297 644251 644043 643987 0 0 644141 644321 0 644347 644341 644323 0 0 644087 643939 643965 643981 0 644139 0 644221 644213 644261 0 0 644399 644361 644363 644343 0 644275 644199 643951 0 644181 644181 644175 644243 644203 0 644371 644383 644353 0 644313 644307 643903 0 643867 643913 643895 0 644065 644133 644115 644147 644147 644133 644141 644121 644223 644391 644351 0 0 644173 0 643881 0 0 644127 644107 644127 644109 644169 644149 644333 644403 644387 0 0 644273 644165 644139 643819 0 0 644089 644081 644087 644095 644133 644317 644387 644411 0 0 
0 642985 0 0 643102 643043 642984 642960 643115 643152 643030 642969 0 0 0 643025 643039 643172 0 643153 643053 643007 0 642898 643001 643011 643021 0 643080 643254 0 0 642994 642918 0 0 642917 643115 0 0 643264 643291 0 0 643064 642918 642883 642867 0 0 0 642962 643006 643054 0 0 0 643274 643311 643301 0 643311 643229 642852 0 0 642966 642987 643069 643025 0 643234 643311 643342 0 643330 643315 642876 0 642786 642833 642776 0 0 642846 642861 642901 642877 642942 642970 642940 643059 643215 643349 0 0 643216 0 0 0 0 642819 642881 642891 642906 643008 0 0 0 643353 0 0 643250 643248 643199 642738 0 0 642800 642820 642871 642851 642958 0 643274 643322 0 0 
0 643935 644019 643932 643998 643917 643836 643860 644037 644052 643878 643791 643842 643863 644007 644023 643990 644016 644025 643959 643851 643809 643839 643866 643972 644000 643936 643960 644017 644070 644046 643965 643770 643734 0 0 643981 644026 0 644020 644100 644085 644070 643860 643788 643638 643725 643773 0 643958 0 643951 643891 643939 0 643966 644091 644110 644121 644115 644082 644037 643899 643728 0 643891 643867 643834 643888 643852 643951 644082 644111 644136 644128 644094 644097 643608 643671 643626 643671 643692 643773 643947 643891 643840 643864 643888 643795 643783 643753 643858 644038 644147 644141 644157 643860 643776 643791 643913 0 643906 643804 643834 643783 643801 643771 643951 644047 644133 644147 0 643928 643860 643809 643578 0 643908 643849 643813 643774 643810 643747 643927 644023 644071 644098 644113 
644818 644788 644860 644802 644878 644808 644738 644738 644904 644930 644782 644708 644726 644724 644820 644857 644861 644922 644944 644884 644780 644736 644708 644710 644835 644845 644841 644851 644890 644990 644990 644920 644710 644654 644676 644803 644787 644913 644934 644931 645010 645016 645006 644818 644754 644606 644632 644648 644604 644752 644766 644808 644811 644859 644859 644909 645017 645022 645047 645036 645038 645004 644892 644618 644740 644779 644779 644773 644841 644801 644899 644996 645049 645066 645076 645042 645048 644570 644596 644534 644580 644562 644568 644717 644728 644713 644745 644745 644731 644739 644719 644821 644977 645077 645087 645095 644866 644554 644548 644643 644662 644713 644705 644725 644707 644767 644747 644931 645020 645083 645097 645086 644918 644882 644832 644486 644478 644642 644687 644679 644685 644693 644731 644915 645011 645048 645065 645070 
0 644658 0 0 0 644706 0 644648 644730 0 0 0 0 0 0 644658 0 644778 0 644778 0 0 0 644610 0 0 0 0 0 0 0 0 0 644564 0 0 644586 644730 0 0 0 0 0 0 0 0 0 644558 0 0 0 0 644682 0 0 0 0 644826 0 0 0 644898 644802 0 0 0 644658 0 0 0 0 644802 0 0 0 644898 644922 644480 0 644444 644490 644472 0 0 0 0 0 0 0 0 0 0 0 0 0 0 0 0 0 0 0 644538 0 0 0 0 0 0 0 0 0 0 645004 0 0 644396 0 0 0 0 644610 644586 0 0 644850 644874 0 0 
0 639753 0 0 639762 639819 639876 639828 639723 639732 639858 639921 0 0 0 639633 639561 639792 0 639849 639909 639927 0 639774 639543 639573 639507 0 639588 639786 0 0 639960 639932 0 0 639579 639597 0 0 639756 639795 0 0 639982 639892 639921 639867 0 0 0 639522 639462 639510 0 0 0 639726 639735 639765 0 639855 639981 639912 0 0 639438 639405 639459 639423 0 639666 639705 639750 0 639798 639795 639862 0 639872 639895 639886 0 0 639462 639411 639435 639459 639366 639354 639324 639429 639609 639741 0 0 640020 0 0 0 0 639477 639375 639405 639354 639372 0 0 0 639687 0 0 639704 640032 640021 639832 0 0 639420 639384 639345 639381 639318 0 639594 639630 0 0 
0 639919 0 0 639928 639985 640042 639994 639889 639898 640024 640087 0 0 0 639799 639727 639958 0 640015 640075 640093 0 639940 639709 639739 639673 0 639754 639940 0 0 640132 640120 0 0 639745 639763 0 0 639910 639925 0 0 640162 640112 640105 640033 0 0 0 639688 639628 639676 0 0 0 639880 639865 639895 0 639949 640111 640078 0 0 639604 639571 639625 639589 0 639832 639835 639868 0 639892 639865 640082 0 640094 640117 640066 0 0 639628 639577 639601 639625 639532 639520 639490 639595 639775 639835 0 0 640150 0 0 0 0 639643 639541 639571 639520 639538 0 0 0 639781 0 0 639772 640150 640197 640052 0 0 639586 639550 639511 639547 639484 0 639724 639748 0 0 
0 638596 0 0 0 638610 0 638621 638574 0 0 0 0 0 0 638556 0 638589 0 638608 0 0 0 638611 0 0 0 0 0 0 0 0 0 638663 0 0 638550 638532 0 0 0 0 0 0 0 0 0 638642 0 0 0 0 638495 0 0 0 0 638559 0 0 0 638602 638640 0 0 0 638491 0 0 0 0 638543 0 0 0 638583 638586 638687 0 638687 638676 638661 0 0 0 0 0 0 0 0 0 0 0 0 0 0 0 0 0 0 0 638524 0 0 0 0 0 0 0 0 0 0 638603 0 0 638687 0 0 0 0 638468 638484 0 0 638511 638523 0 0 
644719 644740 644699 644711 644671 644678 644679 644715 644655 644629 644665 644664 644709 644744 644739 644691 644611 644625 644602 644608 644628 644642 644736 644773 644631 644651 644575 644591 644597 644567 644553 644554 644629 644673 644792 644711 644751 644571 644541 644535 644549 644542 644547 644575 644579 644588 644698 644742 644936 644753 644709 644649 644545 644545 644497 644499 644491 644529 644503 644523 644481 644494 644504 644727 644801 644609 644561 644507 644479 644487 644489 644521 644483 644489 644469 644499 644478 644600 644674 644708 644706 644771 644882 644827 644705 644639 644623 644671 644513 644473 644453 644459 644483 644467 644447 644431 644491 644911 644944 644903 644789 644747 644583 644603 644537 644453 644433 644425 644425 644431 644411 644437 644373 644463 644474 644708 645051 644893 644709 644653 644563 644619 644417 644409 644409 644409 644395 644405 
0 644494 644530 644443 644413 644380 644347 644419 644452 644419 644341 644302 644401 644470 644614 644594 644536 644335 644296 644278 644266 644272 644446 644521 644570 644580 644518 644526 644505 644293 644221 644188 644233 644293 0 0 644702 644468 0 644426 644323 644260 644245 644179 644155 644149 644332 644428 0 644727 0 644603 644503 644479 0 644408 644332 644339 644304 644290 644113 644116 644074 644383 0 644583 644535 644484 644422 644450 644403 644371 644304 644263 644273 644173 644128 644167 644278 644329 644326 644443 644668 644812 644703 644646 644614 644662 644511 644467 644457 644412 644352 644226 644236 644196 644035 644719 644766 644904 0 644748 644594 644604 644547 644433 644423 644323 644275 644230 644196 0 643933 643987 643984 644329 0 644901 644729 644677 644584 644636 644415 644315 644267 644243 644212 644217 
0 633750 0 0 633723 633712 633701 633725 633736 633725 633699 633686 0 0 0 633790 633806 633697 0 633678 633674 633676 0 633759 633820 633810 633824 0 633789 633683 0 0 633663 633683 0 0 633832 633778 0 0 633693 633672 0 0 633637 633635 633696 633728 0 0 0 633835 633839 633815 0 0 0 633703 633692 633682 0 633624 633610 633713 0 0 633855 633840 633824 633830 0 633731 633702 633675 0 633643 633628 633641 0 633695 633694 633711 0 0 633857 633888 633872 633872 633843 633823 633813 633816 633750 633662 0 0 633597 0 0 0 0 633836 633878 633882 633855 633813 0 0 0 633680 0 0 633563 633581 633580 633673 0 0 633855 633883 633868 633896 633795 0 633739 633715 0 0 
0 632784 0 0 632757 632746 632735 632759 632770 632759 632733 632720 0 0 0 632824 632840 632731 0 632712 632708 632710 0 632793 632854 632844 632858 0 632823 632717 0 0 632697 632717 0 0 632866 632812 0 0 632727 632706 0 0 632671 632669 632730 632762 0 0 0 632869 632871 632849 0 0 0 632737 632726 632716 0 632658 632644 632747 0 0 632879 632852 632838 632842 0 632765 632736 632709 0 632677 632662 632675 0 632729 632728 632755 0 0 632901 632918 632906 632906 632855 632835 632825 632828 632784 632696 0 0 632631 0 0 0 0 632880 632890 632900 632867 632825 0 0 0 632714 0 0 632597 632615 632614 632717 0 0 632899 632913 632880 632908 632807 0 632773 632749 0 0 
0 632534 0 0 0 632458 0 632484 632506 0 0 0 0 0 0 632614 0 632428 0 632390 0 0 0 632534 0 0 0 0 0 0 0 0 0 632400 0 0 632632 632590 0 0 0 0 0 0 0 0 0 632472 0 0 0 0 632662 0 0 0 0 632440 0 0 0 632282 632254 0 0 0 632686 0 0 0 0 632496 0 0 0 632320 632290 632316 0 632358 632404 632386 0 0 0 0 0 0 0 0 0 0 0 0 0 0 0 0 0 0 0 632636 0 0 0 0 0 0 0 0 0 0 632160 0 0 632310 0 0 0 0 632716 632692 0 0 632494 632464 0 0 
0 0 0 0 0 0 0 0 0 0 0 0 0 0 0 0 0 0 0 0 0 0 0 0 0 0 0 0 0 0 0 0 0 634726 0 0 0 634749 0 0 0 0 0 0 0 0 0 0 0 0 0 0 0 0 0 0 0 0 0 0 0 0 0 0 0 0 0 0 0 0 0 0 0 0 0 0 0 0 0 0 0 0 0 0 0 0 0 0 0 0 0 0 0 0 0 0 0 0 0 0 0 0 0 0 0 0 0 0 0 0 0 0 0 0 0 0 0 0 0 0 0 634947 0 0 0 0 0 0 
0 642891 0 0 642912 642901 642878 642866 642925 642914 642888 642863 0 0 0 642931 642983 642886 0 642867 642863 642865 0 642804 642961 642951 643001 0 642978 642872 0 0 642852 642824 0 0 642829 642967 0 0 642882 642861 0 0 642826 642812 642789 642773 0 0 0 642928 643016 643004 0 0 0 642892 642881 642871 0 642813 642799 642758 0 0 642996 643035 643013 643033 0 642920 642891 642864 0 642832 642817 642782 0 642692 642739 642682 0 0 642828 642885 642917 642869 643020 643052 643050 643023 642939 642851 0 0 642786 0 0 0 0 642783 642937 642927 642984 643050 0 0 0 642869 0 0 642752 642770 642769 642644 0 0 642802 642854 642947 642895 643044 0 642928 642904 0 0 
0 643957 644029 0 644045 643977 643907 643907 644071 644073 643951 643877 0 643893 0 644037 644117 644041 0 644003 643947 643905 643877 643879 644097 644077 644153 644137 644131 644061 644037 643991 643879 643823 0 0 643977 644155 0 644167 644081 644063 0 0 643897 643775 643801 643817 0 643975 0 644079 644183 644183 0 0 644139 644101 644103 644083 0 644015 643939 643787 0 644119 644167 644191 644237 644215 0 644133 644123 644093 0 644053 644047 643739 0 643703 643749 643731 0 643901 644023 644089 644105 644057 644167 644185 644165 644237 644171 644091 0 0 643913 0 643717 0 0 643981 644119 644119 644143 644213 644193 644229 644181 644127 0 0 644013 643905 643879 643655 0 0 644019 644071 644119 644095 644177 644237 644197 644173 0 0 
0 642662 0 0 0 642696 0 642637 642756 0 0 0 0 0 0 642702 0 642772 0 642753 0 0 0 642599 0 0 0 0 0 0 0 0 0 642595 0 0 642636 642798 0 0 0 0 0 0 0 0 0 642568 0 0 0 0 642723 0 0 0 0 642802 0 0 0 642759 642721 0 0 0 642691 0 0 0 0 642818 0 0 0 642778 642775 642553 0 642499 642534 642501 0 0 0 0 0 0 0 0 0 0 0 0 0 0 0 0 0 0 0 642610 0 0 0 0 0 0 0 0 0 0 642758 0 0 642463 0 0 0 0 642597 642605 0 0 642826 642833 0 0 
0 643787 0 0 0 643807 0 643737 643903 0 0 0 0 0 0 643867 0 643921 0 643883 0 0 0 643709 0 0 0 0 0 0 0 0 0 643653 0 0 643807 643969 0 0 0 0 0 0 0 0 0 643647 0 0 0 0 643853 0 0 0 0 644029 0 0 0 643959 643883 0 0 0 643821 0 0 0 0 644034 0 0 0 643997 643991 643569 0 643533 643579 643561 0 0 0 0 0 0 0 0 0 0 0 0 0 0 0 0 0 0 0 643767 0 0 0 0 0 0 0 0 0 0 643957 0 0 643485 0 0 0 0 643727 643735 0 0 644045 644069 0 0 
0 643898 643982 643895 643961 643880 643799 643823 644000 644015 643841 643754 643805 643826 643970 644018 644078 643979 643988 643922 643814 643772 643802 643829 644064 644074 644036 644060 644095 644033 644009 643928 643733 643697 0 0 644000 644106 0 644112 644063 644048 644033 643823 643751 643601 643688 643736 0 644021 0 644049 643991 644039 0 644066 644150 644093 644108 644078 644023 644000 643862 643691 0 643991 643967 643934 643988 643952 644051 644129 644138 644105 644135 644057 644038 643571 643634 643589 643634 643655 643736 643958 643991 643940 643964 643988 643895 643883 643853 643958 644134 644114 644144 644122 643823 643739 643754 643916 0 644002 643904 643934 643883 643901 643871 644051 644147 644168 644152 0 643865 643823 643772 643541 0 643931 643949 643913 643874 643910 643847 644027 644123 644169 644186 644191 
0 643865 643949 643862 643928 643847 643766 643790 643967 643982 643808 643721 643772 643793 643937 643985 643998 643946 643955 643889 643781 643739 643769 643796 643982 644002 643960 643978 644020 644000 643976 643895 643700 643664 0 0 643967 644030 0 644030 644030 644015 644000 643790 643718 643568 643655 643703 0 643960 0 643964 643915 643963 0 643990 644094 644060 644075 644045 644012 643967 643829 643658 0 643915 643891 643858 643912 643876 643975 644088 644104 644072 644102 644024 644027 643538 643601 643556 643601 643622 643703 643925 643912 643864 643888 643912 643819 643807 643777 643882 644050 644081 644111 644111 643790 643706 643721 643883 0 643918 643828 643858 643807 643825 643795 643975 644064 644132 644140 0 643854 643790 643739 643508 0 643898 643873 643837 643798 643834 643771 643951 644047 644084 644106 644116 
