643252 643231 643236 643228 643244 643238 643221 643227 643223 643204 643202 643205 643206 643205 643200 643215 643189 643193 643205 643184 643200 643194 643197 643188 643183 643189 643180 643181 643171 643194 643169 643176 643190 643178 643161 643161 643155 643166 643159 643152 643144 643146 643151 643146 643140 643144 643147 643141 643143 643147 643124 643075 643115 643132 643131 643155 643133 643136 643136 643118 643120 643127 643132 643121 643137 643121 643125 643118 643087 643024 643062 643065 643120 643119 643102 643112 643122 643102 643121 643118 643066 642986 642991 643027 643032 643049 643057 643097 643104 643104 643114 643098 643096 643086 643087 643095 643104 643094 643097 643096 643086 643084 643107 643104 643047 643039 642977 643081 643090 643082 643074 643076 643095 643073 643079 643082 643073 643085 643098 643081 643026 642985 642975 642980 643024 643013 643087 643079 
0 642874 0 0 0 642859 0 642846 0 0 0 0 0 0 0 0 642868 0 642838 0 0 0 0 0 0 642875 0 642825 642777 642799 0 0 0 642795 642781 0 642844 0 0 0 0 642755 642717 642727 0 0 0 0 642810 0 0 0 0 0 642653 642721 642725 642827 0 0 642869 0 0 0 0 0 642780 0 0 0 0 0 0 642653 0 0 0 642781 0 0 0 0 0 0 0 642722 0 642676 0 642843 0 0 0 642823 0 0 642805 0 642786 642773 0 0 0 0 0 0 0 0 0 642599 0 0 0 0 0 0 0 0 0 0 0 0 0 0 642708 0 642613 642579 
0 640815 640820 640804 0 640814 640797 640803 640807 640780 640778 0 640790 0 0 0 640773 640769 640781 0 0 640736 0 0 0 640773 640756 640757 640747 640770 640735 0 0 640754 640719 0 640697 640750 0 0 0 640722 640727 640722 640562 0 640689 0 640727 0 0 0 640698 640708 640687 640731 640691 640598 0 640484 640542 640621 0 640705 640721 640705 640709 0 0 640535 640597 0 640696 640675 0 640534 0 640686 0 0 0 640473 0 640550 0 640596 640616 640673 640566 640470 640504 640448 640470 640532 640557 640565 640622 0 640639 640662 640652 640668 0 0 0 640582 0 0 0 640584 0 640450 640493 640519 0 0 0 0 0 640665 0 0 0 0 640559 640560 640603 640566 
0 644972 645002 645021 0 644987 644967 644998 644956 644953 644951 0 644976 0 0 0 644912 644935 644947 0 0 644974 0 0 0 644924 644921 644911 644921 644933 644914 0 0 644893 644913 0 644896 644862 0 0 0 644841 644827 644871 644866 0 644880 0 644808 0 0 0 644825 644801 644775 644855 644857 644873 0 644825 644826 644840 0 644806 644804 644740 644760 0 0 644809 644840 0 644777 644763 0 644810 0 644738 0 0 0 644771 0 644794 0 644790 644781 644755 644809 644809 644829 644782 644778 644758 644760 644776 644794 0 644780 644768 644748 644732 0 0 0 644779 0 0 0 644743 0 644738 644776 644732 0 0 0 0 0 644684 0 0 0 0 644764 644718 644711 644713 
0 643812 643807 643783 643811 643783 643749 643757 643814 643715 643711 643713 643814 643768 643758 0 643760 643693 643717 0 643703 643814 0 643758 643748 643742 643667 643669 643669 643691 643764 643730 643762 643663 643673 643769 643760 643710 0 643686 643694 643599 643609 643619 643807 0 643744 643664 643668 643676 643676 643551 643559 643571 643545 643613 643617 643719 643767 643779 643810 643752 0 643644 643652 643600 643632 0 643626 643521 643549 643531 643547 643545 0 643794 0 643586 0 0 643584 643493 643503 643503 643489 643499 643491 643501 643655 643751 643747 643814 643810 643718 643696 643712 643682 0 643644 643618 643598 643570 0 0 643594 643578 643451 643469 0 643491 0 643770 643784 643692 0 643662 643572 643552 0 643544 643528 643518 643423 643433 643473 643427 643481 643471 
0 0 0 0 0 640954 0 640887 0 0 0 0 0 0 0 0 640943 0 640945 0 0 0 0 0 0 640943 0 640923 640807 640854 0 0 0 640918 640773 0 640755 0 0 0 0 640888 640867 640782 0 0 0 0 640895 0 0 0 0 0 640817 640815 640745 640652 0 0 640600 0 0 0 0 0 0 0 0 0 0 0 0 640835 0 0 0 0 0 0 0 0 0 0 0 0 0 640839 0 640524 0 0 0 640590 0 0 0 0 640697 0 0 0 0 0 0 0 0 0 0 640718 0 0 0 0 0 0 0 0 0 0 0 0 0 0 640731 0 640827 640730 
0 643439 643442 643450 0 643450 643432 643440 643431 643438 643442 0 643424 0 0 0 643421 643424 643424 0 0 643436 0 0 0 643421 643410 643400 643352 643374 643399 0 0 643370 643356 0 643397 643372 0 0 0 643330 643292 643302 643442 0 643389 0 643363 0 0 0 643314 643278 643228 643296 643300 643402 0 643450 643422 643393 0 643339 643343 643317 643333 0 0 643348 643352 0 643254 643228 0 643414 0 643334 0 0 0 643330 0 643318 0 643290 643270 643244 643338 643434 643430 643436 643422 643376 643365 643373 643358 0 643339 643326 643316 643302 0 0 0 643330 0 0 0 643174 0 643402 643409 643363 0 0 0 0 0 643301 0 0 0 0 643276 643218 643188 643154 
0 0 0 0 0 0 0 645127 0 0 0 0 0 0 0 0 644993 0 645121 0 0 0 0 0 0 644993 0 645097 645067 645113 0 0 0 645091 645047 0 644915 0 0 0 0 645027 0 645017 0 0 0 0 644901 0 0 0 0 0 644981 645035 644991 644995 0 0 644845 0 0 0 0 0 0 0 0 0 0 0 0 0 0 0 0 0 0 0 0 0 0 0 0 0 0 644929 0 644893 0 0 0 644777 0 0 0 0 644799 0 0 0 0 0 0 0 0 0 0 644889 0 0 0 0 0 0 0 0 0 0 0 0 0 0 644901 0 644909 644893 
0 638707 638707 638695 0 638695 638678 638682 638707 638669 638672 0 638707 0 0 0 638696 638663 638674 0 0 638707 0 0 0 638679 638645 638651 638638 638649 638704 0 0 638647 638640 0 638702 638655 0 0 0 638616 638608 638613 638707 0 638689 0 638637 0 0 0 638579 638601 638576 638610 638612 638663 0 638693 638707 638697 0 638589 638597 638545 638577 0 0 638488 638526 0 638589 638576 0 638707 0 638568 0 0 0 638450 0 638491 0 638513 638521 638562 638631 638679 638677 638707 638707 638663 638641 638657 638627 0 638589 638563 638543 638515 0 0 0 638559 0 0 0 638549 0 638707 638707 638637 0 0 0 0 0 638513 0 0 0 0 638488 638477 638556 638539 
0 641017 0 0 0 641032 0 640949 0 641084 641088 0 640894 0 0 0 641065 641079 641049 0 0 0 0 0 0 641065 0 641067 640869 640916 640833 0 0 641022 640835 0 640795 640878 0 0 0 641032 640947 640844 0 0 0 0 640977 0 0 0 0 640976 640879 640877 640807 640714 0 0 640640 0 0 640809 0 640859 640911 0 0 0 0 0 640964 640915 0 0 0 640978 0 0 0 0 0 0 0 640932 640952 640983 640682 640586 640620 0 0 640630 0 0 640720 0 640737 640760 640750 0 0 0 0 0 0 0 0 640780 0 0 0 0 0 0 0 0 0 640915 0 0 0 0 640895 0 640931 640800 
0 640922 0 0 0 640937 0 640920 0 640943 640967 0 640871 0 0 0 640926 640958 640948 0 0 0 0 0 0 640924 0 640946 640846 640887 640834 0 0 640921 640840 0 640820 640831 0 0 0 640871 640792 640771 0 0 0 0 640858 0 0 0 0 640783 640684 640774 640756 640829 0 0 640785 0 0 640786 0 640788 640816 0 0 0 0 0 640747 640696 0 0 0 640839 0 0 0 0 0 0 0 640743 640731 640746 640765 640755 640789 0 0 640751 0 0 640769 0 640762 640761 640751 0 0 0 0 0 0 0 0 640579 0 0 0 0 0 0 0 0 0 640796 0 0 0 0 640704 0 640648 640561 
0 642461 642487 642511 642483 642491 642525 642537 642445 642415 642467 642575 642451 642405 642395 0 642377 642485 642509 0 642575 642463 0 642375 642365 642377 642463 642507 642575 642575 642401 642367 642379 642531 642575 642441 642385 642347 0 642303 642333 642507 642555 642575 642355 0 642369 642281 642285 642293 642293 642387 642459 642531 642575 642575 642575 642491 642395 642335 642315 642329 0 642281 642289 642237 642249 0 642243 642273 642341 642387 642531 642555 0 642299 0 642203 0 0 642201 642205 642195 642339 642363 642387 642411 642483 642491 642363 642391 642271 642267 642247 642249 642265 642283 0 642269 642255 642235 642207 0 0 642211 642195 642291 642507 0 642575 0 642227 642265 642221 0 642239 642209 642169 0 642161 642145 642135 642315 642315 642363 642387 642531 642575 
0 645081 0 0 0 645051 0 645053 0 0 0 0 645121 0 0 0 645069 0 644985 0 0 0 0 0 0 645021 0 644937 644947 644987 645103 0 0 644931 644927 0 645075 645091 0 0 0 644867 644877 644897 0 0 0 0 645021 0 0 0 0 644839 644837 644909 644871 644877 0 0 644957 0 0 645007 0 644977 644985 0 0 0 0 0 0 644813 0 0 0 644939 0 0 0 0 0 0 0 644767 644759 644769 644813 644813 644833 0 0 644937 0 0 644973 0 644959 644957 644937 0 0 0 0 0 0 0 0 644769 0 0 0 0 0 0 0 0 0 644897 0 0 0 0 644741 0 644749 644767 
0 643602 643560 643512 0 643572 643538 643510 643618 643544 643528 0 643572 643634 0 0 643618 643510 643522 0 643456 643495 0 643641 643630 643582 643496 643486 643398 643444 643560 643591 643646 643468 643378 0 643529 643581 0 0 0 643416 643398 643348 643303 0 643521 0 643600 0 0 0 643392 643376 643322 643366 643322 643287 0 643203 643343 643453 0 643502 643534 643506 643550 0 643547 643354 643382 0 643352 643334 0 643359 0 643532 0 0 0 643326 0 643336 0 643332 643324 643330 643223 643175 643207 643207 643271 643364 643389 643397 643451 0 643449 643452 643432 643428 0 0 0 643499 0 643286 0 643220 0 643282 643325 643351 0 0 0 0 0 643478 0 0 0 0 643306 643260 643286 643224 
0 644999 645015 644971 645009 644969 644935 644965 645015 644937 644921 644921 645031 645085 645085 0 645011 644903 644915 0 644911 644959 0 645073 645023 644975 644889 644879 644857 644899 645051 645081 645045 644861 644837 644837 645027 645061 0 645037 644924 644809 644795 644807 644827 0 645021 644993 645009 645033 644964 644774 644782 644769 644743 644821 644781 644787 644787 644751 644867 644977 0 644975 645003 644941 644961 0 644966 644744 644772 644754 644745 644731 0 644883 0 644939 0 0 644950 644716 644726 644726 644712 644722 644714 644723 644723 644723 644743 644767 644819 644905 644907 644923 644941 0 644927 644925 644905 644901 0 0 644902 644918 644674 644679 0 644679 0 644859 644869 644879 0 644897 644879 644881 0 644885 644894 644870 644646 644656 644696 644650 644679 644679 
645075 645093 645076 645028 645091 645063 645029 645026 645109 645017 645013 644982 645088 645120 645110 645125 645101 644995 645019 644977 644972 645016 645104 645110 645101 645055 644969 644971 644914 644960 645057 645071 645125 644965 644894 644894 645029 645051 645028 645060 645003 644901 644889 644864 644884 645007 645013 645016 645042 645050 645029 644853 644861 644873 644825 644882 644838 644844 644844 644808 644924 644973 644983 644961 644993 644952 644984 644992 645000 644823 644851 644833 644849 644825 644776 644924 644963 644960 644998 644992 644958 644795 644805 644805 644791 644801 644793 644803 644780 644780 644800 644824 644876 644891 644893 644909 644927 644907 644913 644911 644891 644887 644970 644964 644957 644952 644753 644771 644767 644736 644720 644871 644900 644865 644877 644883 644865 644904 644952 644918 644902 644892 644725 644735 644775 644729 644783 644740 
0 0 0 0 0 0 0 644950 0 0 0 0 0 0 0 0 645134 0 645006 0 0 0 0 0 0 645124 0 645006 644838 644884 0 0 0 644952 644818 0 644928 0 0 0 0 644936 0 644788 0 0 0 0 645004 0 0 0 0 0 644762 644806 644762 644768 0 0 644846 0 0 0 0 0 0 0 0 0 0 0 0 0 0 0 0 0 0 0 0 0 0 0 0 0 0 644872 0 644704 0 0 0 644790 0 0 0 0 644812 0 0 0 0 0 0 0 0 0 0 644660 0 0 0 0 0 0 0 0 0 0 0 0 0 0 644888 0 644770 644664 
0 640833 0 0 0 640848 0 640789 0 640900 640904 0 640710 0 0 0 640859 640911 640899 0 0 0 0 0 0 640881 0 640899 640723 640770 640649 0 0 640872 640689 0 640611 640694 0 0 0 640864 640787 640694 0 0 0 0 640789 0 0 0 0 640798 640655 640721 640655 640568 0 0 640456 0 0 640625 0 640675 640727 0 0 0 0 0 640762 640691 0 0 0 640772 0 0 0 0 0 0 0 640788 640808 640787 640536 640432 640470 0 0 640446 0 0 640536 0 640553 640576 640566 0 0 0 0 0 0 0 0 640502 0 0 0 0 0 0 0 0 0 640727 0 0 0 0 640751 0 640663 640508 
0 0 0 0 0 0 0 0 0 0 0 0 0 0 0 0 0 0 645106 0 0 0 0 0 0 0 0 645090 644948 645017 0 0 0 645059 644918 0 0 0 0 0 0 644985 0 644873 0 0 0 0 644802 0 0 0 0 0 644834 644900 644834 644843 0 0 0 0 0 0 0 0 0 0 0 0 0 0 0 0 0 0 0 0 0 0 0 0 0 0 0 0 0 644838 0 644693 0 0 0 0 0 0 0 0 0 0 0 0 0 0 0 0 0 0 0 644681 0 0 0 0 0 0 0 0 0 0 0 0 0 0 644796 0 644786 644687 
644992 644997 644956 644956 644976 645027 645047 644996 644981 644989 645020 645018 644896 644898 644888 644965 644939 645029 645041 645038 645022 644872 644882 644911 644927 644951 645018 645041 644964 645010 644822 644836 644929 645043 644944 644846 644794 644816 644806 644877 644931 644991 644975 644914 644764 644772 644778 644817 644835 644867 644891 644968 644975 644951 644888 644932 644888 644871 644799 644744 644724 644738 644748 644726 644758 644730 644785 644797 644853 644875 644933 644971 644927 644911 644826 644708 644728 644765 644791 644785 644811 644815 644805 644920 644929 644939 644931 644905 644830 644759 644785 644680 644676 644656 644658 644674 644692 644672 644678 644676 644656 644652 644763 644757 644821 644805 644874 644861 644853 644786 644770 644636 644674 644630 644642 644648 644630 644705 644745 644711 644755 644745 644863 644873 644913 644867 644861 644790 
0 644652 644703 644727 0 644697 644748 644778 644628 644583 644661 0 644637 644570 0 0 644526 644688 644724 0 644845 644649 0 644523 644508 644526 644655 644724 644850 644851 644550 644523 644529 644775 644836 0 644532 644493 0 0 0 644717 644732 644777 644607 0 644508 0 644388 0 0 0 644657 644675 644668 644780 644762 644763 0 644625 644547 644496 0 644382 644406 644318 644334 0 644325 644370 644472 0 644639 644636 0 644523 0 644265 0 0 0 644268 0 644469 0 644567 644555 644570 644771 644667 644685 644553 644523 644421 644400 644424 644403 0 644358 644331 644301 644271 0 0 0 644253 0 644522 0 644585 0 644463 644496 644382 0 0 0 0 0 644202 0 0 0 0 644528 644459 644540 644567 
0 645046 645092 645098 0 645028 644994 645050 645040 644960 644956 0 645096 0 0 0 644972 644938 644962 0 0 645137 0 0 0 644972 644912 644914 644984 644984 645058 0 0 644908 645000 0 645063 644970 0 0 0 644844 644854 644934 645015 0 645047 0 644880 0 0 0 644804 644816 644814 644906 644944 644983 0 644947 644993 645007 0 644926 644912 644836 644844 0 0 644766 644794 0 644792 644790 0 644977 0 644798 0 0 0 644738 0 644748 0 644744 644736 644746 644919 644919 644939 644945 644945 644925 644927 644943 644961 0 644947 644912 644892 644852 0 0 0 644790 0 0 0 644806 0 644905 644943 644899 0 0 0 0 0 644756 0 0 0 0 644718 644672 644726 644764 
645035 645047 645047 645021 645051 645017 644983 644997 645063 644949 644945 644953 645081 645128 645129 645079 645035 644927 644951 644909 644943 645009 645126 645123 645047 644987 644901 644903 644907 644931 645104 645110 645081 644897 644887 644887 645080 645090 645056 645051 644935 644833 644843 644857 644877 645068 645072 645038 645042 645046 644975 644785 644793 644805 644785 644853 644831 644837 644837 644801 644917 645028 645044 645022 645032 644980 645006 644992 644977 644755 644783 644765 644781 644779 644769 644933 645002 644960 644998 644992 644958 644727 644737 644737 644723 644733 644725 644735 644773 644773 644793 644817 644869 644952 644954 644970 644988 644968 644974 644972 644952 644948 644970 644964 644913 644929 644685 644703 644721 644729 644713 644909 644919 644926 644938 644944 644926 644926 644952 644918 644902 644883 644657 644667 644707 644661 644715 644711 
0 643915 643863 643807 0 643877 643826 643792 643931 643851 643821 0 643875 643965 0 0 643931 643794 643806 0 643711 643803 0 643982 643943 643895 643779 643758 643636 643693 643891 643922 643965 643725 643618 0 643865 643912 0 0 0 643653 643616 643561 643611 0 643857 0 643941 0 0 0 643633 643587 643498 643576 643534 643555 0 643501 643651 643789 0 643840 643872 643844 643898 0 643888 643648 643666 0 643551 643520 0 643667 0 643880 0 0 0 643630 0 643609 0 643579 643555 643530 643459 643459 643489 643515 643579 643700 643725 643733 643790 0 643792 643790 643770 643766 0 0 0 643840 0 643458 0 643369 0 643618 643641 643687 0 0 0 0 0 643826 0 0 0 0 643552 643471 643452 643363 
0 638638 638611 638587 0 638623 638606 638586 638646 638621 638619 0 638617 638613 0 0 638662 638610 638614 0 638559 638581 0 638615 638656 638640 638597 638598 638530 638553 638573 638563 638655 638587 638520 0 638557 638543 0 0 0 638563 638536 638505 638515 0 638541 0 638561 0 0 0 638537 638541 638492 638514 638492 638495 0 638477 638535 638525 0 638465 638485 638445 638489 0 638557 638446 638484 0 638529 638504 0 638527 0 638499 0 0 0 638408 0 638449 0 638471 638479 638514 638463 638463 638473 638485 638511 638467 638457 638473 638467 0 638441 638427 638407 638391 0 0 0 638509 0 638498 0 638441 0 638483 638509 638441 0 0 0 0 0 638437 0 0 0 0 638446 638435 638496 638443 
0 0 0 0 0 0 0 644955 0 0 0 0 0 0 0 0 645113 0 645011 0 0 0 0 0 0 645137 0 645011 644843 644889 0 0 0 644957 644823 0 644897 0 0 0 0 644941 0 644793 0 0 0 0 644973 0 0 0 0 0 644767 644811 644767 644773 0 0 644825 0 0 0 0 0 0 0 0 0 0 0 0 0 0 0 0 0 0 0 0 0 0 0 0 0 0 644891 0 644709 0 0 0 644759 0 0 0 0 644781 0 0 0 0 0 0 0 0 0 0 644665 0 0 0 0 0 0 0 0 0 0 0 0 0 0 644919 0 644775 644669 
0 635214 635214 635214 0 635214 635214 635214 635214 635214 635214 0 635214 0 0 0 635214 635214 635214 0 0 635214 0 0 0 635214 635214 635214 635174 635196 635214 0 0 635192 635178 0 635214 635214 0 0 0 635152 635114 635124 635214 0 635214 0 635214 0 0 0 635160 635100 635050 635118 635122 635214 0 635214 635214 635214 0 635214 635214 635214 635214 0 0 635214 635214 0 635076 635050 0 635214 0 635214 0 0 0 635214 0 635214 0 635172 635140 635078 635160 635214 635214 635214 635214 635214 635214 635214 635214 0 635214 635214 635214 635214 0 0 0 635214 0 0 0 634996 0 635214 635214 635214 0 0 0 0 0 635214 0 0 0 0 635170 635100 635010 634976 
0 0 0 0 0 0 0 0 0 0 0 0 0 0 0 0 0 0 0 0 0 0 0 0 0 0 0 642572 0 0 0 0 0 0 0 0 0 0 0 0 0 0 0 0 0 0 0 0 0 0 0 0 0 0 0 642476 0 642295 0 0 0 0 0 0 0 0 0 0 0 0 0 0 0 0 0 0 0 0 0 0 0 0 0 0 0 0 0 0 0 642135 0 0 0 0 0 0 0 0 0 0 0 0 0 0 0 0 0 0 0 0 0 0 0 0 0 0 0 0 0 0 0 0 0 0 0 0 642494 642405 
0 0 0 0 0 0 0 0 0 0 0 0 0 0 0 0 0 0 0 0 0 0 0 0 0 0 0 642477 642539 642558 0 0 0 642528 642501 0 0 0 0 0 0 642512 0 642542 0 0 0 0 642185 0 0 0 0 0 642529 642569 0 642334 0 0 0 0 0 0 0 0 0 0 0 0 0 0 0 0 0 0 0 0 0 0 0 0 0 0 0 0 0 0 0 642174 0 0 0 0 0 0 0 0 0 0 0 0 0 0 0 0 0 0 0 0 0 0 0 0 0 0 0 0 0 0 0 0 0 0 642287 0 642483 642498 
0 0 0 0 0 0 0 0 0 0 0 0 0 0 0 0 0 0 0 0 0 0 0 0 0 0 0 642442 642526 642525 0 0 0 642479 642528 0 0 0 0 0 0 642423 0 642501 0 0 0 0 642138 0 0 0 0 0 642440 642486 0 642389 0 0 0 0 0 0 0 0 0 0 0 0 0 0 0 0 0 0 0 0 0 0 0 0 0 0 0 0 0 0 0 642227 0 0 0 0 0 0 0 0 0 0 0 0 0 0 0 0 0 0 0 0 0 0 0 0 0 0 0 0 0 0 0 0 0 0 642216 0 642388 642415 
0 644987 0 0 0 644957 0 644979 0 0 0 0 645089 0 0 0 644975 0 644891 0 0 0 0 0 0 644927 0 644843 644915 644913 645143 0 0 644837 644925 0 645121 645111 0 0 0 644773 644783 644865 0 0 0 0 645021 0 0 0 0 644745 644743 644835 644869 644877 0 0 644957 0 0 645069 0 644977 644985 0 0 0 0 0 0 644719 0 0 0 644939 0 0 0 0 0 0 0 644673 644665 644675 644813 644813 644833 0 0 645025 0 0 645067 0 645053 645049 645029 0 0 0 0 0 0 0 0 644737 0 0 0 0 0 0 0 0 0 644897 0 0 0 0 644647 0 644655 644693 
0 645010 645052 645028 645032 644980 644946 645002 645026 644912 644908 644958 645088 645110 645116 0 644998 644890 644914 0 644948 645016 0 645092 645010 644950 644864 644866 644914 644936 645114 645140 645044 644860 644894 644894 645092 645140 0 645020 644898 644796 644806 644864 644884 0 645092 645050 645054 645020 644938 644748 644756 644768 644766 644858 644838 644844 644844 644808 644924 645044 0 645078 645086 645010 645018 0 644940 644718 644746 644728 644744 644742 0 644940 0 644972 0 0 644948 644690 644700 644700 644686 644696 644688 644698 644780 644780 644800 644824 644876 644996 645010 645020 645044 0 645030 645028 645008 645004 0 0 644876 644892 644648 644666 0 644736 0 644916 644926 644982 0 645000 644982 644938 0 644930 644914 644852 644620 644630 644670 644624 644678 644716 
0 643260 643208 643153 0 643230 643196 643158 643276 643205 643189 0 643213 643271 0 0 643279 643171 643183 0 643104 643117 0 643288 643290 643243 643157 643147 643039 643092 643178 643228 643297 643129 643007 0 643140 643218 0 0 0 643077 643056 642989 642925 0 643132 0 643250 0 0 0 643056 643037 642970 643014 642951 642909 0 642825 642965 643064 0 643154 643189 643171 643225 0 643200 643018 643046 0 643013 642992 0 642977 0 643209 0 0 0 642990 0 643000 0 642996 642988 642991 642845 642797 642829 642829 642893 642975 643000 643008 643065 0 643082 643098 643078 643086 0 0 0 643152 0 642947 0 642861 0 642893 642936 642962 0 0 0 0 0 643156 0 0 0 0 642970 642924 642947 642872 
0 0 0 0 0 0 0 0 0 0 0 0 0 0 0 0 0 0 0 0 0 0 0 0 0 0 0 642402 642358 642379 0 0 0 642459 642320 0 0 0 0 0 0 642467 0 642359 0 0 0 0 642042 0 0 0 0 0 642394 642392 0 642121 0 0 0 0 0 0 0 0 0 0 0 0 0 0 0 0 0 0 0 0 0 0 0 0 0 0 0 0 0 0 0 641929 0 0 0 0 0 0 0 0 0 0 0 0 0 0 0 0 0 0 0 0 0 0 0 0 0 0 0 0 0 0 0 0 0 0 642386 0 642412 642321 
0 0 0 0 0 0 0 0 0 0 0 0 0 0 0 0 0 0 0 0 0 0 0 0 0 0 0 642399 642469 642460 0 0 0 642426 642479 0 0 0 0 0 0 642398 0 642444 0 0 0 0 642075 0 0 0 0 0 642383 642429 0 642338 0 0 0 0 0 0 0 0 0 0 0 0 0 0 0 0 0 0 0 0 0 0 0 0 0 0 0 0 0 0 0 642178 0 0 0 0 0 0 0 0 0 0 0 0 0 0 0 0 0 0 0 0 0 0 0 0 0 0 0 0 0 0 0 0 0 0 642217 0 642339 642358 
0 643628 643682 643708 643654 643636 643636 643684 643612 643564 643588 643661 643670 643576 643566 0 643544 643588 643612 0 643651 643742 0 643542 643532 643544 643563 643569 643641 643639 643644 643562 643546 643563 643669 643756 643664 643542 0 643470 643500 643499 643509 643591 643754 0 643648 643448 643452 643460 643460 643451 643459 643471 643469 643561 643613 643739 643756 643756 643714 643656 0 643500 643484 643408 643416 0 643410 643396 643444 643431 643447 643445 0 643698 0 643370 0 0 643368 643348 643348 643403 643389 643399 643391 643401 643675 643756 643756 643742 643714 643622 643600 643616 643586 0 643548 643498 643478 643426 0 0 643378 643362 643351 643369 0 643463 0 643674 643688 643596 0 643566 643452 643336 0 643328 643312 643302 643323 643333 643373 643327 643381 643419 
0 0 0 0 0 0 0 644877 0 0 0 0 0 0 0 0 644873 0 644789 0 0 0 0 0 0 644825 0 644741 644813 644811 0 0 0 644735 644829 0 645029 0 0 0 0 644671 0 644763 0 0 0 0 644921 0 0 0 0 0 644641 644733 644773 644825 0 0 644905 0 0 0 0 0 0 0 0 0 0 0 0 0 0 0 0 0 0 0 0 0 0 0 0 0 0 644573 0 644761 0 0 0 644955 0 0 0 0 645029 0 0 0 0 0 0 0 0 0 0 644635 0 0 0 0 0 0 0 0 0 0 0 0 0 0 644545 0 644553 644591 
0 645020 0 0 0 644990 0 644964 0 0 0 0 645050 0 0 0 645020 0 644936 0 0 0 0 0 0 644972 0 644888 644876 644898 645076 0 0 644882 644856 0 645056 645122 0 0 0 644818 644816 644826 0 0 0 0 645092 0 0 0 0 644790 644752 644820 644800 644806 0 0 644886 0 0 645056 0 645012 645044 0 0 0 0 0 0 644752 0 0 0 645010 0 0 0 0 0 0 0 644718 644710 644720 644742 644742 644762 0 0 644978 0 0 645022 0 645008 645006 644986 0 0 0 0 0 0 0 0 644698 0 0 0 0 0 0 0 0 0 644968 0 0 0 0 644692 0 644700 644678 
644953 644959 644965 644917 644969 644929 644895 644915 644975 644863 644859 644871 644977 645047 645057 644991 644949 644841 644865 644823 644861 644905 645063 645045 644961 644901 644815 644817 644803 644849 645003 645085 644995 644811 644783 644783 644983 645105 645126 644975 644849 644747 644755 644753 644773 645005 644999 645118 645084 644985 644889 644699 644707 644719 644703 644771 644727 644733 644733 644697 644813 644943 645029 645090 645122 645070 645090 645073 644891 644669 644697 644679 644695 644691 644665 644829 645092 645046 645084 645078 644933 644641 644651 644651 644637 644647 644639 644649 644669 644669 644689 644713 644765 644929 644972 644959 645027 645036 645042 645040 645020 645016 645056 645050 644827 644843 644599 644617 644633 644625 644609 644805 644815 644950 645006 645009 644994 645010 645038 645004 644938 644807 644571 644581 644621 644575 644629 644629 
0 644916 644835 644763 644877 644871 644820 644760 644940 644985 644907 644694 644853 644968 644953 0 645042 644880 644844 0 644679 644745 0 644989 645060 645042 644913 644844 644592 644661 644854 644875 645039 644763 644562 644562 644812 644845 0 645097 645040 644739 644610 644517 644547 0 644788 644848 644926 645082 645100 644849 644801 644625 644478 644544 644478 644487 644487 644433 644607 644728 0 644710 644758 644716 644800 0 645107 644804 644846 644819 644589 644514 0 644631 0 644875 0 0 645044 644762 644777 644777 644756 644771 644749 644664 644391 644391 644421 644457 644535 644605 644608 644632 644659 0 644638 644635 644605 644599 0 0 645041 645045 644699 644544 0 644325 0 644575 644610 644566 0 644593 644566 644680 0 644740 644970 644955 644657 644672 644732 644663 644490 644331 
0 642425 642377 642353 642401 642425 642425 642377 642425 642497 642473 642377 642353 642361 642351 0 642473 642473 642449 0 642377 642305 0 642375 642461 642497 642497 642473 642353 642377 642285 642299 642427 642449 642329 642233 642257 642279 0 642447 642519 642473 642425 642353 642185 0 642241 642281 642333 642437 642507 642519 642519 642449 642401 642377 642329 642233 642185 642137 642185 642201 0 642189 642221 642193 642249 0 642481 642519 642519 642519 642449 642425 0 642171 0 642299 0 0 642439 642519 642519 642519 642519 642519 642519 642497 642233 642137 642161 642113 642137 642119 642121 642137 642155 0 642141 642139 642119 642115 0 0 642497 642481 642519 642473 0 642353 0 642099 642137 642093 0 642111 642093 642169 0 642209 642407 642469 642519 642519 642519 642519 642449 642377 
0 0 0 0 0 0 0 0 0 0 0 0 0 0 0 0 0 0 0 0 0 0 0 0 0 0 0 642561 642425 642450 0 0 0 642560 642387 0 0 0 0 0 0 642596 0 642432 0 0 0 0 642175 0 0 0 0 0 642467 642465 0 642220 0 0 0 0 0 0 0 0 0 0 0 0 0 0 0 0 0 0 0 0 0 0 0 0 0 0 0 0 0 0 0 642028 0 0 0 0 0 0 0 0 0 0 0 0 0 0 0 0 0 0 0 0 0 0 0 0 0 0 0 0 0 0 0 0 0 0 642429 0 642519 642394 
0 0 0 0 0 644859 0 644846 0 0 0 0 0 0 0 0 644732 0 644910 0 0 0 0 0 0 644732 0 644930 644942 644945 0 0 0 644991 644900 0 644528 0 0 0 0 645035 645120 645017 0 0 0 0 644574 0 0 0 0 0 645064 645062 644984 644687 0 0 644423 0 0 0 0 0 0 0 0 0 0 0 0 645080 0 0 0 0 0 0 0 0 0 0 0 0 0 645056 0 644495 0 0 0 644321 0 0 0 0 644354 0 0 0 0 0 0 0 0 0 0 644911 0 0 0 0 0 0 0 0 0 0 0 0 0 0 644792 0 645008 644917 
0 0 0 0 0 0 0 0 0 0 0 0 0 0 0 0 0 0 0 0 0 0 0 0 0 0 0 642324 642456 642411 0 0 0 642381 642454 0 0 0 0 0 0 642425 0 642479 0 0 0 0 641964 0 0 0 0 0 642418 642464 0 642261 0 0 0 0 0 0 0 0 0 0 0 0 0 0 0 0 0 0 0 0 0 0 0 0 0 0 0 0 0 0 0 642069 0 0 0 0 0 0 0 0 0 0 0 0 0 0 0 0 0 0 0 0 0 0 0 0 0 0 0 0 0 0 0 0 0 0 642260 0 642374 642393 
0 644895 644949 644986 0 644914 644898 644954 644879 644840 644860 0 644937 0 0 0 644811 644842 644866 0 0 645009 0 0 0 644811 644816 644818 644890 644888 644911 0 0 644812 644918 0 644931 644809 0 0 0 644748 644758 644840 645095 0 644915 0 644719 0 0 0 644708 644720 644718 644810 644862 645060 0 645100 645055 644971 0 644767 644751 644675 644683 0 0 644670 644698 0 644696 644694 0 645039 0 644637 0 0 0 644627 0 644652 0 644648 644640 644650 644996 645084 645090 645050 645045 644963 644939 644955 644877 0 644815 644765 644745 644693 0 0 0 644629 0 0 0 644712 0 645005 645029 644937 0 0 0 0 0 644595 0 0 0 0 644622 644576 644630 644668 
644982 645000 644994 644970 644998 644970 644936 644944 645016 644930 644926 644900 645030 645076 645086 645032 645016 644908 644928 644890 644890 645002 645090 645086 645028 644968 644882 644884 644856 644878 645080 645090 645058 644874 644860 644880 645080 645082 645048 645042 644916 644814 644796 644806 644870 645086 645086 645036 645064 645046 644956 644766 644774 644782 644732 644800 644804 644830 644830 644794 644910 645038 645082 645016 645024 644972 645004 645018 644958 644736 644764 644746 644758 644732 644718 644926 644994 644986 645020 645014 644974 644708 644718 644718 644704 644714 644706 644716 644766 644766 644786 644810 644862 644990 644992 645008 645026 645006 645012 644990 644970 644942 644992 644986 644894 644910 644666 644684 644674 644678 644686 644902 644912 644964 644976 644982 644944 644924 644974 644940 644928 644874 644638 644648 644688 644642 644692 644658 
0 642566 642563 642543 0 642543 642509 642517 642574 642547 642519 0 642581 0 0 0 642584 642501 642501 0 0 642569 0 0 0 642572 642499 642477 642429 642451 642605 0 0 642447 642433 0 642605 642605 0 0 0 642407 642369 642379 642525 0 642605 0 642605 0 0 0 642415 642355 642305 642373 642377 642465 0 642477 642545 642603 0 642605 642605 642605 642605 0 0 642521 642501 0 642331 642305 0 642553 0 642605 0 0 0 642541 0 642479 0 642427 642395 642333 642401 642449 642457 642495 642521 642579 642591 642591 642605 0 642605 642605 642605 642605 0 0 0 642603 0 0 0 642251 0 642541 642546 642579 0 0 0 0 0 642605 0 0 0 0 642425 642355 642265 642231 
0 644968 644967 644919 644973 644938 644904 644917 644984 644870 644866 644873 644979 645051 645061 0 644956 644848 644872 0 644863 644907 0 645054 644968 644908 644822 644824 644805 644851 645005 645087 645002 644818 644785 644785 644985 645107 0 644982 644856 644754 644764 644755 644775 0 645001 645137 645096 644992 644896 644706 644714 644726 644707 644773 644729 644735 644735 644699 644815 644945 0 645100 645132 645082 645107 0 644898 644676 644704 644686 644702 644700 0 644831 0 645061 0 0 644940 644648 644658 644658 644644 644654 644646 644656 644671 644671 644691 644715 644767 644931 644977 644961 645037 0 645052 645050 645030 645026 0 0 644834 644850 644606 644624 0 644627 0 644807 644817 644957 0 645021 645004 645027 0 645019 644948 644814 644578 644588 644628 644582 644636 644631 
0 0 0 0 0 0 0 0 0 0 0 0 0 0 0 0 0 0 0 0 0 0 0 0 0 0 0 643579 643449 643514 0 0 0 643534 643419 0 0 0 0 0 0 643474 0 643374 0 0 0 0 643876 0 0 0 0 0 643319 643397 0 643344 0 0 0 0 0 0 0 0 0 0 0 0 0 0 0 0 0 0 0 0 0 0 0 0 0 0 0 0 0 0 0 643248 0 0 0 0 0 0 0 0 0 0 0 0 0 0 0 0 0 0 0 0 0 0 0 0 0 0 0 0 0 0 0 0 0 0 643383 0 643261 643184 
0 644863 644782 644710 644824 644818 644767 644707 644887 644912 644854 644641 644800 644941 644956 0 644989 644827 644791 0 644626 644692 0 644992 645007 644969 644840 644791 644539 644608 644839 644924 644986 644710 644509 644509 644809 644900 0 645080 644963 644686 644557 644464 644494 0 644823 644903 644981 645091 645023 644786 644726 644572 644425 644491 644425 644434 644434 644380 644554 644749 0 644765 644813 644771 644855 0 645050 644749 644791 644756 644536 644461 0 644578 0 644930 0 0 645071 644707 644722 644722 644701 644708 644672 644591 644338 644338 644368 644404 644482 644660 644663 644687 644714 0 644693 644690 644660 644654 0 0 644986 645010 644644 644491 0 644272 0 644542 644557 644621 0 644648 644621 644735 0 644795 645015 644956 644602 644617 644677 644600 644437 644278 
0 643635 643598 643550 643621 643605 643571 643548 643651 643645 643605 643504 643610 643644 643639 0 643695 643587 643575 0 643494 643538 0 643651 643694 643683 643597 643563 643436 643482 643575 643606 643677 643521 643416 643416 643549 643596 0 643687 643703 643493 643431 643386 643406 0 643541 643604 643630 643682 643730 643585 643525 643429 643355 643404 643360 643366 643366 643330 643446 643497 0 643539 643567 643560 643588 0 643723 643555 643583 643565 643405 643367 0 643446 0 643613 0 0 643702 643527 643537 643537 643523 643533 643523 643431 643302 643302 643322 643346 643398 643432 643445 643453 643486 0 643491 643502 643492 643502 0 0 643685 643677 643485 643363 0 643258 0 643386 643417 643419 0 643452 643479 643548 0 643568 643664 643623 643457 643467 643507 643461 643339 643262 
0 643067 643004 643004 643034 643112 643129 643053 643043 643214 643196 643075 642914 642917 642902 0 643085 643205 643169 0 643080 642878 0 642938 643067 643157 643242 643217 643027 643074 642803 642824 643016 643180 642993 642831 642761 642794 0 643046 643235 643196 643105 643002 642716 0 642737 642797 642875 643031 643175 643326 643272 643134 643037 643035 642965 642856 642760 642682 642656 642677 0 642659 642707 642665 642749 0 643150 643211 643293 643332 643122 643073 0 642632 0 642824 0 0 643087 643129 643116 643268 643301 643316 643312 643195 642840 642696 642734 642590 642584 642554 642557 642581 642608 0 642587 642584 642554 642548 0 0 643140 643116 643198 643131 0 642938 0 642524 642581 642515 0 642542 642515 642629 0 642689 643027 643026 643220 643225 643293 643280 643089 642964 
0 642441 642399 642399 0 642471 642505 642449 642425 642533 642543 0 642339 0 0 0 642453 642561 642537 0 0 642315 0 0 0 642495 642581 642585 642513 642515 642265 0 0 642591 642485 0 642237 642259 0 0 0 642637 642589 642517 642207 0 642221 0 642313 0 0 0 642655 642613 642565 642541 642493 642343 0 642187 642167 642181 0 642169 642201 642173 642229 0 0 642423 642491 0 642613 642589 0 642151 0 642279 0 0 0 642355 0 642489 0 642589 642615 642655 642397 642215 642243 642123 642119 642099 642101 642117 642135 0 642121 642119 642099 642095 0 0 0 642345 0 0 0 642517 0 642079 642117 642073 0 0 0 0 0 642189 0 0 0 0 642567 642591 642613 642541 
0 627521 0 0 0 627581 0 627633 0 0 0 0 0 0 0 0 627449 0 627665 0 0 0 0 0 0 627497 0 627713 627791 627758 0 0 0 627764 627785 0 627353 0 0 0 0 627824 627881 627866 0 0 0 0 627217 0 0 0 0 627895 627895 627875 627869 627709 0 0 627453 0 0 0 0 0 627097 0 0 0 0 0 0 627895 0 0 0 627101 0 0 0 0 0 0 0 627746 627806 627895 627812 627645 627653 0 0 627269 0 0 627197 0 627121 627069 0 0 0 0 0 0 0 0 0 627875 0 0 0 0 0 0 0 0 0 0 0 0 0 0 627737 0 627882 627865 
0 0 0 0 0 0 0 0 0 0 0 0 0 0 0 0 0 0 0 0 0 0 0 0 0 0 0 643242 643296 643321 0 0 0 643315 643258 0 0 0 0 0 0 643299 0 643321 0 0 0 0 642906 0 0 0 0 0 643404 643360 0 643067 0 0 0 0 0 0 0 0 0 0 0 0 0 0 0 0 0 0 0 0 0 0 0 0 0 0 0 0 0 0 0 642875 0 0 0 0 0 0 0 0 0 0 0 0 0 0 0 0 0 0 0 0 0 0 0 0 0 0 0 0 0 0 0 0 0 0 643074 0 643356 643347 
0 0 0 0 0 0 0 0 0 0 0 0 0 0 0 0 0 0 0 0 0 0 0 0 0 0 0 0 0 0 0 0 0 0 0 0 0 0 0 0 0 0 0 0 0 0 0 0 0 0 0 0 0 0 0 645120 0 0 0 0 0 0 0 0 0 0 0 0 0 0 0 0 0 0 0 0 0 0 0 0 0 0 0 0 0 0 0 0 0 644593 0 0 0 0 0 0 0 0 0 0 0 0 0 0 0 0 0 0 0 0 0 0 0 0 0 0 0 0 0 0 0 0 0 0 0 0 644930 644915 
0 0 0 0 0 0 0 0 0 0 0 0 0 0 0 0 0 0 644825 0 0 0 0 0 0 0 0 644801 644963 644940 0 0 0 644852 644973 0 0 0 0 0 0 644836 0 644988 0 0 0 0 644535 0 0 0 0 0 644899 644975 645001 644880 0 0 0 0 0 0 0 0 0 0 0 0 0 0 0 0 0 0 0 0 0 0 0 0 0 0 0 0 0 644793 0 644720 0 0 0 0 0 0 0 0 0 0 0 0 0 0 0 0 0 0 0 644848 0 0 0 0 0 0 0 0 0 0 0 0 0 0 644611 0 644767 644806 
0 0 0 0 0 0 0 0 0 0 0 0 0 0 0 0 0 0 0 0 0 0 0 0 0 0 0 640763 0 0 0 0 0 0 0 0 0 0 0 0 0 0 0 0 0 0 0 0 0 0 0 0 0 0 0 640711 0 640882 0 0 0 0 0 0 0 0 0 0 0 0 0 0 0 0 0 0 0 0 0 0 0 0 0 0 0 0 0 0 0 640746 0 0 0 0 0 0 0 0 0 0 0 0 0 0 0 0 0 0 0 0 0 0 0 0 0 0 0 0 0 0 0 0 0 0 0 0 640513 640498 
0 641399 641453 641501 641425 641429 641439 641487 641383 641353 641391 641487 641441 641347 641337 0 641315 641391 641415 0 641487 641513 0 641313 641303 641315 641367 641391 641511 641487 641415 641333 641317 641415 641535 641631 641435 641313 0 641241 641271 641391 641439 641511 641609 0 641419 641219 641223 641231 641231 641271 641343 641415 641463 641487 641535 641631 641643 641637 641569 641475 0 641271 641255 641179 641187 0 641181 641199 641247 641271 641415 641439 0 641553 0 641141 0 0 641139 641143 641133 641223 641247 641271 641295 641367 641631 641643 641643 641597 641569 641477 641443 641459 641381 0 641319 641269 641249 641197 0 0 641149 641133 641175 641391 0 641511 0 641529 641543 641451 0 641385 641223 641107 0 641099 641083 641073 641199 641199 641247 641271 641415 641487 
0 644826 644880 644928 0 644856 644835 644891 644810 644780 644797 0 644868 0 0 0 644742 644779 644803 0 0 644940 0 0 0 644742 644753 644755 644827 644825 644842 0 0 644749 644855 0 644862 644740 0 0 0 644685 644695 644777 645072 0 644846 0 644650 0 0 0 644645 644657 644655 644747 644799 644997 0 645144 645032 644902 0 644698 644682 644606 644614 0 0 644607 644635 0 644633 644631 0 645016 0 644568 0 0 0 644568 0 644589 0 644585 644577 644587 644933 645125 645097 645108 645080 644916 644870 644886 644808 0 644746 644696 644676 644624 0 0 0 644560 0 0 0 644649 0 645040 645030 644890 0 0 0 0 0 644526 0 0 0 0 644559 644513 644567 644605 
0 0 0 0 0 0 0 0 0 0 0 0 0 0 0 0 0 0 617934 0 0 0 0 0 0 0 0 617826 617862 617892 0 0 0 617772 617910 0 0 0 0 0 0 617616 0 617712 0 0 0 0 618024 0 0 0 0 0 617418 617658 617742 618167 0 0 618385 0 0 0 0 0 0 0 0 0 0 0 0 0 0 0 0 0 0 0 0 0 0 0 0 0 0 617358 0 618209 0 0 0 618359 0 0 0 0 0 0 0 0 0 0 0 0 0 0 0 617328 0 0 0 0 0 0 0 0 0 0 0 0 0 0 617454 0 617226 617232 
0 642685 642681 642657 0 642657 642623 642631 642693 642661 642633 0 642700 0 0 0 642703 642615 642615 0 0 642688 0 0 0 642691 642613 642591 642543 642565 642712 0 0 642561 642547 0 642712 642712 0 0 0 642521 642483 642493 642658 0 642712 0 642712 0 0 0 642529 642469 642419 642487 642491 642593 0 642606 642679 642712 0 642712 642712 642712 642712 0 0 642635 642615 0 642445 642419 0 642687 0 642712 0 0 0 642655 0 642593 0 642541 642509 642447 642529 642578 642586 642619 642655 642701 642712 642712 642712 0 642712 642712 642712 642712 0 0 0 642712 0 0 0 642365 0 642665 642677 642701 0 0 0 0 0 642712 0 0 0 0 642539 642469 642379 642345 
644947 644965 644959 644935 644963 644935 644901 644909 644981 644913 644909 644865 644995 645041 645051 644997 644999 644891 644893 644873 644855 644971 645057 645051 645011 644951 644865 644867 644821 644843 645045 645079 645023 644839 644825 644875 645049 645069 645035 645025 644899 644797 644761 644771 644865 645071 645065 645023 645051 645035 644939 644749 644757 644747 644697 644765 644769 644825 644825 644789 644905 645035 645073 645003 645011 644959 644991 645023 644941 644719 644747 644729 644723 644697 644683 644921 644981 644991 645007 645001 644981 644691 644701 644701 644687 644697 644689 644699 644761 644761 644781 644805 644857 645007 645009 645025 645041 644997 645003 644977 644957 644929 644979 644973 644877 644893 644649 644667 644639 644643 644651 644897 644907 644981 644993 644999 644931 644911 644961 644927 644933 644857 644621 644631 644671 644625 644657 644623 
0 643537 0 0 0 643492 0 643507 0 0 0 0 643660 0 0 0 643519 0 643393 0 0 0 0 0 0 643447 0 643321 643399 643408 643737 0 0 643312 643407 0 643723 643792 0 0 0 643216 643231 643324 0 0 0 0 643729 0 0 0 0 643174 643165 643291 643323 643348 0 0 643468 0 0 643903 0 643847 643831 0 0 0 0 0 0 643135 0 0 0 643758 0 0 0 0 0 0 0 643066 643054 643069 643252 643252 643282 0 0 643642 0 0 643804 0 643885 643906 643896 0 0 0 0 0 0 0 0 643132 0 0 0 0 0 0 0 0 0 643765 0 0 0 0 643027 0 643039 643078 
0 644943 644981 644957 0 644913 644879 644931 644959 644845 644841 0 645017 0 0 0 644931 644823 644847 0 0 644945 0 0 0 644883 644797 644799 644843 644865 645043 0 0 644793 644823 0 645023 645121 0 0 0 644729 644739 644793 644813 0 645039 0 645071 0 0 0 644689 644701 644699 644787 644767 644773 0 644737 644853 644983 0 645145 645153 645081 645089 0 0 644651 644679 0 644677 644675 0 644869 0 645043 0 0 0 644623 0 644633 0 644629 644621 644631 644709 644709 644729 644753 644805 644969 645015 644999 645077 0 645097 645095 645075 645071 0 0 0 644825 0 0 0 644665 0 644845 644855 644995 0 0 0 0 0 645001 0 0 0 0 644603 644557 644611 644645 
0 643568 0 0 0 643523 0 643532 0 0 0 0 643661 0 0 0 643574 0 643436 0 0 0 0 0 0 643503 0 643376 643400 643433 643700 0 0 643355 643370 0 643670 643817 0 0 0 643271 643262 643325 0 0 0 0 643772 0 0 0 0 643217 643190 643316 643286 643295 0 0 643415 0 0 643916 0 643930 643886 0 0 0 0 0 0 643166 0 0 0 643835 0 0 0 0 0 0 0 643122 643110 643125 643199 643199 643229 0 0 643589 0 0 643751 0 643844 643919 643917 0 0 0 0 0 0 0 0 643133 0 0 0 0 0 0 0 0 0 643866 0 0 0 0 643083 0 643082 643103 
0 0 0 0 0 643624 0 643529 0 0 0 0 0 0 0 0 643687 0 643549 0 0 0 0 0 0 643626 0 643489 643361 643430 0 0 0 643468 643331 0 643631 0 0 0 0 643384 643363 643286 0 0 0 0 643885 0 0 0 0 0 643247 643313 643247 643256 0 0 643376 0 0 0 0 0 643967 0 0 0 0 0 0 643267 0 0 0 643930 0 0 0 0 0 0 0 643245 0 643248 0 643160 0 0 0 643550 0 0 643712 0 643797 643846 0 0 0 0 0 0 0 0 0 643094 0 0 0 0 0 0 0 0 0 0 0 0 0 0 643206 0 643195 643100 
644880 644922 644868 644820 644896 644892 644858 644818 644938 644968 644916 644774 644880 644974 644984 644954 645006 644898 644874 644880 644764 644808 644990 645008 645018 645006 644920 644874 644706 644752 644906 644988 645004 644820 644686 644686 644886 645008 645056 645080 644958 644804 644718 644656 644676 644908 644902 645080 645098 645090 644998 644808 644816 644728 644630 644674 644630 644636 644636 644600 644716 644846 644932 645007 645032 645016 645072 645128 645000 644778 644806 644788 644704 644654 644568 644732 645014 645122 645104 645102 645042 644750 644760 644760 644746 644756 644748 644754 644572 644572 644592 644616 644668 644832 644878 644862 644936 644956 644959 644962 644942 644938 645084 645078 644936 644952 644708 644674 644596 644528 644512 644708 644718 644858 644912 644912 644916 644992 645066 645032 645050 644916 644680 644690 644730 644684 644638 644532 
0 644888 644807 644735 0 644843 644792 644732 644912 644957 644879 0 644825 644908 0 0 645014 644852 644816 0 644651 644717 0 644939 645020 645014 644885 644816 644564 644633 644798 644839 644989 644735 644534 0 644760 644809 0 0 0 644711 644582 644489 644519 0 644752 0 644890 0 0 0 644795 644597 644450 644516 644450 644459 0 644405 644579 644684 0 644674 644722 644680 644764 0 645117 644840 644882 0 644561 644486 0 644589 0 644839 0 0 0 644798 0 644813 0 644807 644793 644636 644363 644363 644393 644429 644507 644569 644572 644596 644623 0 644602 644599 644569 644563 0 0 0 645047 0 644516 0 644297 0 644513 644556 644530 0 0 0 0 0 644704 0 0 0 0 644768 644699 644462 644303 
0 644866 644824 644824 0 644896 644914 644866 644850 644964 644962 0 644764 0 0 0 644878 644959 644935 0 0 644740 0 0 0 644926 644982 644947 644794 644838 644690 0 0 644908 644774 0 644662 644684 0 0 0 644892 644806 644744 644632 0 644646 0 644738 0 0 0 644948 644816 644718 644762 644718 644708 0 644612 644592 644606 0 644594 644626 644598 644654 0 0 645080 645066 0 644792 644742 0 644576 0 644704 0 0 0 645016 0 645066 0 645007 644963 644842 644660 644626 644650 644548 644544 644524 644526 644542 644560 0 644546 644544 644524 644520 0 0 0 644947 0 0 0 644616 0 644504 644542 644498 0 0 0 0 0 644614 0 0 0 0 645017 644935 644726 644620 
0 644845 644803 644803 0 644875 644899 644847 644829 644943 644942 0 644743 0 0 0 644857 644951 644927 0 0 644719 0 0 0 644905 644976 644963 644820 644862 644669 0 0 644932 644800 0 644641 644663 0 0 0 644918 644832 644770 644611 0 644625 0 644717 0 0 0 644974 644842 644744 644788 644744 644722 0 644591 644571 644585 0 644573 644605 644577 644633 0 0 645075 645084 0 644818 644768 0 644555 0 644683 0 0 0 645013 0 645096 0 645058 645002 644868 644686 644610 644636 644527 644523 644503 644505 644521 644539 0 644525 644523 644503 644499 0 0 0 644952 0 0 0 644642 0 644483 644521 644477 0 0 0 0 0 644593 0 0 0 0 645069 644986 644752 644646 
0 644887 644845 644845 644865 644917 644951 644895 644871 644985 644989 644939 644785 644787 644777 0 644899 645007 644983 0 644949 644761 0 644801 644887 644947 645033 645031 644935 644959 644711 644725 644853 645031 644911 644739 644683 644705 0 644873 644999 645041 644955 644893 644653 0 644667 644707 644759 644863 644959 645127 645097 644965 644867 644911 644867 644789 644693 644633 644613 644627 0 644615 644647 644619 644675 0 644957 645013 645081 645147 644941 644891 0 644597 0 644725 0 0 644915 644945 644935 645079 645129 645153 645125 644991 644809 644661 644689 644569 644565 644545 644547 644563 644581 0 644567 644565 644545 644541 0 0 644951 644935 645035 644911 0 644765 0 644525 644563 644519 0 644537 644519 644595 0 644635 644885 644875 645081 645081 645129 645087 644875 644769 
0 644886 0 0 0 644921 0 644862 0 644885 644935 0 644733 0 0 0 644834 644944 644956 0 0 0 0 0 0 644834 0 644956 644870 644895 644622 0 0 644983 644832 0 644580 644613 0 0 0 644991 645008 644895 0 0 0 0 644672 0 0 0 0 645029 644962 644934 644860 644665 0 0 644475 0 0 644478 0 644484 644568 0 0 0 0 0 645039 644998 0 0 0 644573 0 0 0 0 0 0 0 644801 644853 644992 644697 644505 644543 0 0 644373 0 0 644427 0 644406 644403 644373 0 0 0 0 0 0 0 0 644809 0 0 0 0 0 0 0 0 0 644486 0 0 0 0 644766 0 644952 644815 
0 0 0 0 0 644777 0 644744 0 0 0 0 0 0 0 0 644674 0 644848 0 0 0 0 0 0 644678 0 644872 644840 644843 0 0 0 644929 644798 0 644426 0 0 0 0 644977 645038 644915 0 0 0 0 644512 0 0 0 0 0 645068 644960 644882 644585 0 0 644321 0 0 0 0 0 0 0 0 0 0 0 0 645104 0 0 0 0 0 0 0 0 0 0 0 0 0 645056 0 644393 0 0 0 644219 0 0 0 0 644252 0 0 0 0 0 0 0 0 0 0 644965 0 0 0 0 0 0 0 0 0 0 0 0 0 0 644738 0 645092 644971 
644665 644635 644665 644701 644649 644665 644699 644715 644619 644625 644665 644759 644641 644571 644561 644603 644575 644683 644695 644701 644769 644663 644555 644549 644563 644587 644673 644707 644815 644781 644601 644545 644565 644749 644821 644643 644585 644525 644479 644513 644567 644775 644818 644849 644557 644563 644569 644455 644471 644503 644527 644645 644745 644813 644862 644840 644860 644693 644597 644537 644517 644531 644539 644471 644467 644403 644423 644433 644489 644567 644611 644665 644825 644850 644893 644501 644437 644401 644427 644421 644447 644500 644490 644621 644671 644697 644733 644800 644757 644565 644593 644473 644469 644449 644451 644467 644485 644463 644469 644455 644435 644397 644399 644393 644481 644465 644590 644840 644853 644891 644905 644429 644467 644423 644435 644441 644409 644343 644381 644347 644403 644429 644665 644655 644687 644741 644850 644863 
0 644876 644918 644918 0 644846 644812 644868 644892 644778 644774 0 644974 0 0 0 644855 644756 644780 0 0 645002 0 0 0 644816 644730 644732 644804 644802 644973 0 0 644726 644832 0 644993 644871 0 0 0 644662 644672 644754 645108 0 644977 0 644781 0 0 0 644622 644634 644632 644724 644776 644974 0 645065 645141 645033 0 644829 644813 644737 644745 0 0 644584 644612 0 644610 644608 0 645141 0 644699 0 0 0 644556 0 644566 0 644562 644554 644564 644910 645037 645047 645081 645126 645047 645001 645017 644939 0 644877 644827 644807 644755 0 0 0 644691 0 0 0 644626 0 645106 645134 645021 0 0 0 0 0 644657 0 0 0 0 644536 644490 644544 644582 
643642 643648 643642 643606 643658 643618 643584 643592 643664 643586 643570 643548 643666 643736 643746 643680 643660 643552 643564 643534 643538 643618 643752 643734 643672 643624 643538 643528 643492 643526 643704 643762 643694 643510 643484 643532 643696 643782 643828 643698 643596 643458 643444 643442 643546 643718 643712 643828 643788 643708 643636 643470 643442 643418 643392 643448 643428 643482 643506 643494 643586 643680 643742 643825 643837 643827 643831 643802 643650 643476 643480 643450 643394 643380 643354 643602 643826 643808 643827 643824 643692 643472 643482 643446 643420 643418 643398 643372 643418 643466 643474 643522 643562 643690 643724 643708 643762 643798 643801 643800 643790 643788 643813 643810 643610 643626 643418 643328 643322 643314 643310 643602 643600 643716 643775 643770 643777 643791 643804 643787 643712 643614 643378 643388 643404 643346 643328 643306 
0 0 0 0 0 643645 0 643540 0 0 0 0 0 0 0 0 643787 0 643606 0 0 0 0 0 0 643751 0 643589 643372 643441 0 0 0 643525 643342 0 643642 0 0 0 0 643484 643384 643297 0 0 0 0 643942 0 0 0 0 0 643258 643324 643258 643267 0 0 643387 0 0 0 0 0 643970 0 0 0 0 0 0 643288 0 0 0 644014 0 0 0 0 0 0 0 643373 0 643373 0 643171 0 0 0 643561 0 0 643722 0 643794 643825 0 0 0 0 0 0 0 0 0 643105 0 0 0 0 0 0 0 0 0 0 0 0 0 0 643334 0 643252 643111 
644225 644255 644225 644189 644241 644225 644191 644175 644271 644219 644203 644131 644249 644319 644329 644287 644293 644185 644195 644167 644121 644201 644335 644341 644305 644257 644171 644161 644075 644109 644287 644345 644325 644141 644067 644109 644279 644365 644405 644331 644229 644091 644051 644025 644099 644301 644295 644414 644419 644341 644269 644097 644075 644049 643975 644031 644011 644059 644059 644023 644139 644263 644325 644368 644384 644370 644398 644417 644283 644067 644095 644077 644025 643987 643937 644155 644369 644401 644418 644415 644325 644039 644049 644049 644035 644045 644031 644005 643995 643995 644015 644039 644091 644255 644301 644285 644345 644341 644344 644343 644333 644331 644404 644401 644225 644241 643997 643961 643929 643897 643893 644131 644141 644281 644326 644329 644320 644358 644395 644378 644339 644205 643969 643979 644019 643973 643959 643889 
643980 644010 643980 643944 643996 643980 643946 643930 644026 643972 643956 643886 644004 644074 644084 644042 644046 643938 643950 643920 643876 643956 644090 644096 644058 644010 643924 643914 643830 643864 644042 644100 644080 643896 643822 643864 644034 644120 644164 644084 643982 643844 643806 643780 643854 644056 644050 644176 644174 644094 644022 643856 643828 643804 643730 643786 643766 643814 643814 643778 643894 644018 644080 644133 644149 644135 644163 644176 644036 643862 643866 643836 643780 643742 643692 643910 644134 644164 644183 644180 644078 643858 643868 643832 643806 643804 643784 643758 643750 643750 643770 643794 643846 644010 644056 644040 644100 644106 644109 644108 644098 644096 644169 644166 643996 644012 643804 643714 643684 643652 643648 643886 643896 644036 644091 644092 644085 644123 644160 644143 644098 644000 643764 643774 643790 643732 643714 643644 
0 644765 644684 644612 644726 644720 644669 644609 644789 644834 644756 644543 644702 644843 644858 0 644891 644729 644693 0 644528 644594 0 644894 644909 644891 644762 644693 644441 644510 644741 644848 644888 644612 644411 644411 644711 644840 0 645002 644955 644588 644459 644366 644396 0 644733 644857 644935 645017 645015 644816 644672 644474 644327 644393 644327 644336 644336 644282 644456 644651 0 644719 644767 644725 644809 0 645066 644795 644837 644786 644438 644363 0 644480 0 644884 0 0 645111 644753 644768 644768 644747 644738 644688 644513 644240 644240 644270 644306 644384 644592 644617 644625 644668 0 644647 644644 644614 644608 0 0 645032 645056 644690 644393 0 644174 0 644444 644459 644575 0 644602 644575 644689 0 644749 645097 645002 644648 644663 644723 644630 644339 644180 
0 644780 644735 644711 0 644783 644766 644722 644764 644857 644819 0 644678 0 0 0 644792 644810 644786 0 0 644654 0 0 0 644840 644833 644798 644654 644689 644604 0 0 644759 644632 0 644576 644598 0 0 0 644757 644671 644609 644543 0 644560 0 644652 0 0 0 644813 644681 644583 644627 644583 644559 0 644493 644506 644520 0 644508 644540 644512 644568 0 0 644954 644920 0 644657 644607 0 644490 0 644618 0 0 0 644988 0 644921 0 644871 644831 644707 644525 644479 644501 644462 644458 644438 644440 644456 644474 0 644460 644458 644438 644434 0 0 0 644864 0 0 0 644481 0 644418 644456 644412 0 0 0 0 0 644528 0 0 0 0 644882 644803 644591 644485 
0 638869 638821 638797 638845 638869 638857 638817 638869 638941 638915 638773 638797 638845 638845 0 638917 638897 638873 0 638763 638749 0 638869 638917 638941 638919 638873 638705 638751 638773 638821 638893 638819 638685 638677 638749 638821 0 638941 638989 638803 638717 638655 638629 0 638749 638869 638893 638941 638989 638995 638859 638727 638629 638673 638629 638635 638629 638581 638629 638701 0 638797 638821 638845 638869 0 639013 639109 639041 638975 638703 638653 0 638629 0 638917 0 0 639013 639157 639157 639043 638981 638943 638887 638753 638571 638571 638591 638557 638581 638653 638677 638677 638725 0 638749 638773 638773 638797 0 0 639061 639061 639087 638673 0 638527 0 638581 638605 638653 0 638701 638773 638869 0 638893 639037 639109 639011 639021 638965 638871 638637 638531 
0 644862 644820 644820 0 644892 644926 644870 644846 644960 644964 0 644760 0 0 0 644874 644982 644958 0 0 644736 0 0 0 644922 645008 644986 644818 644864 644686 0 0 644932 644798 0 644658 644680 0 0 0 644916 644830 644768 644628 0 644642 0 644734 0 0 0 644972 644840 644742 644786 644742 644748 0 644608 644588 644602 0 644590 644622 644594 644650 0 0 645109 645126 0 644816 644766 0 644572 0 644700 0 0 0 645043 0 645145 0 645056 645000 644866 644684 644636 644664 644544 644540 644520 644522 644538 644556 0 644542 644540 644520 644516 0 0 0 644980 0 0 0 644640 0 644500 644538 644494 0 0 0 0 0 644610 0 0 0 0 645078 644984 644750 644644 
0 644646 644583 644583 644613 644691 644742 644658 644622 644793 644799 644724 644493 644496 644481 0 644664 644826 644790 0 644737 644457 0 644517 644646 644736 644865 644862 644718 644743 644382 644403 644595 644853 644680 644424 644340 644373 0 644625 644814 644889 644798 644695 644295 0 644316 644376 644454 644610 644754 645039 644965 644819 644672 644728 644658 644499 644355 644265 644235 644256 0 644238 644286 644244 644328 0 644751 644968 645040 645063 644783 644708 0 644211 0 644403 0 0 644688 644866 644851 645067 645106 645079 645027 644858 644533 644307 644349 644169 644163 644133 644136 644160 644187 0 644166 644163 644133 644127 0 0 644845 644821 645001 644738 0 644519 0 644103 644160 644094 0 644121 644094 644208 0 644268 644676 644761 645069 645068 645112 645035 644684 644525 
0 0 0 0 0 644200 0 644165 0 0 0 0 0 0 0 0 644215 0 644245 0 0 0 0 0 0 644251 0 644281 644174 644198 0 0 0 644270 644150 0 644023 0 0 0 0 644276 644190 644128 0 0 0 0 644133 0 0 0 0 0 644102 644146 644102 644040 0 0 643928 0 0 0 0 0 644060 0 0 0 0 0 0 644126 0 0 0 644110 0 0 0 0 0 0 0 644386 0 644226 0 643928 0 0 0 643906 0 0 643960 0 643952 643950 0 0 0 0 0 0 0 0 0 644000 0 0 0 0 0 0 0 0 0 0 0 0 0 0 644374 0 644110 644004 
0 640285 0 0 0 640315 0 640293 0 0 0 0 0 0 0 0 640284 0 640381 0 0 0 0 0 0 640344 0 640429 640357 640359 0 0 0 640435 640329 0 640044 0 0 0 0 640491 640458 640385 0 0 0 0 640086 0 0 0 0 0 640376 640412 640362 640187 0 0 639999 0 0 0 0 0 639972 0 0 0 0 0 0 640400 0 0 0 640023 0 0 0 0 0 0 0 640517 640554 640500 640247 640059 640087 0 0 639885 0 0 639903 0 639870 639855 0 0 0 0 0 0 0 0 0 640274 0 0 0 0 0 0 0 0 0 0 0 0 0 0 640495 0 640384 640278 
0 0 0 0 0 0 0 0 0 0 0 0 0 0 0 0 0 0 0 0 0 0 0 0 0 0 0 643306 643268 643270 0 0 0 643336 643240 0 0 0 0 0 0 643376 0 643316 0 0 0 0 643058 0 0 0 0 0 643364 643340 0 643098 0 0 0 0 0 0 0 0 0 0 0 0 0 0 0 0 0 0 0 0 0 0 0 0 0 0 0 0 0 643402 0 642970 0 0 0 0 0 0 0 0 0 0 0 0 0 0 0 0 0 0 0 0 0 0 0 0 0 0 0 0 0 0 0 0 0 0 643268 0 643402 643340 
0 642770 0 0 0 642800 0 642826 0 0 0 0 0 0 0 0 642734 0 642842 0 0 0 0 0 0 642758 0 642866 642900 642891 0 0 0 642893 642900 0 642686 0 0 0 0 642900 642900 642900 0 0 0 0 642618 0 0 0 0 0 642900 642900 642900 642864 0 0 642717 0 0 0 0 0 642558 0 0 0 0 0 0 642900 0 0 0 642560 0 0 0 0 0 0 0 642900 642900 642900 642900 642789 642805 0 0 642637 0 0 642608 0 642570 642544 0 0 0 0 0 0 0 0 0 642900 0 0 0 0 0 0 0 0 0 0 0 0 0 0 642900 0 642900 642900 
0 0 0 0 0 0 0 0 0 0 0 0 0 0 0 0 0 0 0 0 0 0 0 0 0 0 0 0 0 0 0 0 0 0 0 0 0 0 0 0 0 0 0 0 0 0 0 0 0 0 0 0 0 0 0 640550 0 0 0 0 0 0 0 0 0 0 0 0 0 0 0 0 0 0 0 0 0 0 0 0 0 0 0 0 0 0 0 0 0 640737 0 0 0 0 0 0 0 0 0 0 0 0 0 0 0 0 0 0 0 0 0 0 0 0 0 0 0 0 0 0 0 0 0 0 0 0 640456 640441 
0 640625 0 0 0 640640 0 640677 0 0 0 0 0 0 0 0 640583 0 640639 0 0 0 0 0 0 640583 0 640615 640651 640650 0 0 0 640612 640665 0 640643 0 0 0 0 640580 640585 640626 0 0 0 0 640537 0 0 0 0 0 640509 640611 640637 640736 0 0 640728 0 0 0 0 0 640519 0 0 0 0 0 0 640497 0 0 0 640496 0 0 0 0 0 0 0 640458 640478 640503 640704 640736 640768 0 0 640670 0 0 640616 0 640585 640560 0 0 0 0 0 0 0 0 0 640452 0 0 0 0 0 0 0 0 0 0 0 0 0 0 640421 0 640425 640410 
0 644827 644871 644871 0 644799 644765 644821 644829 644731 644727 0 644891 0 0 0 644765 644709 644733 0 0 644950 0 0 0 644759 644683 644685 644757 644755 644865 0 0 644679 644785 0 644885 644763 0 0 0 644615 644625 644707 645063 0 644869 0 644673 0 0 0 644575 644587 644585 644677 644729 644927 0 645083 645055 644925 0 644721 644705 644629 644637 0 0 644537 644565 0 644563 644561 0 645039 0 644591 0 0 0 644509 0 644519 0 644515 644507 644517 644863 645055 645027 645140 645103 644939 644893 644909 644831 0 644769 644719 644699 644647 0 0 0 644583 0 0 0 644579 0 645063 645053 644913 0 0 0 0 0 644549 0 0 0 0 644489 644443 644497 644535 
0 644865 644910 644910 0 644838 644804 644860 644865 644770 644766 0 644930 0 0 0 644806 644748 644772 0 0 644988 0 0 0 644795 644722 644724 644796 644794 644906 0 0 644718 644824 0 644926 644804 0 0 0 644654 644664 644746 645102 0 644910 0 644714 0 0 0 644614 644626 644624 644716 644768 644966 0 645100 645096 644966 0 644762 644746 644670 644678 0 0 644576 644604 0 644602 644600 0 645080 0 644632 0 0 0 644548 0 644558 0 644554 644546 644556 644902 645072 645066 645134 645122 644980 644934 644950 644872 0 644810 644760 644740 644688 0 0 0 644624 0 0 0 644618 0 645082 645094 644954 0 0 0 0 0 644590 0 0 0 0 644528 644482 644536 644574 
0 0 0 0 0 0 0 0 0 0 0 0 0 0 0 0 0 0 613521 0 0 0 0 0 0 0 0 613453 613561 613558 0 0 0 613444 613603 0 0 0 0 0 0 613348 0 613486 0 0 0 0 613615 0 0 0 0 0 613241 613441 613519 613815 0 0 613929 0 0 0 0 0 0 0 0 0 0 0 0 0 0 0 0 0 0 0 0 0 0 0 0 0 0 613167 0 613776 0 0 0 613963 0 0 0 0 0 0 0 0 0 0 0 0 0 0 0 613178 0 0 0 0 0 0 0 0 0 0 0 0 0 0 613159 0 613069 613092 
0 644659 644704 644716 0 644644 644627 644679 644667 644574 644584 0 644746 0 0 0 644629 644575 644599 0 0 644782 0 0 0 644593 644550 644563 644659 644646 644795 0 0 644572 644685 0 644821 644774 0 0 0 644528 644557 644634 644804 0 644829 0 644711 0 0 0 644484 644526 644549 644607 644657 644793 0 644742 644824 644873 0 644763 644747 644671 644679 0 0 644393 644431 0 644514 644525 0 644832 0 644633 0 0 0 644355 0 644396 0 644418 644426 644467 644761 644728 644750 644738 644776 644893 644914 644906 644873 0 644811 644761 644741 644689 0 0 0 644504 0 0 0 644568 0 644796 644813 644906 0 0 0 0 0 644591 0 0 0 0 644393 644382 644481 644524 
0 644562 644583 644583 0 644547 644530 644558 644570 644513 644511 0 644613 0 0 0 644556 644502 644514 0 0 644625 0 0 0 644532 644489 644490 644526 644525 644650 0 0 644487 644540 0 644664 644653 0 0 0 644455 644460 644501 644591 0 644672 0 644608 0 0 0 644435 644441 644440 644486 644512 644585 0 644529 644611 644690 0 644608 644604 644540 644560 0 0 644416 644430 0 644429 644428 0 644619 0 644538 0 0 0 644392 0 644407 0 644405 644401 644406 644553 644515 644537 644525 644563 644681 644694 644698 644682 0 644632 644594 644574 644534 0 0 0 644503 0 0 0 644429 0 644583 644600 644676 0 0 0 0 0 644484 0 0 0 0 644392 644369 644395 644397 
0 0 0 0 0 643608 0 643627 0 0 0 0 0 0 0 0 643635 0 643509 0 0 0 0 0 0 643563 0 643437 643519 643528 0 0 0 643428 643549 0 643909 0 0 0 0 643332 643347 643444 0 0 0 0 643805 0 0 0 0 0 643285 643411 643465 643598 0 0 643718 0 0 0 0 0 643819 0 0 0 0 0 0 643251 0 0 0 643748 0 0 0 0 0 0 0 643182 0 643185 0 643502 0 0 0 643878 0 0 643979 0 643955 643918 0 0 0 0 0 0 0 0 0 643252 0 0 0 0 0 0 0 0 0 0 0 0 0 0 643143 0 643155 643198 
643462 643459 643480 643480 643470 643444 643427 643455 643467 643410 643408 643433 643510 643509 643514 643475 643453 643399 643411 643390 643428 643522 643517 643502 643459 643429 643386 643387 643423 643422 643547 643540 643476 643384 643437 643485 643561 643550 643555 643466 643403 643352 643354 643398 643480 643572 643569 643549 643523 643471 643423 643328 643332 643328 643302 643382 643409 643460 643460 643442 643500 643565 643584 643587 643579 643541 643545 643524 643424 643313 643327 643318 643304 643290 643312 643508 643564 643522 643541 643538 643445 643299 643304 643304 643297 643302 643298 643282 643428 643428 643438 643443 643476 643558 643581 643573 643612 643608 643611 643586 643576 643550 643527 643524 643392 643400 643278 643238 643232 643272 643292 643496 643501 643571 643613 643610 643563 643505 643518 643501 643449 643382 643264 643269 643289 643256 643238 643240 
0 0 0 0 0 0 0 642679 0 0 0 0 0 0 0 0 642725 0 642671 0 0 0 0 0 0 642713 0 642659 642635 642646 0 0 0 642644 642633 0 642733 0 0 0 0 642614 0 642586 0 0 0 0 642783 0 0 0 0 0 642512 642580 642580 642584 0 0 642600 0 0 0 0 0 0 0 0 0 0 0 0 0 0 0 0 0 0 0 0 0 0 0 0 0 0 642540 0 642504 0 0 0 642670 0 0 0 0 642772 0 0 0 0 0 0 0 0 0 0 642458 0 0 0 0 0 0 0 0 0 0 0 0 0 0 642632 0 642472 642438 
0 0 0 0 0 637558 0 637600 0 0 0 0 0 0 0 0 637636 0 637372 0 0 0 0 0 0 637504 0 637240 637374 637402 0 0 0 637210 637422 0 638083 0 0 0 0 637030 637036 637224 0 0 0 0 638044 0 0 0 0 0 636904 637168 637254 637363 0 0 637555 0 0 0 0 0 638284 0 0 0 0 0 0 636844 0 0 0 638158 0 0 0 0 0 0 0 636790 0 636748 0 637075 0 0 0 637927 0 0 638274 0 638431 638511 0 0 0 0 0 0 0 0 0 636840 0 0 0 0 0 0 0 0 0 0 0 0 0 0 636724 0 636664 636742 
0 643441 0 0 0 643396 0 643416 0 0 0 0 643569 0 0 0 643423 0 643297 0 0 0 0 0 0 643351 0 643225 643308 643317 643646 0 0 643216 643316 0 643651 643701 0 0 0 643120 643135 643233 0 0 0 0 643633 0 0 0 0 643078 643074 643200 643232 643310 0 0 643430 0 0 643824 0 643842 643759 0 0 0 0 0 0 643039 0 0 0 643684 0 0 0 0 0 0 0 642970 642958 642973 643214 643214 643244 0 0 643604 0 0 643756 0 643825 643865 643895 0 0 0 0 0 0 0 0 643041 0 0 0 0 0 0 0 0 0 643769 0 0 0 0 642931 0 642943 642987 
0 642284 642344 642290 0 642217 642132 642224 642316 642119 642085 0 642417 0 0 0 642284 642040 642076 0 0 642321 0 0 0 642200 641999 641980 642005 642059 642505 0 0 641941 642003 0 642477 642624 0 0 0 641805 641782 641880 642117 0 642509 0 642552 0 0 0 641753 641711 641658 641864 641863 641974 0 641980 642197 642421 0 642757 642740 642777 642705 0 0 641802 641824 0 641651 641622 0 642229 0 642630 0 0 0 641780 0 641733 0 641675 641631 641584 641814 641910 641936 642033 642125 642417 642497 642465 642597 0 642709 642787 642803 642817 0 0 0 642144 0 0 0 641560 0 642205 642213 642469 0 0 0 0 0 642707 0 0 0 0 641634 641495 641486 641509 
643646 643676 643646 643610 643662 643646 643612 643596 643692 643634 643618 643552 643670 643740 643750 643708 643708 643600 643612 643582 643542 643622 643756 643762 643720 643672 643586 643576 643496 643530 643708 643766 643742 643558 643488 643536 643700 643786 643832 643746 643644 643506 643472 643446 643550 643722 643716 643856 643836 643756 643684 643518 643490 643466 643396 643452 643432 643486 643510 643498 643590 643684 643746 643840 643844 643892 643888 643850 643698 643524 643528 643498 643442 643408 643358 643606 643869 643882 643880 643886 643740 643520 643530 643494 643468 643466 643446 643420 643422 643470 643478 643526 643566 643694 643728 643712 643766 643822 643816 643847 643857 643861 643902 643905 643658 643674 643466 643376 643350 643318 643314 643606 643604 643720 643780 643774 643850 643888 643911 643904 643760 643662 643426 643436 643452 643394 643376 643310 
643661 643691 643661 643625 643677 643661 643627 643611 643707 643651 643635 643567 643685 643755 643765 643723 643725 643617 643629 643599 643557 643637 643771 643777 643737 643689 643603 643593 643511 643545 643723 643781 643759 643575 643503 643551 643715 643801 643847 643763 643661 643523 643487 643461 643565 643737 643731 643871 643853 643773 643701 643535 643507 643483 643411 643467 643447 643501 643525 643508 643605 643699 643761 643855 643859 643903 643899 643867 643715 643541 643545 643515 643459 643423 643373 643621 643880 643896 643897 643903 643757 643537 643547 643511 643485 643483 643463 643437 643437 643480 643493 643524 643576 643709 643743 643727 643781 643836 643831 643858 643868 643876 643915 643918 643675 643691 643483 643393 643365 643333 643329 643616 643619 643735 643795 643789 643865 643903 643924 643921 643777 643679 643443 643453 643469 643411 643393 643325 
0 644687 644612 644564 644650 644672 644655 644587 644695 644782 644732 644565 644594 644641 644626 0 644777 644723 644687 0 644560 644510 0 644662 644783 644801 644758 644711 644507 644554 644527 644548 644740 644660 644473 644377 644485 644518 0 644770 644871 644676 644585 644482 644324 0 644461 644521 644599 644755 644891 644892 644752 644614 644517 644515 644445 644352 644304 644238 644344 644401 0 644383 644431 644389 644473 0 644896 644891 644935 644882 644602 644553 0 644352 0 644548 0 0 644833 644829 644834 644906 644905 644866 644814 644675 644320 644224 644258 644222 644272 644278 644281 644305 644332 0 644311 644308 644278 644272 0 0 644988 644964 644832 644607 0 644388 0 644248 644305 644239 0 644266 644239 644353 0 644413 644821 644892 644842 644847 644897 644830 644553 644394 
0 643137 643110 643086 0 643122 643105 643085 643143 643160 643134 0 643107 0 0 0 643167 643125 643113 0 0 643080 0 0 0 643179 643136 643113 643029 643052 643095 0 0 643086 643019 0 643083 643102 0 0 0 643078 643035 643004 643014 0 643083 0 643129 0 0 0 643106 643040 642991 643013 642991 642994 0 642976 643023 643059 0 643057 643073 643059 643087 0 0 643169 643183 0 643028 643003 0 643023 0 643112 0 0 0 643155 0 643160 0 643147 643120 643053 642962 642962 642972 642984 642999 643022 643023 643031 643040 0 643033 643032 643022 643020 0 0 0 643225 0 0 0 642922 0 642999 643011 643009 0 0 0 0 0 643067 0 0 0 0 643145 643111 642984 642914 
0 643754 643736 643748 643744 643784 643806 643782 643738 643816 643830 643782 643688 643666 643656 0 643742 643830 643818 0 643779 643688 0 643668 643730 643778 643842 643830 643750 643773 643626 643616 643708 643807 643740 643702 643610 643596 0 643704 643806 643799 643756 643725 643640 0 643594 643574 643614 643694 643766 643890 643827 643761 643712 643734 643712 643710 643680 643644 643600 643578 0 643518 643538 643498 643542 0 643752 643926 643902 643885 643749 643724 0 643584 0 643568 0 0 643710 643901 643891 643914 643888 643869 643841 643774 643683 643662 643674 643592 643576 643520 643510 643526 643520 0 643494 643480 643460 643444 0 0 643792 643776 643938 643734 0 643661 0 643536 643562 643494 0 643488 643434 643462 0 643490 643690 643788 643903 643908 643880 643833 643716 643663 
0 640962 640893 640869 0 640977 640994 640918 640954 640995 641019 0 640839 640888 0 0 640974 641028 641016 0 640945 640779 0 640919 640968 640976 641019 641040 640926 640951 640778 640833 640951 641043 640888 0 640740 640823 0 0 0 641075 641064 640951 640605 0 640732 0 640904 0 0 0 641047 641089 641060 640990 640916 640721 0 640547 640585 640664 0 640754 640794 640804 640856 0 640859 640778 640860 0 641101 641096 0 640577 0 640887 0 0 0 640696 0 640835 0 640933 640985 641102 640753 640561 640599 640491 640513 640575 640600 640608 640665 0 640682 640705 640695 640717 0 0 0 640787 0 641136 0 640985 0 640493 640536 640562 0 0 0 0 0 640842 0 0 0 0 640898 640969 641118 641011 
643157 643160 643139 643139 643149 643175 643192 643164 643152 643139 643165 643186 643109 643110 643105 643144 643120 643174 643186 643183 643191 643097 643102 643117 643114 643120 643163 643186 643196 643197 643072 643079 643121 643213 643182 643086 643058 643069 643064 643083 643084 643221 643262 643221 643043 643047 643050 643070 643074 643078 643064 643087 643191 643259 643282 643236 643210 643111 643063 643033 643023 643030 643035 643024 643040 643026 643054 643049 643027 642994 643052 643097 643271 643294 643265 643015 643025 643033 643052 643049 643006 642936 642931 643039 643082 643113 643153 643246 643143 643047 643061 643001 642999 642989 642990 642998 643007 642997 643000 642999 642989 642987 643038 643035 642987 642979 642993 643286 643323 643285 643269 642979 642998 642976 642982 642985 642976 643014 643029 643012 642966 642925 643043 643038 643090 643149 643304 643307 
0 0 0 0 0 0 0 0 0 0 0 0 0 0 0 0 0 0 644677 0 0 0 0 0 0 0 0 644677 644897 644852 0 0 0 644758 644879 0 0 0 0 0 0 644782 0 644972 0 0 0 0 644341 0 0 0 0 0 645043 644969 644963 644666 0 0 0 0 0 0 0 0 0 0 0 0 0 0 0 0 0 0 0 0 0 0 0 0 0 0 0 0 0 644857 0 644474 0 0 0 0 0 0 0 0 0 0 0 0 0 0 0 0 0 0 0 645128 0 0 0 0 0 0 0 0 0 0 0 0 0 0 644539 0 645013 645098 
644590 644560 644590 644626 644574 644590 644624 644640 644544 644515 644567 644684 644566 644496 644486 644528 644477 644585 644609 644603 644694 644592 644480 644474 644465 644477 644563 644609 644740 644706 644528 644470 644479 644663 644748 644606 644514 644450 644404 644403 644433 644670 644736 644767 644544 644492 644498 644380 644385 644393 644393 644487 644618 644720 644780 644758 644780 644656 644584 644548 644504 644482 644468 644396 644392 644328 644348 644335 644343 644373 644441 644507 644732 644768 644811 644488 644362 644303 644341 644335 644301 644305 644295 644439 644501 644539 644580 644683 644715 644576 644592 644496 644480 644424 644414 644430 644424 644392 644398 644382 644362 644322 644313 644307 644311 644295 644395 644735 644789 644827 644839 644440 644466 644398 644386 644392 644336 644268 644295 644261 644245 644235 644470 644461 644517 644576 644765 644805 
0 644811 644853 644853 0 644781 644747 644803 644827 644713 644709 0 644913 0 0 0 644799 644691 644715 0 0 644937 0 0 0 644751 644665 644667 644739 644737 644976 0 0 644661 644767 0 644998 644878 0 0 0 644597 644607 644689 645045 0 644984 0 644788 0 0 0 644557 644569 644567 644659 644711 644909 0 645049 645085 645040 0 644836 644820 644744 644752 0 0 644519 644547 0 644545 644543 0 645101 0 644706 0 0 0 644491 0 644501 0 644497 644489 644499 644845 645021 645008 645065 645117 645054 645008 645024 644946 0 644884 644834 644814 644762 0 0 0 644687 0 0 0 644561 0 645151 645134 645028 0 0 0 0 0 644664 0 0 0 0 644471 644425 644479 644517 
0 644831 644873 644873 0 644801 644767 644823 644847 644733 644729 0 644933 0 0 0 644819 644711 644735 0 0 644957 0 0 0 644771 644685 644687 644759 644757 644975 0 0 644681 644787 0 644995 644873 0 0 0 644617 644627 644709 645065 0 644979 0 644783 0 0 0 644577 644589 644587 644679 644731 644929 0 645040 645105 645035 0 644831 644815 644739 644747 0 0 644539 644567 0 644565 644563 0 645121 0 644701 0 0 0 644511 0 644521 0 644517 644509 644519 644865 645012 645018 645057 645108 645049 645003 645019 644941 0 644879 644829 644809 644757 0 0 0 644691 0 0 0 644581 0 645126 645139 645023 0 0 0 0 0 644659 0 0 0 0 644491 644445 644499 644537 
0 644777 644819 644819 0 644747 644713 644769 644793 644679 644675 0 644879 0 0 0 644765 644657 644681 0 0 644903 0 0 0 644717 644631 644633 644705 644703 644953 0 0 644627 644733 0 644981 644945 0 0 0 644563 644573 644655 644965 0 644997 0 644882 0 0 0 644523 644535 644533 644625 644677 644875 0 644890 645005 645037 0 644962 644946 644870 644878 0 0 644485 644513 0 644511 644509 0 645021 0 644832 0 0 0 644457 0 644467 0 644463 644455 644465 644811 644862 644882 644906 644958 645099 645096 645088 645055 0 645010 644960 644940 644888 0 0 0 644659 0 0 0 644527 0 644998 645008 645112 0 0 0 0 0 644790 0 0 0 0 644437 644391 644445 644483 
643529 643535 643553 643541 643545 643505 643471 643503 643551 643473 643457 643459 643601 643623 643633 643567 643547 643439 643451 643421 643449 643601 643639 643621 643559 643511 643425 643415 643427 643437 643663 643673 643581 643397 643443 643537 643679 643693 643707 643585 643483 643345 643331 643377 643551 643701 643695 643701 643675 643595 643523 643357 643329 643305 643279 643359 643387 643487 643511 643499 643591 643685 643725 643747 643731 643703 643707 643676 643537 643363 643367 643337 643281 643267 643289 643607 643726 643684 643697 643700 643579 643359 643369 643333 643307 643305 643285 643259 643423 643471 643479 643527 643567 643695 643729 643713 643762 643770 643771 643748 643738 643712 643689 643686 643497 643513 643305 643215 643209 643249 643269 643607 643605 643721 643763 643760 643725 643667 643680 643663 643599 643501 643265 643275 643291 643233 643215 643217 
0 637441 637462 637462 637452 637426 637397 637429 637449 637392 637383 637385 637492 637491 637496 0 637435 637365 637377 0 637375 637504 0 637484 637441 637411 637351 637341 637353 637363 637529 637522 637458 637323 637369 637467 637543 637532 0 637448 637385 637271 637257 637303 637464 0 637551 637531 637505 637453 637405 637283 637255 637231 637205 637285 637313 637417 637441 637426 637484 637549 0 637557 637549 637511 637515 0 637406 637289 637293 637263 637207 637193 0 637492 0 637492 0 0 637427 637281 637286 637259 637233 637231 637211 637185 637353 637401 637409 637434 637460 637542 637565 637557 637594 0 637581 637556 637546 637520 0 0 637374 637382 637231 637141 0 637175 0 637480 637485 637555 0 637592 637533 637475 0 637471 637431 637364 637191 637201 637217 637159 637141 637143 
0 643479 643542 643530 643512 643434 643383 643467 643503 643332 643326 643401 643620 643629 643644 0 643461 643299 643335 0 643386 643570 0 643608 643479 643389 643260 643263 643359 643368 643703 643722 643530 643254 643373 643414 643687 643752 0 643500 643311 643158 643173 643284 643399 0 643711 643749 643671 643515 643371 643086 643098 643116 643113 643251 643289 643339 643339 643285 643459 643651 0 643875 643839 643881 643797 0 643374 643041 643083 643056 643080 643077 0 643483 0 643722 0 0 643437 642999 643014 643014 642993 643008 642996 643011 643243 643243 643273 643309 643387 643633 643702 643678 643780 0 643861 643922 643952 643986 0 0 643278 643302 642936 642963 0 643092 0 643447 643462 643672 0 643786 643991 643901 0 643857 643449 643248 642894 642909 642969 642900 642981 643038 
0 644734 644706 644658 644732 644704 644670 644656 644750 644708 644680 644612 644718 644810 644820 0 644770 644662 644662 0 644602 644646 0 644820 644782 644746 644660 644638 644544 644590 644744 644826 644792 644608 644524 644524 644724 644846 0 644820 644742 644568 644530 644494 644514 0 644740 644914 644886 644830 644782 644640 644576 644516 644466 644512 644468 644474 644474 644438 644554 644684 0 644888 644904 644978 644946 0 644808 644682 644662 644620 644492 644466 0 644570 0 644944 0 0 644850 644664 644674 644640 644602 644588 644556 644494 644410 644410 644430 644454 644506 644670 644716 644700 644778 0 644840 644890 644910 644962 0 0 644792 644808 644622 644438 0 644366 0 644546 644556 644696 0 644774 644936 645016 0 645010 644882 644820 644584 644594 644586 644516 644426 644370 
643759 643789 643759 643718 643775 643759 643725 643709 643805 643753 643737 643665 643778 643853 643863 643821 643827 643719 643729 643701 643655 643706 643869 643875 643839 643791 643705 643695 643604 643643 643804 643879 643859 643675 643584 643584 643784 643899 643945 643865 643763 643625 643585 643554 643574 643806 643800 643969 643953 643875 643803 643637 643609 643583 643509 643565 643528 643534 643534 643498 643614 643744 643830 643948 643957 643987 644001 643969 643817 643643 643647 643617 643559 643521 643466 643630 643985 644001 643997 644003 643859 643639 643649 643613 643587 643585 643565 643539 643470 643470 643490 643514 643566 643730 643776 643760 643838 643906 643900 643943 643933 643943 644021 644018 643777 643793 643585 643495 643463 643426 643410 643606 643616 643756 643840 643834 643920 643975 644012 643995 643879 643781 643545 643555 643571 643513 643493 643423 
0 644623 0 0 0 644578 0 644479 0 0 0 0 644572 0 0 0 644683 0 644527 0 0 0 0 0 0 644613 0 644485 644311 644380 644611 0 0 644446 644281 0 644581 644764 0 0 0 644380 644317 644236 0 0 0 0 644863 0 0 0 0 644308 644197 644263 644197 644206 0 0 644326 0 0 644827 0 644965 644941 0 0 0 0 0 0 644221 0 0 0 644944 0 0 0 0 0 0 0 644232 644220 644235 644110 644110 644140 0 0 644500 0 0 644662 0 644755 644830 644860 0 0 0 0 0 0 0 0 644044 0 0 0 0 0 0 0 0 0 645049 0 0 0 0 644193 0 644173 644050 
0 644745 644664 644592 644706 644700 644649 644589 644769 644814 644736 644523 644682 644823 644838 0 644871 644709 644673 0 644508 644574 0 644874 644889 644871 644742 644673 644421 644490 644721 644844 644868 644592 644391 644391 644691 644870 0 644982 644933 644568 644439 644346 644376 0 644715 644923 644983 644997 644993 644774 644652 644454 644307 644373 644307 644316 644316 644262 644436 644631 0 644785 644833 644791 644875 0 645044 644729 644771 644744 644418 644343 0 644460 0 644950 0 0 645107 644687 644702 644702 644681 644696 644666 644493 644220 644220 644250 644286 644364 644610 644661 644653 644726 0 644713 644710 644680 644674 0 0 644966 644990 644624 644373 0 644154 0 644424 644439 644623 0 644668 644641 644755 0 644815 645119 644936 644582 644597 644657 644588 644319 644160 
0 643521 643467 643419 643495 643491 643457 643417 643535 643544 643504 643373 643470 643529 643524 0 643582 643486 643473 0 643363 643407 0 643548 643588 643582 643496 643462 643305 643351 643455 643486 643580 643419 643285 643285 643429 643476 0 643597 643602 643392 643317 643255 643275 0 643421 643501 643539 643592 643624 643524 643424 643327 643229 643273 643229 643235 643235 643199 643304 643377 0 643419 643447 643445 643485 0 643639 643602 643558 643504 643303 643253 0 643312 0 643523 0 0 643618 643595 643605 643548 643498 643472 643428 643330 643171 643171 643191 643215 643256 643312 643325 643333 643366 0 643371 643382 643372 643382 0 0 643665 643663 643546 643262 0 643127 0 643266 643293 643299 0 643332 643359 643445 0 643477 643614 643681 643504 643514 643482 643400 643237 643131 
0 644576 644513 644513 644543 644621 644672 644588 644552 644723 644729 644654 644423 644426 644411 0 644594 644756 644720 0 644669 644387 0 644447 644576 644666 644795 644792 644658 644683 644312 644333 644525 644793 644620 644354 644270 644303 0 644555 644744 644849 644758 644655 644225 0 644246 644306 644384 644540 644684 644969 644917 644787 644664 644688 644618 644429 644285 644195 644165 644186 0 644168 644216 644174 644258 0 644681 644954 644970 644999 644775 644700 0 644141 0 644333 0 0 644618 644874 644859 645015 645046 645019 644987 644848 644485 644237 644279 644099 644093 644063 644066 644090 644117 0 644096 644093 644063 644057 0 0 644775 644751 645009 644730 0 644511 0 644033 644090 644024 0 644051 644024 644138 0 644198 644606 644747 645069 645064 645054 645003 644676 644517 
0 644601 644538 644538 644568 644646 644697 644613 644577 644748 644754 644679 644448 644451 644436 0 644619 644781 644745 0 644694 644412 0 644472 644601 644691 644820 644817 644681 644706 644337 644358 644550 644816 644643 644379 644295 644328 0 644580 644769 644860 644769 644666 644250 0 644271 644331 644409 644565 644709 644994 644936 644784 644637 644699 644629 644454 644310 644220 644190 644211 0 644193 644241 644199 644283 0 644706 645003 644997 645024 644748 644673 0 644166 0 644358 0 0 644643 644901 644886 645062 645071 645042 644998 644823 644504 644262 644304 644124 644118 644088 644091 644115 644142 0 644121 644118 644088 644082 0 0 644802 644778 645036 644703 0 644484 0 644058 644115 644049 0 644076 644049 644163 0 644223 644631 644796 645116 645111 645079 645000 644649 644490 
0 0 0 0 0 0 0 0 0 0 0 0 0 0 0 0 0 0 0 0 0 0 0 0 0 0 0 642422 642286 642311 0 0 0 642421 642248 0 0 0 0 0 0 642477 0 642285 0 0 0 0 642014 0 0 0 0 0 642320 642318 0 642059 0 0 0 0 0 0 0 0 0 0 0 0 0 0 0 0 0 0 0 0 0 0 0 0 0 0 0 0 0 0 0 641867 0 0 0 0 0 0 0 0 0 0 0 0 0 0 0 0 0 0 0 0 0 0 0 0 0 0 0 0 0 0 0 0 0 0 642622 0 642372 642247 
0 643166 643145 643145 0 643181 643198 643170 643158 643215 643217 0 643115 0 0 0 643172 643226 643214 0 0 643083 0 0 0 643196 643239 643238 643202 643203 643070 0 0 643241 643180 0 643044 643075 0 0 0 643273 643268 643227 642969 0 643036 0 643102 0 0 0 643293 643283 643226 643242 643208 643061 0 642935 642949 642992 0 643030 643046 643032 643060 0 0 643240 643274 0 643271 643238 0 642941 0 643085 0 0 0 643206 0 643273 0 643323 643327 643296 643093 642949 642975 642891 642901 642927 642940 642948 642981 0 642986 642997 642987 642993 0 0 0 643201 0 0 0 643148 0 642881 642912 642914 0 0 0 0 0 643040 0 0 0 0 643312 643355 643210 643140 
0 0 0 0 0 0 0 0 0 0 0 0 0 0 0 0 0 0 0 0 0 0 0 0 0 0 0 0 0 0 0 0 0 0 0 0 0 0 0 0 0 0 0 0 0 0 0 0 0 0 0 0 0 0 0 644879 0 0 0 0 0 0 0 0 0 0 0 0 0 0 0 0 0 0 0 0 0 0 0 0 0 0 0 0 0 0 0 0 0 644312 0 0 0 0 0 0 0 0 0 0 0 0 0 0 0 0 0 0 0 0 0 0 0 0 0 0 0 0 0 0 0 0 0 0 0 0 645065 644950 
0 0 0 0 0 0 0 0 0 0 0 0 0 0 0 0 0 0 0 0 0 0 0 0 0 0 0 0 0 0 0 0 0 0 0 0 0 0 0 0 0 0 0 0 0 0 0 0 0 0 0 0 0 0 0 642332 0 0 0 0 0 0 0 0 0 0 0 0 0 0 0 0 0 0 0 0 0 0 0 0 0 0 0 0 0 0 0 0 0 641795 0 0 0 0 0 0 0 0 0 0 0 0 0 0 0 0 0 0 0 0 0 0 0 0 0 0 0 0 0 0 0 0 0 0 0 0 642488 642537 
