644348 644342 644356 644350 644360 644360 644272 644336 644272 644240 644260 644252 644238 644340 644346 644210 644324 644348 644340 644284 644240 644188 644184 644186 644116 644346 644298 644244 644230 644236 644202 644136 644162 644136 644124 644130 644358 644224 644218 644112 644130 644112 644122 644094 644104 644130 644120 644092 644120 644342 644214 644206 644080 644086 644082 644062 644114 644094 644082 644088 644084 644074 644102 644290 644332 644364 644310 644204 644024 644048 644056 644036 644042 644042 644058 644034 644056 644258 644300 644306 644254 644122 644046 644022 644016 644042 644020 644032 644026 644036 644010 644012 644026 644216 644254 644326 644320 644308 644314 644254 644270 644008 643988 643994 643994 643986 644008 643990 643906 643938 644252 644258 644256 644302 644318 644340 644346 644352 644338 644296 644290 644278 644284 643982 643930 643948 643942 643954 
0 636478 636478 636465 636470 636478 0 636478 636412 636380 0 0 0 636478 636478 636374 636452 636464 0 0 636380 636328 636324 636362 636370 636478 636438 636384 0 636376 636342 0 0 0 0 0 0 0 0 0 0 636276 636286 636282 0 0 0 0 0 636461 636354 636346 0 0 636270 636250 0 636306 0 0 636344 0 0 636478 0 636478 636445 636344 636164 636236 636280 0 0 636302 636330 636318 0 636478 0 0 636394 636262 636186 0 0 0 0 636292 0 636308 636294 636308 0 0 0 0 0 0 0 636394 0 636148 0 0 0 636270 0 0 636298 636382 0 0 0 0 0 0 0 0 636459 0 0 0 0 636122 636070 636160 636178 0 
0 0 637059 637031 637041 0 0 0 636953 0 0 0 0 0 0 0 0 0 0 0 636921 636855 0 0 0 0 0 636925 0 636917 636883 0 0 0 0 0 0 0 0 0 0 0 0 0 0 0 0 0 0 0 636895 636887 0 0 0 0 0 0 0 0 0 0 0 636997 0 0 0 0 636667 0 0 0 0 0 0 0 0 636965 0 0 0 636803 0 0 0 0 0 0 0 0 0 0 0 0 0 0 0 0 0 0 0 636675 0 0 0 0 0 0 0 0 0 0 0 0 0 0 0 0 0 0 0 0 0 0 636573 0 0 0 
0 0 637061 637095 637097 0 0 0 637017 0 0 0 0 0 0 0 0 0 0 0 636985 636921 0 0 0 0 0 636989 0 636981 636947 0 0 0 0 0 0 0 0 0 0 0 0 0 0 0 0 0 0 0 636959 636951 0 0 0 0 0 0 0 0 0 0 0 636995 0 0 0 0 636733 0 0 0 0 0 0 0 0 636963 0 0 0 636867 0 0 0 0 0 0 0 0 0 0 0 0 0 0 0 0 0 0 0 636741 0 0 0 0 0 0 0 0 0 0 0 0 0 0 0 0 0 0 0 0 0 0 636639 0 0 0 
0 0 636985 637033 637023 0 0 0 636997 0 0 0 0 0 0 0 0 0 0 0 636965 636913 0 0 0 0 0 636969 0 636961 636927 0 0 0 0 0 0 0 0 0 0 0 0 0 0 0 0 0 0 0 636939 636931 0 0 0 0 0 0 0 0 0 0 0 636919 0 0 0 0 636737 0 0 0 0 0 0 0 0 636887 0 0 0 636847 0 0 0 0 0 0 0 0 0 0 0 0 0 0 0 0 0 0 0 636733 0 0 0 0 0 0 0 0 0 0 0 0 0 0 0 0 0 0 0 0 0 0 636643 0 0 0 
0 644708 644871 644753 644821 645001 0 644971 644597 644437 0 0 0 644965 644962 0 644865 0 0 0 644581 644381 0 0 644247 644919 644813 644717 0 644621 644505 0 0 0 0 0 0 0 0 0 0 0 644201 0 0 0 0 0 0 644865 644645 644641 0 0 0 0 0 644145 0 0 0 0 0 644820 0 644838 644801 0 644005 0 644069 0 0 644041 0 0 0 644775 0 0 644689 644473 644097 0 0 0 0 0 0 0 0 643981 0 0 0 0 0 0 0 644646 0 644021 0 0 0 0 0 0 643847 643911 0 0 0 0 0 0 0 0 0 0 0 0 0 643969 643817 643853 0 0 
645013 645007 644985 645045 645023 644918 645080 644894 645020 645012 645068 645074 645034 644874 644856 645018 644953 644940 644945 644997 644976 644948 644956 645008 644832 644784 644939 644909 644943 644949 644938 644908 644970 644959 644947 644953 644858 644937 644931 644884 644902 644920 644930 644917 644927 644952 644943 644915 644870 644872 644855 644871 644888 644894 644905 644885 644936 644917 644905 644911 644895 644864 644886 644728 644722 644736 644878 644845 644796 644871 644879 644859 644865 644865 644881 644857 644873 644720 644690 644696 644823 644787 644806 644845 644839 644865 644843 644855 644849 644859 644833 644835 644772 644630 644644 644644 644638 644626 644632 644775 644791 644768 644811 644817 644817 644809 644831 644813 644622 644654 644618 644624 644598 644620 644612 644610 644616 644622 644730 644745 644739 644775 644781 644742 644702 644771 644765 644777 
0 644581 644697 644553 644621 644833 0 644881 644397 644237 0 0 0 644885 644873 0 644705 0 0 0 644381 644181 0 0 644073 644867 644653 644533 0 644421 644305 0 0 0 0 0 0 0 0 0 0 0 644001 0 0 0 0 0 0 644741 644485 644457 0 0 0 0 0 643945 0 0 0 0 0 644921 0 644718 644677 0 643805 0 643869 0 0 643841 0 0 0 644927 0 0 644565 644289 643897 0 0 0 0 0 0 0 0 643781 0 0 0 0 0 0 0 644540 0 643821 0 0 0 0 0 0 643859 644066 0 0 0 0 0 0 0 0 0 0 0 0 0 643769 643617 643653 0 0 
0 0 644325 644351 644363 0 0 0 644401 0 0 0 0 0 0 0 0 0 0 0 644397 644299 0 0 0 0 0 644401 0 644393 644359 0 0 0 0 0 0 0 0 0 0 0 0 0 0 0 0 0 0 0 644371 644363 0 0 0 0 0 0 0 0 0 0 0 644259 0 0 0 0 644111 0 0 0 0 0 0 0 0 644227 0 0 0 644279 0 0 0 0 0 0 0 0 0 0 0 0 0 0 0 0 0 0 0 644119 0 0 0 0 0 0 0 0 0 0 0 0 0 0 0 0 0 0 0 0 0 0 644017 0 0 0 
0 644546 644492 644564 644530 644424 0 644400 644642 644718 0 0 0 644380 644362 0 644470 0 0 0 644650 644687 0 0 644442 644290 644496 644574 0 644630 644646 0 0 0 0 0 0 0 0 0 0 0 644676 0 0 0 0 0 0 644380 644556 644576 0 0 0 0 0 644662 0 0 0 0 0 644234 0 644242 644412 0 644625 0 644643 0 0 644594 0 0 0 644226 0 0 644468 644534 644616 0 0 0 0 0 0 0 0 644516 0 0 0 0 0 0 0 644420 0 644597 0 0 0 0 0 0 644304 644252 0 0 0 0 0 0 0 0 0 0 0 0 0 644584 644578 644589 0 0 
644968 644962 644917 644989 644955 644849 645074 644825 645037 645040 645078 645072 645040 644805 644787 645034 644895 644871 644879 644995 644981 644976 644984 645034 644880 644715 644918 644913 644947 644953 644943 644936 644986 645008 644996 645002 644789 644941 644935 644912 644930 644936 644946 644966 644976 644978 645054 645036 644918 644805 644859 644875 644904 644910 644954 644934 644962 645014 645001 644998 644954 644916 644936 644659 644653 644667 644837 644849 644824 644920 645000 644980 644986 644986 644977 644953 644934 644651 644621 644627 644827 644791 644834 644894 644936 644962 644964 644976 644970 644978 644953 644928 644820 644561 644575 644575 644569 644557 644563 644779 644795 644796 644884 644890 644938 644930 644952 644931 644670 644702 644549 644555 644529 644551 644543 644541 644547 644553 644665 644727 644730 644776 644779 644770 644730 644868 644886 644898 
645014 645008 644974 645046 645012 644906 645102 644882 645045 645037 645093 645094 645041 644862 644844 645043 644950 644928 644936 645009 644989 644973 644981 645033 644833 644772 644947 644921 644955 644961 644951 644933 644995 644984 644972 644978 644846 644949 644943 644909 644927 644945 644955 644942 644952 644977 644968 644940 644871 644862 644867 644883 644913 644919 644930 644910 644961 644942 644926 644929 644905 644869 644889 644716 644710 644724 644881 644857 644821 644896 644904 644884 644890 644890 644902 644878 644883 644708 644678 644684 644835 644799 644831 644870 644864 644890 644868 644880 644874 644884 644858 644855 644773 644618 644632 644632 644626 644614 644620 644787 644803 644793 644836 644842 644842 644834 644856 644838 644623 644655 644606 644612 644586 644608 644600 644598 644604 644610 644722 644754 644751 644787 644793 644767 644727 644796 644790 644802 
644916 644910 644888 644945 644926 644820 645003 644796 644943 644935 644991 645018 645025 644776 644758 644941 644850 644838 644842 644919 644899 644871 644879 644953 644853 644686 644861 644831 644865 644871 644861 644831 644893 644939 644927 644933 644760 644859 644853 644807 644825 644843 644853 644897 644907 644897 644984 644956 644891 644769 644777 644793 644811 644817 644885 644865 644881 644945 644946 644945 644911 644880 644902 644630 644624 644638 644785 644767 644719 644851 644919 644900 644906 644906 644922 644898 644889 644622 644592 644598 644745 644709 644729 644825 644867 644893 644884 644896 644890 644900 644874 644875 644793 644532 644546 644546 644540 644528 644534 644697 644713 644691 644827 644833 644857 644850 644872 644854 644643 644675 644520 644526 644500 644522 644514 644512 644518 644524 644627 644667 644661 644697 644703 644665 644625 644799 644806 644818 
0 644536 644652 644508 644576 644788 0 644836 644352 644192 0 0 0 644876 644900 0 644696 0 0 0 644336 644136 0 0 644028 644900 644644 644488 0 644376 644260 0 0 0 0 0 0 0 0 0 0 0 643956 0 0 0 0 0 0 644768 644476 644412 0 0 0 0 0 643900 0 0 0 0 0 644938 0 644776 644704 0 643760 0 643824 0 0 643796 0 0 0 644922 0 0 644592 644244 643852 0 0 0 0 0 0 0 0 643736 0 0 0 0 0 0 0 644582 0 643776 0 0 0 0 0 0 643798 643959 0 0 0 0 0 0 0 0 0 0 0 0 0 643724 643572 643608 0 0 
0 644615 644767 644631 644699 644907 0 644897 644475 644315 0 0 0 644949 644979 0 644819 0 0 0 644459 644259 0 0 644143 644967 644767 644611 0 644499 644383 0 0 0 0 0 0 0 0 0 0 0 644079 0 0 0 0 0 0 644885 644599 644535 0 0 0 0 0 644023 0 0 0 0 0 644905 0 644879 644821 0 643883 0 643947 0 0 643919 0 0 0 644875 0 0 644709 644367 643975 0 0 0 0 0 0 0 0 643859 0 0 0 0 0 0 0 644667 0 643899 0 0 0 0 0 0 643789 643880 0 0 0 0 0 0 0 0 0 0 0 0 0 643847 643695 643731 0 0 
0 644591 644551 644623 644589 644483 0 644459 644698 644728 0 0 0 644439 644421 644737 644529 644505 0 0 644674 644690 644700 644725 644509 644349 644555 644604 0 644648 644655 0 0 0 0 0 0 0 0 0 0 644688 644693 644679 0 0 0 0 0 644439 644565 644585 0 0 644673 644663 0 644679 0 0 644583 0 0 644293 0 644301 644471 644560 644620 644656 644660 0 0 644651 644609 644597 0 644285 0 0 644513 644543 644619 0 0 0 0 644648 0 644630 644619 644583 0 0 0 0 0 0 0 644465 0 644600 0 0 0 644625 0 0 644371 644319 0 0 0 0 0 0 0 0 644299 0 0 0 0 644587 644573 644606 644603 0 
0 644653 644825 644871 644901 644941 0 644893 644768 644608 0 0 0 644889 644877 0 645016 0 0 0 644752 644552 0 0 644201 644805 644964 644868 0 644786 644676 0 0 0 0 0 0 0 0 0 0 0 644372 0 0 0 0 0 0 644947 644796 644792 0 0 0 0 0 644316 0 0 0 0 0 644693 0 644753 644916 0 644176 0 644240 0 0 644212 0 0 0 644653 0 0 644804 644624 644268 0 0 0 0 0 0 0 0 644152 0 0 0 0 0 0 0 644756 0 644192 0 0 0 0 0 0 643781 643845 0 0 0 0 0 0 0 0 0 0 0 0 0 644140 643988 644024 0 0 
0 636549 636621 636597 636621 636681 0 636681 636559 636479 0 0 0 636691 636679 636449 636691 636691 0 0 636551 636451 636423 636425 636309 636631 636679 636615 0 636571 636513 0 0 0 0 0 0 0 0 0 0 636351 636361 636333 0 0 0 0 0 636655 636595 636577 0 0 636321 636301 0 636333 0 0 636309 0 0 636631 0 636559 636655 636585 636263 636287 636295 0 0 636281 636297 636273 0 636655 0 0 636599 636493 636309 0 0 0 0 636271 0 636275 636249 636251 0 0 0 0 0 0 0 636551 0 636271 0 0 0 636225 0 0 636165 636333 0 0 0 0 0 0 0 0 636511 0 0 0 0 636245 636169 636187 636181 0 
0 644873 644959 644959 644985 645035 0 645011 644889 644809 0 0 0 645039 645068 644779 645061 645078 645074 0 644881 644781 644753 644755 644647 645043 645035 644957 0 644901 644843 0 0 0 0 0 0 0 0 0 0 644681 644691 644663 0 0 0 0 0 645086 644951 644919 0 0 644651 644631 0 644663 0 0 644653 0 0 644987 0 644995 645058 644941 644593 644617 644625 0 0 644611 644627 644603 0 644968 0 0 645002 644835 644639 0 0 0 0 644601 0 644605 644579 644581 0 644889 0 0 0 0 0 644965 0 644601 0 0 0 644555 0 0 644437 644469 0 0 0 0 0 0 0 0 644951 0 0 0 0 644575 644499 644517 644511 0 
645068 645065 645108 645120 645127 645100 645111 645088 645151 645111 645117 645097 645056 645078 645069 645096 645123 645111 645115 645177 645147 645097 645083 645084 644952 645033 645136 645139 645154 645157 645128 645059 645072 645059 645053 645056 645070 645151 645148 645047 645056 645047 645052 645038 645043 645056 645043 645037 644971 645078 645112 645120 645031 645034 645032 645022 645048 645038 645014 645011 644989 644970 644980 645005 645002 645009 645094 645107 645003 645015 645019 645009 645012 645012 645002 644990 644979 645001 644986 644989 645096 645078 645026 645002 644999 645012 645001 645007 645004 645009 644996 644977 644922 644956 644963 644963 644960 644954 644957 645072 645080 645007 644985 644988 644988 644984 644995 644986 644847 644863 644950 644953 644940 644951 644947 644946 644949 644952 645008 645041 645044 645072 645071 644994 644956 644965 644962 644968 
0 0 625594 0 0 0 0 0 0 0 0 0 0 0 0 0 0 0 0 0 625766 625747 0 0 0 0 0 0 0 0 0 0 0 0 0 0 0 0 0 0 0 0 0 0 0 0 0 0 0 0 625716 0 0 0 0 0 0 0 0 0 0 0 0 0 0 0 0 0 625551 0 0 0 0 0 0 0 0 0 0 0 0 625636 0 0 0 0 0 0 0 0 0 0 0 0 0 0 0 0 0 0 0 0 0 0 0 0 0 0 0 0 0 0 0 0 0 0 0 0 0 0 0 0 0 0 0 0 0 0 
0 0 0 0 0 0 0 0 0 0 0 0 0 0 0 0 0 0 0 0 0 642366 0 0 0 0 0 0 0 0 0 0 0 0 0 0 0 0 0 0 0 0 0 0 0 0 0 0 0 0 642353 0 0 0 0 0 0 0 0 0 0 0 0 0 0 0 0 0 0 0 0 0 0 0 0 0 0 0 0 0 0 0 0 0 0 0 0 0 0 0 0 0 0 0 0 0 0 0 0 0 0 0 0 0 0 0 0 0 0 0 0 0 0 0 0 0 0 0 0 0 0 0 0 0 0 0 0 0 
0 643877 643891 643939 643929 643895 0 643871 644017 644049 0 0 0 643875 643881 644055 643965 643941 0 0 644049 644101 644105 644055 643891 643881 643991 644045 0 644053 644087 0 0 0 0 0 0 0 0 0 0 644117 644127 644123 0 0 0 0 0 643947 644075 644083 0 0 644129 644115 0 644075 0 0 643965 0 0 643825 0 643905 643979 644085 644005 644101 644089 0 0 644031 643991 643991 0 643793 0 0 644035 644103 644027 0 0 0 0 644041 0 644013 644015 643989 0 0 0 0 0 0 0 644035 0 643989 0 0 0 644039 0 0 643825 643689 0 0 0 0 0 0 0 0 643907 0 0 0 0 643963 643911 644049 644091 0 
0 644797 644721 644829 644778 644619 0 644583 644872 644949 0 0 0 644553 644526 0 644666 0 0 0 644852 644907 0 644969 644569 644418 644679 644742 0 644818 644844 0 0 0 0 0 0 0 0 0 0 0 644913 0 0 0 0 0 0 644549 644706 644738 0 0 644893 0 0 644878 0 0 644658 0 0 644334 0 644346 644565 0 644718 644857 644835 0 0 644727 0 0 0 644322 0 0 644593 644660 644726 0 0 0 0 0 0 644682 0 644598 0 0 0 0 0 0 0 644521 0 644669 0 0 0 644659 0 0 644254 644302 0 0 0 0 0 0 0 0 0 0 0 0 0 644630 644577 644715 644706 0 
0 644164 643987 643961 643926 643805 0 0 643766 0 0 0 0 0 0 0 0 0 0 0 643626 643616 0 0 644693 0 0 643456 0 643556 643531 0 0 0 0 0 0 0 0 0 0 0 0 0 0 0 0 0 0 0 643321 643361 0 0 0 0 0 644041 0 0 0 0 0 643478 0 0 0 0 643266 0 0 0 0 0 0 0 0 643496 0 0 0 643151 0 0 0 0 0 0 0 0 0 644442 0 0 0 0 0 0 0 0 0 643166 0 0 0 0 0 0 644480 644348 0 0 0 0 0 0 0 0 0 0 0 0 0 643101 643031 643676 0 0 
0 644561 644708 644595 644663 644850 0 644846 644439 644279 0 0 0 644896 644941 0 644783 0 0 0 644423 644223 0 0 644084 645013 644731 644575 0 644463 644347 0 0 0 0 0 0 0 0 0 0 0 644043 0 0 0 0 0 0 644921 644563 644499 0 0 0 0 0 643987 0 0 0 0 0 644924 0 644933 644857 0 643847 0 643911 0 0 643883 0 0 0 644848 0 0 644745 644331 643939 0 0 0 0 0 0 0 0 643823 0 0 0 0 0 0 0 644745 0 643863 0 0 0 0 0 0 643706 643770 0 0 0 0 0 0 0 0 0 0 0 0 0 643811 643659 643695 0 0 
0 644553 644725 644773 644801 644858 0 644810 644822 644662 0 0 0 644836 644824 0 645016 0 0 0 644806 644606 0 0 644101 644752 645049 644939 0 644846 644730 0 0 0 0 0 0 0 0 0 0 0 644426 0 0 0 0 0 0 644908 644897 644863 0 0 0 0 0 644370 0 0 0 0 0 644640 0 644708 644969 0 644230 0 644294 0 0 644266 0 0 0 644600 0 0 644905 644695 644322 0 0 0 0 0 0 0 0 644186 0 0 0 0 0 0 0 644857 0 644246 0 0 0 0 0 0 643681 643745 0 0 0 0 0 0 0 0 0 0 0 0 0 644194 644042 644078 0 0 
0 0 636359 636335 636359 0 0 0 636335 0 0 0 0 0 0 0 0 0 0 0 636359 636311 0 0 0 0 0 636397 0 636383 636359 0 0 0 0 0 0 0 0 0 0 0 0 0 0 0 0 0 0 0 636397 636397 0 0 0 0 0 0 0 0 0 0 0 636397 0 0 0 0 636137 0 0 0 0 0 0 0 0 636397 0 0 0 636345 0 0 0 0 0 0 0 0 0 0 0 0 0 0 0 0 0 0 0 636145 0 0 0 0 0 0 0 0 0 0 0 0 0 0 0 0 0 0 0 0 0 0 636043 0 0 0 
645044 645041 645084 645096 645103 645096 645087 645084 645135 645115 645093 645073 645032 645074 645065 645100 645119 645107 645111 645153 645151 645101 645087 645088 644928 645029 645132 645163 645158 645161 645132 645063 645076 645063 645057 645060 645066 645155 645152 645051 645060 645051 645056 645042 645047 645060 645019 645033 644947 645074 645136 645144 645035 645038 645036 645026 645052 645042 644990 644987 644965 644946 644956 645001 644998 645005 645090 645131 645007 645019 645023 645013 645016 645010 644978 644966 644955 644997 644982 644985 645118 645102 645030 645006 645003 645016 645005 645011 645008 644989 644978 644953 644898 644952 644959 644959 644956 644950 644953 645094 645086 645011 644989 644992 644992 644988 644999 644964 644823 644839 644946 644949 644936 644947 644943 644942 644945 644948 645004 645037 645040 645070 645067 644998 644960 644969 644966 644972 
0 0 644207 644255 644245 0 0 0 644333 0 0 0 0 0 0 0 0 0 0 0 644357 644335 0 0 0 0 0 644357 0 644357 644357 0 0 0 0 0 0 0 0 0 0 0 0 0 0 0 0 0 0 0 644357 644357 0 0 0 0 0 0 0 0 0 0 0 644141 0 0 0 0 644157 0 0 0 0 0 0 0 0 644109 0 0 0 644301 0 0 0 0 0 0 0 0 0 0 0 0 0 0 0 0 0 0 0 644165 0 0 0 0 0 0 0 0 0 0 0 0 0 0 0 0 0 0 0 0 0 0 644063 0 0 0 
0 0 638350 638350 638350 0 0 0 638350 0 0 0 0 0 0 0 0 0 0 0 638350 638350 0 0 0 0 0 638350 0 638350 638350 0 0 0 0 0 0 0 0 0 0 0 0 0 0 0 0 0 0 0 638350 638350 0 0 0 0 0 0 0 0 0 0 0 638350 0 0 0 0 638309 0 0 0 0 0 0 0 0 638350 0 0 0 638350 0 0 0 0 0 0 0 0 0 0 0 0 0 0 0 0 0 0 0 638301 0 0 0 0 0 0 0 0 0 0 0 0 0 0 0 0 0 0 0 0 0 0 638262 0 0 0 
644835 644829 644804 644876 644842 644736 644926 644712 644954 645001 644938 644898 644816 644692 644674 644988 644782 644758 644766 644894 644962 645061 645057 644964 644608 644602 644808 644886 644948 644942 645000 645105 645036 644966 644978 644972 644676 644954 644960 645129 645111 645086 645076 645008 644998 645020 644790 644818 644646 644692 644892 644924 645118 645112 645020 645040 645036 644912 644732 644726 644682 644644 644664 644546 644540 644554 644724 644902 645074 645054 644902 644826 644820 644772 644708 644684 644662 644538 644508 644514 644780 645008 645104 645067 644990 644964 644842 644782 644788 644730 644708 644658 644548 644448 644462 644462 644456 644444 644450 644732 644716 645066 645038 645041 644964 644732 644758 644680 644398 644430 644436 644442 644416 644438 644430 644428 644434 644440 644552 644618 644624 644684 644678 645040 644980 645003 644968 644956 
644941 644935 644897 644969 644935 644829 645027 644805 645047 645107 645039 644999 644917 644785 644767 645089 644875 644851 644859 644987 645055 645155 645163 645065 644709 644695 644901 644979 645041 645035 645093 645129 645137 645067 645079 645073 644769 645047 645053 645105 645123 645105 645115 645087 645095 645119 644891 644919 644747 644785 644985 645017 645073 645079 645075 645055 645107 645013 644833 644827 644783 644745 644765 644639 644633 644647 644817 644995 645017 645041 645003 644927 644921 644873 644809 644785 644763 644631 644601 644607 644873 644991 645035 645015 645009 645035 644943 644883 644889 644831 644809 644759 644649 644541 644555 644555 644549 644537 644543 644825 644809 644997 644981 644987 644987 644833 644859 644781 644499 644531 644529 644535 644509 644531 644523 644521 644527 644533 644645 644711 644717 644777 644771 644971 644923 644941 644935 644947 
644817 644811 644765 644819 644790 644697 644894 644673 644858 644910 644900 644904 644911 644653 644635 644925 644712 644700 644704 644804 644850 644882 644892 644937 644777 644563 644725 644776 644831 644828 644841 644852 644905 644940 644934 644937 644623 644828 644825 644828 644846 644864 644874 644918 644924 644913 644898 644912 644802 644631 644751 644771 644832 644838 644906 644886 644902 644943 644857 644854 644820 644789 644811 644507 644501 644514 644647 644746 644740 644872 644924 644914 644913 644877 644833 644809 644798 644499 644469 644475 644675 644706 644750 644846 644888 644914 644906 644882 644885 644844 644821 644784 644705 644409 644423 644423 644417 644405 644411 644627 644619 644712 644848 644854 644878 644833 644858 644795 644567 644599 644397 644403 644377 644399 644391 644389 644395 644401 644489 644534 644537 644591 644588 644686 644646 644820 644838 644850 
644903 644897 644839 644911 644877 644771 645037 644747 644989 645049 645049 645055 645021 644727 644709 645073 644817 644793 644801 644929 644977 645025 645049 645095 644823 644637 644843 644905 644953 644953 644977 645035 645073 645095 645095 645095 644711 644953 644953 645011 645029 645059 645069 645095 645095 645095 645005 645033 644861 644727 644881 644905 645027 645033 645095 645079 645095 645081 644947 644941 644897 644859 644879 644581 644575 644589 644759 644881 644923 645065 645057 645009 645009 644985 644923 644899 644877 644573 644543 644549 644809 644877 644921 645039 645067 645081 645009 644985 644985 644945 644923 644873 644763 644483 644497 644497 644491 644479 644485 644761 644751 644883 645029 645035 645045 644937 644961 644895 644613 644645 644471 644477 644451 644473 644465 644463 644469 644475 644587 644653 644659 644719 644713 644857 644829 644999 644993 645005 
644933 644927 644869 644941 644907 644801 645067 644777 645019 645099 645079 645087 645017 644757 644739 645129 644847 644823 644831 644959 645027 645077 645097 645153 644809 644667 644873 644951 645011 645007 645035 645049 645123 645143 645143 645143 644741 645011 645011 645025 645043 645073 645083 645115 645125 645139 644991 645019 644847 644757 644939 644963 645041 645047 645103 645083 645123 645095 644933 644927 644883 644845 644865 644611 644605 644619 644789 644939 644937 645069 645071 645023 645021 644973 644909 644885 644863 644603 644573 644579 644845 644891 644935 645043 645037 645063 645023 644983 644989 644931 644909 644859 644749 644513 644527 644527 644521 644509 644515 644797 644781 644897 645009 645015 645015 644933 644959 644881 644599 644631 644501 644507 644481 644503 644495 644493 644499 644505 644617 644683 644689 644749 644743 644871 644843 644969 644963 644975 
644627 644624 644703 644677 644706 644777 644578 644765 644638 644574 644572 644556 644525 644780 644795 644547 644773 644785 644781 644692 644646 644552 644524 644523 644391 644783 644760 644720 644665 644668 644614 644476 644502 644476 644464 644470 644802 644660 644654 644452 644470 644452 644462 644434 644444 644470 644430 644416 644394 644794 644711 644690 644420 644426 644422 644402 644454 644434 644387 644390 644376 644359 644385 644755 644752 644759 644778 644701 644364 644388 644396 644376 644379 644367 644363 644339 644350 644751 644736 644739 644750 644606 644410 644362 644356 644382 644360 644362 644359 644352 644327 644316 644299 644706 644713 644713 644710 644704 644707 644726 644734 644372 644328 644334 644334 644315 644338 644305 644214 644314 644700 644703 644690 644701 644687 644674 644677 644680 644720 644711 644708 644726 644729 644346 644270 644288 644282 644294 
645037 645034 645077 645089 645096 645093 645080 645081 645128 645118 645086 645066 645025 645071 645062 645103 645116 645104 645108 645146 645154 645104 645090 645091 644921 645026 645129 645168 645161 645164 645135 645066 645079 645066 645060 645063 645063 645158 645155 645054 645063 645054 645059 645045 645050 645063 645012 645026 644940 645071 645143 645151 645038 645041 645039 645029 645055 645045 644983 644980 644958 644939 644949 644998 644995 645002 645087 645138 645010 645022 645026 645016 645019 645003 644971 644959 644948 644994 644979 644982 645115 645109 645033 645009 645006 645019 645008 645008 645011 644982 644971 644946 644891 644949 644956 644956 644953 644947 644950 645091 645083 645014 644992 644995 644995 644983 644996 644957 644816 644832 644943 644946 644933 644944 644940 644939 644942 644945 645001 645034 645037 645067 645064 645001 644963 644972 644969 644975 
645039 645036 645079 645091 645098 645047 645082 645035 645130 645122 645088 645068 645027 645025 645016 645113 645070 645058 645062 645126 645158 645150 645136 645101 644923 644980 645083 645122 645153 645150 645177 645112 645125 645102 645106 645105 645017 645156 645159 645100 645109 645100 645105 645091 645096 645109 645014 645028 644942 645025 645125 645141 645084 645087 645085 645075 645101 645075 644985 644982 644960 644941 644951 644952 644949 644956 645041 645130 645056 645068 645070 645032 645029 645005 644973 644961 644950 644948 644933 644936 645069 645107 645079 645055 645052 645065 645040 645010 645013 644984 644973 644948 644893 644903 644910 644910 644907 644901 644904 645045 645037 645060 645038 645041 645041 644985 644998 644959 644818 644834 644897 644900 644887 644898 644894 644893 644896 644899 644955 644988 644991 645021 645018 645047 645009 645018 645015 645021 
644858 644852 644796 644868 644834 644728 644980 644704 644946 645024 644992 644958 644876 644684 644666 645042 644774 644750 644758 644886 644954 645054 645080 645024 644668 644594 644800 644878 644940 644934 644992 645128 645090 645026 645038 645032 644668 644946 644952 645137 645133 645140 645130 645068 645058 645080 644850 644878 644706 644684 644884 644916 645141 645147 645080 645100 645096 644972 644792 644786 644742 644704 644724 644538 644532 644546 644716 644894 645049 645108 644962 644886 644880 644832 644768 644744 644722 644530 644500 644506 644772 644995 645049 645089 645050 645024 644902 644842 644848 644790 644768 644718 644608 644440 644454 644454 644448 644436 644442 644724 644708 645011 645055 645061 645024 644792 644818 644740 644458 644490 644428 644434 644408 644430 644422 644420 644426 644432 644544 644610 644616 644676 644670 644985 644955 645015 645009 645011 
644835 644829 644795 644867 644833 644727 644933 644703 644945 645001 644945 644905 644823 644683 644665 644995 644773 644749 644757 644885 644953 645053 645057 644971 644615 644593 644799 644877 644939 644933 644991 645088 645043 644973 644985 644979 644667 644945 644951 645100 645091 645076 645071 645013 645005 645027 644797 644825 644653 644683 644883 644915 645092 645089 645019 645029 645039 644919 644739 644733 644689 644651 644671 644537 644531 644545 644715 644893 645054 645036 644909 644833 644827 644779 644715 644691 644669 644529 644499 644505 644771 644975 645076 645049 644980 644967 644849 644789 644795 644737 644715 644665 644555 644439 644453 644453 644447 644435 644441 644723 644707 645038 645028 645027 644955 644739 644765 644687 644405 644437 644427 644433 644407 644429 644421 644419 644425 644431 644543 644609 644615 644675 644669 645012 644960 644990 644945 644939 
0 644668 644592 644700 644649 644490 0 644454 644817 644926 0 0 0 644424 644397 644953 644559 644523 0 0 644829 644964 644993 644941 644407 644289 644598 644715 0 644799 644878 0 0 0 0 0 0 0 0 0 0 645059 645049 644981 0 0 0 0 0 644424 644722 644766 0 0 644993 645013 0 644861 0 0 644518 0 0 644205 0 644217 644472 644732 644939 645013 644839 0 0 644653 644557 644521 0 644193 0 0 644556 644838 644947 0 0 0 0 644668 0 644590 644557 644482 0 0 0 0 0 0 0 644484 0 644890 0 0 0 644593 0 0 644092 644140 0 0 0 0 0 0 0 0 644214 0 0 0 0 644851 644798 644903 644869 0 
0 644378 644276 644456 644371 644106 0 0 644651 0 0 0 0 0 0 0 0 0 0 0 644671 644900 0 0 643907 0 0 644481 0 644621 644759 0 0 0 0 0 0 0 0 0 0 0 644996 0 0 0 0 0 0 0 644495 644571 0 0 0 0 0 644666 0 0 0 0 0 643631 0 643651 0 0 644790 0 0 0 0 644317 0 0 0 643611 0 0 0 644701 0 0 0 0 0 0 0 0 0 644032 0 0 0 0 0 0 0 0 0 644726 0 0 0 0 0 0 643382 643462 0 0 0 0 0 0 0 0 0 0 0 0 0 644661 644555 644694 0 0 
0 644701 644648 644756 644705 644546 0 644510 644873 644959 0 0 0 644480 644453 644980 644615 644579 0 0 644885 645021 645035 644992 644542 644345 644654 644771 0 644855 644942 0 0 0 0 0 0 0 0 0 0 645043 645054 645080 0 0 0 0 0 644480 644780 644828 0 0 645082 645064 0 644998 0 0 644653 0 0 644261 0 644273 644528 644795 644863 645043 644983 0 0 644788 644692 644656 0 644249 0 0 644612 644828 644884 0 0 0 0 644803 0 644725 644692 644617 0 0 0 0 0 0 0 644540 0 644827 0 0 0 644728 0 0 644227 644275 0 0 0 0 0 0 0 0 644270 0 0 0 0 644788 644722 644929 644920 0 
644394 644388 644331 644403 644369 644263 644516 644239 644481 644560 644528 644524 644514 644219 644201 644578 644309 644285 644293 644421 644489 644589 644616 644590 644402 644129 644335 644413 644475 644469 644527 644608 644626 644628 644640 644634 644203 644481 644487 644596 644605 644620 644625 644654 644654 644642 644548 644576 644440 644219 644419 644451 644604 644607 644653 644643 644642 644646 644514 644508 644476 644450 644458 644073 644067 644081 644251 644429 644552 644636 644648 644596 644590 644554 644502 644490 644468 644065 644035 644041 644307 644458 644540 644623 644668 644678 644612 644564 644570 644524 644514 644476 644377 643975 643989 643989 643983 643971 643977 644259 644243 644521 644630 644633 644657 644538 644552 644498 644227 644212 643963 643969 643943 643965 643957 643955 643961 643967 644079 644145 644151 644211 644205 644508 644505 644634 644631 644637 
644935 644929 644887 644959 644925 644819 645045 644795 645037 645101 645057 645017 644935 644775 644757 645107 644865 644841 644849 644977 645045 645141 645149 645083 644727 644685 644891 644969 645031 645025 645083 645115 645149 645085 645097 645091 644759 645037 645043 645091 645109 645115 645125 645097 645101 645125 644909 644937 644765 644775 644975 645007 645083 645089 645085 645065 645117 645031 644851 644845 644801 644763 644783 644629 644623 644637 644807 644985 645003 645051 645021 644945 644939 644891 644827 644803 644781 644621 644591 644597 644863 644973 645017 645025 645019 645045 644961 644901 644907 644849 644827 644777 644667 644531 644545 644545 644539 644527 644533 644815 644799 644979 644991 644997 644997 644851 644877 644799 644517 644549 644519 644525 644499 644521 644513 644511 644517 644523 644635 644701 644707 644767 644761 644953 644909 644951 644945 644957 
644841 644835 644777 644849 644815 644709 644975 644685 644916 644950 644982 644995 645009 644665 644647 644971 644755 644731 644739 644862 644878 644882 644902 644995 644968 644575 644781 644808 644849 644852 644848 644854 644928 644998 644986 644992 644649 644846 644840 644830 644848 644878 644888 644956 644966 644944 645124 645128 645006 644665 644764 644780 644846 644852 644944 644924 644928 645052 645092 645086 645042 645004 645024 644519 644513 644527 644697 644754 644742 644910 645062 645111 645114 645102 645068 645044 645022 644511 644481 644487 644717 644696 644740 644884 644974 645000 645097 645097 645094 645081 645058 645018 644908 644421 644435 644435 644429 644417 644423 644669 644677 644702 644898 644904 645000 645050 645073 645032 644758 644790 644409 644415 644389 644411 644403 644401 644407 644413 644525 644591 644595 644649 644646 644676 644648 644906 644996 645008 
644845 644839 644781 644853 644819 644713 644977 644689 644913 644945 644983 644999 645013 644669 644651 644963 644759 644735 644743 644863 644873 644869 644889 644987 644970 644579 644784 644803 644839 644845 644835 644841 644915 644985 644973 644979 644653 644833 644827 644817 644835 644865 644875 644943 644953 644931 645113 645111 645008 644669 644751 644767 644833 644839 644931 644911 644915 645039 645093 645088 645044 645006 645026 644523 644517 644531 644701 644741 644729 644897 645049 645094 645100 645095 645069 645045 645024 644515 644485 644491 644712 644683 644727 644871 644961 644987 645078 645090 645087 645080 645055 645020 644910 644425 644439 644439 644433 644421 644427 644664 644672 644689 644885 644891 644987 645043 645066 645031 644760 644792 644413 644419 644393 644415 644407 644405 644411 644417 644529 644593 644596 644650 644647 644663 644635 644893 644971 644983 
643995 643992 643927 643935 643916 643857 643969 643845 643873 643889 643957 643997 644071 643823 643802 643907 643802 643814 643810 643837 643817 643813 643833 643931 644167 643730 643779 643749 643783 643789 643779 643785 643859 643929 643917 643923 643747 643777 643771 643761 643779 643809 643819 643887 643897 643875 644105 644077 644156 643739 643695 643711 643777 643783 643875 643855 643859 643983 644127 644133 644138 644133 644147 643702 643675 643664 643719 643685 643673 643841 643993 644069 644075 644087 644115 644103 644124 643710 643659 643662 643663 643627 643671 643815 643905 643931 644053 644077 644071 644093 644079 644093 644109 643641 643636 643600 643597 643591 643594 643615 643631 643633 643829 643835 643931 644055 644065 644071 644062 644078 643611 643614 643589 643588 643572 643559 643562 643565 643593 643585 643579 643615 643621 643607 643579 643837 643927 643939 
0 644538 644710 644726 644770 644862 0 644814 644602 644442 0 0 0 644870 644930 0 644946 0 0 0 644586 644386 0 0 644086 645002 644894 644738 0 644626 644510 0 0 0 0 0 0 0 0 0 0 0 644206 0 0 0 0 0 0 645092 644726 644662 0 0 0 0 0 644150 0 0 0 0 0 644890 0 644930 645044 0 644010 0 644074 0 0 644046 0 0 0 644832 0 0 644932 644494 644102 0 0 0 0 0 0 0 0 643986 0 0 0 0 0 0 0 644902 0 644026 0 0 0 0 0 0 643666 643730 0 0 0 0 0 0 0 0 0 0 0 0 0 643974 643822 643858 0 0 
0 0 0 0 0 0 0 0 0 0 0 0 0 0 0 0 0 0 0 0 0 0 0 0 0 0 0 0 0 0 0 0 0 0 0 0 0 0 0 0 0 0 0 0 0 0 0 0 0 0 611746 0 0 0 0 0 0 0 0 0 0 0 0 0 0 0 0 0 0 0 0 0 0 0 0 0 0 0 0 0 0 0 0 0 0 0 0 0 0 0 0 0 0 0 0 0 0 0 0 0 0 0 0 0 0 0 0 0 0 0 0 0 0 0 0 0 0 0 0 0 0 0 0 0 0 0 0 0 
0 0 641736 641760 641755 0 0 0 641799 0 0 0 0 0 0 0 0 0 0 0 641815 641841 0 0 0 0 0 641813 0 641817 641834 0 0 0 0 0 0 0 0 0 0 0 0 0 0 0 0 0 0 0 641828 641832 0 0 0 0 0 0 0 0 0 0 0 641693 0 0 0 0 641794 0 0 0 0 0 0 0 0 641687 0 0 0 641843 0 0 0 0 0 0 0 0 0 0 0 0 0 0 0 0 0 0 0 641786 0 0 0 0 0 0 0 0 0 0 0 0 0 0 0 0 0 0 0 0 0 0 641747 0 0 0 
644809 644803 644745 644817 644783 644677 644941 644653 644895 644975 644953 644937 644861 644633 644615 645003 644723 644699 644707 644835 644903 645003 645031 645003 644653 644543 644749 644827 644889 644883 644941 645079 645051 645011 645023 645017 644617 644895 644901 645103 645085 645101 645091 645053 645043 645059 644835 644863 644691 644633 644833 644865 645131 645127 645065 645085 645075 644957 644777 644771 644727 644689 644709 644487 644481 644495 644665 644843 645069 645099 644947 644871 644865 644817 644753 644729 644707 644479 644449 644455 644721 644949 645067 645118 645035 645009 644887 644827 644833 644775 644753 644703 644593 644389 644403 644403 644397 644385 644391 644673 644657 645029 645099 645096 645009 644777 644803 644725 644443 644475 644377 644383 644357 644379 644371 644369 644375 644381 644493 644559 644565 644625 644619 645003 644975 645069 645013 645001 
644822 644816 644758 644830 644796 644690 644956 644666 644908 644988 644968 644948 644866 644646 644628 645018 644736 644712 644720 644848 644916 645016 645044 645014 644658 644556 644762 644840 644902 644896 644954 645092 645066 645016 645028 645022 644630 644908 644914 645116 645098 645116 645106 645058 645048 645070 644840 644868 644696 644646 644846 644878 645148 645142 645070 645090 645086 644962 644782 644776 644732 644694 644714 644500 644494 644508 644678 644856 645088 645104 644952 644876 644870 644822 644758 644734 644712 644492 644462 644468 644734 644962 645086 645130 645040 645014 644892 644832 644838 644780 644758 644708 644598 644402 644416 644416 644410 644398 644404 644686 644670 645048 645116 645110 645014 644782 644808 644730 644448 644480 644390 644396 644370 644392 644384 644382 644388 644394 644506 644572 644578 644638 644632 645022 644994 645080 645018 645006 
0 644684 644617 644725 644674 644515 0 644479 644842 644942 0 0 0 644449 644422 0 644584 0 0 0 644854 645004 0 644975 644498 644314 644623 644740 0 644824 644911 0 0 0 0 0 0 0 0 0 0 0 645066 0 0 0 0 0 0 644449 644749 644797 0 0 645067 0 0 644947 0 0 644609 0 0 644230 0 644242 644497 0 644875 645031 644939 0 0 644744 0 0 0 644218 0 0 644581 644826 644892 0 0 0 0 0 0 644681 0 644573 0 0 0 0 0 0 0 644509 0 644835 0 0 0 644684 0 0 644183 644231 0 0 0 0 0 0 0 0 0 0 0 0 0 644796 644734 644907 644905 0 
0 644689 644602 644710 644659 644500 0 644464 644827 644947 0 0 0 644434 644407 644992 644569 644533 0 0 644839 644989 645031 645028 644578 644299 644608 644725 0 644809 644896 0 0 0 0 0 0 0 0 0 0 645065 645070 645128 0 0 0 0 0 644434 644734 644782 0 0 645122 645110 0 645034 0 0 644689 0 0 644215 0 644227 644482 644749 644861 645089 645019 0 0 644824 644728 644692 0 644203 0 0 644566 644792 644858 0 0 0 0 644839 0 644761 644728 644653 0 0 0 0 0 0 0 644494 0 644801 0 0 0 644764 0 0 644263 644311 0 0 0 0 0 0 0 0 644224 0 0 0 0 644762 644720 644975 644966 0 
644840 644834 644776 644848 644814 644708 644974 644684 644926 645006 644986 644979 644921 644664 644646 645036 644754 644730 644738 644866 644934 645034 645062 645045 644713 644574 644780 644858 644920 644914 644972 645062 645084 645059 645071 645065 644648 644926 644932 645050 645059 645086 645091 645097 645091 645101 644895 644923 644751 644664 644864 644896 645070 645073 645092 645082 645108 645017 644837 644831 644787 644749 644769 644518 644512 644526 644696 644874 644970 645075 645007 644931 644925 644877 644813 644789 644767 644510 644480 644486 644752 644911 644968 645061 645047 645060 644947 644887 644893 644835 644813 644763 644653 644420 644434 644434 644428 644416 644422 644704 644688 644930 645039 645045 645024 644837 644863 644785 644503 644535 644408 644414 644388 644410 644402 644400 644406 644412 644524 644590 644596 644656 644650 644904 644876 644999 644986 644992 
0 644338 644193 644373 644288 644023 0 0 644568 0 0 0 0 0 0 0 0 0 0 0 644588 644754 0 0 644399 0 0 644398 0 644538 644641 0 0 0 0 0 0 0 0 0 0 0 0 0 0 0 0 0 0 0 644401 644463 0 0 0 0 0 645043 0 0 0 0 0 643548 0 0 0 0 644426 0 0 0 0 0 0 0 0 643528 0 0 0 644311 0 0 0 0 0 0 0 0 0 644524 0 0 0 0 0 0 0 0 0 644326 0 0 0 0 0 0 643874 643954 0 0 0 0 0 0 0 0 0 0 0 0 0 644261 644191 644758 0 0 
644900 644894 644836 644908 644874 644768 644986 644744 644890 644906 644974 645014 645066 644724 644706 644924 644802 644790 644798 644854 644834 644830 644850 644948 645056 644634 644796 644766 644800 644806 644796 644802 644876 644946 644934 644940 644708 644794 644788 644778 644796 644826 644836 644904 644914 644892 645122 645094 645094 644724 644712 644728 644794 644800 644892 644872 644876 645000 645136 645142 645118 645092 645112 644578 644572 644586 644730 644702 644690 644858 645010 645084 645090 645096 645112 645088 645094 644570 644540 644546 644680 644644 644688 644832 644922 644948 645068 645086 645080 645090 645064 645066 644996 644480 644494 644494 644488 644476 644482 644632 644648 644650 644846 644852 644948 645040 645062 645044 644846 644878 644468 644474 644448 644470 644462 644460 644466 644472 644584 644602 644596 644632 644638 644624 644596 644854 644944 644956 
644886 644880 644822 644894 644860 644754 644970 644730 644874 644890 644958 644998 645054 644710 644692 644908 644792 644776 644784 644838 644818 644814 644834 644932 645072 644620 644780 644750 644784 644790 644780 644786 644860 644930 644918 644924 644694 644778 644772 644762 644780 644810 644820 644888 644898 644876 645106 645078 645110 644710 644696 644712 644778 644784 644876 644856 644860 644984 645148 645154 645138 645108 645128 644564 644558 644572 644720 644686 644674 644842 644994 645070 645076 645108 645126 645102 645114 644556 644526 644532 644664 644628 644672 644816 644906 644932 645054 645098 645092 645104 645078 645080 645012 644466 644480 644480 644474 644462 644468 644616 644632 644634 644830 644836 644932 645054 645076 645058 644862 644892 644454 644460 644434 644456 644448 644446 644452 644458 644570 644586 644580 644616 644622 644608 644580 644838 644928 644940 
0 644185 644091 644175 644129 643987 0 643963 644141 644165 0 0 0 643931 643901 0 643998 0 0 0 644057 644051 0 644228 644523 643793 643985 643955 0 644015 644000 0 0 0 0 0 0 0 0 0 0 0 644060 0 0 0 0 0 0 643893 643874 643898 0 0 644144 0 0 644306 0 0 644574 0 0 643737 0 643709 643883 0 643841 644093 644321 0 0 644504 0 0 0 643741 0 0 643826 643772 643838 0 0 0 0 0 0 644542 0 644523 0 0 0 0 0 0 0 643754 0 643781 0 0 0 644489 0 0 644322 644291 0 0 0 0 0 0 0 0 0 0 0 0 0 643742 643700 644087 644222 0 
644824 644818 644760 644808 644784 644692 644880 644668 644808 644832 644880 644904 644952 644648 644630 644850 644688 644688 644688 644760 644760 644756 644776 644874 645070 644558 644688 644692 644726 644732 644722 644728 644802 644872 644860 644866 644616 644720 644714 644704 644722 644752 644762 644830 644840 644818 645024 645020 645094 644616 644638 644654 644720 644726 644818 644798 644802 644926 645072 645072 645094 645094 645094 644502 644496 644510 644616 644628 644616 644784 644936 645012 645018 645066 645094 645094 645094 644494 644464 644470 644606 644570 644614 644758 644848 644874 644996 645056 645050 645094 645094 645094 645058 644404 644418 644418 644412 644400 644406 644558 644568 644576 644772 644778 644874 645080 645078 645094 644920 644846 644392 644398 644372 644394 644386 644384 644390 644396 644472 644496 644496 644544 644544 644550 644522 644780 644870 644882 
644869 644863 644805 644865 644841 644737 644915 644713 644819 644835 644903 644943 645009 644693 644675 644853 644745 644745 644745 644783 644763 644759 644779 644877 645115 644603 644725 644695 644729 644735 644725 644731 644805 644875 644863 644869 644673 644723 644717 644707 644725 644755 644765 644833 644843 644821 645051 645023 645151 644673 644641 644657 644723 644729 644821 644801 644805 644929 645109 645115 645151 645139 645151 644547 644541 644555 644665 644631 644619 644787 644939 645015 645021 645069 645131 645119 645139 644539 644509 644515 644609 644573 644617 644761 644851 644877 644999 645059 645053 645109 645095 645097 645067 644449 644463 644463 644457 644445 644451 644561 644577 644579 644775 644781 644877 645071 645081 645075 644917 644891 644437 644443 644417 644439 644431 644429 644435 644441 644529 644531 644525 644561 644567 644553 644525 644783 644873 644885 
0 0 633179 633131 633141 0 0 0 633053 0 0 0 0 0 0 0 0 0 0 0 633021 632969 0 0 0 0 0 633025 0 633017 632983 0 0 0 0 0 0 0 0 0 0 0 0 0 0 0 0 0 0 0 632995 632987 0 0 0 0 0 0 0 0 0 0 0 633211 0 0 0 0 632805 0 0 0 0 0 0 0 0 633225 0 0 0 632903 0 0 0 0 0 0 0 0 0 0 0 0 0 0 0 0 0 0 0 632789 0 0 0 0 0 0 0 0 0 0 0 0 0 0 0 0 0 0 0 0 0 0 632711 0 0 0 
644815 644818 644883 644823 644857 644953 644697 644964 644745 644665 644685 644677 644663 644987 645008 644635 644917 644941 644933 644805 644737 644637 644609 644611 644571 645080 644891 644813 644751 644757 644699 644561 644587 644561 644549 644555 645023 644745 644739 644537 644555 644537 644547 644519 644529 644555 644545 644517 644545 645007 644807 644775 644505 644511 644507 644487 644539 644519 644507 644513 644509 644499 644527 645060 645108 645092 644975 644797 644449 644473 644481 644461 644467 644467 644483 644459 644481 645004 645094 645100 644919 644691 644495 644447 644441 644467 644445 644457 644451 644461 644435 644437 644451 645010 645048 645090 645090 645084 645090 644967 644983 644457 644413 644419 644419 644411 644433 644415 644412 644444 645046 645052 645050 645078 645066 645041 645038 645035 645033 645009 645003 644991 644997 644431 644355 644373 644367 644379 
0 644089 644290 644284 644338 644458 0 0 644144 0 0 0 0 0 0 0 0 0 0 0 644124 643874 0 0 643510 0 0 644296 0 644174 644029 0 0 0 0 0 0 0 0 0 0 0 643649 0 0 0 0 0 0 0 644257 644201 0 0 0 0 0 643579 0 0 0 0 0 644533 0 644721 0 0 643404 0 0 0 0 643449 0 0 0 644449 0 0 0 643991 0 0 0 0 0 0 0 0 0 643374 0 0 0 0 0 0 0 0 0 643424 0 0 0 0 0 0 643051 643267 0 0 0 0 0 0 0 0 0 0 0 0 0 643359 643169 643214 0 0 
0 644418 644590 644638 644666 644742 0 644694 644671 644511 0 0 0 644750 644810 0 644921 0 0 0 644655 644455 0 0 643966 644907 644943 644807 0 644695 644579 0 0 0 0 0 0 0 0 0 0 0 644275 0 0 0 0 0 0 645015 644795 644731 0 0 0 0 0 644219 0 0 0 0 0 644795 0 644857 645061 0 644079 0 644143 0 0 644115 0 0 0 644707 0 0 644996 644563 644171 0 0 0 0 0 0 0 0 644031 0 0 0 0 0 0 0 645008 0 644095 0 0 0 0 0 0 643546 643610 0 0 0 0 0 0 0 0 0 0 0 0 0 644043 643891 643927 0 0 
0 644117 644196 644196 644215 644270 0 644255 644235 644203 0 0 0 644277 644293 644182 644323 644311 0 0 644275 644235 644209 644158 643884 644259 644336 644345 0 644301 644290 0 0 0 0 0 0 0 0 0 0 644161 644166 644128 0 0 0 0 0 644304 644378 644364 0 0 644122 644112 0 644096 0 0 643921 0 0 644205 0 644235 644320 644381 644129 644105 644073 0 0 643978 643934 643910 0 644185 0 0 644348 644322 644164 0 0 0 0 643983 0 643945 643922 643885 0 0 0 0 0 0 0 644324 0 644145 0 0 0 643934 0 0 643681 643713 0 0 0 0 0 0 0 0 644234 0 0 0 0 644132 644082 644031 644004 0 
0 0 0 0 0 0 0 0 0 0 0 0 0 0 0 0 0 0 0 0 0 635138 0 0 0 0 0 0 0 0 0 0 0 0 0 0 0 0 0 0 0 0 0 0 0 0 0 0 0 0 635066 0 0 0 0 0 0 0 0 0 0 0 0 0 0 0 0 0 635150 0 0 0 0 0 0 0 0 0 0 0 0 0 0 0 0 0 0 0 0 0 0 0 0 0 0 0 0 0 0 0 0 0 0 0 0 0 0 0 0 0 0 0 0 0 0 0 0 0 0 0 0 0 0 0 0 0 0 0 
0 644379 644263 644407 644339 644127 0 644079 644557 644701 0 0 0 644039 644003 0 644219 0 0 0 644557 644726 0 0 644295 643859 644271 644407 0 644515 644614 0 0 0 0 0 0 0 0 0 0 0 644864 0 0 0 0 0 0 644039 644404 644464 0 0 0 0 0 644830 0 0 0 0 0 643747 0 643763 644103 0 644640 644946 644816 0 0 644610 0 0 0 643731 0 0 644200 644536 644636 0 0 0 0 0 0 0 0 644395 0 0 0 0 0 0 0 644104 0 644560 0 0 0 644526 0 0 643875 643939 0 0 0 0 0 0 0 0 0 0 0 0 0 644508 644452 644818 0 0 
0 644284 644219 644267 644238 644149 0 644137 644306 644370 0 0 0 644115 644094 0 644160 0 0 0 644298 644372 0 0 644348 644022 644173 644224 0 644276 644317 0 0 0 0 0 0 0 0 0 0 0 644382 0 0 0 0 0 0 644079 644215 644243 0 0 0 0 0 644450 0 0 0 0 0 643994 0 643962 644095 0 644241 0 644469 0 0 644430 0 0 0 644002 0 0 644123 644195 644239 0 0 0 0 0 0 0 0 644373 0 0 0 0 0 0 0 644075 0 644201 0 0 0 0 0 0 644243 644248 0 0 0 0 0 0 0 0 0 0 0 0 0 644175 644147 644352 0 0 
644787 644781 644723 644795 644761 644655 644921 644631 644873 644953 644933 644941 644955 644611 644593 644983 644701 644677 644685 644813 644881 644930 644950 645007 644946 644521 644727 644805 644867 644861 644896 644902 644976 645046 645034 645040 644595 644873 644879 644878 644896 644926 644936 645004 645014 644992 645073 645101 644984 644611 644809 644828 644894 644900 644992 644972 644976 645097 645070 645064 645020 644982 645002 644465 644459 644473 644643 644802 644790 644958 645110 645156 645150 645110 645046 645022 645000 644457 644427 644433 644699 644744 644788 644932 645022 645048 645167 645120 645126 645068 645046 644996 644886 644367 644381 644381 644375 644363 644369 644651 644635 644750 644946 644952 645048 645070 645096 645018 644736 644768 644355 644361 644335 644357 644349 644347 644353 644359 644471 644537 644543 644603 644597 644724 644696 644954 645044 645056 
644782 644776 644718 644790 644756 644650 644916 644626 644868 644948 644928 644936 644950 644606 644588 644978 644696 644672 644680 644808 644876 644930 644950 645002 644956 644516 644722 644800 644862 644856 644896 644902 644976 645040 645034 645040 644590 644868 644872 644878 644896 644926 644936 645004 645014 644992 645068 645096 644994 644606 644800 644824 644894 644900 644992 644972 644976 645088 645080 645074 645030 644992 645012 644460 644454 644468 644638 644800 644790 644958 645110 645152 645146 645120 645056 645032 645010 644452 644422 644428 644694 644744 644788 644932 645022 645048 645160 645130 645136 645078 645056 645006 644896 644362 644376 644376 644370 644358 644364 644646 644630 644750 644946 644952 645048 645080 645106 645028 644746 644778 644350 644356 644330 644352 644344 644342 644348 644354 644466 644532 644538 644598 644592 644724 644696 644954 645044 645056 
0 644234 644089 644269 644184 643919 0 0 644413 0 0 0 0 0 0 0 0 0 0 0 644337 644340 0 0 644721 0 0 644165 0 644269 644255 0 0 0 0 0 0 0 0 0 0 0 644355 0 0 0 0 0 0 0 644045 644085 0 0 0 0 0 644765 0 0 0 0 0 643444 0 643464 0 0 643990 0 0 0 0 645016 0 0 0 643424 0 0 0 643875 0 0 0 0 0 0 0 0 0 644833 0 0 0 0 0 0 0 0 0 643890 0 0 0 0 0 0 644200 644247 0 0 0 0 0 0 0 0 0 0 0 0 0 643825 643755 644400 0 0 
0 644627 644540 644648 644597 644438 0 644402 644646 644670 0 0 0 644372 644345 644697 644497 644471 0 0 644562 644556 644586 644733 644984 644237 644503 644460 0 644520 644505 0 0 0 0 0 0 0 0 0 0 644550 644565 644667 0 0 0 0 0 644371 644379 644403 0 0 644649 644619 0 644811 0 0 645085 0 0 644153 0 644165 644401 644364 644346 644598 644826 0 0 645021 645091 645081 0 644141 0 0 644331 644277 644343 0 0 0 0 645006 0 645060 645047 645050 0 0 0 0 0 0 0 644259 0 644286 0 0 0 645011 0 0 644698 644669 0 0 0 0 0 0 0 0 644159 0 0 0 0 644247 644205 644592 644727 0 
0 644623 644536 644644 644593 644434 0 644398 644663 644687 0 0 0 644368 644341 644714 644491 644467 0 0 644579 644573 644603 644750 644968 644233 644498 644477 0 644537 644522 0 0 0 0 0 0 0 0 0 0 644567 644582 644684 0 0 0 0 0 644368 644396 644420 0 0 644666 644636 0 644828 0 0 645067 0 0 644149 0 644161 644390 644381 644363 644615 644843 0 0 645026 645074 645086 0 644137 0 0 644348 644294 644360 0 0 0 0 645011 0 645063 645074 645099 0 0 0 0 0 0 0 644276 0 644303 0 0 0 645038 0 0 644761 644653 0 0 0 0 0 0 0 0 644158 0 0 0 0 644264 644222 644609 644744 0 
644738 644735 644670 644718 644689 644600 644787 644588 644697 644713 644781 644813 644870 644566 644545 644731 644609 644599 644603 644661 644641 644637 644657 644755 644957 644473 644596 644573 644607 644613 644603 644609 644683 644753 644741 644747 644522 644601 644595 644585 644603 644633 644643 644711 644721 644699 644927 644901 644976 644530 644519 644535 644601 644607 644699 644679 644683 644807 644967 644970 644992 644999 644985 644422 644416 644413 644530 644509 644497 644665 644817 644892 644898 644934 644979 644991 645002 644414 644384 644390 644487 644451 644495 644639 644729 644755 644876 644924 644918 644964 644974 644980 644951 644324 644338 644338 644332 644320 644326 644439 644455 644457 644653 644659 644755 644950 644936 644966 644853 644753 644312 644318 644292 644314 644306 644302 644305 644308 644388 644403 644400 644439 644445 644431 644403 644661 644751 644763 
0 0 634239 634233 634219 0 0 0 634155 0 0 0 0 0 0 0 0 0 0 0 634099 634095 0 0 0 0 0 634031 0 634071 634061 0 0 0 0 0 0 0 0 0 0 0 0 0 0 0 0 0 0 0 633977 633993 0 0 0 0 0 0 0 0 0 0 0 634047 0 0 0 0 633955 0 0 0 0 0 0 0 0 634071 0 0 0 633909 0 0 0 0 0 0 0 0 0 0 0 0 0 0 0 0 0 0 0 633915 0 0 0 0 0 0 0 0 0 0 0 0 0 0 0 0 0 0 0 0 0 0 633861 0 0 0 
644809 644815 644873 644801 644835 644941 644675 644965 644723 644643 644663 644655 644641 644985 645003 644613 644895 644919 644911 644783 644715 644615 644587 644589 644561 645075 644869 644791 644729 644735 644677 644539 644565 644539 644527 644533 645001 644723 644717 644515 644533 644515 644525 644497 644507 644533 644523 644495 644523 644985 644785 644753 644483 644489 644485 644465 644517 644497 644485 644491 644487 644477 644505 645092 645112 645074 644953 644775 644427 644451 644459 644439 644445 644445 644461 644437 644459 645036 645124 645127 644897 644669 644473 644425 644419 644445 644423 644435 644429 644439 644413 644415 644429 645041 645079 645100 645106 645110 645109 644944 644960 644435 644391 644397 644397 644389 644411 644393 644444 644476 645077 645083 645081 645107 645083 645038 645032 645026 645010 644986 644980 644968 644974 644409 644333 644351 644345 644357 
644793 644799 644857 644785 644819 644925 644659 644945 644707 644627 644647 644639 644625 644969 644987 644597 644879 644903 644895 644767 644699 644599 644571 644573 644545 645059 644853 644775 644713 644719 644661 644523 644549 644523 644511 644517 644985 644707 644701 644499 644517 644499 644509 644481 644491 644517 644507 644479 644507 644969 644769 644737 644467 644473 644469 644449 644501 644481 644469 644475 644471 644461 644489 645065 645101 645083 644937 644759 644411 644435 644443 644423 644429 644429 644445 644421 644443 645016 645101 645101 644881 644653 644457 644409 644403 644429 644407 644419 644413 644423 644397 644399 644413 645022 645072 645090 645090 645090 645090 644929 644945 644419 644375 644381 644381 644373 644395 644377 644417 644456 645082 645088 645087 645090 645066 645042 645036 645030 645014 644996 644990 644965 644971 644393 644317 644335 644329 644341 
0 644384 644556 644604 644632 644708 0 644660 644727 644623 0 0 0 644710 644758 0 644890 0 0 0 644767 644573 0 0 643932 644775 644935 644915 0 644811 644697 0 0 0 0 0 0 0 0 0 0 0 644393 0 0 0 0 0 0 644931 644907 644849 0 0 0 0 0 644337 0 0 0 0 0 644663 0 644741 644994 0 644197 0 644261 0 0 644199 0 0 0 644623 0 0 645038 644681 644289 0 0 0 0 0 0 0 0 644026 0 0 0 0 0 0 0 644990 0 644213 0 0 0 0 0 0 643512 643576 0 0 0 0 0 0 0 0 0 0 0 0 0 644161 644009 644045 0 0 
0 0 643147 0 0 0 0 0 0 0 0 0 0 0 0 0 0 0 0 0 0 643228 0 0 0 0 0 0 0 0 0 0 0 0 0 0 0 0 0 0 0 0 0 0 0 0 0 0 0 0 643262 0 0 0 0 0 0 0 0 0 0 0 0 0 0 0 0 0 643194 0 0 0 0 0 0 0 0 0 0 0 0 643281 0 0 0 0 0 0 0 0 0 0 0 0 0 0 0 0 0 0 0 0 0 0 0 0 0 0 0 0 0 0 0 0 0 0 0 0 0 0 0 0 0 0 0 0 0 0 
0 637448 637462 637510 637500 637466 0 637442 637588 637620 0 0 0 637446 637452 0 637536 0 0 0 637620 637672 0 0 637260 637452 637562 637616 0 637624 637658 0 0 0 0 0 0 0 0 0 0 0 637714 0 0 0 0 0 0 637518 637646 637654 0 0 0 0 0 637564 0 0 0 0 0 637396 0 637476 637550 0 637756 0 637554 0 0 637424 0 0 0 637364 0 0 637606 637738 637756 0 0 0 0 0 0 0 0 637310 0 0 0 0 0 0 0 637606 0 637756 0 0 0 0 0 0 637050 637082 0 0 0 0 0 0 0 0 0 0 0 0 0 637756 637750 637674 0 0 
644596 644593 644528 644576 644547 644458 644675 644446 644615 644679 644681 644685 644692 644424 644403 644706 644469 644457 644461 644561 644607 644681 644707 644718 644588 644331 644482 644533 644588 644585 644626 644731 644730 644743 644749 644746 644380 644591 644594 644743 644734 644755 644750 644764 644759 644746 644679 644693 644607 644388 644524 644552 644771 644768 644770 644780 644754 644740 644650 644647 644625 644606 644616 644303 644276 644271 644404 644529 644689 644787 644735 644697 644694 644670 644638 644626 644615 644311 644260 644263 644432 644594 644687 644798 644779 644766 644705 644675 644678 644649 644638 644613 644558 644223 644237 644201 644198 644192 644195 644384 644376 644649 644805 644808 644766 644650 644663 644624 644460 644449 644211 644215 644190 644189 644173 644160 644163 644166 644246 644291 644294 644348 644345 644623 644595 644781 644768 644762 
643076 643073 643008 643056 643027 642938 643155 642926 643095 643159 643161 643177 643191 642904 642883 643186 642949 642937 642941 643041 643087 643161 643187 643210 643087 642811 642962 643013 643068 643065 643106 643211 643210 643242 643248 643245 642860 643071 643074 643205 643214 643235 643230 643263 643258 643238 643178 643192 643106 642868 643004 643032 643225 643228 643269 643279 643246 643239 643149 643146 643124 643105 643115 642783 642756 642751 642884 643009 643161 643276 643234 643196 643193 643169 643137 643125 643114 642791 642740 642743 642912 643066 643148 643263 643278 643265 643204 643174 643177 643148 643137 643112 643057 642722 642717 642681 642678 642672 642675 642864 642856 643129 643270 643273 643265 643149 643162 643123 642982 642998 642692 642695 642670 642669 642653 642640 642643 642646 642726 642771 642774 642828 642825 643116 643114 643250 643247 643253 
644427 644424 644359 644407 644378 644289 644506 644277 644446 644510 644512 644528 644545 644255 644234 644537 644300 644288 644292 644392 644438 644512 644538 644561 644463 644162 644313 644364 644419 644416 644457 644532 644561 644596 644602 644599 644211 644422 644425 644520 644529 644556 644561 644617 644612 644589 644554 644568 644482 644219 644355 644383 644540 644543 644611 644601 644593 644615 644525 644522 644500 644481 644491 644134 644107 644102 644235 644360 644436 644594 644610 644572 644569 644545 644513 644501 644490 644142 644091 644094 644263 644381 644434 644576 644624 644637 644580 644550 644553 644524 644513 644488 644433 644073 644068 644032 644029 644023 644026 644215 644207 644396 644578 644584 644613 644525 644538 644499 644335 644374 644043 644046 644021 644020 644004 643991 643994 643997 644077 644122 644125 644179 644176 644370 644342 644572 644587 644593 
644490 644484 644427 644499 644465 644359 644612 644335 644577 644645 644624 644620 644610 644315 644297 644660 644405 644381 644389 644517 644574 644616 644637 644672 644546 644225 644431 644500 644555 644552 644575 644613 644650 644685 644679 644682 644299 644558 644559 644601 644610 644625 644630 644664 644669 644658 644692 644719 644584 644315 644485 644505 644609 644612 644658 644648 644650 644712 644658 644652 644620 644594 644602 644169 644163 644177 644347 644480 644557 644641 644717 644723 644720 644696 644646 644634 644612 644161 644131 644137 644399 644463 644545 644628 644673 644686 644723 644701 644704 644668 644658 644620 644534 644071 644085 644085 644079 644067 644073 644351 644339 644526 644635 644638 644686 644676 644689 644642 644408 644356 644059 644065 644039 644061 644053 644051 644057 644063 644175 644241 644247 644307 644301 644513 644510 644639 644684 644690 
0 644604 644517 644625 644574 644415 0 644379 644704 644784 0 0 0 644349 644322 644817 644478 644448 0 0 644676 644680 644710 644853 644915 644214 644504 644570 0 644638 644629 0 0 0 0 0 0 0 0 0 0 644674 644689 644791 0 0 0 0 0 644349 644503 644527 0 0 644773 644743 0 644935 0 0 645020 0 0 644130 0 644142 644384 644488 644470 644722 644950 0 0 645080 645046 645010 0 644118 0 0 644425 644401 644467 0 0 0 0 645085 0 645064 645029 644972 0 0 0 0 0 0 0 644353 0 644410 0 0 0 645041 0 0 644600 644619 0 0 0 0 0 0 0 0 644139 0 0 0 0 644371 644329 644716 644851 0 
644817 644811 644753 644825 644791 644685 644951 644661 644903 644945 644963 644971 644985 644641 644623 644963 644731 644707 644715 644843 644873 644869 644889 644987 644986 644551 644757 644803 644839 644845 644835 644841 644915 644985 644973 644979 644625 644833 644827 644817 644835 644865 644875 644943 644953 644931 645103 645123 645024 644641 644751 644767 644833 644839 644931 644911 644915 645039 645104 645098 645060 645022 645042 644495 644489 644503 644673 644741 644729 644897 645049 645124 645130 645133 645086 645062 645040 644487 644457 644463 644712 644683 644727 644871 644961 644987 645108 645128 645125 645108 645086 645036 644926 644397 644411 644411 644405 644393 644399 644664 644665 644689 644885 644891 644987 645087 645110 645058 644776 644802 644385 644391 644365 644387 644379 644377 644383 644389 644501 644567 644573 644633 644627 644663 644635 644893 644983 644995 
0 644607 644520 644628 644577 644418 0 644382 644707 644735 0 0 0 644352 644325 0 644487 0 0 0 644627 644621 0 644798 644944 644217 644520 644525 0 644585 644570 0 0 0 0 0 0 0 0 0 0 0 644630 0 0 0 0 0 0 644352 644444 644468 0 0 644714 0 0 644876 0 0 645055 0 0 644133 0 644145 644400 0 644411 644663 644891 0 0 645066 0 0 0 644121 0 0 644396 644342 644408 0 0 0 0 0 0 645095 0 645052 0 0 0 0 0 0 0 644324 0 644351 0 0 0 645054 0 0 644680 644629 0 0 0 0 0 0 0 0 0 0 0 0 0 644312 644270 644657 644792 0 
0 644559 644472 644580 644529 644370 0 644334 644683 644735 0 0 0 644304 644277 644762 644439 644403 0 0 644627 644621 644651 644798 644940 644169 644478 644525 0 644585 644570 0 0 0 0 0 0 0 0 0 0 644615 644630 644732 0 0 0 0 0 644304 644444 644468 0 0 644714 644684 0 644876 0 0 645051 0 0 644085 0 644097 644352 644429 644411 644663 644891 0 0 645072 645090 645102 0 644073 0 0 644386 644342 644408 0 0 0 0 645067 0 645117 645128 645089 0 0 0 0 0 0 0 644314 0 644351 0 0 0 645116 0 0 644713 644601 0 0 0 0 0 0 0 0 644094 0 0 0 0 644312 644270 644657 644792 0 
0 644126 643981 644161 644076 643811 0 0 644240 0 0 0 0 0 0 0 0 0 0 0 644100 644090 0 0 644761 0 0 643930 0 644030 644005 0 0 0 0 0 0 0 0 0 0 0 0 0 0 0 0 0 0 0 643795 643835 0 0 0 0 0 644515 0 0 0 0 0 643336 0 0 0 0 643740 0 0 0 0 0 0 0 0 643316 0 0 0 643625 0 0 0 0 0 0 0 0 0 645070 0 0 0 0 0 0 0 0 0 643640 0 0 0 0 0 0 644560 644196 0 0 0 0 0 0 0 0 0 0 0 0 0 643575 643505 644150 0 0 
644706 644700 644642 644702 644673 644574 644761 644550 644677 644706 644755 644787 644852 644530 644512 644724 644583 644583 644587 644635 644634 644630 644650 644748 644954 644440 644570 644566 644600 644606 644596 644602 644676 644746 644734 644740 644506 644594 644588 644578 644596 644626 644636 644704 644714 644692 644901 644887 644985 644514 644512 644528 644594 644600 644692 644672 644676 644800 644954 644957 644991 645015 644994 644384 644378 644392 644504 644502 644490 644658 644810 644886 644892 644934 644978 644997 645008 644376 644346 644352 644476 644444 644488 644632 644722 644748 644870 644929 644924 644967 644985 645010 645039 644286 644300 644300 644294 644282 644288 644428 644436 644450 644646 644652 644748 644973 644953 644999 644930 644728 644274 644280 644254 644276 644268 644266 644272 644278 644372 644377 644374 644416 644419 644424 644396 644654 644744 644756 
0 644701 644759 644687 644721 644827 0 644851 644609 644529 0 0 0 644871 644889 644499 644781 644805 644797 0 644601 644501 644473 644475 644447 644961 644755 644677 0 644621 644563 0 0 0 0 0 0 0 0 0 0 644401 644411 644383 0 0 0 0 0 644871 644671 644639 0 0 644371 644351 0 644383 0 0 644373 0 0 645017 0 644939 644839 644661 644313 644337 644345 0 0 644331 644347 644323 0 645025 0 0 644783 644555 644359 0 0 0 0 644321 0 644325 644299 644301 0 645082 0 0 0 0 0 644819 0 644321 0 0 0 644275 0 0 644369 644558 0 0 0 0 0 0 0 0 644846 0 0 0 0 644295 644219 644237 644231 0 
644754 644760 644818 644746 644780 644886 644620 644910 644668 644588 644608 644600 644586 644930 644948 644558 644840 644864 644856 644728 644660 644560 644532 644534 644506 645020 644814 644736 644674 644680 644622 644484 644510 644484 644472 644478 644946 644668 644662 644460 644478 644460 644470 644442 644452 644478 644468 644440 644468 644930 644730 644698 644428 644434 644430 644410 644462 644442 644430 644436 644432 644422 644450 645030 645078 645056 644898 644720 644372 644396 644404 644384 644390 644390 644406 644382 644404 645001 645078 645078 644842 644614 644418 644370 644364 644390 644368 644380 644374 644384 644358 644360 644374 645028 645071 645065 645065 645065 645065 644890 644906 644380 644336 644342 644342 644334 644356 644338 644382 644468 645082 645085 645083 645065 645041 645013 645007 645001 644985 644967 644961 644938 644944 644354 644278 644296 644290 644302 
644730 644730 644802 644770 644799 644874 644644 644874 644692 644612 644632 644624 644610 644898 644922 644582 644864 644888 644880 644752 644684 644584 644556 644558 644490 644994 644838 644760 644698 644704 644646 644508 644534 644508 644496 644502 644966 644692 644686 644484 644502 644484 644494 644466 644476 644502 644492 644464 644487 644954 644754 644722 644452 644458 644454 644434 644486 644466 644454 644460 644456 644446 644474 644994 645042 645066 644922 644744 644396 644420 644428 644408 644414 644414 644430 644406 644428 644940 645042 645042 644866 644638 644442 644394 644388 644414 644392 644404 644398 644408 644382 644384 644392 644946 645008 645101 645101 645101 645101 644914 644930 644404 644360 644366 644366 644358 644380 644362 644346 644380 645030 645036 645057 645101 645093 645069 645069 645069 645081 645027 645021 644962 644968 644378 644302 644320 644314 644326 
644743 644743 644811 644746 644780 644881 644620 644887 644668 644588 644608 644600 644586 644911 644935 644558 644840 644864 644856 644728 644660 644560 644532 644534 644499 645007 644814 644736 644674 644680 644622 644484 644510 644484 644472 644478 644946 644668 644662 644460 644478 644460 644470 644442 644452 644478 644468 644440 644468 644930 644730 644698 644428 644434 644430 644410 644462 644442 644430 644436 644432 644422 644450 645007 645055 645068 644898 644720 644372 644396 644404 644384 644390 644390 644406 644382 644404 644957 645055 645055 644842 644614 644418 644370 644364 644390 644368 644380 644374 644384 644358 644360 644374 644963 645025 645127 645127 645127 645127 644890 644906 644380 644336 644342 644342 644334 644356 644338 644359 644397 645047 645053 645075 645127 645123 645099 645099 645097 645070 645004 644998 644938 644944 644354 644278 644296 644290 644302 
644718 644724 644782 644710 644744 644850 644584 644874 644632 644552 644572 644564 644550 644894 644912 644522 644804 644828 644820 644692 644624 644524 644496 644498 644470 644984 644778 644700 644638 644644 644586 644448 644474 644448 644436 644442 644910 644632 644626 644424 644442 644424 644434 644406 644416 644442 644432 644404 644432 644894 644694 644662 644392 644398 644394 644374 644426 644406 644394 644400 644396 644386 644414 645020 645046 645032 644862 644684 644336 644360 644368 644348 644354 644354 644370 644346 644368 644995 645068 645068 644806 644578 644382 644334 644328 644354 644332 644344 644338 644348 644322 644324 644338 645014 645065 645099 645105 645115 645111 644854 644870 644344 644300 644306 644306 644298 644320 644302 644372 644448 645088 645091 645113 645115 645107 645063 645057 645051 645009 644967 644961 644902 644908 644318 644242 644260 644254 644266 
644676 644676 644748 644724 644748 644820 644652 644820 644700 644620 644640 644628 644580 644844 644868 644590 644844 644844 644844 644760 644692 644592 644564 644566 644436 644940 644844 644768 644706 644712 644654 644516 644542 644516 644504 644510 644916 644700 644694 644492 644510 644492 644502 644474 644484 644510 644500 644472 644436 644916 644762 644730 644460 644466 644462 644442 644494 644474 644460 644460 644436 644412 644436 644940 644988 645012 644916 644752 644404 644428 644436 644416 644422 644422 644436 644412 644412 644916 644988 644988 644874 644646 644450 644402 644396 644422 644400 644412 644406 644416 644390 644388 644340 644934 644988 645058 645058 645058 645058 644922 644938 644412 644368 644374 644374 644366 644388 644370 644292 644368 645012 645012 645036 645058 645058 645040 645040 645040 645058 645036 645030 644970 644976 644386 644310 644328 644322 644334 
0 644309 644481 644529 644557 644633 0 644585 644666 644574 0 0 0 644641 644701 0 644821 0 0 0 644718 644527 0 0 643857 644799 644873 644868 0 644760 644651 0 0 0 0 0 0 0 0 0 0 0 644347 0 0 0 0 0 0 644919 644867 644803 0 0 0 0 0 644291 0 0 0 0 0 644687 0 644785 644983 0 644151 0 644215 0 0 644145 0 0 0 644611 0 0 645049 644635 644243 0 0 0 0 0 0 0 0 643957 0 0 0 0 0 0 0 645061 0 644167 0 0 0 0 0 0 643437 643501 0 0 0 0 0 0 0 0 0 0 0 0 0 644115 643963 643999 0 0 
644751 644745 644831 644855 644869 644907 644829 644883 644901 644844 644829 644805 644727 644911 644941 644817 645001 644977 644985 644949 644916 644819 644791 644793 644519 645013 645021 644990 644933 644938 644881 644743 644769 644743 644731 644737 645039 644927 644921 644719 644737 644719 644729 644701 644711 644737 644685 644685 644557 645055 644989 644957 644687 644693 644689 644669 644721 644701 644637 644637 644593 644555 644575 644957 644996 645010 645087 644979 644631 644655 644663 644643 644649 644637 644613 644589 644573 644901 644964 644970 645091 644873 644677 644629 644623 644649 644627 644632 644629 644613 644589 644565 644459 644896 644918 644918 644912 644900 644906 645128 645130 644639 644595 644601 644601 644585 644608 644565 644309 644341 644892 644898 644872 644894 644886 644884 644890 644896 645008 645066 645066 645114 645114 644613 644537 644555 644549 644561 
0 0 640955 640967 640955 0 0 0 640967 0 0 0 0 0 0 0 0 0 0 0 640955 640979 0 0 0 0 0 640919 0 640943 640955 0 0 0 0 0 0 0 0 0 0 0 0 0 0 0 0 0 0 0 640907 640919 0 0 0 0 0 0 0 0 0 0 0 640859 0 0 0 0 640984 0 0 0 0 0 0 0 0 640871 0 0 0 640919 0 0 0 0 0 0 0 0 0 0 0 0 0 0 0 0 0 0 0 640979 0 0 0 0 0 0 0 0 0 0 0 0 0 0 0 0 0 0 0 0 0 0 640984 0 0 0 
643259 643256 643191 643239 643210 643121 643338 643109 643278 643342 643344 643359 643364 643087 643066 643369 643132 643120 643124 643224 643270 643344 643370 643392 643260 642994 643145 643196 643251 643248 643289 643394 643393 643417 643423 643420 643043 643254 643257 643406 643397 643418 643413 643438 643433 643420 643351 643365 643279 643051 643187 643215 643434 643431 643444 643454 643428 643412 643322 643319 643297 643278 643288 642966 642939 642934 643067 643192 643400 643461 643407 643369 643366 643342 643310 643298 643287 642967 642923 642926 643095 643257 643387 643474 643451 643438 643377 643347 643350 643321 643310 643285 643230 642877 642891 642864 642861 642855 642858 643047 643039 643368 643489 643486 643438 643322 643335 643296 643155 643112 642865 642871 642845 642852 642836 642823 642826 642829 642909 642954 642957 643011 643008 643355 643353 643479 643440 643434 
644220 644217 644152 644200 644171 644082 644299 644070 644239 644303 644305 644321 644316 644048 644027 644330 644093 644081 644085 644185 644231 644305 644331 644354 644212 643955 644106 644157 644212 644209 644250 644355 644354 644391 644397 644394 644004 644215 644218 644367 644358 644379 644374 644412 644407 644382 644303 644317 644231 644012 644148 644176 644395 644392 644418 644428 644390 644364 644274 644271 644249 644230 644240 643927 643900 643895 644028 644153 644349 644435 644359 644321 644318 644294 644262 644250 644239 643935 643884 643887 644056 644218 644336 644448 644403 644390 644329 644299 644302 644273 644262 644237 644182 643866 643861 643825 643822 643816 643819 644008 644000 644317 644439 644438 644390 644274 644287 644248 644107 644096 643836 643839 643814 643813 643797 643784 643787 643790 643870 643915 643918 643972 643969 644304 644302 644419 644392 644386 
644754 644748 644690 644762 644728 644622 644888 644598 644840 644920 644900 644908 644904 644578 644560 644950 644668 644644 644652 644780 644848 644930 644956 644974 644793 644488 644694 644772 644834 644828 644875 644965 644979 645010 645016 645013 644562 644840 644843 644941 644959 644989 644995 645031 645026 645007 644964 644992 644831 644578 644773 644801 644957 644963 645037 645029 645015 645031 644917 644911 644867 644829 644849 644432 644426 644440 644610 644778 644853 645015 645050 645011 645005 644957 644893 644869 644847 644424 644394 644400 644666 644807 644851 644989 645055 645057 645021 644967 644973 644915 644893 644843 644733 644334 644348 644348 644342 644330 644336 644618 644602 644813 644991 644997 645069 644917 644943 644865 644583 644615 644322 644328 644302 644324 644316 644314 644320 644326 644438 644504 644510 644570 644564 644787 644759 644987 645031 645043 
0 644250 644134 644254 644191 643996 0 643950 644363 644479 0 0 0 643910 643874 0 644053 0 0 0 644335 644351 0 0 644756 643730 644092 644191 0 644287 644283 0 0 0 0 0 0 0 0 0 0 0 644363 0 0 0 0 0 0 643882 644115 644147 0 0 0 0 0 644691 0 0 0 0 0 643618 0 643627 643930 0 644071 644407 644711 0 0 644905 0 0 0 643602 0 0 643997 643979 644067 0 0 0 0 0 0 0 0 644892 0 0 0 0 0 0 0 643901 0 643991 0 0 0 644960 0 0 644466 644306 0 0 0 0 0 0 0 0 0 0 0 0 0 643939 643883 644399 0 0 
644750 644744 644686 644758 644724 644618 644884 644594 644817 644849 644890 644904 644918 644574 644556 644870 644664 644640 644648 644770 644777 644791 644811 644894 644988 644484 644690 644707 644748 644751 644757 644763 644837 644905 644895 644901 644558 644745 644742 644739 644757 644787 644797 644865 644875 644853 645034 645027 645026 644574 644668 644688 644755 644761 644853 644833 644837 644956 645074 645068 645062 645042 645044 644428 644422 644436 644606 644663 644651 644819 644971 645035 645038 645074 645088 645082 645060 644420 644390 644396 644616 644605 644649 644793 644883 644909 645027 645069 645066 645096 645090 645068 644970 644330 644344 644344 644338 644326 644332 644568 644576 644611 644807 644813 644909 645078 645083 645078 644820 644772 644318 644324 644298 644320 644312 644310 644316 644322 644434 644500 644506 644554 644554 644585 644557 644815 644905 644917 
644341 644335 644277 644349 644315 644209 644475 644185 644415 644448 644487 644495 644497 644165 644147 644469 644255 644231 644239 644367 644376 644398 644420 644493 644505 644075 644281 644306 644347 644350 644357 644396 644445 644504 644498 644501 644149 644344 644341 644384 644393 644420 644425 644483 644488 644465 644579 644578 644543 644165 644267 644287 644404 644407 644477 644467 644457 644531 644593 644587 644579 644577 644561 644019 644013 644027 644197 644262 644340 644460 644536 644574 644577 644601 644605 644617 644595 644011 643981 643987 644215 644245 644327 644447 644492 644505 644566 644596 644593 644619 644631 644627 644540 643921 643935 643935 643929 643917 643923 644167 644175 644308 644454 644457 644505 644621 644608 644643 644390 644291 643909 643915 643889 643911 643903 643901 643907 643913 644025 644091 644097 644151 644151 644295 644293 644458 644503 644509 
0 644017 643816 643786 643751 643630 0 0 643591 0 0 0 0 0 0 0 0 0 0 0 643451 643441 0 0 644596 0 0 643281 0 643381 643356 0 0 0 0 0 0 0 0 0 0 0 0 0 0 0 0 0 0 0 643146 643186 0 0 0 0 0 643866 0 0 0 0 0 643403 0 0 0 0 643091 0 0 0 0 0 0 0 0 643447 0 0 0 642976 0 0 0 0 0 0 0 0 0 644501 0 0 0 0 0 0 0 0 0 642991 0 0 0 0 0 0 645005 644373 0 0 0 0 0 0 0 0 0 0 0 0 0 642926 642856 643501 0 0 
0 644338 644133 644073 644038 643943 0 0 643878 0 0 0 0 0 0 0 0 0 0 0 643738 643728 0 0 644619 0 0 643568 0 643668 643643 0 0 0 0 0 0 0 0 0 0 0 0 0 0 0 0 0 0 0 643433 643473 0 0 0 0 0 644131 0 0 0 0 0 643712 0 0 0 0 643378 0 0 0 0 0 0 0 0 643788 0 0 0 643263 0 0 0 0 0 0 0 0 0 644264 0 0 0 0 0 0 0 0 0 643278 0 0 0 0 0 0 644328 644772 0 0 0 0 0 0 0 0 0 0 0 0 0 643213 643143 643766 0 0 
644738 644738 644810 644786 644810 644882 644714 644882 644782 644702 644714 644690 644642 644906 644930 644672 644906 644906 644906 644834 644774 644674 644646 644648 644498 645002 644906 644850 644788 644794 644736 644598 644624 644598 644586 644592 644978 644782 644776 644574 644592 644574 644584 644556 644566 644592 644570 644554 644498 644978 644844 644812 644542 644548 644544 644524 644576 644556 644522 644522 644498 644474 644498 645002 645026 645026 644978 644834 644486 644510 644518 644498 644504 644504 644498 644474 644474 644964 645026 645026 644956 644728 644532 644484 644478 644504 644482 644494 644488 644498 644472 644450 644402 644970 645008 645026 645026 645026 645026 645004 645020 644494 644450 644456 644456 644448 644470 644450 644354 644404 645006 645012 645010 645026 645008 644984 644984 644984 645026 645026 645026 645026 645026 644468 644392 644410 644404 644416 
644758 644764 644822 644750 644784 644890 644624 644912 644672 644592 644612 644604 644590 644934 644952 644562 644844 644868 644860 644732 644664 644564 644536 644538 644510 645024 644818 644740 644678 644684 644626 644488 644514 644488 644476 644482 644950 644672 644666 644464 644482 644464 644474 644446 644456 644482 644472 644444 644472 644934 644734 644702 644432 644438 644434 644414 644466 644446 644434 644440 644436 644426 644454 645032 645080 645072 644902 644724 644376 644400 644408 644388 644394 644394 644410 644386 644408 644998 645080 645080 644846 644618 644422 644374 644368 644394 644372 644384 644378 644388 644362 644364 644378 645004 645066 645130 645130 645130 645130 644894 644910 644384 644340 644346 644346 644338 644360 644342 644384 644438 645088 645094 645116 645130 645114 645088 645082 645076 645052 645008 645002 644942 644948 644358 644282 644300 644294 644306 
644595 644601 644659 644587 644621 644727 644461 644751 644509 644429 644449 644441 644427 644771 644789 644399 644681 644705 644697 644569 644501 644401 644373 644375 644347 644861 644655 644577 644515 644521 644463 644325 644351 644325 644313 644319 644787 644509 644503 644301 644319 644301 644311 644283 644293 644319 644309 644281 644309 644771 644571 644539 644269 644275 644271 644251 644303 644283 644271 644277 644273 644263 644291 644917 644923 644909 644739 644561 644213 644237 644245 644225 644231 644231 644247 644223 644245 644911 644955 644949 644683 644455 644259 644211 644205 644231 644209 644221 644215 644225 644199 644201 644215 644959 644983 644955 644961 644973 644967 644731 644747 644221 644177 644183 644183 644175 644197 644179 644269 644455 645007 645007 645009 644979 644963 644917 644911 644905 644865 644823 644817 644779 644785 644195 644119 644137 644131 644143 
644699 644705 644763 644691 644725 644831 644565 644855 644613 644533 644553 644545 644531 644875 644893 644503 644785 644809 644801 644673 644605 644505 644477 644479 644451 644965 644759 644681 644619 644625 644567 644429 644455 644429 644417 644423 644891 644613 644607 644405 644423 644405 644415 644387 644397 644423 644413 644385 644413 644875 644675 644643 644373 644379 644375 644355 644407 644387 644375 644381 644377 644367 644395 644999 645027 645013 644843 644665 644317 644341 644349 644329 644335 644335 644351 644327 644349 644975 645047 645047 644787 644559 644363 644315 644309 644335 644313 644325 644319 644329 644303 644305 644319 644997 645047 645105 645111 645119 645117 644835 644851 644325 644281 644287 644287 644279 644301 644283 644351 644431 645071 645071 645095 645119 645135 645095 645089 645083 645015 644949 644943 644883 644889 644299 644223 644241 644235 644247 
644732 644738 644796 644724 644758 644864 644598 644888 644646 644566 644586 644578 644564 644908 644926 644536 644818 644842 644834 644706 644638 644538 644510 644512 644484 644998 644792 644714 644652 644658 644600 644462 644488 644462 644450 644456 644924 644646 644640 644438 644456 644438 644448 644420 644430 644456 644446 644418 644446 644908 644708 644676 644406 644412 644408 644388 644440 644420 644408 644414 644410 644400 644428 645010 645060 645046 644876 644698 644350 644374 644382 644362 644368 644368 644384 644360 644382 644960 645063 645066 644820 644592 644396 644348 644342 644368 644346 644358 644352 644362 644336 644338 644352 644966 645028 645123 645126 645126 645129 644868 644884 644358 644314 644320 644320 644312 644334 644316 644362 644400 645050 645056 645077 645123 645127 645087 645081 645075 645035 644981 644975 644916 644922 644332 644256 644274 644268 644280 
644675 644681 644739 644667 644701 644807 644541 644831 644589 644509 644529 644521 644507 644851 644869 644479 644761 644785 644777 644649 644581 644481 644453 644455 644427 644941 644735 644657 644595 644601 644543 644405 644431 644405 644393 644399 644867 644589 644583 644381 644399 644381 644391 644363 644373 644399 644389 644361 644389 644851 644651 644619 644349 644355 644351 644331 644383 644363 644351 644357 644353 644343 644371 644931 645003 644989 644819 644641 644293 644317 644325 644305 644311 644311 644327 644303 644325 644875 644989 644995 644763 644535 644339 644291 644285 644311 644289 644301 644295 644305 644279 644281 644295 644881 644943 645075 645075 645069 645075 644811 644827 644301 644257 644263 644263 644255 644277 644259 644283 644315 644965 644971 644993 645063 645099 645115 645109 645103 644991 644925 644919 644859 644865 644275 644199 644217 644211 644223 
644700 644697 644776 644726 644760 644850 644600 644838 644648 644568 644588 644580 644566 644864 644891 644538 644820 644844 644836 644708 644640 644540 644512 644514 644464 644963 644794 644716 644654 644660 644602 644464 644490 644464 644452 644458 644926 644648 644642 644440 644458 644440 644450 644422 644432 644458 644448 644420 644448 644910 644710 644678 644408 644414 644410 644390 644442 644422 644410 644416 644412 644402 644430 644923 645004 645047 644878 644700 644352 644376 644384 644364 644370 644370 644386 644362 644384 644867 644981 644987 644822 644594 644398 644350 644344 644370 644348 644360 644354 644364 644338 644340 644354 644873 644935 645073 645070 645061 645067 644870 644886 644360 644316 644322 644322 644314 644336 644318 644275 644307 644957 644963 644985 645055 645093 645120 645123 645126 645050 644984 644978 644918 644924 644334 644258 644276 644270 644282 
644691 644685 644770 644732 644761 644844 644618 644823 644666 644586 644606 644598 644580 644851 644881 644556 644838 644851 644847 644726 644658 644558 644530 644532 644458 644953 644812 644734 644672 644678 644620 644482 644508 644482 644470 644476 644928 644666 644660 644458 644476 644458 644468 644440 644450 644476 644466 644438 644449 644920 644728 644696 644426 644432 644428 644408 644460 644440 644428 644434 644430 644414 644440 644897 644987 645037 644896 644718 644370 644394 644402 644382 644388 644388 644404 644380 644402 644841 644955 644961 644840 644612 644416 644368 644362 644388 644366 644378 644372 644382 644356 644358 644354 644847 644909 645053 645047 645035 645041 644888 644904 644378 644334 644340 644340 644332 644354 644336 644249 644281 644931 644937 644959 645029 645069 645107 645113 645119 645062 645002 644996 644936 644942 644352 644276 644294 644288 644300 
0 643981 644061 644019 644048 644133 0 644119 643980 643916 0 0 0 644147 644177 643889 644126 644138 0 0 643988 643914 643888 643865 643749 644249 644113 644062 0 644010 643969 0 0 0 0 0 0 0 0 0 0 643840 643845 643807 0 0 0 0 0 644207 644071 644043 0 0 643801 643791 0 643783 0 0 643718 0 0 644193 0 644324 644191 644066 643808 643784 643752 0 0 643709 643705 643681 0 644137 0 0 644163 644001 643843 0 0 0 0 643704 0 643694 643669 643658 0 0 0 0 0 0 0 644211 0 643824 0 0 0 643657 0 0 643545 643577 0 0 0 0 0 0 0 0 644349 0 0 0 0 643811 643761 643710 643683 0 
644709 644703 644789 644813 644827 644865 644757 644841 644810 644730 644750 644735 644685 644869 644899 644700 644959 644935 644943 644870 644802 644702 644674 644676 644477 644971 644950 644878 644816 644822 644764 644626 644652 644626 644614 644620 644997 644810 644804 644602 644620 644602 644612 644584 644594 644620 644609 644582 644515 645013 644872 644840 644570 644576 644572 644552 644604 644584 644566 644569 644551 644513 644533 644915 645005 645067 645028 644862 644514 644538 644546 644526 644532 644532 644542 644518 644527 644859 644973 644979 644984 644756 644560 644512 644506 644532 644510 644522 644516 644526 644500 644495 644417 644865 644927 645031 645025 645013 645019 645032 645048 644522 644478 644484 644484 644476 644498 644480 644267 644299 644949 644955 644966 645007 644999 644997 645003 645009 645121 645130 645127 645080 645086 644496 644420 644438 644432 644444 
644728 644722 644808 644829 644846 644884 644765 644860 644815 644735 644755 644741 644693 644888 644918 644705 644957 644950 644954 644875 644807 644707 644679 644681 644496 644990 644957 644883 644821 644827 644769 644631 644657 644631 644619 644625 645016 644815 644809 644607 644625 644607 644617 644589 644599 644625 644615 644587 644534 645025 644877 644845 644575 644581 644577 644557 644609 644589 644573 644573 644549 644523 644545 644934 645024 645085 645029 644867 644519 644543 644551 644531 644537 644537 644549 644525 644525 644878 644992 644998 644989 644761 644565 644517 644511 644537 644515 644527 644521 644531 644505 644501 644436 644884 644946 645041 645035 645023 645029 645037 645053 644527 644483 644489 644489 644481 644503 644485 644286 644318 644967 644973 644971 645017 645009 645007 645013 645019 645122 645124 645120 645085 645091 644501 644425 644443 644437 644449 
644772 644766 644852 644876 644890 644928 644849 644904 644929 644849 644855 644823 644748 644932 644962 644819 645022 644998 645006 644975 644921 644821 644793 644795 644540 645034 645040 644997 644935 644941 644883 644745 644771 644745 644733 644739 645060 644929 644923 644721 644739 644721 644731 644703 644713 644739 644709 644701 644578 645076 644991 644959 644689 644695 644691 644671 644723 644703 644656 644653 644614 644576 644596 644978 644997 645011 645106 644981 644633 644657 644665 644645 644651 644651 644632 644608 644594 644922 644965 644971 645103 644875 644679 644631 644625 644651 644629 644641 644635 644643 644619 644583 644480 644905 644919 644919 644913 644901 644907 645128 645144 644641 644597 644603 644603 644595 644617 644594 644330 644362 644893 644899 644873 644895 644887 644885 644891 644897 645009 645066 645069 645123 645120 644615 644539 644557 644551 644563 
644793 644787 644873 644894 644911 644949 644831 644925 644897 644817 644831 644807 644758 644953 644983 644787 645023 645015 645019 644951 644889 644789 644761 644763 644561 645054 645023 644965 644903 644909 644851 644713 644739 644713 644701 644707 645081 644897 644891 644689 644707 644689 644699 644671 644681 644707 644687 644669 644599 645090 644959 644927 644657 644663 644659 644639 644691 644671 644639 644639 644615 644588 644610 644998 645024 645038 645095 644949 644601 644625 644633 644613 644619 644619 644615 644591 644591 644943 644992 644998 645071 644843 644647 644599 644593 644619 644597 644609 644603 644613 644587 644567 644501 644932 644946 644946 644940 644928 644934 645102 645118 644609 644565 644571 644571 644563 644585 644567 644351 644383 644920 644926 644900 644922 644914 644912 644918 644924 645027 645054 645054 645102 645102 644583 644507 644525 644519 644531 
0 642858 642872 642920 642910 0 0 0 642998 0 0 0 0 0 0 0 0 0 0 0 643030 643082 0 0 0 0 0 643026 0 643034 643068 0 0 0 0 0 0 0 0 0 0 0 0 0 0 0 0 0 0 0 643056 643064 0 0 0 0 0 0 0 0 0 0 0 642806 0 0 0 0 643234 0 0 0 0 0 0 0 0 642774 0 0 0 643148 0 0 0 0 0 0 0 0 0 0 0 0 0 0 0 0 0 0 0 643234 0 0 0 0 0 0 0 0 0 0 0 0 0 0 0 0 0 0 0 0 0 643234 643234 0 0 0 
0 0 643935 643995 643973 0 0 0 644073 0 0 0 0 0 0 0 0 0 0 0 644093 644157 0 0 0 0 0 644017 0 644073 644131 0 0 0 0 0 0 0 0 0 0 0 0 0 0 0 0 0 0 0 644023 644055 0 0 0 0 0 0 0 0 0 0 0 643677 0 0 0 0 644321 0 0 0 0 0 0 0 0 643669 0 0 0 644139 0 0 0 0 0 0 0 0 0 0 0 0 0 0 0 0 0 0 0 644337 0 0 0 0 0 0 0 0 0 0 0 0 0 0 0 0 0 0 0 0 0 0 644407 0 0 0 
0 643979 643834 644014 643929 643664 0 0 644209 0 0 0 0 0 0 0 0 0 0 0 644229 644479 0 0 643998 0 0 644039 0 644179 644324 0 0 0 0 0 0 0 0 0 0 0 0 0 0 0 0 0 0 0 644054 644134 0 0 0 0 0 644688 0 0 0 0 0 643189 0 0 0 0 644749 0 0 0 0 0 0 0 0 643169 0 0 0 644344 0 0 0 0 0 0 0 0 0 644123 0 0 0 0 0 0 0 0 0 644665 0 0 0 0 0 0 643473 643553 0 0 0 0 0 0 0 0 0 0 0 0 0 644626 644592 645023 0 0 
0 644420 644333 644441 644390 644231 0 644195 644558 644678 0 0 0 644165 644138 0 644300 0 0 0 644570 644720 0 644759 644633 644030 644339 644456 0 644540 644627 0 0 0 0 0 0 0 0 0 0 0 644842 0 0 0 0 0 0 644165 644465 644513 0 0 644906 0 0 644896 0 0 644744 0 0 643946 0 643958 644213 0 644745 644937 644941 0 0 644871 0 0 0 643934 0 0 644297 644612 644742 0 0 0 0 0 0 644816 0 644708 0 0 0 0 0 0 0 644225 0 644685 0 0 0 644819 0 0 644318 644358 0 0 0 0 0 0 0 0 0 0 0 0 0 644646 644604 644990 645061 0 
644386 644380 644322 644394 644360 644254 644520 644230 644472 644552 644532 644540 644554 644210 644192 644582 644300 644276 644284 644412 644480 644580 644608 644606 644499 644120 644326 644404 644466 644460 644518 644634 644630 644656 644668 644662 644194 644472 644478 644622 644631 644658 644662 644698 644688 644662 644641 644669 644537 644210 644410 644442 644642 644645 644710 644705 644678 644691 644611 644605 644573 644547 644555 644064 644058 644072 644242 644420 644578 644698 644717 644693 644687 644651 644599 644587 644565 644056 644026 644032 644298 644483 644565 644685 644747 644743 644709 644661 644667 644621 644611 644573 644487 643966 643980 643980 643974 643962 643968 644250 644234 644546 644704 644707 644760 644635 644649 644595 644361 644309 643954 643960 643934 643956 643948 643946 643952 643958 644070 644136 644142 644202 644196 644533 644531 644713 644758 644764 
