641867 0 0 0 0 0 0 0 0 0 0 0 641891 0 641853 0 0 0 0 641873 0 0 0 0 0 0 0 0 0 0 0 0 0 0 0 0 0 0 0 641831 0 0 0 0 0 0 0 0 0 0 0 0 641721 0 0 0 0 0 0 0 641730 641741 0 0 0 0 0 0 0 0 0 0 0 641759 0 0 0 0 0 0 0 0 0 0 0 0 0 0 0 0 0 0 0 0 0 0 0 0 0 0 0 641728 0 0 0 0 0 0 0 0 0 0 0 0 0 0 0 0 0 0 0 0 0 0 0 0 0 0 
644824 644824 644824 644824 644824 644824 644824 644824 644824 644824 644824 644824 644824 644824 644824 644802 644824 644824 644824 644824 644820 644804 644800 644786 644770 644800 644800 644824 644824 644824 644818 644794 644806 644766 644778 644824 644824 644824 644824 644824 644770 644786 644824 644824 644824 644770 644698 644746 644728 644824 644824 644824 644818 644770 644674 644724 644824 644824 644824 644824 644824 644824 644824 644770 644666 644696 644678 644776 644800 644824 644824 644824 644824 644824 644794 644770 644722 644674 644636 644656 644800 644824 644824 644824 644824 644824 644824 644824 644824 644650 644578 644578 644626 644646 644776 644800 644824 644824 644824 644824 644824 644824 644794 644674 644650 644582 644594 644602 644550 644520 644494 644488 644460 644476 644752 644752 644776 644824 644824 644824 644824 644824 644824 644824 644818 644794 644698 644674 
644805 644805 644805 644805 644805 644805 644805 644805 644805 644805 644805 644805 644805 644805 644805 644791 644803 644805 644805 644805 644785 644773 644745 644775 644759 644779 644779 644803 644805 644805 644737 644713 644733 644711 644723 644805 644805 644805 644805 644805 644689 644713 644805 644805 644805 644689 644617 644665 644655 644805 644805 644785 644737 644689 644593 644651 644803 644803 644805 644805 644805 644805 644805 644689 644593 644623 644605 644755 644779 644803 644803 644805 644805 644785 644713 644689 644641 644593 644563 644583 644779 644803 644803 644803 644805 644805 644805 644805 644761 644569 644497 644497 644545 644573 644755 644779 644803 644805 644805 644805 644805 644785 644713 644593 644569 644509 644521 644529 644495 644509 644483 644477 644449 644465 644731 644731 644755 644803 644803 644805 644805 644805 644805 644805 644737 644713 644617 644593 
643967 0 0 643967 0 0 643967 643967 643965 0 643967 643967 643965 0 643967 0 643927 643967 0 643941 0 0 0 0 643885 0 643903 0 643951 643967 0 0 0 0 0 0 0 0 643965 643941 0 0 0 0 643967 0 0 0 0 0 0 0 643869 0 0 0 0 643927 0 0 643967 643967 0 0 0 0 0 0 0 0 0 0 0 643917 0 0 0 0 0 0 0 0 0 0 0 0 643967 643967 643893 0 0 0 643675 0 0 643903 643927 643951 643967 643965 0 643917 0 0 0 0 0 0 0 643635 0 643627 0 0 0 0 0 0 0 0 0 643967 0 643965 643869 0 0 0 
642757 0 0 642770 642781 642770 642740 642748 642770 642743 642735 642722 642745 642730 642715 642778 642724 642699 642710 642733 642786 0 642777 642770 642762 642720 642707 642702 642701 642690 642749 0 0 642760 0 642661 0 0 642680 642691 642773 0 642668 642655 642651 642749 642769 642776 642731 642662 642652 642682 642685 642725 642759 642751 642643 642651 642646 642633 642604 642603 642656 642717 642761 0 0 642621 642631 642637 642631 642625 642629 642651 642684 642693 642713 642751 0 642683 642620 642609 642615 642623 642610 0 642586 642588 642643 642748 642767 642759 642786 642775 642585 642607 642596 642594 642569 642593 642614 642620 642660 642719 642740 642779 0 0 642547 642517 0 642485 642457 642473 642576 642582 642577 642588 642580 0 0 642561 642561 642573 642612 642632 642681 642703 
644822 0 0 644839 0 644839 644788 644804 644839 0 644778 644752 644798 0 644738 644792 644770 644706 644728 644774 644810 0 644790 644776 644760 644768 644742 644726 644710 644688 0 0 0 0 0 644630 0 0 644668 644690 644836 0 644644 0 644610 644806 644806 644825 644724 0 644612 644672 644678 644758 644782 644744 644608 644624 0 0 644516 644514 644620 644742 644738 0 0 0 644590 0 0 644558 644566 644610 644676 644694 644714 644766 0 644676 0 0 644552 644568 644528 0 644480 644484 644594 644748 644744 644734 644746 644742 644498 644542 644514 644496 644446 644494 644536 644548 644628 644702 644732 644714 0 0 644540 644510 0 644478 644450 644466 0 644492 644482 644498 644482 0 0 644430 644430 644454 644532 644572 644638 644670 
641710 0 0 0 0 0 641735 641715 0 0 0 0 641740 0 641750 0 0 0 0 641736 0 0 0 0 0 0 0 0 0 0 0 0 0 0 0 0 0 0 0 641720 0 0 0 0 641686 0 0 0 0 0 0 0 641606 0 0 0 0 0 0 0 641627 641638 0 0 0 0 0 0 0 0 0 0 0 641644 0 0 0 0 0 0 0 0 0 0 0 0 641621 0 0 0 0 0 641212 0 0 0 0 0 641592 0 0 641613 0 0 0 0 0 0 0 0 0 0 0 0 0 0 0 0 0 0 0 0 0 641618 0 0 0 0 
641376 0 0 0 0 0 0 641376 0 0 0 0 641376 0 641376 0 0 0 0 641376 0 0 0 0 0 0 0 0 0 0 0 0 0 0 0 0 0 0 0 641364 0 0 0 0 0 0 0 0 0 0 0 0 641358 0 0 0 0 0 0 0 641277 641276 0 0 0 0 0 0 0 0 0 0 0 641324 0 0 0 0 0 0 0 0 0 0 0 0 0 0 0 0 0 0 641376 0 0 0 0 0 641242 0 0 641293 0 0 0 0 0 0 0 0 0 0 0 0 0 0 0 0 0 0 0 0 0 0 0 0 0 0 
642788 0 0 0 0 0 642788 642764 642810 0 0 0 642810 0 642788 0 0 642788 0 642794 0 0 0 0 0 0 0 0 0 0 0 0 0 0 0 0 0 0 642810 642794 0 0 0 0 642788 0 0 0 0 0 0 0 642722 0 0 0 0 0 0 0 642764 642788 0 0 0 0 0 0 0 0 0 0 0 642770 0 0 0 0 0 0 0 0 0 0 0 0 642788 0 0 0 0 0 642530 0 0 0 0 0 642764 0 0 642770 0 0 0 0 0 0 0 0 0 0 0 0 0 0 0 0 0 0 0 0 0 642810 0 0 0 0 
643503 0 0 643526 0 643548 643516 643548 643454 643575 643547 643534 643479 643564 643491 643388 643577 643475 643450 643437 643361 0 643315 643380 643372 643597 643584 643555 643535 643502 643331 0 0 643298 0 643473 0 0 643420 643395 643235 0 643502 643467 643427 643259 643131 643196 643234 643496 643486 643350 643281 643249 643105 643220 643496 643504 643480 643467 643416 643379 643360 643241 643119 0 0 0 643508 643490 643484 643459 643369 643319 643244 643217 643165 643113 0 643126 643497 643462 643468 643476 643444 0 643362 643400 643275 643080 642953 642961 643003 643061 643486 643484 643449 643428 643381 643333 643318 643288 643220 643099 643084 642957 0 0 642994 643021 0 643009 643039 643063 643501 643507 643478 643441 643433 0 0 643337 643373 643313 643208 643192 643097 643083 
643539 0 0 643563 0 0 643539 643563 643515 0 643563 643563 643515 0 643539 0 643611 643539 0 643491 0 0 0 0 643491 0 643635 0 643587 643563 0 0 0 0 0 0 0 0 643515 643491 0 0 0 0 643539 0 0 0 0 0 0 0 643419 0 0 0 0 643611 0 0 643563 643539 0 0 0 0 0 0 0 0 0 0 0 643467 0 0 0 0 0 0 0 0 0 0 0 0 643539 643563 643443 0 0 0 643227 0 0 643635 643611 643587 643563 643515 0 643467 0 0 0 0 0 0 0 643491 0 643515 0 0 0 0 0 0 0 0 0 643539 0 643515 643419 0 0 0 
642693 0 0 642689 0 0 642693 642689 642669 0 642689 642689 642669 0 642693 0 642641 642693 0 642645 0 0 0 0 642645 0 642617 0 642665 642689 0 0 0 0 0 0 0 0 642669 642645 0 0 0 0 642693 0 0 0 0 0 0 0 642573 0 0 0 0 642641 0 0 642689 642693 0 0 0 0 0 0 0 0 0 0 0 642621 0 0 0 0 0 0 0 0 0 0 0 0 642693 642689 642597 0 0 0 642381 0 0 642617 642641 642665 642689 642669 0 642621 0 0 0 0 0 0 0 642645 0 642669 0 0 0 0 0 0 0 0 0 642693 0 642669 642573 0 0 0 
0 0 0 0 0 0 0 0 0 0 0 0 641931 0 641899 0 0 0 0 0 0 0 0 0 0 0 0 0 0 0 0 0 0 0 0 0 0 0 0 641877 0 0 0 0 0 0 0 0 0 0 0 0 0 0 0 0 0 0 0 0 641776 641787 0 0 0 0 0 0 0 0 0 0 0 641825 0 0 0 0 0 0 0 0 0 0 0 0 0 0 0 0 0 0 0 0 0 0 0 0 0 0 0 641794 0 0 0 0 0 0 0 0 0 0 0 0 0 0 0 0 0 0 0 0 0 0 0 0 0 0 
643075 0 0 643098 0 643110 643092 643120 643026 643137 643133 643146 643051 643150 643117 642960 643137 643107 643082 643027 642933 0 642887 642952 642944 643117 643130 643153 643157 643134 642903 0 0 642870 0 643105 0 0 643052 643027 642807 0 643124 643099 643059 642831 642703 642768 642818 643118 643108 642982 642913 642855 642677 642792 643094 643102 643102 643089 643048 643011 642992 642863 642691 0 0 0 643082 643088 643082 643081 643001 642951 642876 642849 642795 642685 0 642758 643071 643060 643066 643074 643066 0 642994 643032 642907 642652 642525 642533 642575 642633 643036 643058 643047 643050 643013 642965 642950 642920 642852 642717 642660 642529 0 0 642626 642653 0 642641 642671 642695 643027 643033 643028 643039 643031 0 0 642969 643005 642945 642840 642824 642729 642715 
0 0 0 0 0 0 0 0 0 0 0 0 641672 0 641738 0 0 0 0 0 0 0 0 0 0 0 0 0 0 0 0 0 0 0 0 0 0 0 0 641716 0 0 0 0 0 0 0 0 0 0 0 0 0 0 0 0 0 0 0 0 641635 641646 0 0 0 0 0 0 0 0 0 0 0 641640 0 0 0 0 0 0 0 0 0 0 0 0 0 0 0 0 0 0 0 0 0 0 0 0 0 0 0 641609 0 0 0 0 0 0 0 0 0 0 0 0 0 0 0 0 0 0 0 0 0 0 0 0 0 0 
644765 0 0 644791 0 644791 644731 644747 644791 0 644721 644695 644741 0 644681 644845 644713 644649 644671 644717 644833 0 644845 644838 644830 644729 644703 644669 644653 644631 0 0 0 0 0 644573 0 0 644611 644633 644797 0 644587 0 644553 644749 644781 644803 644812 0 644555 644615 644621 644701 644749 644822 644551 644567 0 0 644459 644457 644563 644685 644829 0 0 0 644551 0 0 644501 644509 644553 644619 644637 644677 644733 0 644788 0 0 644495 644511 644471 0 644423 644427 644537 644708 644674 644658 644766 644823 644483 644503 644457 644439 644389 644437 644479 644491 644571 644669 644692 644758 0 0 644682 644652 0 644620 644592 644608 0 644501 644467 644441 644425 0 0 644373 644373 644397 644475 644515 644605 644637 
641680 0 0 641704 0 0 641680 641704 641656 0 641704 641704 641656 0 641680 0 641752 641680 0 641632 0 0 0 0 641632 0 641736 0 641728 641690 0 0 0 0 0 0 0 0 641622 641620 0 0 0 0 641588 0 0 0 0 0 0 0 641536 0 0 0 0 641674 0 0 641518 641492 0 0 0 0 0 0 0 0 0 0 0 641516 0 0 0 0 0 0 0 0 0 0 0 0 641458 641486 641476 0 0 0 641368 0 0 641594 641564 641522 641448 641448 0 641454 0 0 0 0 0 0 0 641632 0 641656 0 0 0 0 0 0 0 0 0 641408 0 641408 641390 0 0 0 
645007 0 0 0 0 0 645041 645025 644981 0 0 0 645031 0 645091 0 0 645103 0 645055 0 0 0 0 0 0 0 0 0 0 0 0 0 0 0 0 0 0 645099 645103 0 0 0 0 645041 0 0 0 0 0 0 0 645053 0 0 0 0 0 0 0 644947 644945 0 0 0 0 0 0 0 0 0 0 0 645039 0 0 0 0 0 0 0 0 0 0 0 0 644911 0 0 0 0 0 644701 0 0 0 0 0 644877 0 0 644977 0 0 0 0 0 0 0 0 0 0 0 0 0 0 0 0 0 0 0 0 0 644885 0 0 0 0 
641659 0 0 641608 0 0 641710 641674 641632 0 641713 641752 641707 0 641785 0 641701 641783 641802 641733 0 0 0 0 641484 0 641704 0 641761 641762 0 0 0 0 0 641733 0 0 641776 641777 0 0 0 0 641735 0 0 0 0 0 641712 0 641667 0 0 0 0 641706 0 0 641676 641687 0 0 0 0 0 0 0 0 0 0 0 641705 0 0 0 0 0 0 0 0 0 0 0 0 641670 641660 641661 0 0 0 641173 0 0 641662 641651 641654 641641 641689 0 641674 0 0 0 0 0 0 0 641109 0 641071 0 0 0 0 0 0 0 0 0 641645 0 641669 641594 0 0 0 
640805 0 0 0 0 0 0 0 0 0 0 0 640855 0 640849 0 0 0 0 640885 0 0 0 0 0 0 0 0 0 0 0 0 0 0 0 0 0 0 0 640889 0 0 0 0 0 0 0 0 0 0 0 0 640879 0 0 0 0 0 0 0 640712 640747 0 0 0 0 0 0 0 0 0 0 0 640861 0 0 0 0 0 0 0 0 0 0 0 0 0 0 0 0 0 0 0 0 0 0 0 0 0 0 0 640830 0 0 0 0 0 0 0 0 0 0 0 0 0 0 0 0 0 0 0 0 0 0 0 0 0 0 
644439 0 0 644430 0 644382 644388 644364 644526 0 644325 644286 644451 0 644313 644632 644217 644265 644346 644463 644685 0 644721 644602 644570 644193 644154 644151 644175 644190 0 0 0 0 0 644103 0 0 644256 644337 644593 0 644076 0 644121 644521 644473 644566 644566 0 644028 644358 644387 644449 644407 644582 643974 643998 0 0 643932 643977 644232 644425 644504 0 0 0 643926 0 0 643947 644103 644265 644360 644353 644341 644383 0 644446 0 0 643890 643914 643902 0 643921 643881 644285 644338 644287 644263 644425 644488 643776 643854 643833 643854 643805 643995 644106 644172 644288 644287 644314 644393 0 0 644222 644070 0 643958 643806 643838 0 643755 643752 643809 643781 0 0 643821 643773 643917 644168 644204 644209 644239 
643365 643373 643407 643379 643413 643367 643331 643335 643403 643313 643309 643283 643353 643287 643281 643463 643277 643249 643283 643341 643466 643474 643468 643457 643449 643281 643255 643233 643229 643219 643365 643423 643450 643451 643457 643161 643195 643187 643223 643257 643379 643436 643163 643149 643153 643331 643299 643361 643423 643151 643131 643251 643237 643283 643255 643421 643115 643131 643119 643093 643047 643057 643187 643267 643358 643407 643398 643095 643103 643103 643091 643077 643121 643189 643223 643219 643211 643239 643343 643387 643081 643047 643059 643075 643047 643041 643023 643015 643165 643209 643175 643159 643266 643324 643023 643055 643021 643015 642977 643049 643103 643127 643175 643175 643193 643252 643322 643338 643343 643324 643299 643296 643258 643266 643017 643029 643007 643005 642989 642985 642955 642973 642961 643009 643091 643119 643123 643143 
644610 0 0 644599 0 644575 644593 644577 644647 0 644564 644551 644622 0 644568 644701 644512 644552 644587 644634 644714 0 644724 644705 644689 644496 644483 644490 644506 644519 0 0 0 0 0 644490 0 0 644557 644592 644683 0 644473 0 644504 644659 644643 644674 644675 0 644457 644605 644608 644635 644621 644694 644431 644439 0 0 644433 644456 644557 644627 644672 0 0 0 644407 0 0 644430 644506 644574 644606 644603 644599 644613 0 644626 0 0 644403 644411 644415 0 644430 644410 644566 644598 644581 644573 644627 644665 644349 644383 644384 644398 644372 644468 644515 644543 644582 644581 644590 644625 0 0 644491 644439 0 644383 644307 644323 0 644334 644341 644376 644360 0 0 644380 644356 644428 644535 644554 644555 644565 
644730 0 0 644756 0 644756 644696 644712 644756 0 644686 644660 644706 0 644646 644810 644678 644614 644636 644682 644798 0 644810 644810 644802 644694 644668 644634 644618 644596 0 0 0 0 0 644538 0 0 644576 644598 644762 0 644552 0 644518 644714 644754 644768 644784 0 644520 644580 644586 644666 644734 644794 644516 644532 0 0 644424 644422 644528 644650 644801 0 0 0 644516 0 0 644466 644474 644518 644584 644602 644642 644718 0 644747 0 0 644460 644476 644436 0 644388 644392 644502 644712 644733 644717 644794 644810 644448 644468 644422 644404 644354 644402 644444 644456 644536 644654 644696 644805 0 0 644611 644581 0 644549 644521 644537 0 644466 644432 644406 644390 0 0 644338 644338 644362 644440 644480 644578 644622 
642691 0 0 642689 0 0 642691 642689 642683 0 642689 642689 642683 0 642691 0 642641 642691 0 642659 0 0 0 0 642659 0 642617 0 642665 642689 0 0 0 0 0 0 0 0 642683 642659 0 0 0 0 642691 0 0 0 0 0 0 0 642587 0 0 0 0 642641 0 0 642689 642691 0 0 0 0 0 0 0 0 0 0 0 642635 0 0 0 0 0 0 0 0 0 0 0 0 642691 642689 642611 0 0 0 642395 0 0 642617 642641 642665 642689 642683 0 642635 0 0 0 0 0 0 0 642659 0 642683 0 0 0 0 0 0 0 0 0 642691 0 642683 642587 0 0 0 
644877 0 0 644864 0 644864 644884 644886 644864 0 644879 644864 644889 0 644850 644804 644875 644818 644840 644877 644822 0 644802 644788 644772 644883 644870 644838 644822 644800 0 0 0 0 0 644742 0 0 644780 644802 644858 0 644756 0 644722 644885 644865 644852 644736 0 644724 644784 644790 644869 644875 644756 644720 644736 0 0 644628 644626 644732 644854 644770 0 0 0 644720 0 0 644670 644678 644722 644788 644806 644846 644883 0 644688 0 0 644664 644680 644640 0 644592 644596 644706 644886 644838 644846 644821 644798 644646 644672 644626 644608 644558 644606 644648 644660 644740 644858 644884 644789 0 0 644552 644522 0 644490 644462 644478 0 644640 644630 644610 644594 0 0 644542 644542 644566 644644 644684 644782 644826 
641888 0 0 641912 0 0 641888 641912 641864 0 641912 641912 641864 0 641888 0 641960 641888 0 641840 0 0 0 0 641840 0 641984 0 641936 641900 0 0 0 0 0 0 0 0 641832 641830 0 0 0 0 641798 0 0 0 0 0 0 0 641746 0 0 0 0 641884 0 0 641728 641702 0 0 0 0 0 0 0 0 0 0 0 641726 0 0 0 0 0 0 0 0 0 0 0 0 641668 641696 641686 0 0 0 641576 0 0 641844 641774 641732 641658 641658 0 641664 0 0 0 0 0 0 0 641840 0 641864 0 0 0 0 0 0 0 0 0 641618 0 641618 641600 0 0 0 
644891 0 0 644865 0 644865 644909 644909 644865 0 644909 644909 644909 0 644909 644805 644909 644896 644907 644909 644823 0 644803 644789 644773 644889 644889 644906 644898 644887 0 0 0 0 0 644853 0 0 644877 644888 644859 0 644865 0 644833 644907 644838 644848 644737 0 644835 644879 644882 644909 644846 644757 644831 644847 0 0 644739 644737 644843 644909 644754 0 0 0 644811 0 0 644781 644789 644833 644881 644890 644892 644862 0 644689 0 0 644775 644791 644751 0 644703 644707 644817 644856 644753 644769 644757 644758 644719 644763 644737 644719 644669 644717 644759 644771 644851 644868 644856 644713 0 0 644553 644523 0 644491 644463 644479 0 644713 644703 644721 644705 0 0 644653 644653 644677 644755 644795 644849 644859 
641622 0 0 0 0 0 641639 641631 641609 0 0 0 641634 0 641664 0 0 641666 0 641646 0 0 0 0 0 0 0 0 641668 0 0 0 0 0 0 0 0 0 641647 641658 0 0 0 0 641618 0 0 0 0 0 0 0 641652 0 0 0 0 0 0 0 641571 641570 0 0 0 0 0 0 0 0 0 0 0 641618 0 0 0 0 0 0 0 0 0 0 0 0 641553 0 0 0 0 0 641590 0 0 0 0 0 641536 0 0 641587 0 0 0 0 0 0 0 0 0 0 0 0 0 0 0 0 0 0 0 0 0 641540 0 0 0 0 
643132 0 0 643134 0 0 643132 643134 643108 0 643134 643134 643108 0 643132 0 643134 643132 0 643084 0 0 0 0 643084 0 643116 0 643134 643134 0 0 0 0 0 0 0 0 643108 643084 0 0 0 0 643132 0 0 0 0 0 0 0 643012 0 0 0 0 643134 0 0 643134 643132 0 0 0 0 0 0 0 0 0 0 0 643060 0 0 0 0 0 0 0 0 0 0 0 0 643132 643134 643036 0 0 0 642820 0 0 643116 643134 643134 643134 643108 0 643060 0 0 0 0 0 0 0 643084 0 643108 0 0 0 0 0 0 0 0 0 643132 0 643108 643012 0 0 0 
642748 0 0 642723 0 642711 642765 642745 642747 642738 642752 642739 642772 642735 642744 642729 642724 642728 642751 642786 642750 0 642752 642721 642713 642718 642707 642702 642706 642707 642792 0 0 642735 0 642678 0 0 642721 642744 642744 0 642673 642672 642680 642768 642712 642729 642707 642667 642657 642747 642750 642766 642710 642705 642643 642651 642651 642638 642621 642632 642709 642758 642676 0 0 0 642631 642637 642631 642630 642670 642716 642737 642734 642730 642718 0 642631 642620 642609 642615 642623 642615 0 642615 642605 642720 642709 642654 642662 642656 642666 642585 642607 642596 642599 642586 642634 642667 642685 642713 642712 642717 642634 0 0 642451 642382 0 642322 642256 642280 642576 642582 642577 642588 642580 0 0 642590 642578 642614 642677 642685 642686 642696 
644875 644871 644917 644877 644923 644853 644841 644833 644925 644799 644807 644781 644875 644773 644791 644975 644751 644759 644805 644875 645008 645000 645022 644967 644959 644743 644717 644707 644715 644717 644969 645051 645042 645005 645011 644659 644693 644697 644745 644791 645039 645056 644649 644647 644663 644991 644973 645033 645003 644637 644617 644797 644841 644943 644929 645025 644589 644605 644605 644579 644545 644567 644721 644927 645008 645011 645002 644545 644565 644577 644565 644563 644643 644735 644851 644879 644885 644913 644993 644980 644543 644521 644533 644549 644533 644527 644533 644513 644743 644883 644849 644833 644936 644974 644473 644517 644495 644501 644475 644571 644637 644673 644803 644849 644867 644906 644966 644972 644818 644740 644690 644684 644608 644624 644455 644467 644457 644479 644463 644471 644453 644483 644459 644531 644695 644747 644797 644817 
643356 643364 643398 643370 643404 643358 643322 643326 643394 643304 643300 643274 643344 643278 643272 643431 643268 643240 643274 643332 643448 643444 643454 643423 643415 643272 643246 643224 643220 643210 643376 643434 643448 643437 643443 643152 643186 643178 643214 643248 643389 643436 643154 643140 643144 643341 643309 643371 643409 643142 643122 643242 643248 643293 643265 643407 643106 643122 643110 643084 643038 643048 643178 643277 643343 643393 643384 643086 643094 643094 643082 643068 643112 643180 643234 643229 643221 643249 643328 643373 643072 643038 643050 643066 643038 643032 643014 643006 643176 643219 643185 643169 643269 643309 643014 643046 643012 643006 642968 643040 643094 643118 643186 643185 643203 643241 643307 643323 643329 643290 643265 643262 643224 643232 643008 643020 642998 642996 642980 642976 642946 642964 642952 643000 643102 643130 643133 643153 
641671 0 0 641672 0 641660 641654 641650 641696 641633 641637 641624 641671 641620 641629 641738 641609 641613 641636 641671 641741 0 641763 641746 641748 641605 641592 641587 641591 641592 641703 0 0 641770 0 641563 0 0 641606 641629 641703 0 641558 641557 641565 641679 641663 641694 641746 641552 641542 641632 641639 641655 641641 641744 641528 641536 641536 641523 641506 641517 641594 641647 641715 0 0 0 641516 641522 641516 641515 641555 641601 641626 641623 641619 641633 0 641710 641505 641494 641500 641508 641500 0 641500 641490 641605 641618 641601 641593 641647 641685 641470 641492 641481 641484 641471 641519 641552 641570 641602 641601 641610 641645 0 0 641540 641471 0 641411 641345 641369 641461 641467 641462 641473 641465 0 0 641475 641463 641499 641566 641574 641575 641585 
643332 643340 643374 643346 643380 643334 643298 643302 643370 643280 643276 643250 643320 643254 643248 643424 643244 643216 643250 643308 643427 643435 643449 643432 643440 643248 643222 643200 643196 643186 643374 643430 643453 643466 643460 643128 643162 643154 643190 643224 643388 643439 643130 643116 643120 643340 643308 643370 643474 643118 643098 643218 643246 643292 643264 643470 643082 643098 643086 643060 643014 643024 643154 643276 643393 643458 643449 643062 643070 643070 643058 643044 643088 643156 643232 643228 643220 643248 643394 643438 643048 643014 643026 643042 643014 643008 642990 642982 643152 643218 643184 643168 643269 643331 642990 643022 642988 642982 642944 643016 643070 643094 643184 643184 643202 643255 643373 643389 643372 643333 643308 643305 643267 643275 642984 642996 642974 642972 642956 642952 642922 642940 642928 642976 643100 643128 643132 643152 
642832 0 0 642831 0 0 642849 642853 642795 0 642866 642879 642820 0 642874 0 642860 642890 0 642796 0 0 0 0 642713 0 642853 0 642902 642911 0 0 0 0 0 642940 0 0 642885 642838 0 0 0 0 642932 0 0 0 0 0 642947 0 642736 0 0 0 0 642933 0 0 642897 642884 0 0 0 0 0 0 0 0 0 0 0 642836 0 0 0 0 0 0 0 0 0 0 0 0 642867 642881 642792 0 0 0 642344 0 0 642897 642886 642889 642862 642850 0 642805 0 0 0 0 0 0 0 642444 0 642432 0 0 0 0 0 0 0 0 0 642842 0 642830 642725 0 0 0 
643747 643745 643726 643742 643723 643730 643764 643764 643722 643757 643777 643790 643747 643770 643789 643680 643757 643805 643782 643747 643677 643669 643655 643672 643664 643737 643750 643779 643799 643822 643695 643648 643649 643638 643644 643803 643830 643809 643812 643789 643647 643639 643805 643791 643775 643671 643615 643632 643610 643793 643773 643786 643759 643695 643613 643608 643757 643773 643761 643735 643689 643679 643761 643703 643579 643594 643585 643737 643745 643745 643733 643719 643719 643739 643748 643727 643683 643621 643564 643574 643723 643689 643701 643717 643689 643683 643645 643657 643711 643612 643557 643565 643559 643569 643665 643697 643663 643657 643619 643647 643677 643677 643721 643653 643620 643537 643543 643547 643530 643539 643538 643535 643541 643549 643659 643671 643649 643647 643631 643627 643597 643595 643603 643607 643637 643665 643703 643669 
644546 644504 644504 644498 644498 644474 644580 644542 644508 644528 644565 644578 644558 644546 644607 644436 644521 644623 644600 644565 644442 644426 644410 644420 644404 644488 644502 644543 644575 644610 644502 644420 644410 644376 644388 644615 644622 644644 644630 644607 644430 644402 644598 644609 644627 644478 644402 644412 644332 644592 644582 644604 644577 644513 644410 644340 644556 644564 644576 644563 644558 644579 644608 644521 644318 644312 644294 644510 644532 644550 644544 644555 644593 644591 644566 644545 644501 644426 644288 644272 644521 644522 644528 644536 644540 644537 644562 644542 644571 644420 644346 644362 644326 644322 644474 644508 644509 644524 644511 644557 644566 644560 644564 644471 644436 644294 644246 644242 644160 644154 644140 644134 644096 644112 644453 644459 644466 644501 644493 644507 644489 644517 644495 644529 644528 644536 644521 644487 
641506 0 0 641455 0 0 641557 641521 641457 0 641560 641599 641532 0 641632 0 641548 641680 0 641556 0 0 0 0 641307 0 641551 0 641650 641687 0 0 0 0 0 0 0 0 641699 641676 0 0 0 0 641696 0 0 0 0 0 0 0 641602 0 0 0 0 641667 0 0 641637 641648 0 0 0 0 0 0 0 0 0 0 0 641662 0 0 0 0 0 0 0 0 0 0 0 0 641631 641621 641622 0 0 0 641020 0 0 641623 641612 641615 641602 641628 0 641631 0 0 0 0 0 0 0 640932 0 640896 0 0 0 0 0 0 0 0 0 641606 0 641608 641555 0 0 0 
0 0 0 0 0 0 0 0 0 0 0 0 640822 0 640900 0 0 0 0 0 0 0 0 0 0 0 0 0 0 0 0 0 0 0 0 0 0 0 0 640994 0 0 0 0 0 0 0 0 0 0 0 0 0 0 0 0 0 0 0 0 640711 640740 0 0 0 0 0 0 0 0 0 0 0 640918 0 0 0 0 0 0 0 0 0 0 0 0 0 0 0 0 0 0 0 0 0 0 0 0 0 0 0 640825 0 0 0 0 0 0 0 0 0 0 0 0 0 0 0 0 0 0 0 0 0 0 0 0 0 0 
644758 0 0 644710 0 644662 644724 644692 644806 0 644666 644638 644782 0 644658 644758 644562 644594 644686 644806 644842 0 644850 644726 644694 644530 644504 644490 644506 644510 0 0 0 0 0 644394 0 0 644566 644658 645038 0 644374 0 644402 645028 644980 645032 644764 0 644310 644670 644776 644980 644934 644828 644254 644286 0 0 644166 644210 644518 644952 644856 0 0 0 644206 0 0 644202 644362 644546 644796 644856 644912 644918 0 644692 0 0 644142 644174 644142 0 644142 644102 644562 644864 644744 644742 644782 644822 644022 644110 644066 644078 644026 644218 644350 644422 644700 644846 644848 644694 0 0 644350 644194 0 644082 643930 643962 0 644010 643990 644034 644002 0 0 644042 643994 644138 644484 644588 644742 644782 
644876 644872 644918 644878 644924 644854 644842 644834 644926 644800 644808 644782 644876 644774 644792 644971 644752 644760 644806 644876 645000 644996 645018 644963 644955 644744 644718 644708 644716 644718 644980 645061 645048 645001 645007 644660 644694 644698 644746 644792 645049 645061 644650 644648 644664 645001 644982 645043 645009 644638 644618 644798 644852 644953 644938 645032 644590 644606 644606 644580 644546 644568 644722 644937 645012 645018 645009 644546 644566 644578 644566 644564 644644 644736 644863 644889 644894 644922 644997 644996 644544 644522 644534 644550 644534 644528 644534 644514 644744 644892 644858 644842 644938 644978 644474 644518 644496 644502 644476 644572 644638 644674 644815 644858 644876 644910 644976 644986 644823 644745 644695 644689 644613 644629 644456 644468 644458 644480 644464 644472 644454 644484 644460 644532 644706 644759 644806 644826 
641653 0 0 641677 0 641679 641653 641677 641629 0 641677 641677 641629 0 641653 641605 641675 641653 641629 641605 641581 0 641557 641605 641605 641651 641651 641675 641679 641677 0 0 0 0 0 641663 0 0 641629 641605 641485 0 641679 0 641619 641485 641413 641461 641533 0 641647 641581 641533 641485 641389 641509 641639 641655 0 0 641549 641523 641581 641485 641437 0 0 0 641615 0 0 641593 641551 641547 641509 641485 641437 641389 0 641509 0 0 641583 641599 641563 0 641489 641517 641507 641365 641293 641293 641341 641389 641523 641567 641545 641531 641479 641479 641497 641485 641493 641389 641365 641317 0 0 641557 641605 0 641629 641677 641677 0 641517 641507 641529 641513 0 0 641439 641463 641439 641421 641437 641413 641389 
642771 0 0 642758 0 642748 642822 642824 642696 642829 642863 642902 642771 642868 642897 642570 642853 642945 642876 642771 642561 0 642495 642546 642522 642817 642856 642919 642955 642998 642615 0 0 642444 0 643059 0 0 642966 642897 642471 0 643042 643065 643043 642543 642375 642426 642360 643048 643058 642888 642807 642615 642369 642354 643048 643040 643064 643053 643034 643007 642966 642639 642267 0 0 0 643036 643052 643046 643045 642997 642935 642774 642711 642579 642393 0 642252 643035 643024 643030 643038 643030 0 642990 643018 642903 642366 642201 642225 642207 642237 643000 643022 643011 643014 642999 642961 642946 642916 642818 642489 642390 642141 0 0 642120 642147 0 642135 642155 642179 642991 642997 642992 643003 642995 0 0 642965 642991 642941 642836 642820 642639 642537 
641780 0 0 0 0 0 641831 641797 0 0 0 0 641804 0 641906 0 0 0 0 641822 0 0 0 0 0 0 0 0 0 0 0 0 0 0 0 0 0 0 0 641948 0 0 0 0 642062 0 0 0 0 0 0 0 641858 0 0 0 0 0 0 0 642009 642018 0 0 0 0 0 0 0 0 0 0 0 641996 0 0 0 0 0 0 0 0 0 0 0 0 642001 0 0 0 0 0 641258 0 0 0 0 0 641974 0 0 641969 0 0 0 0 0 0 0 0 0 0 0 0 0 0 0 0 0 0 0 0 0 641976 0 0 0 0 
644810 0 0 644710 0 644662 644828 644794 644806 0 644766 644714 644886 0 644734 644734 644654 644670 644762 644902 644818 0 644826 644702 644670 644634 644586 644566 644582 644586 0 0 0 0 0 644470 0 0 644642 644734 645034 0 644450 0 644478 645130 644930 644998 644742 0 644386 644746 644854 645062 644922 644806 644330 644362 0 0 644242 644286 644594 645030 644786 0 0 0 644282 0 0 644278 644438 644622 644874 644934 644942 644954 0 644670 0 0 644218 644250 644218 0 644218 644178 644638 644914 644698 644730 644706 644746 644098 644186 644142 644154 644102 644294 644426 644498 644778 644870 644900 644618 0 0 644326 644170 0 644058 643906 643938 0 644086 644066 644110 644078 0 0 644118 644070 644214 644562 644666 644766 644806 
644417 0 0 644381 0 644333 644383 644351 644477 0 644315 644263 644441 0 644283 644419 644203 644219 644311 644451 644503 0 644511 644387 644355 644187 644135 644115 644131 644135 0 0 0 0 0 644019 0 0 644191 644283 644759 0 643999 0 644027 644737 644837 644799 644427 0 643935 644295 644403 644659 644803 644515 643879 643911 0 0 643791 643835 644143 644627 644661 0 0 0 643831 0 0 643827 643987 644171 644447 644531 644681 644787 0 644379 0 0 643767 643799 643767 0 643767 643727 644187 644757 644721 644707 644701 644693 643647 643735 643691 643703 643651 643843 643975 644047 644351 644681 644741 644637 0 0 644011 643855 0 643743 643591 643623 0 643635 643615 643659 643627 0 0 643667 643619 643763 644111 644239 644553 644617 
644750 0 0 644728 0 644680 644682 644666 644824 0 644614 644562 644750 0 644582 644816 644502 644518 644610 644750 644886 0 644908 644784 644752 644486 644434 644414 644430 644434 0 0 0 0 0 644318 0 0 644490 644582 645086 0 644298 0 644326 645028 645014 645082 644824 0 644234 644594 644702 644932 644946 644912 644178 644210 0 0 644090 644134 644442 644900 644938 0 0 0 644130 0 0 644126 644286 644470 644746 644804 644860 644916 0 644776 0 0 644066 644098 644066 0 644066 644026 644486 644856 644770 644754 644840 644898 643946 644034 643990 644002 643950 644142 644274 644346 644650 644788 644824 644770 0 0 644408 644252 0 644140 643988 644020 0 643934 643914 643958 643926 0 0 643966 643918 644062 644410 644538 644684 644724 
644602 0 0 644591 0 644567 644585 644569 644639 0 644556 644543 644614 0 644560 644693 644504 644544 644579 644626 644708 0 644742 644701 644709 644488 644475 644482 644498 644511 0 0 0 0 0 644482 0 0 644549 644584 644713 0 644465 0 644496 644689 644673 644704 644754 0 644449 644599 644626 644665 644651 644758 644423 644431 0 0 644392 644414 644549 644657 644733 0 0 0 644399 0 0 644410 644490 644568 644625 644633 644629 644643 0 644706 0 0 644380 644396 644380 0 644380 644360 644584 644628 644611 644603 644657 644695 644320 644364 644342 644348 644322 644418 644484 644520 644601 644611 644620 644655 0 0 644570 644492 0 644436 644360 644376 0 644314 644304 644326 644310 0 0 644330 644306 644378 644528 644568 644585 644595 
642903 0 0 642926 0 642950 642920 642948 642854 642977 642961 642974 642879 642990 642945 642788 642979 642961 642914 642855 642761 0 642715 642780 642772 642959 642972 643001 643019 643006 642731 0 0 642698 0 643033 0 0 642944 642897 642635 0 643052 643027 642987 642659 642531 642596 642646 643058 643048 642870 642795 642683 642505 642620 643036 643044 643042 643029 642976 642939 642920 642691 642519 0 0 0 643024 643030 643024 643021 642929 642879 642760 642715 642623 642513 0 642586 643013 643002 643008 643016 643006 0 642922 642960 642835 642480 642353 642361 642403 642461 642978 643000 642989 642990 642941 642893 642878 642848 642780 642545 642488 642357 0 0 642490 642517 0 642505 642535 642559 642969 642975 642970 642981 642973 0 0 642897 642933 642873 642768 642752 642619 642561 
642856 0 0 642853 0 0 642907 642919 642781 0 642950 642963 642856 0 642934 0 642970 642950 0 642844 0 0 0 0 642607 0 642963 0 643010 642995 0 0 0 0 0 643024 0 0 642933 642886 0 0 0 0 642998 0 0 0 0 0 643059 0 642784 0 0 0 0 643043 0 0 642987 642950 0 0 0 0 0 0 0 0 0 0 0 642890 0 0 0 0 0 0 0 0 0 0 0 0 642933 642971 642846 0 0 0 642292 0 0 643013 643002 643003 642952 642904 0 642859 0 0 0 0 0 0 0 642232 0 642220 0 0 0 0 0 0 0 0 0 642908 0 642884 642779 0 0 0 
644558 0 0 644508 0 644484 644582 644550 644556 0 644563 644576 644601 0 644607 644520 644519 644620 644636 644637 644562 0 644548 644504 644488 644487 644500 644541 644572 644596 0 0 0 0 0 644596 0 0 644644 644668 644604 0 644572 0 644620 644651 644612 644598 644482 0 644572 644692 644698 644675 644632 644502 644548 644548 0 0 644596 644620 644668 644683 644516 0 0 0 644524 0 0 644572 644644 644692 644698 644698 644687 644648 0 644434 0 0 644548 644548 644572 0 644620 644596 644698 644652 644612 644628 644572 644544 644500 644524 644548 644572 644596 644644 644668 644692 644698 644681 644660 644552 0 0 644298 644238 0 644182 644106 644122 0 644476 644500 644548 644548 0 0 644620 644596 644644 644698 644698 644698 644697 
0 0 0 0 0 0 0 0 0 0 0 0 641560 0 641578 0 0 0 0 0 0 0 0 0 0 0 0 0 0 0 0 0 0 0 0 0 0 0 0 641621 0 0 0 0 0 0 0 0 0 0 0 0 641657 0 0 0 0 0 0 0 641521 641532 0 0 0 0 0 0 0 0 0 0 0 641616 0 0 0 0 0 0 0 0 0 0 0 0 0 0 0 0 0 0 0 0 0 0 0 0 0 0 0 641585 0 0 0 0 0 0 0 0 0 0 0 0 0 0 0 0 0 0 0 0 0 0 0 0 0 0 
644413 0 0 644313 0 644265 644481 644401 644409 0 644453 644479 644509 0 644521 644337 644369 644489 644559 644605 644421 0 644429 644305 644273 644293 644331 644365 644397 644409 0 0 0 0 0 644293 0 0 644465 644557 644609 0 644273 0 644301 644705 644553 644573 644345 0 644209 644569 644677 644785 644569 644429 644153 644185 0 0 644065 644109 644417 644785 644385 0 0 0 644105 0 0 644101 644261 644445 644717 644729 644729 644601 0 644293 0 0 644041 644073 644041 0 644041 644001 644461 644589 644441 644473 644401 644393 643921 644009 643965 643977 643925 644117 644249 644321 644621 644691 644621 644337 0 0 643929 643773 0 643661 643509 643541 0 643909 643889 643933 643901 0 0 643941 643893 644037 644385 644509 644609 644661 
644612 0 0 644570 0 644522 644578 644546 644666 0 644514 644462 644636 0 644482 644594 644402 644418 644510 644650 644678 0 644686 644562 644530 644384 644334 644314 644330 644334 0 0 0 0 0 644218 0 0 644390 644482 644916 0 644198 0 644226 644906 645004 644928 644602 0 644134 644494 644602 644832 645022 644688 644078 644110 0 0 643990 644034 644342 644800 644788 0 0 0 644030 0 0 644026 644186 644370 644644 644704 644832 645006 0 644552 0 0 643966 643998 643966 0 643966 643926 644386 645024 644942 644936 644956 644892 643846 643934 643890 643902 643850 644042 644174 644246 644548 644904 645008 644870 0 0 644186 644030 0 643918 643766 643798 0 643834 643814 643858 643826 0 0 643866 643818 643962 644310 644436 644728 644840 
644292 0 0 644283 0 644235 644241 644217 644379 0 644178 644139 644304 0 644166 644517 644070 644118 644199 644316 644538 0 644616 644541 644562 644046 644007 644004 644028 644043 0 0 0 0 0 643956 0 0 644109 644190 644600 0 643929 0 643974 644528 644482 644575 644712 0 643881 644211 644316 644456 644416 644762 643827 643851 0 0 643756 643800 644085 644432 644658 0 0 0 643779 0 0 643792 643952 644118 644357 644360 644350 644392 0 644660 0 0 643732 643764 643732 0 643732 643692 644142 644347 644296 644272 644434 644548 643612 643700 643656 643668 643616 643808 643940 644012 644285 644296 644323 644428 0 0 644296 644140 0 644028 643876 643908 0 643600 643580 643624 643592 0 0 643632 643584 643728 644076 644200 644218 644248 
641596 0 0 641620 0 641644 641596 641620 641572 0 641620 641620 641572 0 641596 641548 641648 641596 641572 641548 641524 0 641500 641548 641548 641644 641644 641648 641644 641620 0 0 0 0 0 641620 0 0 641572 641548 641428 0 641644 0 641596 641428 641356 641404 641476 0 641644 641524 641476 641428 641332 641452 641648 641648 0 0 641556 641530 641548 641428 641380 0 0 0 641644 0 0 641622 641558 641524 641452 641428 641380 641332 0 641452 0 0 641620 641636 641592 0 641496 641524 641500 641308 641236 641236 641284 641332 641580 641624 641582 641560 641486 641486 641504 641492 641452 641332 641308 641260 0 0 641500 641548 0 641572 641620 641620 0 641574 641564 641566 641550 0 0 641446 641470 641446 641428 641444 641356 641332 
643867 0 0 643891 0 0 643867 643891 643843 0 643891 643891 643843 0 643867 0 643939 643867 0 643819 0 0 0 0 643819 0 643963 0 643915 643891 0 0 0 0 0 0 0 0 643843 643819 0 0 0 0 643867 0 0 0 0 0 0 0 643747 0 0 0 0 643939 0 0 643891 643867 0 0 0 0 0 0 0 0 0 0 0 643795 0 0 0 0 0 0 0 0 0 0 0 0 643867 643891 643771 0 0 0 643555 0 0 643963 643939 643915 643891 643843 0 643795 0 0 0 0 0 0 0 643819 0 643843 0 0 0 0 0 0 0 0 0 643867 0 643843 643747 0 0 0 
642918 0 0 642929 0 642941 642935 642951 642869 642968 642964 642977 642894 642981 642960 642803 642980 642976 642929 642870 642776 0 642730 642795 642787 642960 642973 643002 643010 643009 642746 0 0 642713 0 643038 0 0 642959 642912 642650 0 643043 643044 643024 642674 642546 642611 642661 643049 643059 642885 642810 642698 642520 642635 643061 643053 643065 643054 643013 642988 642947 642706 642534 0 0 0 643049 643065 643059 643046 642978 642916 642775 642730 642638 642528 0 642587 643048 643037 643043 643051 643031 0 642971 642997 642884 642495 642368 642376 642418 642476 643013 643035 643024 643015 642978 642942 642927 642897 642799 642560 642503 642372 0 0 642455 642482 0 642470 642488 642512 643004 643010 643005 643016 643008 0 0 642946 642970 642922 642817 642801 642634 642576 
642910 0 0 642925 0 642949 642927 642955 642853 642984 642968 642981 642886 642997 642952 642727 643008 642968 642921 642862 642718 0 642652 642703 642679 643012 643025 643030 643026 643013 642738 0 0 642601 0 643042 0 0 642951 642904 642628 0 643059 643048 643016 642666 642532 642583 642517 643065 643075 642877 642802 642690 642512 642511 643089 643081 643081 643080 643027 642990 642939 642698 642424 0 0 0 643101 643095 643097 643072 642980 642908 642767 642722 642630 642520 0 642409 643110 643075 643081 643089 643057 0 642973 643011 642880 642487 642358 642368 642364 642394 643075 643097 643062 643041 642992 642944 642929 642899 642791 642552 642495 642298 0 0 642277 642304 0 642292 642322 642346 643066 643072 643067 643054 643046 0 0 642948 642984 642924 642819 642803 642626 642568 
0 0 0 0 0 0 0 0 0 0 0 0 0 0 0 0 0 0 0 0 0 0 0 0 0 0 0 0 0 0 0 0 0 0 0 0 0 0 0 0 0 0 0 0 0 0 0 0 0 0 0 0 0 0 0 0 0 0 0 0 643728 643719 0 0 0 0 0 0 0 0 0 0 0 0 0 0 0 0 0 0 0 0 0 0 0 0 0 0 0 0 0 0 0 0 0 0 0 0 0 0 0 0 0 0 0 0 0 0 0 0 0 0 0 0 0 0 0 0 0 0 0 0 0 0 0 0 0 0 
0 0 0 0 0 0 0 0 0 0 0 0 0 0 0 0 0 0 0 0 0 0 0 0 0 0 0 0 0 0 0 0 0 0 0 0 0 0 0 0 0 0 0 0 0 0 0 0 0 0 0 0 0 0 0 0 0 0 0 0 0 639219 0 0 0 0 0 0 0 0 0 0 0 0 0 0 0 0 0 0 0 0 0 0 0 0 0 0 0 0 0 0 0 0 0 0 0 0 0 0 0 0 0 0 0 0 0 0 0 0 0 0 0 0 0 0 0 0 0 0 0 0 0 0 0 0 0 0 
644610 0 0 644560 0 644536 644644 644604 644608 0 644630 644656 644658 0 644694 644552 644590 644723 644728 644686 644570 0 644550 644536 644520 644550 644576 644634 644673 644708 0 0 0 0 0 644714 0 0 644762 644759 644606 0 644690 0 644738 644654 644614 644600 644484 0 644690 644766 644765 644702 644634 644504 644666 644666 0 0 644714 644738 644766 644718 644518 0 0 0 644642 0 0 644690 644762 644766 644766 644757 644726 644650 0 644436 0 0 644666 644666 644690 0 644738 644714 644766 644656 644598 644614 644574 644546 644618 644642 644666 644690 644714 644762 644766 644766 644766 644714 644672 644546 0 0 644300 644270 0 644234 644158 644174 0 644594 644618 644666 644666 0 0 644738 644714 644762 644766 644766 644766 644746 
644680 0 0 644580 0 644532 644748 644668 644676 0 644720 644766 644776 0 644828 644604 644640 644808 644880 644872 644688 0 644696 644572 644540 644560 644612 644688 644720 644724 0 0 0 0 0 644608 0 0 644780 644872 644902 0 644588 0 644616 644998 644792 644860 644612 0 644524 644884 644992 645094 644784 644676 644468 644500 0 0 644380 644424 644732 645110 644648 0 0 0 644420 0 0 644416 644576 644760 645012 645070 645040 644816 0 644540 0 0 644356 644388 644356 0 644356 644316 644776 644780 644560 644592 644568 644608 644236 644324 644280 644292 644240 644432 644564 644636 644916 644932 644812 644480 0 0 644196 644040 0 643928 643776 643808 0 644224 644204 644248 644216 0 0 644256 644208 644352 644700 644804 644896 644936 
644504 0 0 644482 0 644434 644470 644438 644578 0 644412 644386 644528 0 644420 644686 644308 644388 644458 644552 644716 0 644784 644702 644710 644276 644250 644264 644296 644322 0 0 0 0 0 644246 0 0 644398 644468 644800 0 644226 0 644254 644752 644836 644830 644794 0 644162 644498 644576 644704 644768 644838 644106 644138 0 0 644018 644062 644370 644688 644922 0 0 0 644058 0 0 644054 644214 644398 644598 644640 644726 644752 0 644730 0 0 643994 644026 643994 0 643994 643954 644414 644698 644592 644576 644732 644856 643874 643962 643918 643930 643878 644070 644202 644274 644530 644688 644682 644704 0 0 644410 644254 0 644142 643990 644022 0 643862 643842 643886 643854 0 0 643894 643846 643990 644314 644418 644660 644656 
644828 644824 644870 644830 644876 644806 644794 644786 644878 644752 644760 644734 644828 644726 644744 644947 644704 644712 644758 644828 644962 644970 644996 644955 644963 644696 644670 644660 644668 644670 644931 645013 645013 645013 645007 644612 644646 644650 644698 644744 645001 645023 644602 644600 644616 644953 644934 644995 645052 644590 644570 644750 644803 644905 644890 645054 644542 644558 644558 644532 644498 644520 644674 644889 645022 645068 645059 644498 644518 644530 644518 644516 644596 644688 644813 644841 644846 644874 645037 645038 644496 644474 644486 644502 644486 644480 644486 644466 644696 644844 644810 644794 644898 644960 644426 644470 644448 644454 644428 644524 644590 644626 644765 644810 644828 644884 645023 645030 644867 644789 644739 644733 644657 644673 644408 644420 644410 644432 644416 644424 644406 644436 644412 644484 644657 644709 644758 644778 
643973 643981 644015 643987 644021 643975 643939 643943 644011 643921 643917 643891 643961 643895 643889 644083 643885 643857 643891 643949 644077 644093 644109 644099 644115 643889 643863 643841 643837 643827 644017 644099 644109 644142 644131 643769 643803 643795 643831 643865 644087 644117 643771 643757 643761 644039 644021 644081 644170 643759 643739 643859 643889 643991 643977 644172 643723 643739 643727 643701 643655 643665 643795 643975 644141 644186 644195 643703 643711 643711 643699 643685 643729 643797 643899 643927 643933 643961 644156 644188 643689 643655 643667 643683 643655 643649 643631 643623 643793 643931 643897 643881 643989 644065 643631 643663 643629 643623 643585 643657 643711 643735 643851 643897 643915 643985 644169 644183 644096 644057 644032 644029 643991 643999 643625 643637 643615 643613 643597 643593 643563 643581 643569 643617 643743 643795 643845 643865 
642437 0 0 642434 642365 642470 642488 642500 642362 642551 642539 642578 642437 642590 642563 642236 642623 642595 642542 642437 642227 0 642161 642212 642188 642635 642674 642689 642665 642640 642281 0 0 642110 0 642655 0 0 642578 642531 642137 0 642698 642649 642609 642209 642041 642092 642026 642692 642682 642504 642429 642281 642035 642020 642716 642724 642676 642663 642598 642561 642542 642305 641933 0 0 642768 642752 642710 642704 642655 642551 642501 642394 642349 642245 642059 0 641918 642741 642682 642688 642696 642640 0 642544 642582 642457 642032 641867 641891 641873 641903 642732 642728 642669 642624 642563 642515 642500 642470 642402 642155 642056 641807 0 0 641786 641813 0 641801 641831 641855 642723 642729 642724 642661 642653 0 0 642519 642555 642495 642390 642374 642253 642195 
644688 0 0 644662 0 644662 644722 644706 644662 0 644732 644758 644712 0 644772 644602 644740 644804 644782 644736 644620 0 644600 644586 644570 644724 644750 644784 644800 644822 0 0 0 0 0 644877 0 0 644842 644820 644656 0 644866 0 644867 644704 644635 644645 644534 0 644868 644838 644832 644752 644643 644554 644866 644874 0 0 644820 644819 644872 644768 644551 0 0 0 644866 0 0 644841 644845 644867 644834 644816 644759 644659 0 644486 0 0 644838 644846 644826 0 644802 644804 644859 644649 644539 644555 644543 644555 644826 644842 644819 644810 644785 644809 644830 644836 644876 644723 644665 644499 0 0 644350 644320 0 644288 644260 644276 0 644811 644818 644811 644803 0 0 644777 644777 644789 644828 644848 644811 644755 
642769 0 0 642766 0 642802 642820 642832 642694 642883 642871 642910 642769 642922 642895 642568 642953 642931 642874 642769 642559 0 642493 642544 642520 642929 642968 643019 643001 642976 642613 0 0 642442 0 643005 0 0 642914 642867 642469 0 643034 643011 642979 642541 642373 642424 642358 643040 643050 642840 642765 642613 642367 642352 643086 643078 643054 643041 642976 642939 642902 642637 642265 0 0 0 643086 643086 643080 643033 642929 642871 642730 642685 642577 642391 0 642250 643081 643058 643064 643072 643018 0 642922 642960 642835 642364 642199 642223 642205 642235 643046 643068 643045 643002 642941 642893 642878 642848 642754 642487 642388 642139 0 0 642118 642145 0 642133 642163 642187 643037 643043 643038 643037 643029 0 0 642897 642933 642873 642768 642752 642589 642531 
642603 0 0 642600 0 642624 642654 642666 642528 642705 642705 642744 642603 642744 642729 642402 642743 642777 642708 642603 642393 0 642327 642378 642354 642707 642746 642809 642831 642840 642447 0 0 642276 0 642925 0 0 642798 642729 642303 0 642930 642931 642899 642375 642207 642258 642192 642948 642958 642720 642639 642447 642201 642186 642962 642954 642964 642959 642906 642869 642822 642471 642099 0 0 0 642950 642968 642966 642951 642859 642791 642606 642543 642411 642225 0 642084 642955 642944 642950 642958 642936 0 642852 642890 642763 642198 642033 642057 642039 642069 642920 642942 642931 642920 642871 642823 642808 642778 642674 642321 642222 641973 0 0 641952 641979 0 641967 641997 642021 642911 642917 642912 642923 642915 0 0 642827 642863 642803 642698 642682 642471 642369 
643026 0 0 643024 0 643032 643060 643068 642976 0 643094 643120 643026 0 643110 642892 643110 643142 643096 643026 642886 0 642842 642876 642860 643094 643120 643154 643170 643184 0 0 0 0 0 643242 0 0 643156 643110 642826 0 643236 0 643238 642874 642762 642796 642752 0 643268 643104 643050 642922 642758 642748 643270 643256 0 0 643262 643238 643180 642938 642690 0 0 0 643270 0 0 643270 643214 643166 643028 642986 642898 642774 0 642680 0 0 643270 643270 643270 0 643238 643262 643142 642756 642646 642662 642650 642670 643270 643270 643270 643270 643262 643214 643190 643166 643076 642838 642772 642606 0 0 642592 642610 0 642602 642622 642638 0 643270 643270 643270 643270 0 0 643238 643262 643214 643118 643094 642938 642870 
644605 0 0 644575 0 644551 644639 644619 644579 0 644645 644671 644629 0 644689 644519 644605 644721 644699 644653 644537 0 644517 644503 644487 644565 644591 644649 644689 644735 0 0 0 0 0 644793 0 0 644759 644737 644573 0 644755 0 644817 644621 644581 644567 644451 0 644787 644755 644749 644669 644601 644471 644767 644751 0 0 644812 644815 644807 644685 644485 0 0 0 644743 0 0 644801 644829 644817 644751 644733 644693 644617 0 644403 0 0 644777 644777 644794 0 644798 644796 644829 644623 644565 644581 644541 644513 644728 644753 644763 644778 644777 644805 644826 644829 644799 644681 644639 644513 0 0 644267 644237 0 644205 644173 644189 0 644705 644720 644755 644747 0 0 644773 644769 644785 644824 644829 644757 644713 
0 0 0 0 0 0 0 0 0 0 0 0 640782 0 640836 0 0 0 0 0 0 0 0 0 0 0 0 0 0 0 0 0 0 0 0 0 0 0 0 640978 0 0 0 0 0 0 0 0 0 0 0 0 0 0 0 0 0 0 0 0 640897 640932 0 0 0 0 0 0 0 0 0 0 0 641044 0 0 0 0 0 0 0 0 0 0 0 0 0 0 0 0 0 0 0 0 0 0 0 0 0 0 0 641013 0 0 0 0 0 0 0 0 0 0 0 0 0 0 0 0 0 0 0 0 0 0 0 0 0 0 
644549 0 0 644449 0 644401 644617 644537 644545 0 644589 644641 644645 0 644717 644473 644509 644781 644785 644741 644557 0 644565 644441 644409 644429 644481 644597 644677 644769 0 0 0 0 0 644755 0 0 644889 644909 644745 0 644721 0 644767 644841 644641 644709 644481 0 644675 644985 645077 644937 644633 644543 644619 644651 0 0 644531 644575 644883 644969 644497 0 0 0 644571 0 0 644567 644727 644911 645101 645065 644913 644665 0 644407 0 0 644507 644539 644507 0 644507 644467 644927 644629 644409 644441 644417 644457 644387 644475 644431 644443 644391 644583 644715 644787 645063 644793 644661 644329 0 0 644065 643909 0 643797 643645 643677 0 644375 644355 644399 644367 0 0 644407 644359 644503 644851 644953 644981 644857 
644586 0 0 644486 0 644438 644654 644574 644582 0 644626 644678 644682 0 644754 644510 644546 644792 644822 644778 644594 0 644602 644478 644446 644466 644518 644634 644696 644744 0 0 0 0 0 644638 0 0 644810 644888 644832 0 644618 0 644646 644928 644762 644822 644518 0 644554 644914 645022 645024 644754 644604 644498 644530 0 0 644410 644454 644762 645056 644618 0 0 0 644450 0 0 644446 644606 644790 645064 645102 645034 644786 0 644468 0 0 644386 644418 644386 0 644386 644346 644806 644750 644530 644562 644538 644578 644266 644354 644310 644322 644270 644462 644594 644666 644968 644914 644782 644450 0 0 644102 643946 0 643834 643682 643714 0 644254 644234 644278 644246 0 0 644286 644238 644382 644730 644856 644990 644966 
644246 0 0 644146 0 644098 644314 644234 644242 0 644286 644308 644342 0 644356 644170 644200 644332 644402 644436 644254 0 644262 644138 644106 644126 644162 644208 644240 644266 0 0 0 0 0 644208 0 0 644342 644412 644518 0 644174 0 644236 644614 644604 644554 644178 0 644142 644442 644544 644692 644620 644266 644090 644106 0 0 644094 644140 644342 644692 644436 0 0 0 644042 0 0 644088 644240 644380 644590 644656 644786 644652 0 644130 0 0 644034 644050 644058 0 644106 644062 644412 644640 644492 644524 644452 644444 643926 643994 643996 644026 643996 644168 644258 644318 644542 644738 644672 644388 0 0 643762 643606 0 643494 643342 643374 0 643896 643910 643980 643964 0 0 644012 643964 644108 644398 644486 644702 644722 
644295 0 0 644195 0 644147 644327 644279 644291 0 644259 644207 644377 0 644227 644219 644147 644163 644255 644395 644303 0 644311 644187 644155 644131 644079 644059 644075 644079 0 0 0 0 0 643963 0 0 644135 644227 644567 0 643943 0 643971 644661 644721 644603 644227 0 643879 644239 644347 644603 644781 644315 643823 643855 0 0 643735 643779 644087 644571 644487 0 0 0 643775 0 0 643771 643931 644115 644391 644475 644651 644813 0 644179 0 0 643711 643743 643711 0 643711 643671 644131 644797 644653 644685 644613 644605 643591 643679 643635 643647 643595 643787 643919 643991 644295 644737 644797 644549 0 0 643811 643655 0 643543 643391 643423 0 643579 643559 643603 643571 0 0 643611 643563 643707 644055 644183 644565 644673 
643949 643957 643991 643963 643997 643951 643915 643919 643987 643897 643893 643867 643937 643871 643865 644059 643861 643833 643867 643925 644053 644069 644085 644075 644083 643865 643839 643817 643813 643803 643993 644075 644085 644109 644103 643745 643779 643771 643807 643841 644065 644093 643747 643733 643737 644017 644047 644083 644127 643735 643715 643835 643865 643969 644015 644139 643699 643715 643703 643677 643631 643641 643771 643953 644146 644135 644126 643679 643687 643687 643675 643661 643705 643773 643875 643905 643947 643999 644155 644115 643665 643631 643643 643659 643631 643625 643607 643599 643769 643974 643940 643924 644032 644103 643607 643639 643605 643599 643561 643633 643687 643711 643827 643935 643958 644028 644134 644136 644023 643984 643959 643956 643918 643926 643601 643613 643591 643589 643573 643569 643539 643557 643545 643593 643719 643771 643871 643903 
644699 0 0 644701 0 644677 644665 644657 644749 0 644631 644605 644699 0 644615 644829 644575 644583 644629 644699 644839 0 644874 644837 644845 644567 644541 644531 644539 644541 0 0 0 0 0 644483 0 0 644569 644615 644823 0 644473 0 644487 644775 644815 644829 644907 0 644441 644621 644647 644727 644795 644897 644413 644429 0 0 644369 644391 644545 644711 644890 0 0 0 644389 0 0 644387 644467 644559 644645 644663 644703 644779 0 644931 0 0 644357 644373 644357 0 644357 644337 644563 644773 644794 644778 644855 644876 644297 644341 644319 644325 644299 644395 644461 644497 644597 644715 644757 644867 0 0 644820 644746 0 644690 644614 644630 0 644291 644281 644303 644287 0 0 644307 644283 644355 644501 644541 644639 644683 
642758 0 0 642781 0 642817 642775 642803 642709 642844 642816 642829 642734 642857 642800 642643 642878 642816 642769 642710 642616 0 642570 642635 642627 642880 642893 642900 642886 642861 642586 0 0 642553 0 642890 0 0 642799 642752 642490 0 642919 642896 642864 642514 642386 642451 642487 642925 642935 642725 642650 642538 642360 642475 642959 642951 642941 642954 642891 642854 642787 642546 642374 0 0 0 642969 642965 642971 642948 642844 642756 642615 642570 642478 642368 0 642379 642980 642961 642967 642975 642933 0 642837 642875 642728 642335 642208 642216 642258 642316 642959 642981 642948 642917 642856 642808 642793 642763 642639 642400 642343 642212 0 0 642247 642274 0 642262 642292 642316 642950 642956 642951 642940 642932 0 0 642812 642848 642788 642683 642667 642474 642416 
642774 0 0 642771 0 642795 642825 642837 642699 642876 642876 642915 642774 642915 642900 642573 642902 642948 642879 642774 642564 0 642498 642549 642525 642866 642905 642968 643002 643011 642618 0 0 642447 0 643098 0 0 642969 642900 642474 0 643101 643116 643092 642546 642378 642429 642363 643119 643149 642891 642810 642618 642372 642357 643145 643121 643167 643206 643235 643200 643005 642642 642270 0 0 0 643133 643163 643181 643230 643122 642984 642777 642714 642582 642396 0 642255 643166 643237 643229 643205 643253 0 643203 643241 642972 642369 642204 642228 642210 642240 643213 643205 643250 643269 643222 643174 643117 643075 642849 642492 642393 642144 0 0 642123 642150 0 642138 642168 642192 643198 643184 643221 643258 643254 0 0 643178 643214 643154 643011 642933 642642 642540 
641560 0 0 641584 0 641608 641560 641584 641536 0 641584 641584 641536 0 641560 641512 641612 641560 641536 641512 641488 0 641464 641512 641512 641594 641594 641612 641608 641584 0 0 0 0 0 641584 0 0 641536 641512 641392 0 641608 0 641560 641392 641320 641368 641440 0 641608 641488 641440 641392 641296 641416 641612 641612 0 0 641562 641536 641512 641392 641344 0 0 0 641594 0 0 641608 641536 641488 641416 641392 641344 641296 0 641416 0 0 641612 641612 641598 0 641502 641530 641464 641272 641200 641200 641248 641296 641570 641594 641588 641566 641492 641492 641510 641488 641416 641296 641272 641224 0 0 641464 641512 0 641536 641584 641584 0 641546 641556 641572 641556 0 0 641452 641476 641452 641434 641416 641320 641296 
644543 0 0 644517 0 644517 644577 644561 644517 0 644587 644613 644567 0 644627 644457 644595 644659 644637 644591 644475 0 644455 644441 644425 644579 644605 644639 644655 644677 0 0 0 0 0 644735 0 0 644697 644675 644511 0 644721 0 644755 644559 644519 644505 644389 0 644753 644693 644687 644607 644539 644409 644757 644741 0 0 644773 644772 644745 644623 644423 0 0 0 644757 0 0 644794 644796 644755 644689 644671 644631 644555 0 644341 0 0 644791 644795 644779 0 644755 644757 644771 644561 644516 644532 644479 644451 644781 644795 644772 644763 644738 644762 644783 644789 644737 644619 644577 644459 0 0 644205 644175 0 644143 644115 644131 0 644766 644773 644764 644756 0 0 644730 644730 644742 644781 644793 644695 644651 
643015 0 0 643015 0 643015 643015 643015 643015 0 643015 643015 643015 0 643015 643015 643015 643015 643015 643015 643015 0 643015 643015 643015 643015 643015 643015 643015 643015 0 0 0 0 0 643015 0 0 643015 643015 643015 0 643015 0 643015 643015 643015 643015 643005 0 643015 643015 643015 643015 643015 643015 643015 643015 0 0 643015 643015 643015 643015 643015 0 0 0 643015 0 0 643015 643015 643015 643015 643015 643015 643015 0 642957 0 0 643015 643015 643015 0 643015 643015 643015 643015 642975 642975 643015 643015 643015 643015 643015 643015 643001 643015 643015 643015 643015 643015 643015 642999 0 0 642821 642791 0 642759 642731 642747 0 643015 643015 643015 643015 0 0 642993 642993 643005 643015 643015 643015 643015 
643550 643540 643529 643537 643526 643537 643567 643559 643537 643564 643572 643585 643562 643577 643592 643507 643567 643608 643597 643574 643516 643508 643506 643499 643491 643547 643560 643589 643606 643617 643558 643523 643512 643489 643495 643646 643629 643639 643627 643616 643534 643514 643639 643652 643656 643558 643538 643531 643473 643645 643655 643625 643622 643582 643548 643483 643648 643640 643661 643674 643686 643686 643651 643590 643490 643469 643460 643622 643636 643654 643660 643682 643678 643656 643623 643614 643594 643556 643475 643449 643647 643677 643676 643668 643686 643686 643679 643681 643664 643559 643540 643548 643518 643504 643653 643660 643677 643686 643662 643686 643686 643686 643647 643588 643567 643508 643454 643446 643381 643366 643353 643350 643336 643344 643641 643637 643653 643677 643671 643672 643651 643654 643654 643666 643686 643675 643626 643604 
641461 0 0 0 0 0 641512 641476 0 0 0 0 641509 0 641587 0 0 0 0 641547 0 0 0 0 0 0 0 0 0 0 0 0 0 0 0 0 0 0 0 641673 0 0 0 0 641779 0 0 0 0 0 0 0 641583 0 0 0 0 0 0 0 641874 641887 0 0 0 0 0 0 0 0 0 0 0 641757 0 0 0 0 0 0 0 0 0 0 0 0 641904 0 0 0 0 0 640983 0 0 0 0 0 641909 0 0 641848 0 0 0 0 0 0 0 0 0 0 0 0 0 0 0 0 0 0 0 0 0 641929 0 0 0 0 
643161 0 0 643155 0 0 643161 643155 643137 0 643155 643155 643137 0 643161 0 643107 643161 0 643113 0 0 0 0 643113 0 643083 0 643131 643155 0 0 0 0 0 0 0 0 643137 643113 0 0 0 0 643161 0 0 0 0 0 0 0 643041 0 0 0 0 643107 0 0 643155 643161 0 0 0 0 0 0 0 0 0 0 0 643089 0 0 0 0 0 0 0 0 0 0 0 0 643161 643155 643065 0 0 0 642849 0 0 643083 643107 643131 643155 643137 0 643089 0 0 0 0 0 0 0 643113 0 643137 0 0 0 0 0 0 0 0 0 643161 0 643137 643041 0 0 0 
640554 0 0 640479 0 0 640605 640545 640551 0 640584 640623 640626 0 640680 0 640524 640728 0 640692 0 0 0 0 640443 0 640503 0 640650 640719 0 0 0 0 0 0 0 0 640821 640818 0 0 0 0 640864 0 0 0 0 0 0 0 640872 0 0 0 0 640743 0 0 640785 640820 0 0 0 0 0 0 0 0 0 0 0 640942 0 0 0 0 0 0 0 0 0 0 0 0 640769 640739 640950 0 0 0 640504 0 0 640699 640712 640721 640682 640826 0 640915 0 0 0 0 0 0 0 640068 0 639990 0 0 0 0 0 0 0 0 0 640694 0 640766 640931 0 0 0 
644613 0 0 644513 0 644465 644639 644589 644609 0 644587 644549 644687 0 644569 644537 644483 644505 644597 644727 644619 0 644603 644505 644473 644447 644421 644401 644417 644421 0 0 0 0 0 644305 0 0 644477 644569 644787 0 644285 0 644313 644873 644875 644799 644495 0 644221 644579 644639 644847 644939 644559 644165 644197 0 0 644077 644121 644429 644815 644659 0 0 0 644117 0 0 644113 644273 644455 644659 644719 644847 644965 0 644423 0 0 644053 644085 644053 0 644053 644013 644447 644995 644863 644895 644867 644763 643933 644021 643977 643989 643937 644129 644261 644331 644563 644919 644997 644783 0 0 644103 643973 0 643861 643709 643741 0 643921 643901 643945 643913 0 0 643953 643905 644049 644347 644451 644743 644855 
644201 0 0 644205 0 644157 644133 644117 644301 0 644065 644013 644201 0 644033 644359 643953 643969 644061 644201 644427 0 644451 644327 644295 643937 643885 643865 643881 643885 0 0 0 0 0 643769 0 0 643941 644033 644601 0 643749 0 643777 644505 644729 644661 644367 0 643685 644045 644153 644409 644737 644455 643629 643661 0 0 643541 643585 643893 644377 644627 0 0 0 643581 0 0 643577 643737 643921 644197 644281 644457 644705 0 644319 0 0 643517 643549 643517 0 643517 643477 643937 644741 644861 644829 644911 644779 643397 643485 643441 643453 643401 643593 643725 643797 644101 644577 644709 644911 0 0 643951 643795 0 643683 643531 643563 0 643385 643365 643409 643377 0 0 643417 643369 643513 643861 643989 644377 644513 
644121 0 0 644093 0 644045 644053 644037 644189 0 643985 643933 644121 0 643953 644157 643873 643889 643981 644121 644241 0 644249 644125 644093 643857 643805 643785 643801 643805 0 0 0 0 0 643689 0 0 643861 643953 644477 0 643669 0 643697 644425 644621 644525 644165 0 643605 643965 644073 644329 644657 644253 643549 643581 0 0 643461 643505 643813 644297 644425 0 0 0 643501 0 0 643497 643657 643841 644117 644201 644377 644625 0 644117 0 0 643437 643469 643437 0 643437 643397 643857 644661 644831 644819 644729 644577 643317 643405 643361 643373 643321 643513 643645 643717 644021 644497 644629 644731 0 0 643749 643593 0 643481 643329 643361 0 643305 643285 643329 643297 0 0 643337 643289 643433 643781 643909 644297 644433 
643150 0 0 0 0 0 0 643084 0 0 0 0 643174 0 643066 0 0 0 0 643198 0 0 0 0 0 0 0 0 0 0 0 0 0 0 0 0 0 0 0 643114 0 0 0 0 0 0 0 0 0 0 0 0 643246 0 0 0 0 0 0 0 642796 642842 0 0 0 0 0 0 0 0 0 0 0 643082 0 0 0 0 0 0 0 0 0 0 0 0 0 0 0 0 0 0 643764 0 0 0 0 0 642726 0 0 643020 0 0 0 0 0 0 0 0 0 0 0 0 0 0 0 0 0 0 0 0 0 0 0 0 0 0 
644388 0 0 644366 0 644318 644328 644312 644462 0 644260 644208 644396 0 644228 644570 644148 644164 644256 644396 644600 0 644666 644556 644540 644132 644080 644060 644076 644080 0 0 0 0 0 643964 0 0 644136 644228 644756 0 643944 0 643972 644700 644892 644810 644624 0 643880 644240 644348 644604 644896 644712 643824 643856 0 0 643736 643780 644088 644572 644874 0 0 0 643776 0 0 643772 643932 644116 644392 644476 644652 644876 0 644576 0 0 643712 643744 643712 0 643712 643672 644132 644864 644842 644826 644934 644974 643592 643680 643636 643648 643596 643788 643920 643992 644296 644748 644832 644930 0 0 644208 644052 0 643940 643788 643820 0 643580 643560 643604 643572 0 0 643612 643564 643708 644056 644184 644572 644684 
644559 0 0 644533 0 644533 644593 644577 644533 0 644603 644629 644583 0 644643 644473 644611 644675 644653 644607 644491 0 644471 644457 644441 644595 644621 644655 644671 644693 0 0 0 0 0 644751 0 0 644713 644691 644527 0 644737 0 644771 644575 644535 644521 644405 0 644769 644709 644703 644623 644555 644425 644773 644757 0 0 644772 644771 644761 644639 644439 0 0 0 644773 0 0 644789 644789 644771 644705 644687 644647 644571 0 644357 0 0 644789 644789 644778 0 644754 644756 644787 644577 644531 644547 644495 644467 644784 644789 644771 644762 644737 644761 644782 644788 644753 644635 644593 644475 0 0 644221 644191 0 644159 644131 644147 0 644771 644776 644763 644755 0 0 644729 644729 644741 644780 644789 644711 644667 
641531 0 0 641555 0 0 641531 641555 641507 0 641555 641555 641507 0 641531 0 641603 641531 0 641483 0 0 0 0 641483 0 641627 0 641579 641555 0 0 0 0 0 0 0 0 641507 641483 0 0 0 0 641531 0 0 0 0 0 0 0 641411 0 0 0 0 641603 0 0 641535 641509 0 0 0 0 0 0 0 0 0 0 0 641459 0 0 0 0 0 0 0 0 0 0 0 0 641475 641503 641435 0 0 0 641219 0 0 641627 641581 641539 641465 641465 0 641459 0 0 0 0 0 0 0 641483 0 641507 0 0 0 0 0 0 0 0 0 641425 0 641425 641407 0 0 0 
643009 0 0 642996 0 0 643026 643018 642996 0 643031 643044 643021 0 643051 0 643035 643067 0 643033 0 0 0 0 642950 0 643040 0 643065 643076 0 0 0 0 0 0 0 0 643086 643075 0 0 0 0 643115 0 0 0 0 0 0 0 643081 0 0 0 0 643108 0 0 643140 643138 0 0 0 0 0 0 0 0 0 0 0 643115 0 0 0 0 0 0 0 0 0 0 0 0 643104 643108 643123 0 0 0 642977 0 0 643140 643138 643120 643070 643118 0 643146 0 0 0 0 0 0 0 642805 0 642773 0 0 0 0 0 0 0 0 0 643054 0 643078 643152 0 0 0 
643138 0 0 643144 0 0 643138 643144 643114 0 643144 643144 643114 0 643138 0 643124 643138 0 643090 0 0 0 0 643090 0 643100 0 643144 643144 0 0 0 0 0 0 0 0 643114 643090 0 0 0 0 643138 0 0 0 0 0 0 0 643018 0 0 0 0 643124 0 0 643144 643138 0 0 0 0 0 0 0 0 0 0 0 643066 0 0 0 0 0 0 0 0 0 0 0 0 643138 643144 643042 0 0 0 642826 0 0 643100 643124 643144 643144 643114 0 643066 0 0 0 0 0 0 0 643090 0 643114 0 0 0 0 0 0 0 0 0 643138 0 643114 643018 0 0 0 
642404 0 0 0 0 0 0 642426 0 0 0 0 642380 0 642404 0 0 0 0 642356 0 0 0 0 0 0 0 0 0 0 0 0 0 0 0 0 0 0 0 642356 0 0 0 0 0 0 0 0 0 0 0 0 642284 0 0 0 0 0 0 0 642426 642404 0 0 0 0 0 0 0 0 0 0 0 642332 0 0 0 0 0 0 0 0 0 0 0 0 0 0 0 0 0 0 642092 0 0 0 0 0 642426 0 0 642332 0 0 0 0 0 0 0 0 0 0 0 0 0 0 0 0 0 0 0 0 0 0 0 0 0 0 
642692 0 0 642668 0 0 642692 642668 642708 0 642668 642668 642708 0 642692 0 642620 642692 0 642684 0 0 0 0 642684 0 642596 0 642644 642668 0 0 0 0 0 0 0 0 642708 642684 0 0 0 0 642692 0 0 0 0 0 0 0 642612 0 0 0 0 642620 0 0 642668 642692 0 0 0 0 0 0 0 0 0 0 0 642660 0 0 0 0 0 0 0 0 0 0 0 0 642692 642668 642636 0 0 0 642420 0 0 642596 642620 642644 642668 642708 0 642660 0 0 0 0 0 0 0 642684 0 642708 0 0 0 0 0 0 0 0 0 642692 0 642708 642612 0 0 0 
642992 0 0 642941 0 642929 643043 643007 642965 0 643046 643085 643040 0 643118 642865 643034 643166 643145 643066 642860 0 642794 642841 642817 642998 643037 643100 643136 643181 0 0 0 0 0 643268 0 0 643235 643192 642770 0 643235 0 643310 642842 642674 642725 642659 0 643283 643187 643106 642914 642668 642653 643277 643253 0 0 643317 643328 643297 642938 642566 0 0 0 643265 0 0 643326 643362 643280 643073 643010 642878 642692 0 642551 0 0 643311 643313 643311 0 643299 643293 643268 642665 642500 642524 642506 642536 643281 643303 643292 643295 643236 643330 643341 643315 643145 642788 642689 642440 0 0 642419 642442 0 642404 642338 642362 0 643278 643273 643284 643266 0 0 643224 643212 643272 643235 643209 642938 642836 
0 0 0 0 0 0 0 0 0 0 0 0 640651 0 640705 0 0 0 0 0 0 0 0 0 0 0 0 0 0 0 0 0 0 0 0 0 0 0 0 640831 0 0 0 0 0 0 0 0 0 0 0 0 0 0 0 0 0 0 0 0 640878 640911 0 0 0 0 0 0 0 0 0 0 0 640963 0 0 0 0 0 0 0 0 0 0 0 0 0 0 0 0 0 0 0 0 0 0 0 0 0 0 0 641006 0 0 0 0 0 0 0 0 0 0 0 0 0 0 0 0 0 0 0 0 0 0 0 0 0 0 
644470 0 0 644420 0 644396 644504 644464 644468 0 644490 644516 644518 0 644554 644432 644450 644586 644588 644566 644474 0 644478 644416 644400 644410 644436 644494 644534 644575 0 0 0 0 0 644588 0 0 644633 644646 644588 0 644564 0 644612 644636 644596 644582 644436 0 644564 644679 644724 644684 644616 644480 644540 644540 0 0 644588 644612 644660 644700 644500 0 0 0 644516 0 0 644564 644636 644684 644749 644746 644708 644632 0 644412 0 0 644540 644540 644564 0 644612 644588 644708 644638 644583 644599 644556 644528 644492 644516 644540 644564 644588 644636 644660 644684 644756 644696 644654 644531 0 0 644228 644150 0 644094 644018 644034 0 644468 644492 644540 644540 0 0 644612 644588 644636 644732 644756 644758 644728 
644317 0 0 644217 0 644169 644385 644305 644313 0 644357 644351 644413 0 644371 644241 644271 644307 644399 644507 644325 0 644333 644209 644177 644197 644219 644203 644219 644223 0 0 0 0 0 644107 0 0 644279 644371 644589 0 644087 0 644115 644685 644743 644625 644249 0 644023 644383 644491 644745 644807 644337 643967 643999 0 0 643879 643923 644231 644715 644509 0 0 0 643919 0 0 643915 644075 644259 644535 644619 644795 644839 0 644201 0 0 643855 643887 643855 0 643855 643815 644275 644873 644749 644781 644709 644631 643735 643823 643779 643791 643739 643931 644063 644135 644439 644885 644905 644645 0 0 643833 643677 0 643565 643413 643445 0 643723 643703 643747 643715 0 0 643755 643707 643851 644199 644327 644709 644821 
644423 0 0 644323 0 644275 644471 644407 644419 0 644421 644373 644509 0 644393 644347 644313 644329 644421 644561 644431 0 644439 644315 644283 644279 644245 644225 644241 644245 0 0 0 0 0 644129 0 0 644301 644393 644695 0 644109 0 644137 644789 644837 644731 644355 0 644045 644405 644513 644769 644901 644443 643989 644021 0 0 643901 643945 644253 644737 644615 0 0 0 643941 0 0 643937 644097 644281 644557 644641 644817 644933 0 644307 0 0 643877 643909 643877 0 643877 643837 644297 644941 644799 644831 644759 644725 643757 643845 643801 643813 643761 643953 644085 644157 644461 644895 644957 644695 0 0 643939 643783 0 643671 643519 643551 0 643745 643725 643769 643737 0 0 643777 643729 643873 644221 644349 644719 644831 
644462 0 0 644440 0 644392 644428 644396 644536 0 644370 644332 644486 0 644352 644612 644266 644288 644380 644510 644666 0 644706 644596 644580 644234 644204 644184 644200 644204 0 0 0 0 0 644088 0 0 644260 644352 644758 0 644068 0 644096 644710 644822 644788 644638 0 644004 644364 644448 644656 644826 644702 643948 643980 0 0 643860 643904 644212 644624 644794 0 0 0 643900 0 0 643896 644056 644240 644468 644528 644656 644810 0 644566 0 0 643836 643868 643836 0 643836 643796 644256 644828 644872 644856 644930 644870 643716 643804 643760 643772 643720 643912 644044 644116 644372 644728 644812 644932 0 0 644246 644090 0 643978 643826 643858 0 643704 643684 643728 643696 0 0 643736 643688 643832 644156 644260 644552 644664 
644263 644259 644305 644265 644311 644241 644229 644221 644313 644187 644195 644169 644263 644161 644179 644397 644139 644147 644193 644263 644403 644419 644447 644413 644429 644131 644105 644095 644103 644105 644367 644461 644459 644481 644469 644047 644081 644085 644133 644179 644463 644479 644037 644035 644051 644415 644491 644481 644537 644025 644005 644185 644239 644367 644447 644541 643977 643993 643993 643967 643933 643955 644109 644351 644575 644569 644587 643933 643953 643965 643953 643951 644031 644123 644261 644303 644367 644431 644605 644594 643931 643909 643921 643937 643921 643915 643921 643901 644131 644401 644367 644351 644459 644535 643861 643905 643883 643889 643863 643959 644025 644061 644213 644367 644385 644455 644641 644627 644478 644415 644378 644375 644313 644321 643843 643855 643845 643867 643851 643859 643841 643871 643847 643919 644093 644157 644315 644335 
643867 643875 643909 643881 643915 643869 643833 643837 643905 643815 643811 643785 643855 643789 643783 643977 643779 643751 643785 643843 643971 643987 644003 643993 644009 643783 643757 643735 643731 643721 643911 643993 644003 644037 644025 643663 643697 643689 643725 643759 643983 644011 643665 643651 643655 643935 643973 644001 644081 643653 643633 643753 643783 643887 643929 644073 643617 643633 643621 643595 643549 643559 643689 643871 644093 644101 644115 643597 643605 643605 643593 643579 643623 643691 643793 643823 643885 643913 644123 644126 643583 643549 643561 643577 643549 643543 643525 643517 643687 643883 643849 643833 643941 644017 643525 643557 643523 643517 643479 643551 643605 643629 643745 643849 643867 643937 644155 644147 644034 643995 643970 643967 643929 643937 643519 643531 643509 643507 643491 643487 643457 643475 643463 643511 643637 643689 643797 643817 
643865 0 0 643841 0 643817 643865 643841 643889 0 643841 643841 643889 0 643865 643913 643793 643865 643889 643913 643937 0 643961 643913 643913 643769 643769 643793 643817 643841 0 0 0 0 0 643841 0 0 643889 643913 643913 0 643817 0 643865 643913 643841 643889 643961 0 643817 643937 643961 643913 643817 643937 643793 643793 0 0 643841 643865 643913 643913 643865 0 0 0 643769 0 0 643817 643889 643937 643937 643913 643865 643817 0 643937 0 0 643793 643793 643817 0 643865 643841 643961 643793 643721 643721 643769 643817 643745 643769 643793 643817 643841 643889 643913 643937 643937 643817 643793 643745 0 0 643961 643913 0 643889 643819 643835 0 643721 643745 643793 643793 0 0 643865 643841 643889 643961 643937 643841 643817 
640652 0 0 640678 0 0 640618 640634 640678 0 640608 640582 640628 0 640568 0 640600 640536 0 640604 0 0 0 0 640752 0 640590 0 640540 640518 0 0 0 0 0 0 0 0 640498 640520 0 0 0 0 640440 0 0 0 0 0 0 0 640486 0 0 0 0 640454 0 0 640346 640344 0 0 0 0 0 0 0 0 0 0 0 640440 0 0 0 0 0 0 0 0 0 0 0 0 640310 640314 640414 0 0 0 640598 0 0 640390 640344 640326 640276 640324 0 640378 0 0 0 0 0 0 0 640860 0 640860 0 0 0 0 0 0 0 0 0 640260 0 640284 640340 0 0 0 
643828 643824 643870 643830 643876 643806 643794 643786 643878 643752 643760 643734 643828 643726 643744 643962 643704 643712 643758 643828 643936 643952 643932 643978 643994 643696 643670 643660 643668 643670 643804 643850 643896 643966 643954 643612 643646 643650 643698 643744 643804 643868 643602 643600 643616 643756 643724 643786 643974 643590 643570 643718 643676 643708 643680 643930 643542 643558 643558 643532 643498 643520 643674 643692 643844 643958 643976 643498 643518 643530 643518 643516 643596 643656 643650 643644 643636 643664 643874 643998 643496 643474 643486 643502 643486 643480 643486 643466 643616 643634 643600 643584 643692 643768 643426 643470 643448 643454 643428 643524 643590 643594 643602 643600 643618 643688 643916 643956 644182 644242 644218 644218 644170 644170 643408 643420 643410 643432 643416 643424 643406 643436 643412 643484 643530 643546 643548 643568 
643975 0 0 643951 0 0 643975 643951 643991 0 643951 643951 643991 0 643975 0 643903 643975 0 643967 0 0 0 0 643967 0 643879 0 643927 643951 0 0 0 0 0 0 0 0 643991 643967 0 0 0 0 643975 0 0 0 0 0 0 0 643895 0 0 0 0 643903 0 0 643951 643975 0 0 0 0 0 0 0 0 0 0 0 643943 0 0 0 0 0 0 0 0 0 0 0 0 643975 643951 643919 0 0 0 643703 0 0 643879 643903 643927 643951 643991 0 643943 0 0 0 0 0 0 0 643967 0 643991 0 0 0 0 0 0 0 0 0 643975 0 643991 643895 0 0 0 
643938 0 0 643960 0 643940 643938 643960 643914 0 643960 643960 643914 0 643938 643890 643916 643938 643914 643890 643866 0 643842 643890 643890 643892 643892 643916 643940 643960 0 0 0 0 0 643960 0 0 643914 643890 643770 0 643940 0 643938 643770 643698 643746 643818 0 643940 643866 643818 643770 643674 643794 643916 643916 0 0 643960 643938 643890 643770 643722 0 0 0 643892 0 0 643940 643914 643866 643794 643770 643722 643674 0 643794 0 0 643916 643916 643940 0 643938 643960 643842 643650 643578 643578 643626 643674 643868 643892 643916 643940 643960 643914 643890 643866 643794 643674 643650 643602 0 0 643842 643890 0 643914 643960 643960 0 643844 643868 643916 643916 0 0 643938 643960 643914 643818 643794 643698 643674 
644031 0 0 644055 0 644055 644031 644055 644007 0 644055 644055 644007 0 644031 643983 644031 644031 644007 643983 643959 0 643935 643983 643983 644007 644007 644031 644055 644055 0 0 0 0 0 644055 0 0 644007 643983 643863 0 644055 0 644031 643863 643791 643839 643911 0 644055 643959 643911 643863 643767 643887 644031 644031 0 0 644055 644031 643983 643863 643815 0 0 0 644007 0 0 644055 644007 643959 643887 643863 643815 643767 0 643887 0 0 644031 644031 644055 0 644031 644055 643935 643743 643671 643671 643719 643767 643983 644007 644031 644055 644055 644007 643983 643959 643887 643767 643743 643695 0 0 643935 643983 0 644007 644055 644055 0 643959 643983 644031 644031 0 0 644031 644055 644007 643911 643887 643791 643767 
643154 0 0 643151 0 643187 643205 643217 643079 643268 643256 643295 643154 643307 643280 642953 643340 643328 643259 643154 642944 0 642878 642929 642905 643340 643379 643406 643394 643391 642998 0 0 642827 0 643478 0 0 643349 643280 642854 0 643493 643496 643472 642926 642758 642809 642743 643511 643541 643271 643190 642998 642752 642737 643583 643559 643559 643582 643539 643502 643385 643022 642650 0 0 0 643607 643601 643613 643590 643478 643364 643157 643094 642962 642776 0 642635 643636 643623 643629 643621 643581 0 643485 643523 643352 642749 642584 642608 642590 642620 643659 643649 643610 643565 643504 643456 643441 643411 643229 642872 642773 642524 0 0 642503 642530 0 642518 642548 642572 643674 643674 643651 643602 643594 0 0 643460 643496 643436 643331 643295 643022 642920 
644604 0 0 644578 0 644578 644638 644622 644578 0 644648 644674 644628 0 644688 644518 644656 644720 644698 644652 644536 0 644516 644502 644486 644640 644666 644700 644716 644738 0 0 0 0 0 644796 0 0 644758 644736 644572 0 644782 0 644816 644620 644580 644566 644450 0 644814 644754 644748 644668 644600 644470 644818 644802 0 0 644791 644790 644806 644684 644484 0 0 0 644818 0 0 644812 644816 644816 644750 644732 644692 644616 0 644402 0 0 644809 644817 644797 0 644773 644775 644822 644615 644522 644538 644521 644512 644803 644813 644790 644781 644756 644780 644801 644807 644798 644680 644631 644482 0 0 644266 644236 0 644204 644176 644192 0 644812 644795 644782 644774 0 0 644748 644748 644760 644799 644819 644756 644712 
643847 0 0 643871 0 643895 643847 643871 643823 0 643871 643871 643823 0 643847 643799 643919 643847 643823 643799 643775 0 643751 643799 643799 643943 643943 643919 643895 643871 0 0 0 0 0 643871 0 0 643823 643799 643679 0 643895 0 643847 643679 643607 643655 643727 0 643895 643775 643727 643679 643583 643703 643919 643919 0 0 643855 643829 643799 643679 643631 0 0 0 643943 0 0 643895 643823 643775 643703 643679 643631 643583 0 643703 0 0 643919 643919 643888 0 643795 643823 643751 643559 643487 643487 643535 643583 643955 643943 643901 643859 643785 643785 643796 643775 643703 643583 643559 643511 0 0 643751 643799 0 643823 643871 643871 0 643968 643947 643885 643869 0 0 643745 643769 643745 643722 643703 643607 643583 
641498 0 0 641522 0 641546 641498 641522 641474 0 641522 641522 641474 0 641498 641450 641570 641498 641474 641450 641426 0 641402 641450 641450 641568 641568 641570 641546 641522 0 0 0 0 0 641522 0 0 641474 641450 641330 0 641546 0 641498 641330 641258 641306 641378 0 641546 641426 641378 641330 641234 641354 641570 641570 0 0 641522 641498 641450 641330 641282 0 0 0 641568 0 0 641546 641474 641426 641354 641330 641282 641234 0 641354 0 0 641570 641570 641546 0 641498 641522 641402 641210 641138 641138 641186 641234 641544 641568 641570 641546 641506 641474 641450 641426 641354 641234 641210 641162 0 0 641402 641450 0 641474 641522 641522 0 641520 641544 641570 641570 0 0 641466 641490 641466 641378 641354 641258 641234 
642963 0 0 642963 0 642963 642963 642963 642963 0 642963 642963 642963 0 642963 642963 642963 642963 642963 642963 642963 0 642963 642963 642963 642963 642963 642963 642963 642963 0 0 0 0 0 642963 0 0 642963 642963 642963 0 642963 0 642963 642963 642963 642963 642963 0 642963 642963 642963 642963 642963 642963 642963 642963 0 0 642963 642963 642963 642963 642963 0 0 0 642963 0 0 642963 642963 642963 642963 642963 642963 642963 0 642963 0 0 642963 642963 642963 0 642959 642961 642963 642963 642953 642953 642963 642963 642963 642963 642963 642963 642941 642963 642963 642963 642963 642963 642963 642963 0 0 642831 642801 0 642769 642741 642757 0 642963 642963 642963 642960 0 0 642925 642925 642946 642963 642963 642963 642963 
644646 644639 644604 644633 644598 644645 644680 644677 644596 644699 644703 644729 644646 644725 644730 644512 644713 644762 644716 644646 644506 644490 644462 644496 644480 644674 644700 644757 644783 644793 644542 644448 644450 644428 644440 644851 644817 644824 644776 644730 644446 644430 644849 644863 644858 644494 644382 644416 644372 644861 644881 644724 644670 644542 644378 644368 644875 644859 644893 644919 644965 644954 644800 644558 644310 644340 644322 644824 644852 644887 644899 644935 644878 644786 644648 644606 644518 644394 644280 644300 644874 644943 644931 644915 644965 644971 644988 644997 644778 644376 644266 644282 644270 644290 644896 644900 644969 644997 645003 644950 644884 644848 644696 644458 644392 644226 644238 644246 644212 644230 644228 644222 644231 644247 644866 644854 644912 644985 645001 645023 644992 644982 644995 644970 644816 644752 644558 644490 
644677 644649 644635 644643 644629 644631 644711 644687 644627 644685 644713 644739 644677 644711 644761 644543 644685 644793 644747 644677 644537 644521 644493 644527 644511 644645 644671 644729 644769 644803 644573 644479 644481 644459 644471 644861 644827 644855 644807 644761 644477 644461 644835 644873 644889 644525 644413 644447 644403 644847 644867 644755 644701 644573 644409 644399 644847 644831 644879 644905 644975 644985 644831 644589 644341 644371 644353 644795 644823 644859 644871 644921 644909 644817 644679 644637 644549 644425 644311 644331 644845 644915 644903 644887 644951 644957 645019 645007 644809 644407 644297 644313 644301 644321 644867 644871 644941 644983 645027 644981 644915 644879 644727 644489 644423 644257 644269 644277 644243 644261 644259 644253 644241 644257 644837 644825 644883 644957 644973 645010 645027 645035 645027 645011 644847 644783 644589 644521 
642684 0 0 642666 0 0 642684 642666 642682 0 642666 642666 642682 0 642684 0 642618 642684 0 642658 0 0 0 0 642658 0 642594 0 642642 642666 0 0 0 0 0 0 0 0 642682 642658 0 0 0 0 642684 0 0 0 0 0 0 0 642586 0 0 0 0 642618 0 0 642666 642684 0 0 0 0 0 0 0 0 0 0 0 642634 0 0 0 0 0 0 0 0 0 0 0 0 642684 642666 642610 0 0 0 642394 0 0 642594 642618 642642 642666 642682 0 642634 0 0 0 0 0 0 0 642658 0 642682 0 0 0 0 0 0 0 0 0 642684 0 642682 642586 0 0 0 
644514 0 0 644488 0 644488 644548 644532 644488 0 644558 644584 644538 0 644598 644428 644560 644630 644608 644562 644446 0 644426 644412 644396 644520 644546 644604 644626 644648 0 0 0 0 0 644706 0 0 644668 644646 644482 0 644692 0 644726 644530 644490 644476 644360 0 644724 644664 644658 644578 644510 644380 644722 644706 0 0 644797 644798 644716 644594 644394 0 0 0 644698 0 0 644776 644770 644726 644660 644642 644602 644526 0 644312 0 0 644773 644762 644791 0 644815 644813 644742 644532 644477 644493 644450 644422 644731 644745 644792 644807 644830 644808 644787 644781 644708 644590 644548 644425 0 0 644176 644146 0 644114 644086 644102 0 644698 644739 644800 644808 0 0 644822 644822 644828 644789 644764 644666 644622 
641359 0 0 0 0 0 641410 641376 0 0 0 0 641383 0 641485 0 0 0 0 641407 0 0 0 0 0 0 0 0 0 0 0 0 0 0 0 0 0 0 0 641533 0 0 0 0 641677 0 0 0 0 0 0 0 641487 0 0 0 0 0 0 0 641808 641821 0 0 0 0 0 0 0 0 0 0 0 641641 0 0 0 0 0 0 0 0 0 0 0 0 641872 0 0 0 0 0 640887 0 0 0 0 0 641905 0 0 641734 0 0 0 0 0 0 0 0 0 0 0 0 0 0 0 0 0 0 0 0 0 641899 0 0 0 0 
640360 0 0 640285 0 0 640411 640351 640357 0 640390 640429 640432 0 640486 0 640330 640534 0 640504 0 0 0 0 640255 0 640309 0 640456 640525 0 0 0 0 0 0 0 0 640627 640630 0 0 0 0 640678 0 0 0 0 0 0 0 640728 0 0 0 0 640549 0 0 640775 640812 0 0 0 0 0 0 0 0 0 0 0 640786 0 0 0 0 0 0 0 0 0 0 0 0 640805 640771 640842 0 0 0 640328 0 0 640609 640704 640741 640752 640848 0 640879 0 0 0 0 0 0 0 639880 0 639796 0 0 0 0 0 0 0 0 0 640780 0 640828 640947 0 0 0 
644648 0 0 644622 0 644622 644682 644666 644622 0 644692 644718 644672 0 644732 644562 644700 644764 644742 644696 644580 0 644560 644546 644530 644684 644710 644744 644760 644782 0 0 0 0 0 644840 0 0 644802 644780 644616 0 644826 0 644860 644664 644592 644602 644494 0 644858 644798 644792 644712 644593 644514 644862 644846 0 0 644858 644857 644850 644728 644508 0 0 0 644862 0 0 644879 644883 644860 644794 644776 644716 644609 0 644446 0 0 644876 644884 644864 0 644840 644842 644876 644591 644481 644497 644485 644505 644870 644880 644857 644848 644823 644847 644868 644874 644842 644673 644607 644441 0 0 644310 644280 0 644248 644220 644236 0 644875 644862 644849 644841 0 0 644815 644815 644827 644866 644886 644768 644705 
644109 0 0 644009 0 643961 644177 644097 644105 0 644149 644201 644205 0 644277 644033 644069 644341 644345 644301 644117 0 644125 644001 643969 643989 644041 644157 644237 644321 0 0 0 0 0 644297 0 0 644427 644463 644381 0 644269 0 644305 644477 644523 644417 644041 0 644213 644523 644619 644573 644587 644129 644157 644189 0 0 644069 644113 644421 644605 644301 0 0 0 644109 0 0 644105 644265 644449 644667 644699 644717 644619 0 643993 0 0 644045 644077 644045 0 644045 644005 644465 644611 644463 644495 644423 644411 643925 644013 643969 643981 643929 644121 644253 644325 644629 644747 644643 644359 0 0 643625 643469 0 643357 643205 643237 0 643913 643893 643937 643905 0 0 643945 643897 644041 644389 644517 644841 644811 
644223 0 0 644123 0 644075 644291 644211 644219 0 644263 644315 644319 0 644391 644147 644183 644441 644459 644415 644231 0 644239 644115 644083 644103 644155 644271 644347 644361 0 0 0 0 0 644245 0 0 644417 644509 644495 0 644225 0 644253 644591 644655 644531 644155 0 644161 644521 644629 644687 644719 644243 644105 644137 0 0 644017 644061 644369 644719 644415 0 0 0 644057 0 0 644053 644213 644397 644673 644757 644831 644751 0 644107 0 0 643993 644025 643993 0 643993 643953 644413 644785 644659 644691 644619 644543 643873 643961 643917 643929 643877 644069 644201 644273 644577 644879 644817 644555 0 0 643739 643583 0 643471 643319 643351 0 643861 643841 643885 643853 0 0 643893 643845 643989 644337 644465 644853 644943 
