645142 645126 645128 645090 645092 645108 645110 645052 645064 645042 645076 645050 645050 645044 645038 644982 645036 645016 645032 645026 644950 644928 644966 644992 644978 644972 644958 644964 645010 645014 645014 644904 644922 644924 644926 644952 644976 644960 644986 644974 644988 644982 644984 644902 644874 644918 644892 644920 644918 644922 644932 644902 644944 644950 644960 644858 644856 644900 644894 644884 644858 644864 644852 644908 644908 644934 644878 644824 644818 644840 644846 644856 644840 644846 644836 644832 644844 644896 644900 644906 644842 644786 644806 644814 644830 644846 644880 644842 644744 644760 644782 644758 644764 644754 644788 644796 644758 644776 644776 644788 644790 644762 644788 644778 644790 644824 644834 644824 644822 644716 644728 644748 644758 644732 644744 644724 644760 644754 644736 644752 644784 644780 644776 644784 644702 644708 644736 644710 
644976 644992 644972 644936 644934 644948 644872 644960 644910 644888 644918 644892 644892 644886 644880 644828 644794 644774 644856 644850 644930 644810 644808 644834 644820 644814 644768 644762 644768 644772 644838 644884 644804 644766 644768 644794 644798 644718 644744 644732 644746 644780 644746 644748 644756 644760 644734 644762 644760 644764 644774 644728 644720 644708 644718 644790 644702 644742 644736 644726 644700 644706 644694 644666 644666 644692 644774 644666 644660 644682 644688 644698 644682 644688 644678 644674 644642 644666 644658 644664 644640 644632 644648 644656 644672 644604 644638 644666 644820 644836 644714 644666 644672 644636 644630 644638 644600 644618 644618 644630 644632 644604 644630 644620 644600 644602 644592 644582 644670 644792 644756 644704 644714 644614 644586 644566 644602 644596 644578 644588 644542 644578 644672 644656 644634 644550 644578 644552 
0 0 642669 0 0 0 642685 0 0 0 0 0 0 0 0 0 0 642589 0 0 0 0 0 0 0 0 0 0 0 0 0 0 0 0 0 0 642513 0 0 642589 0 0 0 0 0 0 0 0 0 0 0 0 0 0 0 0 0 0 0 0 0 0 0 0 0 0 642579 0 0 0 0 0 0 0 0 0 642373 0 642445 0 642675 0 0 0 0 0 0 642651 0 0 642325 0 0 0 0 0 0 0 0 0 0 0 0 0 0 0 0 0 642627 0 0 0 0 0 0 0 0 0 0 0 0 0 642579 642603 0 0 0 0 
0 0 642611 642611 0 0 642611 0 0 0 0 0 0 0 0 642541 0 642541 0 0 642509 0 0 642573 0 0 0 0 642517 0 0 0 642487 0 642507 0 642469 642445 642469 642541 642589 0 0 642461 0 642497 0 0 0 0 0 0 0 0 642469 642423 642415 0 0 0 0 0 0 642421 642517 642517 642509 0 0 0 0 0 0 0 0 0 642325 0 642397 642469 642605 0 0 0 0 642397 642469 642581 0 0 642347 0 0 0 0 0 0 0 0 0 0 642343 0 0 0 0 0 0 642557 0 0 642313 0 0 0 0 0 0 0 0 642349 0 642509 642533 0 0 0 0 
0 0 645116 645154 645122 645106 645010 645132 0 0 645138 645116 0 0 0 645060 0 644926 0 0 645040 0 0 645080 0 645002 0 0 644920 644924 0 0 645012 0 645014 0 644950 644870 644896 644884 644898 0 644884 644980 0 645006 0 0 0 0 0 0 0 0 644870 644948 644934 0 0 0 0 0 0 644818 644818 644844 644790 0 0 644928 0 0 0 0 0 0 644794 0 644810 644816 644754 0 0 0 644918 644756 644790 644754 0 644850 644872 0 0 644844 0 0 0 644864 0 0 0 644850 0 0 0 0 0 0 644734 0 644818 644838 0 644822 644832 0 0 0 0 644742 644694 644692 644688 644696 644792 0 0 644798 
0 0 645089 645089 645113 645113 645027 645041 0 0 645113 645117 0 0 0 645005 0 645005 0 0 644961 0 0 645087 0 645021 0 0 644999 645003 0 0 644933 0 645021 0 644997 644949 644975 644963 644977 0 644901 644925 0 644985 0 0 0 0 0 0 0 0 644949 644869 644879 0 0 0 0 0 0 644897 644897 644923 644783 0 0 644935 0 0 0 0 0 0 644853 0 644889 644895 644747 0 0 0 644925 644835 644869 644747 0 644771 644793 0 0 644765 0 0 0 644871 0 0 0 644857 0 0 0 0 0 0 644727 0 644739 644759 0 644743 644811 0 0 0 0 644781 644773 644685 644681 644689 644713 0 0 644805 
0 0 0 0 0 0 642668 0 0 0 0 0 0 0 0 0 0 0 0 0 0 0 0 0 0 0 0 0 0 0 0 0 0 0 0 0 0 0 0 0 0 0 0 0 0 0 0 0 0 0 0 0 0 0 0 0 0 0 0 0 0 0 0 0 0 0 642580 0 0 0 0 0 0 0 0 0 642358 0 0 0 642668 0 0 0 0 0 0 0 0 0 642408 0 0 0 0 0 0 0 0 0 0 0 0 0 0 0 0 0 0 0 0 0 0 0 0 0 0 0 0 0 0 0 0 0 0 0 0 0 
0 0 640810 640843 0 0 640704 640864 0 0 0 0 0 0 0 640770 0 640606 0 0 640853 0 0 640774 0 0 0 0 640600 0 0 0 640742 0 640710 0 640630 640550 640576 640564 640578 0 0 640685 0 640702 0 0 0 0 0 0 0 0 640550 640726 640616 0 0 0 0 0 0 640498 640498 640524 640600 0 0 0 0 0 0 0 0 0 640474 0 640490 640496 640468 0 0 0 0 640436 640470 640492 0 0 640615 0 0 0 0 0 0 0 0 0 0 640539 0 0 0 0 0 0 640496 0 640678 640600 0 640468 640454 0 0 0 0 0 640374 640406 640498 640482 0 0 0 0 
0 0 645083 645121 645099 645083 644977 645099 645141 645119 645115 645117 0 0 0 645059 644947 644927 0 0 645039 0 0 645113 0 645003 0 0 644921 644925 0 644993 645011 0 645047 0 644951 644871 644897 644885 644899 0 644851 644979 644963 645015 644989 645041 0 0 644995 0 644873 644861 644871 644947 644933 0 645015 0 0 0 644973 644819 644819 644845 644757 0 0 644961 0 644977 644961 0 0 644949 644795 644819 644811 644817 644721 644863 644927 0 644951 644757 644791 644721 644833 644849 644871 0 0 644843 644885 0 0 644897 0 0 0 644883 644851 644861 0 0 0 644735 644701 644805 644817 644837 644847 644821 644841 644845 0 644875 644857 644743 644695 644659 644655 644663 644791 644805 644857 644831 
0 0 645071 645109 645089 645073 644965 645063 645135 645153 645105 645083 0 0 0 645117 644913 644893 0 0 645021 0 0 645131 0 644969 0 0 644887 644891 0 645027 645045 0 645083 0 644917 644837 644863 644851 644865 0 644839 645037 644997 645075 645049 645077 0 0 644961 0 644839 644827 644837 644981 644991 0 645051 0 0 0 644987 644785 644785 644811 644721 0 0 644997 0 645013 644997 0 0 644917 644761 644785 644777 644783 644685 644921 644963 0 644987 644723 644757 644685 644867 644883 644905 0 0 644877 644945 0 0 644933 0 0 0 644891 644817 644827 0 0 0 644701 644665 644839 644851 644871 644881 644855 644901 644881 0 644911 644893 644709 644661 644623 644619 644627 644825 644865 644893 644867 
0 0 641350 641369 641358 641350 641250 641370 0 0 641366 641366 0 0 0 641378 0 641223 0 0 641342 0 0 641377 0 641309 0 0 641229 641197 0 0 641378 0 641353 0 641283 641215 641229 641181 641171 0 641124 641378 0 641378 0 0 0 0 0 0 0 0 641203 641366 641378 0 0 0 0 0 0 641175 641127 641153 641090 0 0 641353 0 0 0 0 0 0 641199 0 641179 641149 640994 0 0 0 641365 641125 641123 641018 0 641294 641366 0 0 641378 0 0 0 641329 0 0 0 641257 0 0 0 0 0 0 641010 0 641318 641354 0 641378 641378 0 0 0 0 641179 641087 640932 640988 640984 641366 0 0 641341 
0 0 645081 645119 645119 645103 644975 645073 0 0 645135 645137 0 0 0 645053 0 644957 0 0 645009 0 0 645129 0 645033 0 0 644951 644945 0 0 644981 0 645073 0 644981 644901 644927 644915 644919 0 644849 644973 0 645031 0 0 0 0 0 0 0 0 644901 644917 644927 0 0 0 0 0 0 644849 644849 644875 644731 0 0 644987 0 0 0 0 0 0 644825 0 644841 644847 644695 0 0 0 644977 644787 644821 644695 0 644819 644841 0 0 644813 0 0 0 644923 0 0 0 644909 0 0 0 0 0 0 644675 0 644787 644807 0 644791 644857 0 0 0 0 644773 644725 644633 644629 644637 644761 0 0 644857 
644928 644928 644952 644928 644974 644976 644890 644878 644902 644880 644958 644970 644990 644988 644982 644820 644970 644926 644800 644794 644776 644754 644886 644912 644990 644988 644990 644990 644944 644876 644782 644730 644748 644806 644894 644896 644990 644966 644968 644884 644850 644750 644764 644740 644700 644800 644774 644864 644934 644962 644972 644990 644990 644956 644942 644684 644694 644844 644838 644876 644922 644928 644916 644938 644842 644868 644646 644792 644786 644808 644862 644872 644880 644886 644900 644944 644990 644986 644954 644888 644610 644624 644726 644758 644774 644900 644862 644610 644570 644586 644608 644584 644590 644580 644670 644716 644726 644792 644840 644828 644902 644922 644972 644962 644990 644990 644960 644878 644590 644542 644554 644574 644584 644558 644626 644692 644776 644770 644848 644966 644886 644548 644544 644552 644528 644590 644656 644702 
645089 645097 645114 645131 645134 645126 645061 645106 645118 645107 645142 645155 645155 645158 645161 645077 645118 645108 645016 645013 645055 645044 645115 645128 645143 645146 645105 645102 645105 645059 645007 645032 645041 645070 645143 645132 645120 645080 645093 645087 645046 644991 644998 645037 645017 645067 645054 645116 645139 645141 645142 645085 645081 645075 645080 645009 645014 645106 645103 645122 645109 645112 645106 645054 645054 645067 644939 645092 645089 645100 645103 645108 645100 645103 645098 645096 645042 645054 645050 645053 644921 644979 645035 645063 645071 645023 645040 644921 644952 644960 644971 644959 644962 644957 645002 645030 645059 645068 645068 645074 645075 645061 645070 645069 645021 645022 645017 645012 644911 644938 644944 644954 644959 644946 644980 645042 645060 645057 645048 645016 644992 644890 644888 644892 644931 644962 645000 645035 
645102 645110 645127 645142 645147 645139 645074 645117 645129 645118 645155 645168 645168 645171 645174 645088 645107 645097 645029 645026 645066 645055 645126 645139 645132 645135 645094 645091 645094 645072 645020 645043 645052 645081 645130 645143 645109 645069 645082 645076 645059 645004 645011 645048 645028 645078 645065 645127 645126 645128 645131 645074 645070 645064 645069 645020 645025 645117 645114 645109 645096 645099 645093 645043 645043 645056 644952 645079 645076 645087 645090 645095 645087 645090 645085 645083 645031 645043 645039 645042 644934 644990 645046 645074 645082 645012 645029 644934 644963 644971 644982 644970 644973 644968 645013 645041 645046 645055 645055 645061 645062 645048 645059 645056 645010 645011 645006 645001 644924 644949 644955 644965 644970 644957 644991 645029 645047 645044 645035 645005 644981 644903 644901 644905 644942 644973 645011 645022 
0 0 642578 642578 0 0 642578 0 0 0 0 0 0 0 0 642578 0 642482 0 0 642522 0 0 642530 0 0 0 0 642458 0 0 0 642594 0 642482 0 642410 642386 642410 642482 642530 0 0 642540 0 642552 0 0 0 0 0 0 0 0 642410 642548 642494 0 0 0 0 0 0 642362 642458 642458 642522 0 0 0 0 0 0 0 0 0 642266 0 642338 642410 642600 0 0 0 0 642338 642410 642594 0 0 642472 0 0 0 0 0 0 0 0 0 0 642290 0 0 0 0 0 0 642570 0 0 642438 0 0 0 0 0 0 0 0 642290 0 642522 642546 0 0 0 0 
0 0 642260 642222 642268 642284 642212 642172 0 0 642252 642274 0 0 0 642114 642373 642306 0 0 642070 0 0 642216 0 642375 0 0 642347 642208 0 0 642042 0 642246 0 642407 642373 642387 642264 642182 0 642086 642034 641994 642094 0 0 0 0 0 0 0 0 642361 641978 641988 0 0 0 0 0 0 642333 642245 642271 641968 0 0 642160 0 0 0 0 0 0 642318 0 642337 642307 641932 0 0 0 642102 642283 642281 641932 0 641880 641902 0 0 641870 0 0 0 642179 0 0 0 642242 0 0 0 0 0 642261 641912 0 641848 641868 0 641837 641915 0 0 0 0 642232 642234 641870 641866 641874 641816 641861 0 642077 
0 0 644893 0 0 0 644963 0 0 0 0 0 0 0 0 0 0 645013 0 0 0 0 0 0 0 0 0 0 0 0 0 0 0 0 0 0 644908 0 0 644998 0 0 0 0 0 0 0 0 0 0 0 0 0 0 0 0 0 0 0 0 0 0 0 0 0 0 644788 0 0 0 0 0 0 0 0 0 644776 0 644881 0 644752 0 0 0 0 0 0 644752 0 0 644535 0 0 0 0 0 0 0 0 0 0 0 0 0 0 0 0 0 644732 0 0 0 0 0 0 0 0 0 0 0 0 0 644686 644694 0 0 0 0 
644953 644937 644903 644865 644863 644879 645009 644900 644839 644817 644847 644821 644821 644815 644809 644757 644847 644915 645062 645059 644873 644739 644737 644763 644749 644743 644729 644735 644873 644972 645053 644827 644733 644695 644697 644723 644747 644779 644801 644928 644959 645008 644974 644677 644685 644689 644663 644691 644689 644693 644703 644673 644729 644789 644827 644742 644631 644671 644665 644655 644629 644635 644623 644783 644883 644896 645016 644595 644589 644611 644617 644627 644611 644617 644607 644603 644615 644687 644743 644858 644868 644561 644577 644585 644601 644786 644845 644905 644667 644683 644666 644606 644612 644565 644559 644567 644529 644547 644547 644559 644561 644533 644559 644549 644561 644607 644665 644781 644921 644639 644651 644666 644676 644543 644515 644495 644531 644525 644507 644523 644737 644806 644914 644917 644586 644479 644507 644481 
645049 645033 644999 644961 644959 644975 645104 644995 644935 644913 644943 644917 644917 644911 644905 644853 644943 645009 645144 645138 644893 644835 644833 644859 644845 644839 644825 644831 644969 645050 645126 644847 644829 644791 644793 644819 644843 644875 644897 645010 645024 645058 645024 644773 644781 644785 644759 644787 644785 644789 644799 644769 644825 644885 644923 644801 644727 644767 644761 644751 644725 644731 644719 644879 644944 644970 644990 644691 644685 644707 644713 644723 644707 644713 644703 644699 644711 644783 644839 644942 644918 644657 644673 644681 644697 644872 644916 644954 644687 644703 644725 644701 644707 644661 644655 644663 644625 644643 644643 644655 644657 644629 644655 644645 644657 644703 644761 644860 644934 644659 644671 644691 644701 644639 644611 644591 644627 644621 644603 644619 644820 644856 644888 644896 644645 644575 644603 644577 
0 0 644859 644895 0 0 644700 0 0 0 0 0 0 0 0 644795 0 644553 0 0 645059 0 0 644797 0 0 0 0 644544 0 0 0 644759 0 644705 0 644589 644469 644508 644490 644511 0 0 644675 0 644693 0 0 0 0 0 0 0 0 644469 644807 644606 0 0 0 0 0 0 644391 644391 644430 644682 0 0 0 0 0 0 0 0 0 644355 0 644379 644388 644352 0 0 0 0 644298 644349 644424 0 0 644693 0 0 0 0 0 0 0 0 0 0 644447 0 0 0 0 0 0 644466 0 0 644714 0 0 0 0 0 0 0 0 644205 0 644529 644481 0 0 0 0 
644731 644747 644745 644783 644737 644721 644639 644797 644809 644831 644753 644731 644683 644689 644695 644891 644561 644541 644609 644603 644827 644923 644815 644789 644611 644617 644535 644529 644535 644539 644591 644873 644917 644891 644759 644781 644565 644485 644511 644499 644513 644535 644513 644873 644869 644885 644859 644813 644671 644619 644609 644495 644487 644475 644485 644901 644827 644833 644839 644753 644635 644629 644641 644433 644433 644459 644527 644791 644785 644807 644743 644733 644701 644695 644657 644565 644409 644433 644425 644431 644395 644757 644773 644781 644797 644371 644405 644419 644927 644921 644825 644777 644783 644749 644755 644763 644725 644743 644717 644747 644607 644539 644465 644475 644367 644369 644359 644349 644423 644903 644867 644815 644825 644727 644711 644691 644727 644721 644661 644357 644309 644333 644425 644409 644745 644675 644703 644677 
644763 644779 644789 644827 644805 644789 644683 644829 644853 644875 644821 644823 644797 644803 644809 644899 644675 644655 644641 644635 644859 644857 644901 644881 644725 644731 644649 644643 644649 644631 644623 644901 644851 644861 644873 644895 644679 644599 644625 644613 644605 644567 644557 644819 644803 644855 644829 644899 644785 644733 644723 644609 644601 644589 644599 644835 644773 644883 644877 644851 644749 644743 644755 644547 644547 644573 644559 644807 644801 644823 644827 644827 644803 644803 644771 644679 644523 644547 644539 644545 644427 644703 644767 644797 644813 644485 644519 644451 644865 644881 644759 644711 644717 644683 644725 644757 644741 644759 644759 644771 644721 644653 644579 644589 644481 644483 644473 644463 644455 644837 644801 644749 644759 644661 644681 644707 644743 644737 644719 644471 644423 644365 644457 644441 644679 644645 644697 644693 
0 0 645055 645093 0 0 644949 0 0 0 0 0 0 0 0 645109 0 644901 0 0 645005 0 0 645149 0 0 0 0 644895 0 0 0 645037 0 645099 0 644925 644845 644871 644859 644873 0 0 645029 0 645081 0 0 0 0 0 0 0 0 644845 644973 644983 0 0 0 0 0 0 644793 644793 644819 644705 0 0 0 0 0 0 0 0 0 644769 0 644785 644791 644669 0 0 0 0 644731 644765 644669 0 0 644897 0 0 0 0 0 0 0 0 0 0 644899 0 0 0 0 0 0 644649 0 0 644863 0 0 0 0 0 0 0 0 644669 0 644603 644611 0 0 0 0 
645085 645093 645110 645111 645130 645122 645057 645086 645098 645087 645126 645137 645151 645154 645155 645057 645138 645104 645012 645009 645035 645024 645095 645108 645163 645166 645125 645122 645125 645055 645003 645012 645021 645050 645123 645112 645140 645100 645113 645083 645042 644987 644994 645017 644997 645047 645034 645096 645143 645145 645150 645105 645101 645095 645100 644989 644994 645086 645083 645126 645113 645116 645110 645074 645074 645087 644935 645072 645069 645080 645107 645112 645104 645107 645102 645100 645062 645074 645070 645073 644917 644959 645015 645043 645051 645043 645060 644917 644932 644940 644951 644939 644942 644937 644982 645010 645039 645072 645072 645078 645079 645065 645078 645073 645041 645042 645037 645032 644907 644918 644924 644934 644939 644926 644960 645022 645064 645061 645052 645036 645012 644886 644884 644888 644911 644942 644980 645039 
0 0 643903 643922 643923 643915 643799 643899 0 0 643931 643944 0 0 0 643845 0 643845 0 0 643861 0 0 643923 0 643961 0 0 643875 643771 0 0 643785 0 643929 0 643931 643863 643877 643803 643745 0 643673 643765 0 643813 0 0 0 0 0 0 0 0 643851 643745 643719 0 0 0 0 0 0 643823 643773 643799 643615 0 0 643843 0 0 0 0 0 0 643807 0 643823 643797 643531 0 0 0 643797 643769 643771 643543 0 643719 643669 0 0 643617 0 0 0 643829 0 0 0 643859 0 0 0 0 0 0 643535 0 643663 643647 0 643595 643639 0 0 0 0 643755 643707 643469 643513 643509 643589 0 0 643749 
645062 645070 645081 645062 645085 645093 645034 645037 645049 645038 645077 645088 645112 645109 645106 645008 645115 645081 644989 644986 644986 644975 645046 645059 645148 645145 645174 645171 645102 645032 644980 644963 644972 645001 645074 645063 645165 645149 645138 645060 645019 644964 644971 644968 644948 644998 644985 645047 645118 645144 645149 645154 645150 645144 645125 644940 644945 645037 645034 645077 645136 645139 645133 645123 645051 645064 644912 645023 645020 645031 645082 645087 645103 645106 645125 645123 645111 645123 645119 645098 644894 644910 644966 644994 645002 645092 645085 644894 644883 644891 644902 644890 644893 644888 644933 644961 644990 645047 645095 645077 645102 645088 645101 645096 645090 645091 645086 645081 644884 644869 644875 644885 644890 644877 644911 644973 645039 645036 645075 645083 645061 644863 644861 644865 644862 644893 644931 644990 
645060 645052 645059 645040 645063 645071 645032 645015 645027 645016 645055 645066 645090 645087 645084 644986 645113 645079 644987 644984 644964 644953 645024 645037 645126 645123 645164 645167 645100 645030 644978 644941 644950 644979 645052 645041 645149 645147 645136 645058 645017 644962 644969 644946 644926 644976 644963 645025 645096 645122 645127 645160 645172 645142 645123 644918 644923 645015 645012 645055 645114 645117 645111 645145 645049 645062 644910 645001 644998 645009 645060 645065 645081 645084 645103 645125 645131 645145 645141 645096 644892 644888 644944 644972 644980 645114 645083 644892 644861 644869 644880 644868 644871 644866 644911 644939 644968 645025 645073 645055 645104 645090 645103 645098 645104 645113 645108 645103 644882 644847 644853 644863 644868 644855 644889 644951 645017 645014 645077 645085 645083 644861 644859 644863 644840 644871 644909 644968 
0 0 643966 643928 0 0 644056 0 0 0 0 0 0 0 0 643820 0 644054 0 0 643896 0 0 643874 0 0 0 0 644056 0 0 0 643772 0 643856 0 643948 643980 644002 644012 643978 0 0 643740 0 643776 0 0 0 0 0 0 0 0 644028 643756 643694 0 0 0 0 0 0 643984 643970 643996 643932 0 0 0 0 0 0 0 0 0 643816 0 643944 643986 643800 0 0 0 0 643926 643960 643824 0 0 643680 0 0 0 0 0 0 0 0 0 0 643734 0 0 0 0 0 0 643828 0 0 643670 0 0 0 0 0 0 0 0 643864 0 643830 643814 0 0 0 0 
0 0 640984 640984 640984 640984 640984 640984 0 0 640984 640984 0 0 0 640984 0 640984 0 0 640984 0 0 640984 0 640984 0 0 640984 640984 0 0 640984 0 640984 0 640984 640984 640984 640984 640984 0 640984 640984 0 640984 0 0 0 0 0 0 0 0 640984 640984 640984 0 0 0 0 0 0 640984 640984 640984 640984 0 0 640984 0 0 0 0 0 0 640984 0 640984 640984 640929 0 0 0 640984 640984 640984 640941 0 640984 640984 0 0 640964 0 0 0 640984 0 0 0 640984 0 0 0 0 0 0 640943 0 640984 640984 0 640953 640963 0 0 0 0 640984 640984 640898 640944 640936 640962 0 0 640984 
644999 644983 644949 644911 644909 644925 645055 644921 644885 644863 644893 644867 644867 644861 644855 644803 644893 644961 645084 645081 644837 644785 644783 644809 644795 644789 644775 644781 644919 645019 645075 644791 644779 644741 644743 644769 644793 644825 644847 644975 645006 645059 645025 644723 644731 644735 644709 644737 644735 644739 644749 644719 644775 644835 644873 644739 644677 644717 644711 644701 644675 644681 644669 644829 644930 644943 644985 644641 644635 644657 644663 644673 644657 644663 644653 644649 644661 644733 644789 644905 644919 644607 644623 644631 644647 644839 644892 644931 644631 644647 644663 644627 644633 644611 644605 644613 644575 644593 644593 644605 644607 644579 644605 644595 644607 644653 644711 644828 644923 644603 644615 644635 644645 644589 644561 644541 644577 644571 644553 644569 644784 644857 644883 644891 644583 644525 644553 644527 
644807 644823 644809 644847 644801 644785 644703 644897 644873 644883 644817 644795 644747 644753 644759 644859 644625 644605 644709 644703 644999 644862 644825 644835 644675 644681 644599 644593 644599 644603 644691 644994 644859 644816 644781 644806 644629 644549 644575 644563 644577 644611 644577 644819 644835 644813 644800 644790 644735 644683 644673 644559 644551 644539 644549 644899 644791 644780 644777 644748 644691 644691 644691 644497 644497 644523 644699 644730 644727 644738 644717 644722 644702 644705 644688 644629 644473 644497 644489 644495 644471 644721 644737 644737 644745 644435 644469 644519 644951 644959 644849 644777 644783 644725 644719 644727 644689 644682 644658 644676 644641 644595 644529 644539 644431 644433 644423 644413 644547 644937 644943 644863 644873 644703 644675 644655 644674 644671 644614 644421 644373 644409 644597 644557 644769 644639 644667 644641 
0 0 642587 642587 0 0 642587 0 0 0 0 0 0 0 0 642587 0 642491 0 0 642509 0 0 642539 0 0 0 0 642467 0 0 0 642603 0 642491 0 642419 642395 642419 642491 642539 0 0 642567 0 642563 0 0 0 0 0 0 0 0 642419 642553 642521 0 0 0 0 0 0 642371 642467 642467 642509 0 0 0 0 0 0 0 0 0 642275 0 642347 642419 642603 0 0 0 0 642347 642419 642581 0 0 642477 0 0 0 0 0 0 0 0 0 0 642299 0 0 0 0 0 0 642557 0 0 642443 0 0 0 0 0 0 0 0 642299 0 642509 642533 0 0 0 0 
645025 645033 645050 645069 645070 645062 644997 645046 645082 645093 645078 645091 645067 645070 645073 645123 645006 644996 644952 644949 645025 645132 645133 645120 645031 645034 644993 644990 644993 644995 644943 645048 645135 645154 645105 645116 645008 644968 644981 644975 644982 644927 644934 645149 645129 645157 645166 645132 645061 645035 645030 644973 644969 644963 644968 645119 645126 645142 645145 645102 645043 645040 645046 644942 644942 644955 644875 645156 645153 645148 645097 645092 645076 645073 645054 645008 644930 644942 644938 644941 644857 645091 645147 645151 645159 644911 644928 644857 645032 645024 645083 645071 645074 645069 645114 645142 645123 645132 645084 645102 645029 644995 644958 644963 644909 644910 644905 644900 644847 645046 645056 645066 645071 645058 645092 645106 645124 645121 645056 644904 644880 644826 644824 644828 645043 645074 645112 645099 
0 0 643480 0 0 0 643374 0 0 0 0 0 0 0 0 0 0 643520 0 0 0 0 0 0 0 0 0 0 0 0 0 0 0 0 643708 0 643572 0 0 643478 0 0 0 0 0 0 0 0 0 0 0 0 0 0 0 0 0 0 0 0 0 0 0 0 0 0 643010 0 0 0 0 0 0 0 0 0 643400 0 643432 0 643070 0 0 0 0 0 0 643046 0 0 643070 0 0 0 0 0 0 0 0 0 0 0 0 0 0 0 0 0 643002 0 0 0 0 0 0 0 0 0 0 0 0 0 642908 642940 0 0 0 0 
644955 644971 645005 645043 645045 645029 644899 644997 645069 645087 645061 645087 645069 645075 645081 645069 644961 644941 644809 644803 644955 645003 645135 645135 645011 645017 644935 644929 644935 644895 644791 644967 644997 645055 645131 645141 644965 644885 644911 644899 644869 644759 644773 644989 644949 645049 645023 645129 645071 645019 645009 644895 644887 644875 644885 644933 644943 645109 645103 645107 645035 645029 645035 644833 644833 644859 644655 645047 645041 645063 645069 645079 645059 645059 645035 644965 644809 644833 644825 644831 644619 644873 644985 645023 645039 644771 644805 644619 644819 644835 644857 644833 644839 644829 644919 644975 644981 644999 644999 645011 644987 644939 644865 644875 644767 644769 644759 644749 644599 644791 644803 644823 644833 644807 644875 644947 644983 644977 644959 644757 644709 644557 644553 644561 644777 644839 644915 644933 
0 0 0 0 0 0 644746 0 0 0 0 0 0 0 0 0 0 0 0 0 0 0 0 0 0 0 0 0 0 0 0 0 0 0 0 0 645064 0 0 0 0 0 0 0 0 0 0 0 0 0 0 0 0 0 0 0 0 0 0 0 0 0 0 0 0 0 644258 0 0 0 0 0 0 0 0 0 644826 0 0 0 644186 0 0 0 0 0 0 0 0 0 644082 0 0 0 0 0 0 0 0 0 0 0 0 0 0 0 0 0 0 0 0 0 0 0 0 0 0 0 0 0 0 0 0 0 0 0 0 0 
0 0 644991 644953 0 0 644995 0 0 0 0 0 0 0 0 644845 0 645061 0 0 644801 0 0 644947 0 0 0 0 645079 0 0 0 644773 0 644949 0 645071 645101 645103 645019 644965 0 0 644765 0 644825 0 0 0 0 0 0 0 0 645077 644709 644719 0 0 0 0 0 0 645057 644977 645003 644751 0 0 0 0 0 0 0 0 0 644971 0 645049 645023 644715 0 0 0 0 644995 644997 644715 0 0 644633 0 0 0 0 0 0 0 0 0 0 644889 0 0 0 0 0 0 644695 0 0 644599 0 0 0 0 0 0 0 0 644933 0 644649 644657 0 0 0 0 
0 0 644880 644842 0 0 644958 0 0 0 0 0 0 0 0 644734 0 645052 0 0 644690 0 0 644836 0 0 0 0 645088 0 0 0 644662 0 644866 0 645038 645094 645092 645010 644928 0 0 644654 0 644714 0 0 0 0 0 0 0 0 645114 644598 644608 0 0 0 0 0 0 645114 644992 645018 644714 0 0 0 0 0 0 0 0 0 645008 0 645106 645064 644678 0 0 0 0 645076 645038 644678 0 0 644522 0 0 0 0 0 0 0 0 0 0 644926 0 0 0 0 0 0 644658 0 0 644488 0 0 0 0 0 0 0 0 645044 0 644612 644620 0 0 0 0 
0 0 0 0 0 0 643176 0 0 0 0 0 0 0 0 0 0 0 0 0 0 0 0 0 0 0 0 0 0 0 0 0 0 0 0 0 643169 0 0 643188 0 0 0 0 0 0 0 0 0 0 0 0 0 0 0 0 0 0 0 0 0 0 0 0 0 0 643110 0 0 0 0 0 0 0 0 0 643097 0 0 0 643107 0 0 0 0 0 0 0 0 0 643140 0 0 0 0 0 0 0 0 0 0 0 0 0 0 0 0 0 0 0 0 0 0 0 0 0 0 0 0 0 0 0 0 0 0 0 0 0 
0 0 644837 644799 0 0 644943 0 0 0 0 0 0 0 0 644691 0 644945 0 0 644653 0 0 644745 0 0 0 0 644927 0 0 0 644625 0 644727 0 644849 644905 644903 644987 645021 0 0 644611 0 644647 0 0 0 0 0 0 0 0 644929 644561 644565 0 0 0 0 0 0 644933 645029 645003 644939 0 0 0 0 0 0 0 0 0 644783 0 644911 644983 644903 0 0 0 0 644965 645009 644903 0 0 644485 0 0 0 0 0 0 0 0 0 0 644701 0 0 0 0 0 0 644883 0 0 644451 0 0 0 0 0 0 0 0 644931 0 644837 644845 0 0 0 0 
644952 644936 644902 644864 644862 644878 644985 644897 644838 644816 644846 644820 644820 644814 644808 644756 644844 644890 645041 645044 644818 644738 644736 644762 644748 644742 644728 644734 644857 644963 645050 644772 644732 644694 644696 644722 644746 644774 644797 644911 644976 645043 645009 644676 644684 644688 644662 644690 644688 644692 644702 644672 644728 644779 644810 644715 644630 644670 644664 644654 644628 644634 644622 644764 644908 644895 644997 644594 644588 644610 644616 644626 644610 644616 644606 644602 644614 644686 644732 644837 644903 644560 644576 644584 644600 644759 644850 644938 644612 644628 644639 644603 644609 644564 644558 644566 644528 644546 644546 644558 644560 644532 644558 644548 644560 644606 644657 644770 644930 644584 644596 644616 644626 644542 644514 644494 644530 644524 644506 644522 644718 644841 644895 644903 644559 644478 644506 644480 
0 0 635928 635890 635912 635928 636034 635865 0 0 635896 635894 0 0 0 635782 0 636036 0 0 635781 0 0 635836 0 635912 0 0 636018 636061 0 0 635723 0 635818 0 635940 635996 635994 636057 636074 0 636088 635702 0 635738 0 0 0 0 0 0 0 0 636020 635683 635656 0 0 0 0 0 0 636024 636078 636065 636011 0 0 635732 0 0 0 0 0 0 635952 0 636008 636055 636077 0 0 0 635698 636049 636068 636065 0 635591 635607 0 0 635555 0 0 0 635716 0 0 0 635846 0 0 0 0 0 0 636053 0 635559 635579 0 635533 635564 0 0 0 0 635932 636056 636077 636011 636035 635527 0 0 635626 
0 0 642597 642597 0 0 642597 0 0 0 0 0 0 0 0 642597 0 642501 0 0 642511 0 0 642549 0 0 0 0 642477 0 0 0 642601 0 642501 0 642429 642405 642429 642501 642549 0 0 642597 0 642573 0 0 0 0 0 0 0 0 642429 642559 642587 0 0 0 0 0 0 642381 642477 642477 642511 0 0 0 0 0 0 0 0 0 642285 0 642357 642429 642601 0 0 0 0 642357 642429 642583 0 0 642535 0 0 0 0 0 0 0 0 0 0 642309 0 0 0 0 0 0 642559 0 0 642501 0 0 0 0 0 0 0 0 642309 0 642511 642535 0 0 0 0 
0 0 640698 640736 640694 640678 640592 640738 0 0 640710 640688 0 0 0 640844 640518 640498 0 0 640768 0 0 640746 0 640574 0 0 640492 640496 0 0 640892 0 640716 0 640522 640442 640468 640456 640470 0 640466 640924 640940 640868 0 0 0 0 0 0 0 0 640442 640908 640932 0 0 0 0 0 0 640390 640390 640416 640468 0 0 640802 0 0 0 0 0 0 640366 0 640382 640388 640336 0 0 0 640860 640328 640362 640360 0 640862 640918 0 0 640806 0 0 0 640770 0 0 0 640496 0 0 0 0 0 640306 640364 0 640941 640905 0 640773 640783 0 0 0 0 640314 640266 640274 640366 640350 640800 640729 0 640780 
0 0 642530 642530 0 0 642530 0 0 0 0 0 0 0 0 642530 0 642442 0 0 642412 0 0 642490 0 0 0 0 642418 0 0 0 642508 0 642442 0 642370 642346 642370 642442 642490 0 0 642530 0 642514 0 0 0 0 0 0 0 0 642370 642460 642492 0 0 0 0 0 0 642322 642418 642418 642412 0 0 0 0 0 0 0 0 0 642226 0 642298 642370 642508 0 0 0 0 642298 642370 642484 0 0 642408 0 0 0 0 0 0 0 0 0 0 642250 0 0 0 0 0 0 642460 0 0 642374 0 0 0 0 0 0 0 0 642250 0 642412 642436 0 0 0 0 
0 0 643757 643795 643785 643769 643651 643773 643821 643843 643801 643813 0 0 0 643903 643647 643627 0 0 643767 0 0 643871 0 643703 0 0 643621 643621 0 643813 643939 0 643845 0 643651 643571 643597 643585 643595 0 643525 643983 643975 643959 643985 643899 0 0 643695 0 643573 643561 643571 643931 643975 0 643925 0 0 0 643727 643519 643519 643545 643467 0 0 643931 0 643819 643787 0 0 643651 643495 643519 643511 643517 643383 643905 643991 0 643989 643457 643491 643395 643829 643813 643925 0 0 643873 643939 0 0 643899 0 0 0 643625 643551 643561 0 0 0 643435 643387 643857 643903 643903 643913 643851 643895 643913 0 643917 643747 643443 643395 643321 643365 643361 643845 643859 643921 643899 
0 0 645003 645041 645039 645023 644897 644995 645067 645089 645055 645057 0 0 0 645111 644909 644889 0 0 644953 0 0 645115 0 644965 0 0 644883 644865 0 644991 645049 0 645105 0 644913 644833 644859 644847 644839 0 644771 645041 645001 645097 645071 645129 0 0 644957 0 644835 644823 644833 644985 644995 0 645119 0 0 0 644989 644781 644781 644807 644653 0 0 645065 0 645057 645033 0 0 644913 644757 644781 644773 644779 644617 644925 645009 0 645055 644719 644753 644617 644871 644887 644909 0 0 644881 644967 0 0 645001 0 0 0 644887 644813 644823 0 0 0 644697 644597 644843 644855 644875 644885 644859 644923 644949 0 644979 644961 644705 644657 644555 644551 644559 644829 644887 644939 644935 
645058 645066 645083 645102 645103 645095 645030 645079 645115 645114 645111 645124 645124 645127 645130 645084 645111 645077 644985 644982 645058 645051 645122 645135 645136 645139 645098 645095 645098 645028 644976 645039 645048 645077 645150 645139 645113 645073 645086 645056 645015 644960 644967 645044 645024 645074 645061 645123 645166 645140 645135 645078 645074 645068 645073 645016 645021 645113 645110 645153 645140 645143 645137 645047 645047 645060 644908 645099 645096 645107 645134 645139 645131 645134 645129 645113 645035 645047 645043 645046 644890 644986 645042 645070 645078 645016 645033 644890 644959 644967 644978 644966 644969 644964 645009 645037 645066 645099 645099 645105 645106 645092 645063 645068 645014 645015 645010 645005 644880 644945 644951 644961 644966 644953 644987 645049 645091 645088 645079 645009 644985 644859 644857 644861 644938 644969 645007 645066 
645044 645052 645069 645088 645089 645081 645016 645065 645091 645080 645097 645110 645110 645113 645116 645050 645097 645063 644971 644968 645028 645017 645088 645101 645146 645149 645132 645129 645084 645014 644962 645005 645014 645043 645116 645105 645147 645107 645120 645042 645001 644946 644953 645010 644990 645040 645027 645089 645160 645174 645169 645112 645108 645102 645107 644982 644987 645079 645076 645119 645154 645157 645151 645081 645033 645046 644894 645065 645062 645073 645124 645129 645145 645148 645143 645141 645069 645081 645077 645080 644876 644952 645008 645036 645044 645050 645067 644876 644925 644933 644944 644932 644935 644930 644975 645003 645032 645089 645113 645119 645120 645106 645097 645102 645048 645049 645044 645039 644866 644911 644917 644927 644932 644919 644953 645015 645081 645078 645093 645043 645019 644845 644843 644847 644904 644935 644973 645032 
0 0 643745 643757 643769 643757 643639 643733 643756 643745 643769 643781 0 0 0 643715 643741 643685 0 0 643693 0 0 643766 0 643829 0 0 643715 643611 0 643670 643679 0 643781 0 643817 643773 643763 643643 643585 0 643513 643675 643655 643705 643692 643754 0 0 643841 0 643787 643763 643737 643647 643648 0 643741 0 0 0 643840 643733 643613 643639 643455 0 0 643738 0 643794 643810 0 0 643829 643728 643752 643737 643683 643371 643578 643666 0 643709 643683 643657 643383 643590 643598 643598 0 0 643546 643612 0 0 643754 0 0 0 643778 643764 643764 0 0 0 643661 643375 643576 643582 643576 643586 643524 643568 643656 0 643743 643782 643676 643628 643309 643353 643349 643518 643532 643596 643678 
645032 645040 645057 645068 645077 645069 645004 645043 645055 645044 645083 645094 645098 645101 645104 645014 645085 645051 644959 644956 644992 644981 645052 645065 645134 645137 645144 645141 645072 645002 644950 644969 644978 645007 645080 645069 645135 645119 645108 645030 644989 644934 644941 644974 644954 645004 644991 645053 645124 645150 645155 645148 645144 645114 645095 644946 644951 645043 645040 645083 645142 645145 645139 645117 645021 645034 644882 645029 645026 645037 645088 645093 645109 645112 645131 645153 645105 645117 645113 645068 644864 644916 644972 645000 645008 645086 645055 644864 644889 644897 644908 644896 644899 644894 644939 644967 644996 645053 645101 645083 645132 645118 645131 645126 645084 645085 645080 645075 644854 644875 644881 644891 644896 644883 644917 644979 645045 645042 645105 645079 645055 644833 644831 644835 644868 644899 644937 644996 
0 0 644322 644302 644358 644358 644221 644228 644276 644254 644344 644378 0 0 0 644194 644464 644362 0 0 644090 0 0 644320 0 644526 0 0 644425 644215 0 644044 644110 0 644374 0 644547 644515 644506 644299 644176 0 644032 644114 644062 644186 644160 644308 0 0 644533 0 644537 644500 644467 644022 644068 0 644282 0 0 0 644489 644461 644272 644311 643855 0 0 644288 0 644412 644441 0 0 644493 644499 644507 644473 644386 643801 643998 644134 0 644218 644392 644347 643801 643836 643852 643946 0 0 643942 644056 0 0 644332 0 0 0 644447 644485 644475 0 0 0 644359 643771 643808 643844 643900 643910 643913 644012 644172 0 644310 644397 644463 644347 643708 643702 643714 643866 643961 644064 644218 
0 0 644216 644178 644236 644252 644298 644104 644152 644130 644220 644254 0 0 0 644070 644460 644441 0 0 643966 0 0 644196 0 644405 0 0 644482 644300 0 643920 643986 0 644250 0 644450 644518 644504 644384 644261 0 644117 643990 643938 644062 644036 644184 0 0 644406 0 644480 644528 644524 643898 643944 0 644158 0 0 0 644362 644524 644357 644396 643940 0 0 644164 0 644289 644314 0 0 644366 644414 644462 644506 644468 643886 643874 644010 0 644094 644474 644429 643886 643712 643728 643822 0 0 643818 643932 0 0 644209 0 0 0 644320 644358 644348 0 0 0 644441 643856 643684 643720 643776 643786 643795 643888 644048 0 644187 644270 644358 644429 643793 643787 643799 643742 643843 643940 644094 
0 0 644976 644938 0 0 645074 0 0 0 0 0 0 0 0 644830 0 645098 0 0 644786 0 0 644908 0 0 0 0 645090 0 0 0 644758 0 644890 0 645012 645050 645066 645060 645026 0 0 644750 0 644810 0 0 0 0 0 0 0 0 645092 644694 644704 0 0 0 0 0 0 645054 645018 645044 644836 0 0 0 0 0 0 0 0 0 644886 0 645014 645064 644800 0 0 0 0 645010 645038 644800 0 0 644618 0 0 0 0 0 0 0 0 0 0 644804 0 0 0 0 0 0 644780 0 0 644584 0 0 0 0 0 0 0 0 644948 0 644734 644742 0 0 0 0 
0 0 644895 644933 0 0 644789 0 0 0 0 0 0 0 0 645041 0 644691 0 0 644981 0 0 644939 0 0 0 0 644685 0 0 0 645113 0 644909 0 644715 644635 644661 644649 644663 0 0 645103 0 645061 0 0 0 0 0 0 0 0 644635 645135 645057 0 0 0 0 0 0 644583 644583 644609 644681 0 0 0 0 0 0 0 0 0 644559 0 644575 644581 644557 0 0 0 0 644521 644555 644587 0 0 645073 0 0 0 0 0 0 0 0 0 0 644689 0 0 0 0 0 0 644591 0 0 645063 0 0 0 0 0 0 0 0 644459 0 644579 644577 0 0 0 0 
0 0 643301 643339 0 0 643195 0 0 0 0 0 0 0 0 643447 0 643113 0 0 643231 0 0 643361 0 0 0 0 643107 0 0 0 643482 0 643331 0 643137 643057 643083 643071 643085 0 0 643527 0 643483 0 0 0 0 0 0 0 0 643057 643443 643553 0 0 0 0 0 0 643005 643005 643031 642931 0 0 0 0 0 0 0 0 0 642981 0 642997 643003 642926 0 0 0 0 642943 642977 642926 0 0 643480 0 0 0 0 0 0 0 0 0 0 643111 0 0 0 0 0 0 642899 0 0 643439 0 0 0 0 0 0 0 0 642881 0 642829 642849 0 0 0 0 
645028 645036 645053 645072 645073 645065 645000 645049 645085 645096 645081 645094 645094 645097 645100 645126 645033 645023 644955 644952 645028 645129 645136 645123 645058 645061 645020 645017 645020 644998 644946 645051 645126 645155 645132 645143 645035 644995 645008 645002 644985 644930 644937 645122 645102 645152 645139 645159 645088 645062 645057 645000 644996 644990 644995 645094 645099 645169 645172 645129 645070 645067 645073 644969 644969 644982 644878 645153 645150 645161 645124 645119 645103 645100 645081 645035 644957 644969 644965 644968 644860 645064 645120 645148 645156 644938 644955 644860 645035 645027 645056 645044 645047 645042 645087 645115 645120 645129 645111 645129 645056 645022 644985 644990 644936 644937 644932 644927 644850 645023 645029 645039 645044 645031 645065 645103 645121 645118 645083 644931 644907 644829 644827 644831 645016 645047 645085 645096 
0 0 643945 643983 643973 643957 643839 643961 644009 644031 643989 644003 0 0 0 644090 643893 643861 0 0 643955 0 0 644061 0 643961 0 0 643867 643811 0 644001 644102 0 644079 0 643921 643841 643867 643819 643785 0 643713 644088 644060 644124 644110 644121 0 0 643965 0 643843 643831 643841 644068 644042 0 644136 0 0 0 643997 643789 643765 643791 643655 0 0 644138 0 644077 644057 0 0 643921 643765 643789 643781 643787 643571 643972 644060 0 644120 643727 643761 643583 643999 643991 643992 0 0 643940 644006 0 0 644102 0 0 0 643895 643821 643831 0 0 0 643705 643575 643998 643986 643970 643980 643918 643962 644026 0 644080 644011 643713 643665 643509 643553 643549 643912 643926 643990 644024 
645024 645032 645049 645068 645069 645061 644996 645045 645081 645092 645077 645090 645090 645093 645096 645116 645077 645043 644951 644948 645024 645083 645132 645119 645104 645107 645066 645063 645064 644994 644942 645047 645080 645109 645152 645139 645081 645041 645054 645022 644981 644926 644933 645076 645056 645106 645093 645155 645134 645108 645103 645046 645042 645036 645041 645048 645053 645145 645142 645173 645116 645113 645119 645015 645013 645026 644874 645131 645128 645139 645168 645165 645149 645146 645127 645081 645003 645015 645011 645014 644856 645018 645074 645102 645110 644984 645001 644856 644991 644999 645010 644998 645001 644996 645041 645069 645098 645133 645133 645139 645102 645068 645031 645036 644982 644983 644978 644973 644846 644977 644983 644993 644998 644985 645019 645081 645125 645122 645113 644977 644953 644825 644823 644827 644970 645001 645039 645098 
645042 645050 645067 645086 645087 645079 645014 645063 645099 645106 645095 645108 645108 645111 645114 645076 645095 645061 644969 644966 645042 645043 645114 645127 645144 645147 645106 645103 645082 645012 644960 645031 645040 645069 645142 645131 645121 645081 645094 645040 644999 644944 644951 645036 645016 645066 645053 645115 645174 645148 645143 645086 645082 645076 645081 645008 645013 645105 645102 645145 645156 645153 645153 645055 645031 645044 644892 645091 645088 645099 645150 645155 645147 645150 645145 645121 645043 645055 645051 645054 644874 644978 645034 645062 645070 645024 645041 644874 644951 644959 644970 644958 644961 644956 645001 645029 645058 645115 645115 645121 645122 645108 645071 645076 645022 645023 645018 645013 644864 644937 644943 644953 644958 644945 644979 645041 645107 645104 645095 645017 644993 644843 644841 644845 644930 644961 644999 645058 
645005 645013 645030 645049 645050 645042 644977 645026 645062 645071 645058 645071 645071 645074 645077 645041 645058 645024 644932 644929 645005 645008 645079 645092 645107 645110 645117 645114 645045 644975 644923 644996 645005 645034 645107 645096 645108 645092 645081 645003 644962 644907 644914 645001 644981 645031 645018 645080 645137 645135 645130 645121 645117 645087 645068 644973 644978 645070 645067 645110 645167 645164 645166 645090 644994 645007 644855 645056 645053 645064 645115 645120 645136 645139 645158 645156 645078 645090 645086 645041 644837 644943 644999 645027 645035 645059 645028 644837 644916 644924 644935 644923 644926 644921 644966 644994 645023 645080 645128 645110 645159 645143 645106 645111 645057 645058 645053 645048 644827 644902 644908 644918 644923 644910 644944 645006 645072 645069 645132 645052 645028 644806 644804 644808 644895 644926 644964 645023 
0 0 643701 643739 643729 643713 643595 643717 643765 643787 643745 643759 0 0 0 643785 643697 643641 0 0 643711 0 0 643817 0 643789 0 0 643671 643567 0 643740 643725 0 643849 0 643749 643681 643695 643599 643541 0 643469 643705 643677 643753 643727 643824 0 0 643793 0 643695 643671 643669 643685 643659 0 643801 0 0 0 643837 643641 643569 643595 643411 0 0 643783 0 643864 643856 0 0 643785 643647 643665 643645 643615 643327 643589 643677 0 643737 643591 643589 643339 643643 643659 643609 0 0 643557 643623 0 0 643791 0 0 0 643777 643703 643713 0 0 0 643569 643331 643615 643603 643587 643597 643535 643579 643667 0 643769 643799 643595 643547 643265 643309 643305 643529 643543 643607 643689 
0 0 644937 644899 0 0 644979 0 0 0 0 0 0 0 0 644791 0 645067 0 0 644747 0 0 644893 0 0 0 0 645085 0 0 0 644719 0 644917 0 645039 645095 645093 645025 644949 0 0 644711 0 644771 0 0 0 0 0 0 0 0 645083 644655 644665 0 0 0 0 0 0 645079 644983 645009 644735 0 0 0 0 0 0 0 0 0 644987 0 645095 645029 644699 0 0 0 0 645041 645003 644699 0 0 644579 0 0 0 0 0 0 0 0 0 0 644905 0 0 0 0 0 0 644679 0 0 644545 0 0 0 0 0 0 0 0 644987 0 644633 644641 0 0 0 0 
0 0 644927 644889 0 0 645033 0 0 0 0 0 0 0 0 644781 0 645059 0 0 644737 0 0 644859 0 0 0 0 645041 0 0 0 644709 0 644841 0 644923 644955 644977 645101 645107 0 0 644701 0 644761 0 0 0 0 0 0 0 0 645003 644645 644655 0 0 0 0 0 0 644959 645107 645107 644931 0 0 0 0 0 0 0 0 0 644791 0 644919 645057 644895 0 0 0 0 644973 645067 644895 0 0 644569 0 0 0 0 0 0 0 0 0 0 644709 0 0 0 0 0 0 644875 0 0 644535 0 0 0 0 0 0 0 0 644939 0 644829 644837 0 0 0 0 
0 0 643981 643943 0 0 644087 0 0 0 0 0 0 0 0 643835 0 644089 0 0 643911 0 0 643889 0 0 0 0 644071 0 0 0 643787 0 643871 0 643963 643995 644017 644075 644041 0 0 643755 0 643791 0 0 0 0 0 0 0 0 644043 643771 643709 0 0 0 0 0 0 643999 644033 644059 643995 0 0 0 0 0 0 0 0 0 643831 0 643959 644049 643863 0 0 0 0 643989 644023 643887 0 0 643695 0 0 0 0 0 0 0 0 0 0 643749 0 0 0 0 0 0 643891 0 0 643685 0 0 0 0 0 0 0 0 643927 0 643893 643877 0 0 0 0 
0 0 0 0 0 0 0 0 0 0 0 0 0 0 0 0 0 0 0 0 0 0 0 0 0 0 0 0 0 0 0 0 0 0 0 0 0 0 0 0 0 0 0 0 0 0 0 0 0 0 0 0 0 0 0 0 0 0 0 0 0 0 0 0 0 0 644864 0 0 0 0 0 0 0 0 0 0 0 0 0 0 0 0 0 0 0 0 0 0 0 644349 0 0 0 0 0 0 0 0 0 0 0 0 0 0 0 0 0 0 0 0 0 0 0 0 0 0 0 0 0 0 0 0 0 0 0 0 0 
644992 645000 645017 645036 645037 645029 644964 645013 645049 645060 645045 645058 645058 645061 645064 645090 645021 645011 644919 644916 644992 645099 645100 645087 645046 645049 645008 645005 645008 644962 644910 645015 645102 645121 645120 645107 645023 644983 644996 644990 644949 644894 644901 645130 645114 645124 645137 645123 645076 645050 645045 644988 644984 644978 644983 645086 645111 645133 645136 645117 645058 645055 645061 644957 644957 644970 644842 645171 645174 645163 645112 645107 645091 645088 645069 645023 644945 644957 644953 644956 644824 645076 645132 645160 645168 644926 644943 644824 644999 644991 645068 645056 645059 645054 645099 645127 645156 645147 645099 645117 645044 645010 644973 644978 644924 644925 644920 644915 644814 645013 645041 645051 645056 645043 645077 645139 645155 645154 645071 644919 644895 644793 644791 644795 645028 645059 645097 645132 
644990 644998 645015 645034 645035 645027 644962 645011 645047 645058 645043 645056 645056 645059 645062 645088 645043 645009 644917 644914 644990 645097 645098 645085 645068 645071 645030 645027 645030 644960 644908 645013 645100 645119 645118 645105 645045 645005 645018 644988 644947 644892 644899 645112 645092 645122 645129 645121 645098 645072 645067 645010 645006 645000 645005 645084 645089 645131 645134 645139 645080 645077 645083 644979 644979 644992 644840 645167 645164 645161 645134 645129 645113 645110 645091 645045 644967 644979 644975 644978 644822 645054 645110 645138 645146 644948 644965 644822 644997 644989 645046 645034 645037 645032 645077 645105 645134 645167 645121 645139 645066 645032 644995 645000 644946 644947 644942 644937 644812 645011 645019 645029 645034 645021 645055 645117 645159 645156 645093 644941 644917 644791 644789 644793 645006 645037 645075 645134 
0 0 643892 643930 643920 643904 643786 643908 0 0 643936 643950 0 0 0 644038 0 643810 0 0 643902 0 0 644008 0 643910 0 0 643816 643758 0 0 644060 0 644028 0 643865 643785 643811 643768 643732 0 643660 644088 0 644082 0 0 0 0 0 0 0 0 643785 644044 644053 0 0 0 0 0 0 643733 643714 643740 643602 0 0 644099 0 0 0 0 0 0 643709 0 643725 643731 643518 0 0 0 644122 643671 643705 643530 0 643948 644003 0 0 643951 0 0 0 644083 0 0 0 643839 0 0 0 0 0 0 643522 0 643995 643981 0 643929 643973 0 0 0 0 643657 643609 643456 643500 643496 643923 0 0 644037 
645033 645041 645058 645077 645078 645070 645005 645054 645090 645101 645086 645099 645099 645102 645105 645131 645062 645052 644960 644957 645033 645100 645141 645128 645087 645090 645049 645046 645049 645003 644951 645056 645097 645126 645161 645148 645064 645024 645037 645031 644990 644935 644942 645093 645073 645123 645110 645164 645117 645091 645086 645029 645025 645019 645024 645065 645070 645162 645159 645158 645099 645096 645102 644998 644998 645011 644883 645148 645145 645156 645153 645148 645132 645129 645110 645064 644986 644998 644994 644997 644865 645035 645091 645119 645127 644967 644984 644865 645008 645016 645027 645015 645018 645013 645058 645086 645115 645124 645124 645130 645085 645051 645014 645019 644965 644966 644961 644956 644855 644994 645000 645010 645015 645002 645036 645098 645116 645113 645104 644960 644936 644834 644832 644836 644987 645018 645056 645091 
0 0 643817 643855 643845 643829 643711 643833 643881 643903 643861 643875 0 0 0 643873 643811 643757 0 0 643827 0 0 643933 0 643879 0 0 643785 643683 0 643843 643813 0 643956 0 643839 643766 643785 643715 643657 0 643585 643793 643765 643841 643815 643915 0 0 643883 0 643768 643756 643759 643773 643747 0 643889 0 0 0 643922 643714 643683 643709 643527 0 0 643871 0 643933 643929 0 0 643846 643690 643714 643706 643705 643443 643677 643765 0 643825 643652 643679 643455 643731 643747 643697 0 0 643645 643711 0 0 643853 0 0 0 643820 643746 643756 0 0 0 643630 643447 643703 643691 643675 643685 643623 643667 643755 0 643831 643832 643638 643590 643381 643425 643421 643617 643631 643695 643775 
0 0 644479 644517 644531 644515 644347 644447 644543 644565 644547 644585 0 0 0 644575 644577 644487 0 0 644369 0 0 644643 0 644685 0 0 644538 644341 0 644399 644514 0 644722 0 644668 644603 644608 644424 644302 0 644158 644518 644466 644589 644564 644686 0 0 644712 0 644612 644588 644569 644426 644472 0 644673 0 0 0 644766 644537 644385 644424 643981 0 0 644691 0 644769 644780 0 0 644690 644533 644558 644537 644488 643927 644402 644538 0 644622 644456 644449 643927 644234 644242 644350 0 0 644346 644460 0 0 644722 0 0 0 644664 644589 644599 0 0 0 644423 643897 644212 644248 644304 644314 644324 644416 644575 0 644700 644721 644445 644387 643834 643828 643840 644270 644375 644468 644609 
644033 644041 644070 644089 644102 644094 644017 644042 644102 644113 644110 644135 644147 644150 644153 644105 644158 644112 643948 643945 643985 644039 644167 644164 644219 644222 644227 644224 644145 644039 643939 643999 644033 644091 644215 644191 644230 644202 644203 644091 644026 643935 643954 644025 643985 644085 644059 644183 644249 644257 644252 644208 644204 644197 644190 643969 643979 644163 644157 644239 644277 644274 644280 644177 644094 644107 643835 644135 644129 644151 644253 644263 644285 644285 644285 644243 644165 644177 644173 644163 643865 643909 644021 644077 644093 644146 644150 643853 643855 643871 643893 643869 643875 643865 643955 644011 644069 644183 644253 644241 644262 644230 644193 644198 644144 644145 644140 644135 643831 643827 643839 643859 643869 643843 643911 644035 644167 644161 644238 644139 644115 643834 643784 643800 643813 643875 643951 644069 
645001 645009 645026 645045 645046 645038 644973 645022 645058 645069 645054 645067 645067 645070 645073 645069 645054 645020 644928 644925 645001 645036 645107 645096 645103 645106 645113 645110 645041 644971 644919 645024 645033 645062 645129 645116 645104 645088 645077 644999 644958 644903 644910 645029 645009 645059 645046 645108 645133 645131 645126 645093 645089 645083 645064 645001 645006 645098 645095 645138 645163 645160 645166 645062 644990 645003 644851 645084 645081 645092 645143 645148 645164 645167 645174 645128 645050 645062 645058 645037 644833 644971 645027 645055 645063 645031 645024 644833 644944 644952 644963 644951 644954 644949 644994 645022 645051 645108 645156 645138 645149 645115 645078 645083 645029 645030 645025 645020 644823 644930 644936 644946 644951 644938 644972 645034 645100 645097 645136 645024 645000 644802 644800 644804 644923 644954 644992 645051 
0 0 643709 643747 643737 643721 643603 643725 643773 643790 643753 643767 0 0 0 643773 643705 643649 0 0 643719 0 0 643817 0 643797 0 0 643679 643575 0 643731 643713 0 643842 0 643781 643737 643727 643607 643549 0 643477 643693 643665 643741 643715 643815 0 0 643825 0 643775 643727 643701 643673 643647 0 643789 0 0 0 643887 643721 643577 643603 643419 0 0 643771 0 643855 643871 0 0 643865 643720 643744 643725 643647 643335 643577 643665 0 643725 643671 643621 643347 643631 643647 643597 0 0 643545 643611 0 0 643779 0 0 0 643847 643776 643786 0 0 0 643649 643339 643603 643591 643575 643585 643523 643567 643655 0 643757 643859 643668 643620 643273 643317 643313 643517 643531 643595 643677 
0 0 0 0 0 0 0 0 0 0 0 0 0 0 0 0 0 0 0 0 0 0 0 0 0 0 0 0 0 0 0 0 0 0 0 0 0 0 0 0 0 0 0 0 0 0 0 0 0 0 0 0 0 0 0 0 0 0 0 0 0 0 0 0 0 0 644273 0 0 0 0 0 0 0 0 0 644768 0 0 0 644123 0 0 0 0 0 0 0 0 0 644111 0 0 0 0 0 0 0 0 0 0 0 0 0 0 0 0 0 0 0 0 0 0 0 0 0 0 0 0 0 0 0 0 0 0 0 0 0 
0 0 644460 644422 644480 644496 644391 644348 644396 644374 644464 644498 0 0 0 644314 644634 644532 0 0 644210 0 0 644440 0 644660 0 0 644595 644385 0 644164 644221 0 644494 0 644724 644736 644703 644469 644346 0 644202 644209 644149 644299 644260 644428 0 0 644680 0 644810 644721 644664 644125 644140 0 644402 0 0 0 644660 644730 644442 644481 644025 0 0 644398 0 644544 644588 0 0 644743 644815 644833 644773 644583 643971 644035 644203 0 644311 644692 644544 643971 643954 643972 644011 0 0 643969 644104 0 0 644446 0 0 0 644721 644759 644749 0 0 0 644659 643941 643912 643930 643960 643975 643936 644038 644224 0 644413 644647 644759 644671 643878 643872 643884 643891 643984 644098 644275 
0 0 641391 0 0 0 641392 0 0 0 0 0 0 0 0 0 0 641439 0 0 0 0 0 0 0 0 0 0 0 0 0 0 0 0 0 0 641481 0 0 641418 0 0 0 0 0 0 0 0 0 0 0 0 0 0 0 0 0 0 0 0 0 0 0 0 0 0 641270 0 0 0 0 0 0 0 0 0 641499 0 641499 0 641252 0 0 0 0 0 0 641252 0 0 641212 0 0 0 0 0 0 0 0 0 0 0 0 0 0 0 0 0 641242 0 0 0 0 0 0 0 0 0 0 0 0 0 641219 641223 0 0 0 0 
0 0 644889 644851 0 0 644995 0 0 0 0 0 0 0 0 644743 0 645093 0 0 644699 0 0 644845 0 0 0 0 645093 0 0 0 644671 0 644875 0 645015 645055 645069 645127 645045 0 0 644663 0 644723 0 0 0 0 0 0 0 0 645095 644607 644617 0 0 0 0 0 0 645059 645103 645129 644831 0 0 0 0 0 0 0 0 0 644891 0 645019 645145 644795 0 0 0 0 645073 645123 644795 0 0 644531 0 0 0 0 0 0 0 0 0 0 644809 0 0 0 0 0 0 644775 0 0 644497 0 0 0 0 0 0 0 0 645033 0 644729 644737 0 0 0 0 
0 0 0 0 0 0 0 0 0 0 0 0 0 0 0 0 0 0 0 0 0 0 0 0 0 0 0 0 0 0 0 0 0 0 0 0 0 0 0 0 0 0 0 0 0 0 0 0 0 0 0 0 0 0 0 0 0 0 0 0 0 0 0 0 0 0 640513 0 0 0 0 0 0 0 0 0 640265 0 0 0 640582 0 0 0 0 0 0 0 0 0 640278 0 0 0 0 0 0 0 0 0 0 0 0 0 0 0 0 0 0 0 0 0 0 0 0 0 0 0 0 0 0 0 0 0 0 0 0 0 
0 0 641941 641960 641937 641929 641888 641937 641973 641984 641945 641934 0 0 0 642014 641849 641839 0 0 641880 0 0 641963 0 641877 0 0 641836 641838 0 641903 642038 0 641948 0 641851 641811 641824 641818 641825 0 641825 642054 642062 642024 642037 641975 0 0 641873 0 641812 641806 641811 641998 642077 0 641988 0 0 0 641889 641785 641785 641798 641730 0 0 641991 0 641935 641919 0 0 641851 641773 641785 641781 641784 641760 642104 642056 0 642020 641754 641771 641748 641839 641831 642036 0 0 642094 642089 0 0 641975 0 0 0 641838 641801 641806 0 0 0 641743 641726 641853 641919 642017 642012 642083 642081 642049 0 641986 641899 641747 641723 641729 641679 641695 642044 642063 642077 642032 
0 0 643681 643719 643709 643693 643575 643697 643745 643767 643725 643739 0 0 0 643827 643608 643588 0 0 643691 0 0 643797 0 643664 0 0 643582 643547 0 643737 643863 0 643806 0 643612 643532 643558 643546 643521 0 643449 643907 643911 643883 643909 643857 0 0 643656 0 643534 643522 643532 643855 643953 0 643883 0 0 0 643688 643480 643480 643506 643391 0 0 643892 0 643780 643748 0 0 643612 643456 643480 643472 643478 643307 643911 643981 0 643947 643418 643452 643319 643753 643737 643921 0 0 643879 643945 0 0 643860 0 0 0 643586 643512 643522 0 0 0 643396 643311 643781 643841 643904 643909 643857 643901 643956 0 643882 643708 643404 643356 643245 643289 643285 643851 643865 643929 643940 
644990 644998 645015 645034 645035 645027 644962 645011 645047 645058 645043 645056 645056 645059 645062 645088 644995 644985 644917 644914 644990 645097 645098 645085 645020 645023 644982 644979 644982 644960 644908 645013 645100 645119 645094 645105 644997 644957 644970 644964 644947 644892 644899 645128 645124 645122 645135 645121 645050 645024 645019 644962 644958 644952 644957 645084 645137 645131 645134 645091 645032 645029 645035 644931 644931 644944 644840 645145 645148 645137 645086 645081 645065 645062 645043 644997 644919 644931 644927 644930 644822 645102 645158 645174 645166 644900 644917 644822 644997 644989 645094 645082 645085 645080 645125 645153 645158 645121 645073 645091 645018 644984 644947 644952 644898 644899 644894 644889 644812 645011 645053 645077 645082 645069 645103 645141 645129 645132 645045 644893 644869 644791 644789 644793 645054 645085 645123 645134 
0 0 643845 643883 643873 643857 643739 643861 0 0 643889 643903 0 0 0 643991 0 643783 0 0 643855 0 0 643961 0 643883 0 0 643789 643711 0 0 644021 0 644001 0 643835 643755 643781 643741 643685 0 643613 644049 0 644043 0 0 0 0 0 0 0 0 643755 644005 644050 0 0 0 0 0 0 643703 643687 643713 643555 0 0 644080 0 0 0 0 0 0 643679 0 643695 643701 643471 0 0 0 644086 643641 643675 643483 0 643901 644002 0 0 643950 0 0 0 644064 0 0 0 643809 0 0 0 0 0 0 643475 0 643966 643980 0 643928 643972 0 0 0 0 643627 643579 643409 643453 643449 643922 0 0 644056 
0 0 644915 644877 0 0 645007 0 0 0 0 0 0 0 0 644769 0 645081 0 0 644725 0 0 644871 0 0 0 0 645081 0 0 0 644697 0 644881 0 645003 645059 645057 645039 644977 0 0 644689 0 644749 0 0 0 0 0 0 0 0 645083 644633 644643 0 0 0 0 0 0 645087 644997 645023 644763 0 0 0 0 0 0 0 0 0 644959 0 645071 645043 644727 0 0 0 0 645055 645017 644727 0 0 644557 0 0 0 0 0 0 0 0 0 0 644877 0 0 0 0 0 0 644707 0 0 644523 0 0 0 0 0 0 0 0 645009 0 644661 644669 0 0 0 0 
0 0 643879 643841 0 0 643985 0 0 0 0 0 0 0 0 643733 0 643987 0 0 643809 0 0 643787 0 0 0 0 643969 0 0 0 643685 0 643769 0 643891 643947 643945 644025 644011 0 0 643653 0 643689 0 0 0 0 0 0 0 0 643971 643669 643607 0 0 0 0 0 0 643957 644003 644025 643965 0 0 0 0 0 0 0 0 0 643789 0 643917 644025 643833 0 0 0 0 643971 644023 643857 0 0 643593 0 0 0 0 0 0 0 0 0 0 643707 0 0 0 0 0 0 643861 0 0 643583 0 0 0 0 0 0 0 0 643935 0 643863 643847 0 0 0 0 
0 0 642803 0 0 0 642906 0 0 0 0 0 0 0 0 0 0 642853 0 0 0 0 0 0 0 0 0 0 0 0 0 0 0 0 0 0 642689 0 0 642874 0 0 0 0 0 0 0 0 0 0 0 0 0 0 0 0 0 0 0 0 0 0 0 0 0 0 642992 0 0 0 0 0 0 0 0 0 642557 0 642685 0 643021 0 0 0 0 0 0 643033 0 0 642541 0 0 0 0 0 0 0 0 0 0 0 0 0 0 0 0 0 643033 0 0 0 0 0 0 0 0 0 0 0 0 0 643033 643033 0 0 0 0 
0 0 640771 640809 640751 640735 640665 640883 640835 640857 640767 640733 0 0 0 640917 640527 640519 0 0 640994 0 0 640791 0 640571 0 0 640501 640541 0 641040 641001 0 640737 0 640507 640415 640453 640477 640515 0 640539 640974 641002 640925 640943 640803 0 0 640551 0 640405 640405 640427 641084 640951 0 640829 0 0 0 640571 640351 640399 640425 640694 0 0 640823 0 640687 640643 0 0 640471 640279 640327 640331 640373 640445 640916 640876 0 640864 640277 640347 640505 641108 641092 641052 0 0 640942 640891 0 0 640761 0 0 0 640421 640335 640345 0 0 0 640255 640545 641132 641142 641080 641085 640931 640869 640787 0 640754 640567 640191 640191 640354 640592 640564 641012 640851 640841 640756 
0 0 644785 644823 644777 644761 644679 644873 0 0 644793 644771 0 0 0 644916 0 644581 0 0 644975 0 0 644829 0 644657 0 0 644575 644579 0 0 644936 0 644799 0 644605 644525 644551 644539 644553 0 644553 644880 0 644892 0 0 0 0 0 0 0 0 644525 644968 644834 0 0 0 0 0 0 644473 644473 644499 644675 0 0 644814 0 0 0 0 0 0 644449 0 644465 644471 644447 0 0 0 644804 644411 644445 644495 0 645132 644892 0 0 644768 0 0 0 644750 0 0 0 644579 0 0 0 0 0 0 644523 0 645030 644906 0 644746 644718 0 0 0 0 644397 644349 644385 644573 644533 644812 0 0 644684 
0 0 0 0 0 0 0 0 0 0 0 0 0 0 0 0 0 0 0 0 0 0 0 0 0 0 0 0 0 0 0 0 0 0 0 0 0 0 0 0 0 0 0 0 0 0 0 0 0 0 0 0 0 0 0 0 0 0 0 0 0 0 0 0 0 0 644814 0 0 0 0 0 0 0 0 0 0 0 0 0 0 0 0 0 0 0 0 0 0 0 644837 0 0 0 0 0 0 0 0 0 0 0 0 0 0 0 0 0 0 0 0 0 0 0 0 0 0 0 0 0 0 0 0 0 0 0 0 0 
644100 644108 644101 644120 644097 644089 644048 644145 644133 644144 644105 644094 644070 644073 644076 644174 643985 643987 644051 644048 644112 644207 644136 644123 643998 644001 643936 643933 643972 643998 644042 644135 644210 644181 644096 644119 643963 643911 643936 643966 643985 644002 643985 644214 644234 644184 644197 644135 644028 643990 643985 643892 643900 643906 643923 644218 644237 644145 644148 644081 643986 643983 643989 643873 643921 643934 643962 644147 644150 644139 644064 644059 644031 644028 643997 643927 643813 643849 643857 643896 643932 644270 644216 644188 644180 643830 643883 643956 644071 644063 644256 644292 644289 644264 644249 644221 644180 644099 644027 644057 643948 643890 643841 643846 643768 643781 643788 643819 643946 644085 644151 644249 644244 644242 644238 644197 644107 644110 643975 643751 643775 643901 643911 643927 644260 644202 644242 644168 
644604 644620 644618 644656 644622 644606 644512 644682 644676 644687 644638 644623 644575 644581 644587 644717 644453 644433 644494 644488 644677 644750 644674 644661 644503 644509 644427 644421 644427 644431 644476 644700 644753 644724 644622 644645 644457 644377 644403 644391 644405 644408 644386 644757 644777 644727 644740 644661 644554 644511 644501 644387 644379 644367 644377 644771 644780 644671 644674 644607 644512 644509 644515 644325 644325 644351 644386 644673 644676 644665 644590 644585 644557 644554 644523 644453 644301 644325 644317 644323 644268 644811 644754 644714 644706 644263 644297 644304 644684 644676 644809 644835 644832 644813 644792 644759 644706 644625 644553 644583 644474 644416 644357 644367 644259 644261 644251 644241 644306 644698 644740 644802 644797 644802 644788 644723 644633 644636 644501 644249 644201 644206 644284 644280 644821 644770 644779 644694 
0 0 643058 643096 643062 643046 642952 643110 0 0 643078 643068 0 0 0 643204 0 642902 0 0 643140 0 0 643126 0 642988 0 0 642906 642876 0 0 643264 0 643120 0 642936 642856 642882 642860 642850 0 642826 643284 0 643236 0 0 0 0 0 0 0 0 642856 643280 643330 0 0 0 0 0 0 642804 642804 642830 642840 0 0 643206 0 0 0 0 0 0 642780 0 642796 642802 642708 0 0 0 643252 642742 642776 642732 0 643234 643356 0 0 643404 0 0 0 643184 0 0 0 642910 0 0 0 0 0 0 642736 0 643314 643366 0 643393 643379 0 0 0 0 642728 642680 642646 642738 642722 643402 0 0 643298 
0 0 643576 643614 643604 643588 643470 643592 643640 643662 643620 643634 0 0 0 643722 643489 643468 0 0 643586 0 0 643692 0 643545 0 0 643463 643442 0 643632 643758 0 643686 0 643493 643413 643439 643426 643416 0 643344 643802 643806 643778 643804 643728 0 0 643537 0 643415 643403 643413 643750 643848 0 643754 0 0 0 643569 643361 643361 643387 643286 0 0 643772 0 643661 643629 0 0 643493 643337 643361 643353 643359 643202 643894 643878 0 643818 643299 643333 643214 643648 643632 643826 0 0 643873 643906 0 0 643741 0 0 0 643467 643393 643403 0 0 0 643277 643206 643676 643736 643824 643814 643862 643896 643888 0 643763 643589 643285 643237 643140 643184 643180 643847 643878 643916 643855 
644981 644989 645006 645025 645026 645018 644953 645002 645038 645049 645034 645047 645023 645026 645029 645079 644962 644952 644908 644905 644981 645088 645089 645076 644987 644990 644949 644946 644949 644951 644899 645004 645091 645110 645061 645072 644964 644924 644937 644931 644938 644883 644890 645119 645115 645113 645126 645088 645017 644991 644986 644929 644925 644919 644924 645075 645142 645098 645101 645058 644999 644996 645002 644898 644898 644911 644831 645112 645115 645104 645053 645048 645032 645029 645010 644964 644886 644898 644894 644897 644813 645135 645169 645141 645133 644867 644884 644813 644988 644980 645113 645115 645118 645113 645158 645174 645145 645088 645040 645058 644985 644951 644914 644919 644865 644866 644861 644856 644803 645002 645044 645106 645101 645102 645136 645150 645096 645099 645012 644860 644836 644782 644780 644784 645087 645118 645156 645143 
644963 644971 644988 645007 645008 645000 644935 644984 645020 645031 645016 645029 645029 645032 645035 645061 644968 644958 644890 644887 644963 645070 645071 645058 644993 644996 644955 644952 644955 644933 644881 644986 645073 645092 645067 645078 644970 644930 644943 644937 644920 644865 644872 645101 645097 645095 645108 645094 645023 644997 644992 644935 644931 644925 644930 645057 645124 645104 645107 645064 645005 645002 645008 644904 644904 644917 644813 645118 645121 645110 645059 645054 645038 645035 645016 644970 644892 644904 644900 644903 644795 645129 645151 645147 645139 644873 644890 644795 644970 644962 645095 645109 645112 645107 645152 645156 645151 645094 645046 645064 644991 644957 644920 644925 644871 644872 644867 644862 644785 644984 645026 645088 645083 645096 645130 645168 645102 645105 645018 644866 644842 644764 644762 644766 645081 645112 645150 645151 
0 0 643832 643870 643860 643844 643726 643848 0 0 643876 643890 0 0 0 643978 0 643772 0 0 643842 0 0 643948 0 643918 0 0 643802 643698 0 0 644009 0 643990 0 643876 643796 643822 643730 643672 0 643600 644037 0 644031 0 0 0 0 0 0 0 0 643796 643993 644059 0 0 0 0 0 0 643744 643700 643726 643542 0 0 644070 0 0 0 0 0 0 643720 0 643736 643742 643458 0 0 0 644075 643682 643716 643470 0 643888 644023 0 0 643979 0 0 0 644100 0 0 0 643850 0 0 0 0 0 0 643462 0 643962 644009 0 643957 644001 0 0 0 0 643668 643620 643396 643440 643436 643951 0 0 644111 
644971 644979 644996 645015 645016 645008 644943 644992 645028 645039 645024 645037 645037 645040 645043 645069 645024 644990 644898 644895 644971 645066 645079 645066 645073 645076 645083 645080 645011 644941 644889 644994 645063 645092 645099 645086 645074 645058 645047 644969 644928 644873 644880 645059 645039 645089 645076 645102 645103 645101 645096 645063 645059 645053 645034 645031 645036 645112 645115 645120 645133 645130 645136 645032 644960 644973 644821 645114 645111 645122 645139 645134 645142 645139 645144 645098 645020 645032 645028 645007 644803 645001 645057 645085 645093 645001 644994 644803 644974 644970 644993 644981 644984 644979 645024 645052 645081 645138 645174 645168 645119 645085 645048 645053 644999 645000 644995 644990 644793 644960 644966 644976 644981 644968 645002 645064 645130 645127 645146 644994 644970 644772 644770 644774 644953 644984 645022 645081 
644961 644969 644986 645005 645006 644998 644933 644982 645018 645029 645014 645027 645027 645030 645033 645059 645014 644980 644888 644885 644961 645068 645069 645056 645063 645066 645049 645046 645001 644931 644879 644984 645071 645090 645089 645076 645064 645024 645037 644959 644918 644863 644870 645093 645073 645093 645106 645092 645093 645091 645086 645029 645025 645019 645024 645055 645070 645102 645105 645110 645099 645096 645102 644998 644950 644963 644811 645140 645143 645132 645129 645124 645132 645129 645110 645064 644986 644998 644994 644997 644793 645035 645091 645119 645127 644967 644984 644793 644968 644960 645027 645015 645018 645013 645058 645086 645115 645164 645140 645158 645085 645051 645014 645019 644965 644966 644961 644956 644783 644982 645000 645010 645015 645002 645036 645098 645164 645161 645112 644960 644936 644762 644760 644764 644987 645018 645056 645115 
644959 644967 644984 645003 645004 644996 644931 644980 645016 645027 645012 645025 645025 645028 645031 645039 645012 644978 644886 644883 644959 645006 645067 645054 645061 645064 645071 645068 644999 644929 644877 644982 645003 645032 645087 645074 645062 645046 645035 644957 644916 644861 644868 644999 644979 645029 645016 645078 645091 645089 645084 645099 645071 645041 645022 644971 644976 645068 645065 645108 645121 645118 645124 645044 644948 644961 644809 645054 645051 645062 645113 645118 645130 645127 645132 645134 645080 645092 645064 644995 644791 644941 644997 645025 645033 645037 644982 644791 644914 644922 644933 644921 644924 644919 644964 644992 645021 645078 645126 645108 645155 645145 645108 645113 645059 645060 645055 645026 644781 644900 644906 644916 644921 644908 644942 645004 645070 645067 645154 645054 645030 644760 644758 644762 644893 644924 644962 645021 
0 0 644797 644835 0 0 644691 0 0 0 0 0 0 0 0 644829 0 644785 0 0 644747 0 0 644931 0 0 0 0 644827 0 0 0 644757 0 644961 0 644953 644921 644899 644743 644661 0 0 644749 0 644809 0 0 0 0 0 0 0 0 644873 644693 644703 0 0 0 0 0 0 644917 644725 644751 644447 0 0 0 0 0 0 0 0 0 645025 0 644957 644819 644411 0 0 0 0 644903 644793 644411 0 0 644617 0 0 0 0 0 0 0 0 0 0 645131 0 0 0 0 0 0 644391 0 0 644583 0 0 0 0 0 0 0 0 644901 0 644345 644353 0 0 0 0 
0 0 644336 644345 644380 644372 644216 644272 644329 644307 644384 644419 0 0 0 644247 644453 644357 0 0 644143 0 0 644373 0 644542 0 0 644414 644210 0 644097 644163 0 644427 0 644552 644519 644498 644294 644171 0 644027 644167 644115 644239 644213 644361 0 0 644570 0 644580 644504 644459 644075 644121 0 644335 0 0 0 644551 644501 644261 644300 643850 0 0 644341 0 644459 644491 0 0 644627 644677 644621 644549 644378 643796 644051 644187 0 644271 644468 644339 643796 643889 643905 643999 0 0 643995 644109 0 0 644379 0 0 0 644652 644701 644696 0 0 0 644435 643766 643861 643897 643953 643963 643973 644065 644225 0 644357 644531 644653 644494 643703 643697 643709 643919 644027 644117 644265 
0 0 642184 642184 642208 642208 642160 642136 642184 642184 642208 642232 0 0 0 642173 642289 642255 0 0 642064 0 0 642232 0 642304 0 0 642276 642182 0 642064 642125 0 642280 0 642316 642323 642312 642234 642169 0 642097 642133 642101 642175 642162 642248 0 0 642316 0 642340 642318 642299 642069 642110 0 642235 0 0 0 642328 642321 642225 642238 641978 0 0 642244 0 642300 642316 0 0 642352 642360 642364 642341 642272 641894 642075 642155 0 642203 642314 642259 641906 641940 641948 642031 0 0 642041 642110 0 0 642260 0 0 0 642372 642360 642360 0 0 0 642303 641888 641926 641956 642002 642007 642030 642088 642186 0 642249 642336 642285 642327 641801 641843 641843 641991 642064 642120 642203 
642973 642987 642999 642982 643005 643011 642905 642957 642969 642958 642997 643008 643032 643029 643026 642928 643007 642951 642839 642833 642906 642895 642966 642979 643068 643065 643089 643083 642981 642877 642821 642883 642892 642921 642994 642983 643083 643039 643029 642909 642851 642777 642779 642888 642868 642918 642905 642967 643038 643064 643069 643119 643077 643029 643003 642860 642865 642957 642954 642997 643056 643059 643053 643023 642879 642905 642721 642943 642940 642951 643002 643007 643023 643026 643045 643091 643143 643095 643051 642949 642637 642830 642886 642914 642922 642997 642923 642649 642803 642811 642822 642810 642813 642808 642853 642881 642910 642967 643015 642997 643070 643104 643141 643136 643173 643139 643093 642975 642641 642789 642795 642805 642810 642797 642831 642893 642959 642956 643043 643169 643007 642575 642619 642615 642782 642813 642851 642910 
643373 643365 643384 643365 643400 643408 643332 643316 643352 643341 643392 643415 643451 643448 643445 643311 643494 643426 643242 643236 643229 643266 643373 643386 643523 643520 643585 643588 643468 643328 643224 643206 643263 643316 643425 643402 643558 643562 643540 643384 643302 643192 643206 643271 643239 643313 643300 643386 643493 643531 643536 643629 643612 643552 643514 643207 643248 643376 643373 643440 643535 643538 643532 643558 643366 643392 643088 643374 643371 643382 643457 643462 643490 643493 643524 643594 643708 643654 643598 643460 643052 643213 643293 643333 643341 643544 643434 643052 643078 643086 643169 643169 643172 643179 643248 643288 643341 643422 643494 643464 643573 643631 643680 643675 643707 643724 643676 643522 643032 643064 643094 643140 643145 643168 643226 643324 643414 643411 643546 643688 643578 642990 642986 642994 643129 643208 643258 643353 
643611 643595 643609 643571 643617 643633 643654 643521 643545 643523 643601 643623 643671 643665 643659 643463 643791 643749 643585 643582 643419 643397 643539 643565 643743 643737 643819 643825 643782 643676 643576 643373 643391 643449 643595 643573 643789 643865 643840 643728 643663 643572 643591 643383 643343 643443 643417 643541 643683 643735 643745 643859 643867 643860 643829 643327 643337 643521 643515 643601 643719 643725 643713 643875 643731 643744 643472 643493 643487 643509 643611 643621 643653 643659 643697 643789 643921 643921 643907 643802 643502 643267 643379 643435 643451 643880 643789 643490 643213 643229 643251 643227 643233 643223 643313 643369 643427 643541 643637 643601 643747 643815 643865 643855 643892 643926 643958 643869 643468 643185 643197 643217 643227 643201 643269 643393 643525 643519 643693 643866 643921 643471 643421 643437 643171 643233 643309 643427 
0 0 644419 644381 644439 644455 644525 644307 0 0 644423 644457 0 0 0 644272 644663 644671 0 0 644169 0 0 644399 0 644619 0 0 644689 644599 0 0 644164 0 644453 0 644683 644775 644737 644675 644564 0 644420 644152 644092 644242 0 0 0 0 0 0 0 0 644763 644068 644083 0 0 0 0 0 0 644828 644660 644699 644243 0 0 644341 0 0 0 0 0 0 644732 0 644824 644785 644189 0 0 0 644254 644864 644762 644189 0 643921 643954 0 0 643912 0 0 0 644389 0 0 0 644638 0 0 0 0 0 644853 644159 0 643873 643903 0 643879 643981 0 0 0 0 644676 644833 644096 644090 644102 643834 643927 0 644218 
0 0 641777 0 0 0 641883 0 0 0 0 0 0 0 0 0 0 641837 0 0 0 0 0 0 0 0 0 0 0 0 0 0 0 0 0 0 641705 0 0 641879 0 0 0 0 0 0 0 0 0 0 0 0 0 0 0 0 0 0 0 0 0 0 0 0 0 0 642031 0 0 0 0 0 0 0 0 0 641645 0 641737 0 642043 0 0 0 0 0 0 642055 0 0 641515 0 0 0 0 0 0 0 0 0 0 0 0 0 0 0 0 0 642055 0 0 0 0 0 0 0 0 0 0 0 0 0 642055 642055 0 0 0 0 
0 0 644721 644759 644713 644697 644615 644809 644785 644807 644729 644707 0 0 0 644867 644537 644517 0 0 644911 0 0 644765 0 644593 0 0 644511 644515 0 644957 644939 0 644735 0 644541 644461 644487 644475 644489 0 644489 644941 644959 644887 644913 644789 0 0 644585 0 644463 644451 644461 645003 644905 0 644815 0 0 0 644617 644409 644409 644435 644611 0 0 644821 0 644709 644677 0 0 644541 644385 644409 644401 644407 644383 644835 644851 0 644869 644347 644381 644431 645117 645101 644963 0 0 644839 644833 0 0 644789 0 0 0 644515 644441 644451 0 0 0 644325 644459 645145 645101 644977 644987 644817 644789 644769 0 644797 644637 644333 644285 644321 644509 644469 644883 644753 644781 644755 
0 0 641793 641850 0 0 641634 0 0 0 0 0 0 0 0 642012 0 641487 0 0 642066 0 0 641859 0 0 0 0 641478 0 0 0 642120 0 641814 0 641523 641403 641442 641424 641445 0 0 642116 0 642042 0 0 0 0 0 0 0 0 641403 642208 642108 0 0 0 0 0 0 641325 641325 641364 641616 0 0 0 0 0 0 0 0 0 641289 0 641313 641322 641286 0 0 0 0 641232 641283 641358 0 0 642202 0 0 0 0 0 0 0 0 0 0 641484 0 0 0 0 0 0 641400 0 642342 642228 0 642032 641980 0 0 0 0 0 641139 641193 641463 641415 0 0 0 0 
0 0 637351 637370 0 0 637298 0 0 0 0 0 0 0 0 637424 0 637249 0 0 637435 0 0 637373 0 0 0 0 637246 0 0 0 637460 0 637358 0 637261 637221 637234 637228 637235 0 0 637464 0 637434 0 0 0 0 0 0 0 0 637221 637492 637473 0 0 0 0 0 0 637195 637195 637208 637285 0 0 0 0 0 0 0 0 0 637183 0 637191 637194 637182 0 0 0 0 637164 637181 637206 0 0 637509 0 0 0 0 0 0 0 0 0 0 637248 0 0 0 0 0 0 637220 0 0 637521 0 0 0 0 0 0 0 0 637133 0 637234 637225 0 0 0 0 
0 0 643345 643364 643341 643333 643292 643389 643377 643388 643349 643338 0 0 0 643418 643247 643243 0 0 643423 0 0 643367 0 643263 0 0 643234 643242 0 643446 643454 0 643352 0 643225 643173 643198 643222 643229 0 643229 643458 643478 643428 643441 643379 0 0 643247 0 643162 643168 643185 643486 643469 0 643392 0 0 0 643251 643135 643183 643196 643273 0 0 643395 0 643321 643293 0 0 643189 643075 643111 643119 643158 643176 643434 643442 0 643424 643092 643145 643200 643478 643470 643498 0 0 643436 643433 0 0 643361 0 0 0 643152 643103 643108 0 0 0 643081 643214 643492 643510 643500 643505 643425 643411 643401 0 643372 643237 643013 643037 643145 643222 643214 643458 643387 643407 643388 
0 0 644491 644548 0 0 644332 0 0 0 0 0 0 0 0 644710 0 644189 0 0 644499 0 0 644561 0 0 0 0 644180 0 0 0 644806 0 644516 0 644225 644105 644144 644126 644147 0 0 644830 0 644744 0 0 0 0 0 0 0 0 644105 644781 644899 0 0 0 0 0 0 644027 644027 644066 644049 0 0 0 0 0 0 0 0 0 643991 0 644015 644024 643972 0 0 0 0 643934 643985 643995 0 0 644895 0 0 0 0 0 0 0 0 0 0 644186 0 0 0 0 0 0 643965 0 644688 644874 0 645070 645002 0 0 0 0 0 643841 643879 643896 643908 0 0 0 0 
0 0 643398 643436 0 0 643292 0 0 0 0 0 0 0 0 643544 0 643246 0 0 643408 0 0 643493 0 0 0 0 643240 0 0 0 643580 0 643464 0 643270 643190 643216 643204 643217 0 0 643624 0 643600 0 0 0 0 0 0 0 0 643190 643572 643670 0 0 0 0 0 0 643138 643138 643164 643108 0 0 0 0 0 0 0 0 0 643114 0 643130 643136 643024 0 0 0 0 643076 643110 643036 0 0 643648 0 0 0 0 0 0 0 0 0 0 643244 0 0 0 0 0 0 643028 0 643558 643646 0 643722 643752 0 0 0 0 0 643014 642962 643006 643002 0 0 0 0 
0 0 643606 643644 643634 643618 643500 643622 643670 643692 643650 643664 0 0 0 643752 643554 643522 0 0 643616 0 0 643722 0 643622 0 0 643528 643472 0 643662 643788 0 643740 0 643582 643509 643528 643480 643446 0 643374 643832 643836 643808 643834 643782 0 0 643626 0 643511 643499 643502 643780 643878 0 643808 0 0 0 643665 643457 643426 643452 643316 0 0 643826 0 643738 643718 0 0 643589 643433 643457 643449 643448 643232 643913 643908 0 643872 643395 643422 643244 643678 643662 643856 0 0 643881 643937 0 0 643818 0 0 0 643563 643489 643499 0 0 0 643373 643236 643706 643766 643854 643844 643859 643903 643942 0 643840 643685 643381 643333 643170 643214 643210 643853 643867 643931 643920 
644958 644966 644983 645002 645003 644995 644930 644979 645015 645026 645011 645024 645024 645027 645030 645056 645011 644977 644885 644882 644958 645065 645066 645053 645060 645063 645022 645019 644998 644928 644876 644981 645068 645087 645086 645073 645037 644997 645010 644956 644915 644860 644867 645096 645092 645090 645103 645089 645090 645064 645059 645002 644998 644992 644997 645052 645097 645099 645102 645107 645072 645069 645075 644971 644947 644960 644808 645137 645140 645129 645126 645121 645105 645102 645083 645037 644959 644971 644967 644970 644790 645062 645118 645142 645134 644940 644957 644790 644965 644957 645054 645042 645045 645040 645085 645113 645142 645161 645113 645131 645058 645024 644987 644992 644938 644939 644934 644929 644780 644979 645021 645037 645042 645029 645063 645125 645169 645172 645085 644933 644909 644759 644757 644761 645014 645045 645083 645142 
0 0 643828 643866 643856 643840 643722 643844 643892 643914 643872 643886 0 0 0 643974 643824 643768 0 0 643838 0 0 643944 0 643914 0 0 643798 643694 0 643884 644010 0 643986 0 643862 643782 643808 643726 643668 0 643596 644043 644039 644030 644050 644004 0 0 643906 0 643784 643772 643782 643999 644062 0 644030 0 0 0 643938 643730 643696 643722 643538 0 0 644072 0 644030 643998 0 0 643862 643706 643730 643722 643728 643454 644001 644083 0 644081 643668 643702 643466 643900 643884 644019 0 0 643969 644035 0 0 644106 0 0 0 643836 643762 643772 0 0 0 643646 643458 643926 643968 643999 644007 643947 643991 644079 0 644117 643958 643654 643606 643392 643436 643432 643941 643955 644019 644101 
0 0 643595 643633 643623 643607 643489 643611 643659 643681 643639 643653 0 0 0 643741 643591 643535 0 0 643605 0 0 643711 0 643683 0 0 643565 643461 0 643651 643723 0 643753 0 643667 643623 643613 643493 643435 0 643363 643719 643691 643749 643736 643771 0 0 643711 0 643661 643613 643587 643691 643673 0 643777 0 0 0 643779 643607 643463 643489 643305 0 0 643782 0 643799 643803 0 0 643775 643644 643668 643635 643533 643221 643603 643691 0 643751 643581 643507 643233 643633 643633 643623 0 0 643571 643637 0 0 643798 0 0 0 643774 643700 643710 0 0 0 643559 643225 643620 643617 643601 643611 643549 643593 643681 0 643783 643861 643592 643544 643159 643203 643199 643543 643557 643621 643703 
0 0 644293 644289 644341 644341 644193 644191 0 0 644341 644389 0 0 0 644087 0 644381 0 0 643999 0 0 644291 0 644581 0 0 644463 644185 0 0 643943 0 644351 0 644629 644629 644583 644297 644133 0 643941 643927 0 644047 0 0 0 0 0 0 0 0 644557 643815 643835 0 0 0 0 0 0 644645 644261 644313 643705 0 0 644179 0 0 0 0 0 0 644913 0 644713 644449 643633 0 0 0 644063 644617 644397 643633 0 643619 643663 0 0 643607 0 0 0 644243 0 0 0 644791 0 0 0 0 0 0 643593 0 643555 643595 0 643563 643699 0 0 0 0 645009 644685 643509 643501 643517 643503 0 0 644015 
0 0 644891 644853 0 0 644997 0 0 0 0 0 0 0 0 644745 0 645027 0 0 644701 0 0 644827 0 0 0 0 645009 0 0 0 644673 0 644809 0 644931 644987 644985 645039 645005 0 0 644665 0 644725 0 0 0 0 0 0 0 0 645011 644609 644619 0 0 0 0 0 0 645015 644997 645023 644811 0 0 0 0 0 0 0 0 0 644911 0 644999 645043 644775 0 0 0 0 645043 645017 644775 0 0 644533 0 0 0 0 0 0 0 0 0 0 644829 0 0 0 0 0 0 644755 0 0 644499 0 0 0 0 0 0 0 0 645033 0 644709 644717 0 0 0 0 
0 0 643860 643765 0 0 644125 0 0 0 0 0 0 0 0 643495 0 644005 0 0 643499 0 0 643594 0 0 0 0 643900 0 0 0 643373 0 643460 0 643585 643665 643720 644110 644284 0 0 643295 0 643373 0 0 0 0 0 0 0 0 643785 643269 643180 0 0 0 0 0 0 643675 644155 644090 644249 0 0 0 0 0 0 0 0 0 643255 0 643575 643920 644747 0 0 0 0 643710 643985 644680 0 0 643079 0 0 0 0 0 0 0 0 0 0 643050 0 0 0 0 0 0 644629 0 0 642994 0 0 0 0 0 0 0 0 643625 644796 644504 644601 0 0 0 0 
0 0 641232 0 0 0 641285 0 0 0 0 0 0 0 0 0 0 641190 0 0 0 0 0 0 0 0 0 0 0 0 0 0 0 0 0 0 641070 0 0 641211 0 0 0 0 0 0 0 0 0 0 0 0 0 0 0 0 0 0 0 0 0 0 0 0 0 0 641449 0 0 0 0 0 0 0 0 0 640932 0 641032 0 641390 0 0 0 0 0 0 641423 0 0 641161 0 0 0 0 0 0 0 0 0 0 0 0 0 0 0 0 0 641447 0 0 0 0 0 0 0 0 0 0 0 0 0 641477 641463 0 0 0 0 
0 0 637764 0 0 0 637817 0 0 0 0 0 0 0 0 0 0 637818 0 0 0 0 0 0 0 0 0 0 0 0 0 0 0 0 0 0 637770 0 0 637839 0 0 0 0 0 0 0 0 0 0 0 0 0 0 0 0 0 0 0 0 0 0 0 0 0 0 637879 0 0 0 0 0 0 0 0 0 637776 0 637804 0 637945 0 0 0 0 0 0 637933 0 0 637621 0 0 0 0 0 0 0 0 0 0 0 0 0 0 0 0 0 637931 0 0 0 0 0 0 0 0 0 0 0 0 0 637930 637938 0 0 0 0 
0 0 643391 643429 643395 643379 643285 643455 0 0 643411 643401 0 0 0 643537 0 643211 0 0 643477 0 0 643459 0 643287 0 0 643205 643209 0 0 643597 0 643429 0 643235 643155 643181 643169 643183 0 643159 643617 0 643569 0 0 0 0 0 0 0 0 643155 643637 643663 0 0 0 0 0 0 643103 643103 643129 643177 0 0 643515 0 0 0 0 0 0 643079 0 643095 643101 643041 0 0 0 643573 643041 643075 643077 0 643523 643713 0 0 643752 0 0 0 643483 0 0 0 643209 0 0 0 0 0 0 643093 0 643627 643715 0 643741 643727 0 0 0 0 643027 642979 642979 643075 643071 643774 0 0 643597 
0 0 644326 644402 644392 644360 644114 644314 0 0 644424 644428 0 0 0 644618 0 644052 0 0 644230 0 0 644544 0 644204 0 0 644040 644044 0 0 644670 0 644488 0 644100 643940 643992 643968 643992 0 643862 644778 0 644740 0 0 0 0 0 0 0 0 643940 644606 644870 0 0 0 0 0 0 643836 643836 643888 643630 0 0 644660 0 0 0 0 0 0 643788 0 643820 643832 643558 0 0 0 644776 643712 643780 643558 0 644226 644758 0 0 645004 0 0 0 644596 0 0 0 644048 0 0 0 0 0 0 643518 0 644482 644730 0 645018 645084 0 0 0 0 643684 643588 643434 643426 643442 644912 645094 0 644824 
0 0 643577 643615 643605 643589 643471 643593 643641 643663 643621 643635 0 0 0 643723 643547 643515 0 0 643587 0 0 643693 0 643614 0 0 643521 643443 0 643633 643759 0 643733 0 643562 643482 643508 643473 643417 0 643345 643803 643807 643779 643805 643753 0 0 643606 0 643484 643472 643482 643751 643849 0 643779 0 0 0 643638 643430 643419 643445 643287 0 0 643819 0 643730 643698 0 0 643562 643406 643430 643422 643428 643203 643901 643879 0 643843 643368 643402 643215 643649 643633 643827 0 0 643889 643903 0 0 643810 0 0 0 643536 643462 643472 0 0 0 643346 643207 643677 643737 643825 643815 643867 643911 643933 0 643832 643658 643354 643306 643141 643185 643181 643861 643875 643925 643913 
0 0 643067 643105 643095 643079 642961 643083 0 0 643111 643125 0 0 0 643213 0 642994 0 0 643077 0 0 643183 0 643106 0 0 643012 642933 0 0 643225 0 643212 0 643066 642998 643012 642952 642907 0 642835 643237 0 643249 0 0 0 0 0 0 0 0 642986 643201 643237 0 0 0 0 0 0 642958 642910 642936 642777 0 0 643272 0 0 0 0 0 0 642939 0 642955 642932 642693 0 0 0 643272 642901 642906 642705 0 643121 643201 0 0 643225 0 0 0 643260 0 0 0 643069 0 0 0 0 0 0 642697 0 643153 643189 0 643225 643249 0 0 0 0 642887 642839 642631 642675 642671 643201 0 0 643272 
