642875 0 0 0 0 642811 642875 0 642773 0 0 0 0 0 0 0 0 642875 0 0 0 642875 0 0 0 642743 0 0 0 642779 0 0 0 0 642671 642663 0 0 0 642773 642639 0 0 0 0 0 0 0 0 642621 0 0 0 0 0 642875 0 642555 0 0 0 0 642615 642587 0 642845 642869 642851 0 0 0 0 0 0 642803 642511 642513 0 0 0 0 0 642869 642875 642875 0 0 642731 642481 0 642457 0 0 642459 0 0 0 0 642869 642851 0 0 0 0 0 0 0 0 0 642463 0 0 642773 642875 0 0 642779 0 0 0 0 0 0 0 642427 642421 642451 0 
644042 644072 644058 0 0 644112 643988 0 644084 644000 0 643968 0 644084 0 0 643950 643962 0 0 643994 643888 0 0 0 644106 643966 0 0 643878 0 643964 0 0 644012 644036 0 0 0 643966 644012 0 0 644112 643998 643898 0 0 0 644060 643984 0 643920 643948 643832 643744 0 643868 0 0 0 0 644060 644112 643948 643800 643762 643730 0 643954 643844 0 0 643738 643740 643922 643928 0 0 643964 643912 643838 643718 643674 643656 0 0 643678 643892 643878 643868 0 0 643874 644108 643962 643810 0 643670 643648 0 0 0 0 643854 0 0 0 0 644112 0 643896 643728 643586 643606 0 643630 0 0 0 643824 0 0 0 644112 644112 644110 0 
644461 644479 644479 0 0 644467 644407 0 644453 644423 0 644439 0 644421 0 0 644397 644385 0 0 644339 644307 0 0 0 644379 644311 0 0 644397 0 644461 0 0 644423 644391 0 0 0 644263 644391 0 0 644279 644247 644243 0 0 0 644213 644209 0 644193 644221 644201 644163 0 644451 0 0 0 0 644251 644223 644197 644169 644155 644177 0 644131 644165 0 0 644209 644235 644239 644167 0 0 644117 644113 644111 644111 644093 644075 0 0 644245 644305 644267 644233 0 0 644113 644137 644067 644083 0 644063 644095 0 0 0 0 644315 0 0 0 0 644099 0 644049 644025 644005 644025 0 644149 0 0 0 644309 0 0 0 644063 644057 644087 0 
644009 644025 644005 644025 644025 644025 643955 643981 643981 643951 643945 643919 643909 643981 644005 0 643901 643913 643933 643957 643961 643855 643957 644025 644025 644025 643933 643849 0 643829 0 643861 643885 643909 643909 643933 643957 644017 644025 643933 643909 643885 643933 644025 643965 643865 0 0 643947 644025 643951 0 643887 643915 643799 643711 0 643765 0 0 643861 0 644025 644025 643915 643767 643729 643681 643907 643921 643811 0 0 643689 643691 643871 643893 643861 644005 643931 643879 643805 643685 643641 643623 0 0 643629 643837 643827 643817 643839 643793 643839 644025 643929 643777 643733 643637 643599 0 0 0 643765 643789 643797 643793 643977 644013 644025 0 643863 643695 643553 643573 0 643581 643585 643563 643693 643765 643781 643767 644025 644025 644025 644025 0 
644090 644100 644052 644124 644148 644110 644060 644016 644000 644004 643998 643972 643956 643968 643984 0 643954 643966 643960 643954 644092 643960 643922 644008 644096 644146 644064 643902 0 643882 0 643888 643872 643914 643898 643890 643894 643936 644114 644064 643866 643856 643858 644118 644096 643996 0 0 643866 644150 644082 0 644018 644046 643930 643792 0 643782 0 0 643800 0 643970 644134 644046 643898 643860 643734 643774 644052 643942 0 0 643742 643744 643738 643836 643780 644136 644062 644010 643936 643816 643746 643704 0 0 643682 643708 643694 643684 643706 643688 643782 644144 644060 643908 643864 643768 643652 0 0 0 643656 643670 643664 643660 643922 643958 644058 0 643994 643826 643634 643630 0 643634 643638 643616 643618 643640 643648 643634 644064 644094 644136 644142 0 
0 0 0 0 0 643038 642980 0 0 0 0 0 0 0 0 0 0 642898 0 0 0 642930 0 0 0 642993 0 0 0 642808 0 0 0 0 0 0 0 0 0 642911 0 0 0 0 0 0 0 0 0 642886 0 0 0 0 0 642835 0 0 0 0 0 0 642873 642919 0 0 642857 642770 0 0 0 0 0 0 642751 642690 642765 0 0 0 0 0 642835 642823 642791 0 0 642684 0 0 0 0 0 642711 0 0 0 0 642811 642729 0 0 0 0 0 0 0 0 0 642841 0 0 642792 642756 0 0 0 0 0 0 0 0 0 0 642839 642836 642851 0 
0 0 0 0 0 644772 644879 0 0 0 0 0 0 0 0 0 0 644862 0 0 0 644877 0 0 0 644703 0 0 0 644760 0 0 0 0 0 0 0 0 0 644787 0 0 0 0 0 0 0 0 0 644581 0 0 0 0 0 644807 0 0 0 0 0 0 644570 644547 0 0 644790 644760 0 0 0 0 0 0 644741 644444 644462 0 0 0 0 0 644768 644770 644763 0 0 644674 0 0 0 0 0 644408 0 0 0 0 644744 644719 0 0 0 0 0 0 0 0 0 644423 0 0 644694 644705 0 0 0 0 0 0 0 0 0 0 644387 644381 644411 0 
644198 644228 644218 644246 644236 644246 644144 644246 644246 644160 644202 644176 644198 644236 644228 0 644134 644122 644246 644246 644150 644044 644214 644156 644242 644246 644122 644106 0 644112 0 644176 644190 644224 644216 644206 644186 644108 644246 644122 644184 644174 644174 644246 644154 644054 0 0 644038 644216 644140 0 644076 644104 643988 643900 0 644080 0 0 644118 0 644116 644246 644104 643956 643918 643914 644092 644110 644000 0 0 643946 643972 644054 643984 643952 644194 644120 644068 643994 643874 643830 643812 0 0 643912 644026 644012 644002 643950 643884 643930 644246 644118 643966 643922 643826 643832 0 0 0 643974 643988 643982 643976 644068 644104 644204 0 644052 643884 643742 643762 0 643864 643868 643846 643936 643958 643966 643952 644210 644240 644246 644246 0 
0 0 0 0 0 640642 640642 0 640642 0 0 0 0 0 0 0 0 640642 0 0 0 640642 0 0 0 640642 0 0 0 640642 0 0 0 0 640642 640642 0 0 0 640642 640642 0 0 0 0 0 0 0 0 640642 0 0 0 0 0 640642 0 640642 0 0 0 0 640598 640642 0 640642 640642 640642 0 0 0 0 0 0 640642 640567 640532 0 0 0 0 0 640642 640642 640642 0 0 640642 640600 0 640564 0 0 640505 0 0 0 0 640642 640642 0 0 0 0 0 0 0 0 0 640642 0 0 640642 640642 0 0 640642 0 0 0 0 0 0 0 640642 640642 640642 0 
642404 642404 642422 0 0 642342 642380 0 642370 642422 0 642422 0 642338 0 0 642422 642422 0 0 642284 642380 0 0 0 642232 642284 0 0 642422 0 642378 0 0 642340 642308 0 0 0 642236 642308 0 0 642132 642188 642284 0 0 0 642092 642164 0 642212 642212 642308 642404 0 642368 0 0 0 0 642104 642076 642188 642308 642332 642422 0 642116 642260 0 0 642422 642422 642156 642020 0 0 642092 642140 642212 642332 642380 642404 0 0 642422 642222 642184 642150 0 0 641966 641990 642044 642212 0 642332 642422 0 0 0 0 642232 0 0 0 0 641952 0 642092 642236 642404 642422 0 642422 0 0 0 642226 0 0 0 641916 641910 641940 0 
644554 644524 644582 644472 644468 644456 644504 644550 644534 644592 644618 644628 644600 644502 644474 0 644586 644554 644542 644512 644414 644404 644480 644306 644320 644346 644386 644558 0 644586 0 644542 644502 644520 644504 644472 644452 644282 644266 644338 644472 644486 644440 644246 644322 644318 0 0 644212 644224 644284 0 644268 644296 644276 644284 0 644532 0 0 644454 0 644218 644190 644272 644244 644230 644366 644380 644206 644240 0 0 644398 644424 644320 644134 644126 644174 644192 644188 644186 644186 644190 644196 0 0 644434 644386 644348 644314 644196 644082 644080 644104 644142 644158 644162 644138 644284 0 0 0 644406 644396 644270 644242 644050 644038 644066 0 644124 644100 644126 644170 0 644338 644414 644440 644440 644390 644254 644264 644024 644030 644024 644054 0 
644631 644613 644671 0 0 644545 644599 0 644627 644679 0 644703 0 644595 0 0 644685 644649 0 0 644509 644499 0 0 0 644435 644481 0 0 644685 0 644635 0 0 644597 644565 0 0 0 644433 644565 0 0 644335 644415 644413 0 0 0 644313 644379 0 644363 644391 644371 644379 0 644625 0 0 0 0 644307 644279 644367 644339 644325 644465 0 644301 644335 0 0 644497 644523 644413 644223 0 0 644287 644283 644281 644281 644285 644291 0 0 644533 644479 644441 644407 0 0 644169 644193 644237 644253 0 644233 644383 0 0 0 0 644489 0 0 0 0 644155 0 644219 644195 644221 644265 0 644437 0 0 0 644483 0 0 0 644119 644113 644143 0 
644324 644339 644358 644330 644318 644330 644285 644378 644372 644329 644374 644361 644384 644356 644340 0 644328 644310 644394 644373 644240 644235 644357 644256 644263 644258 644226 644326 0 644341 0 644365 644357 644378 644370 644359 644343 644244 644200 644178 644354 644349 644343 644178 644146 644192 0 0 644209 644081 644115 0 644131 644145 644171 644175 0 644276 0 0 644321 0 644212 644114 644121 644155 644148 644218 644308 644052 644141 0 0 644246 644265 644283 644170 644166 643998 644033 644055 644090 644126 644128 644131 0 0 644241 644275 644268 644263 644201 644144 644143 644018 643984 644076 644102 644102 644177 0 0 0 644213 644232 644253 644244 644080 644050 644028 0 643999 644059 644096 644118 0 644217 644219 644184 644158 644205 644245 644238 643983 643974 643946 643970 0 
644076 644106 644096 0 0 644150 644022 0 644164 644038 0 644054 0 644186 0 0 644012 644000 0 0 644028 643922 0 0 0 644140 644000 0 0 644012 0 644152 0 0 644186 644186 0 0 0 644000 644186 0 0 644168 644032 643932 0 0 0 644094 644018 0 643954 643982 643866 643778 0 644066 0 0 0 0 644098 644152 643982 643834 643796 643792 0 643988 643878 0 0 643824 643850 644036 643966 0 0 643998 643946 643872 643752 643708 643690 0 0 643856 644074 644060 644030 0 0 643912 644142 643996 643844 0 643704 643710 0 0 0 0 644036 0 0 0 0 644186 0 643930 643762 643620 643640 0 643764 0 0 0 644006 0 0 0 644186 644150 644144 0 
644960 644983 644972 644985 644963 644993 644894 644974 644982 644916 644910 644884 644877 644998 645022 0 644866 644878 644930 644969 644839 644794 644974 644970 644952 644903 644811 644814 0 644794 0 644858 644902 644917 644925 644950 644970 644934 644871 644763 644926 644902 644934 644845 644747 644743 0 0 644864 644712 644709 0 644693 644721 644701 644662 0 644767 0 0 644876 0 644905 644765 644697 644669 644644 644646 644850 644631 644665 0 0 644654 644656 644814 644798 644778 644619 644617 644613 644611 644600 644580 644574 0 0 644594 644784 644770 644760 644782 644722 644744 644664 644567 644583 644587 644552 644564 0 0 0 644732 644746 644740 644736 644737 644725 644739 0 644549 644525 644504 644536 0 644546 644550 644528 644694 644716 644724 644710 644691 644665 644596 644617 0 
641805 641775 641785 641747 641767 641731 641827 641733 641717 641827 641801 641827 641783 641685 641677 641827 641827 641827 641725 641695 641827 641753 641663 641605 641691 641741 641827 641815 0 641827 0 641725 641685 641703 641687 641655 641635 641557 641708 641827 641655 641669 641623 641700 641814 641763 0 0 641487 641726 641802 0 641784 641812 641697 641609 0 641713 0 0 641637 0 641565 641680 641800 641665 641627 641623 641563 641770 641709 0 0 641655 641681 641503 641433 641401 641712 641766 641740 641702 641583 641539 641521 641579 0 641691 641569 641531 641497 641399 641333 641379 641642 641742 641674 641631 641535 641541 641635 0 0 641587 641579 641453 641425 641504 641516 641580 0 641700 641593 641451 641471 0 641595 641671 641697 641585 641571 641437 641447 641562 641580 641598 641616 0 
642382 642377 642382 0 0 642355 642382 0 642348 642382 0 642382 0 642332 0 0 642382 642382 0 0 642382 642350 0 0 0 642360 642382 0 0 642358 0 642304 0 0 642309 642305 0 0 0 642382 642293 0 0 642322 642358 642355 0 0 0 642310 642346 0 642354 642368 642322 642278 0 642206 0 0 0 0 642272 642294 642356 642306 642287 642285 0 642322 642328 0 0 642301 642302 642229 642206 0 0 642310 642314 642313 642265 642243 642234 0 0 642271 642205 642207 642202 0 0 642179 642251 642286 642299 0 642241 642244 0 0 0 0 642162 0 0 0 0 642232 0 642282 642270 642199 642209 0 642247 0 0 0 642135 0 0 0 642214 642211 642226 0 
0 0 0 0 0 639998 640047 0 0 0 0 0 0 0 0 0 0 640047 0 0 0 640022 0 0 0 640003 0 0 0 640047 0 0 0 0 0 0 0 0 0 640047 0 0 0 0 0 0 0 0 0 640026 0 0 0 0 0 639950 0 0 0 0 0 0 639915 639997 0 0 639959 639957 0 0 0 0 0 0 639986 639884 639849 0 0 0 0 0 639937 639915 639906 0 0 639991 0 0 0 0 0 639822 0 0 0 0 639913 639916 0 0 0 0 0 0 0 0 0 639959 0 0 639942 639871 0 0 0 0 0 0 0 0 0 0 639977 639998 640001 0 
641839 641852 641873 641840 641828 641840 641800 641888 641888 641844 641886 641873 641877 641874 641858 0 641843 641825 641891 641888 641755 641750 641872 641774 641781 641780 641741 641838 0 641834 0 641855 641853 641874 641866 641862 641858 641762 641754 641717 641850 641845 641846 641744 641709 641707 0 0 641727 641692 641690 0 641682 641696 641686 641690 0 641807 0 0 641817 0 641730 641708 641684 641670 641663 641733 641804 641651 641668 0 0 641758 641765 641786 641688 641684 641645 641644 641642 641641 641641 641643 641646 0 0 641734 641771 641764 641759 641719 641662 641661 641660 641619 641627 641629 641617 641692 0 0 0 641745 641752 641749 641747 641646 641640 641654 0 641610 641598 641611 641633 0 641710 641712 641701 641726 641737 641741 641734 641633 641636 641624 641636 0 
643919 643934 643953 643936 643914 643944 643880 643991 643999 643924 643969 643956 643976 644015 644007 0 643923 643905 644017 644022 643818 643830 644035 643909 643899 643850 643804 643921 0 643933 0 643981 644013 644016 644024 644041 644011 643873 643818 643756 644029 644021 644009 643792 643724 643770 0 0 643803 643659 643693 0 643709 643723 643761 643770 0 643926 0 0 643987 0 643840 643712 643699 643745 643743 643813 643937 643630 643719 0 0 643841 643864 643889 643737 643717 643576 643611 643633 643668 643721 643723 643726 0 0 643833 643907 643881 643859 643751 643661 643683 643611 643562 643654 643680 643697 643772 0 0 0 643879 643893 643827 643811 643672 643660 643688 0 643577 643637 643691 643713 0 643809 643811 643800 643841 643863 643811 643809 643646 643612 643543 643564 0 
644825 0 0 0 0 644757 644851 0 644537 0 0 0 0 0 0 0 0 644685 0 0 644955 644713 0 0 0 644887 644927 0 0 644505 0 0 0 0 644333 644317 0 0 0 644938 644269 0 0 644758 644898 644831 0 0 0 644700 644836 0 644862 644896 644675 644377 0 644101 0 0 0 0 644499 644646 644848 644611 644511 644261 0 0 644735 0 0 0 644281 644013 644187 0 0 0 644702 644698 644423 644285 644201 0 0 644157 643953 0 643905 0 0 644079 0 0 644642 0 644327 644097 0 0 0 0 0 0 0 0 0 644398 0 0 644502 644061 0 0 644061 0 0 0 0 0 0 0 644326 644314 644374 0 
0 0 0 0 0 0 0 0 0 0 0 0 0 0 0 0 0 0 0 0 0 644723 0 0 0 0 0 0 0 0 0 0 0 0 0 0 0 0 0 0 0 0 0 0 0 0 0 0 0 0 0 0 0 0 0 0 0 0 0 0 0 0 644177 644255 0 0 0 0 0 0 0 0 0 0 0 643947 644003 0 0 0 0 0 0 0 0 0 0 644454 0 0 0 0 0 0 0 0 0 0 0 0 0 0 0 0 0 0 0 0 0 0 0 0 0 0 0 0 0 0 0 0 0 0 0 0 0 0 0 0 
644143 644173 644163 644201 644181 644217 644089 644215 644231 644105 644143 644117 644113 644237 644237 0 644079 644067 644195 644233 644095 643989 644233 644237 644237 644207 644067 644047 0 644027 0 644123 644161 644185 644185 644209 644233 644191 644237 644067 644185 644161 644209 644235 644099 643999 0 0 644121 644161 644085 0 644021 644049 643933 643845 0 644037 0 0 644137 0 644199 644219 644049 643901 643863 643859 644145 644055 643945 0 0 643887 643889 644109 644067 644035 644139 644065 644013 643939 643819 643775 643757 0 0 643827 644079 644065 644055 644033 643967 644013 644209 644063 643911 643867 643771 643777 0 0 0 644027 644041 644035 644031 644151 644187 644237 0 643997 643829 643687 643707 0 643779 643783 643761 643969 644011 644019 644005 644237 644237 644217 644211 0 
643886 643946 643834 644026 644010 644058 643802 643890 643922 643718 643706 643654 643646 643986 644050 0 643618 643642 643810 643918 643808 643602 643970 644242 644132 644008 643752 643514 0 643474 0 643666 643794 643806 643838 643930 643998 644165 644024 643704 643882 643820 643960 643992 643720 643616 0 0 644047 643748 643668 0 643588 643644 643508 643290 0 643494 0 0 643804 0 644195 643888 643620 643444 643392 643178 643866 643560 643484 0 0 643194 643198 643819 643963 643875 643632 643556 643500 643424 643304 643174 643114 0 0 643074 643730 643722 643711 643755 643715 643855 643772 643504 643368 643328 643208 643014 0 0 0 643606 643644 643671 643663 644003 644009 643970 0 643420 643228 642974 642970 0 642978 642986 642942 643480 643590 643639 643611 643916 643848 643716 643728 0 
643821 643881 643765 643985 643993 644017 643761 643821 643853 643649 643637 643585 643577 643867 643907 0 643549 643573 643741 643829 643939 643561 643797 644027 644231 644139 643883 643445 0 643405 0 643597 643675 643729 643725 643741 643769 643931 644153 643835 643693 643659 643709 644123 643851 643747 0 0 643847 643879 643799 0 643719 643775 643593 643225 0 643425 0 0 643579 0 644083 644019 643751 643529 643405 643109 643601 643691 643615 0 0 643125 643129 643583 643794 643682 643763 643687 643631 643555 643317 643133 643049 0 0 643005 643463 643473 643478 643534 643498 643686 643903 643635 643499 643459 643221 642945 0 0 0 643339 643377 643450 643442 643961 643949 643977 0 643551 643359 642909 642901 0 642909 642917 642873 643229 643323 643418 643390 643935 643941 643847 643859 0 
0 0 0 0 0 641980 641980 0 0 0 0 0 0 0 0 0 0 641908 0 0 0 641980 0 0 0 642069 0 0 0 641812 0 0 0 0 0 0 0 0 0 642070 0 0 0 0 0 0 0 0 0 642070 0 0 0 0 0 641884 0 0 0 0 0 0 641965 642070 0 0 641965 641819 0 0 0 0 0 0 641800 641708 641806 0 0 0 0 0 641943 641873 641840 0 0 641733 0 0 0 0 0 641752 0 0 0 0 641919 641778 0 0 0 0 0 0 0 0 0 642034 0 0 641990 641805 0 0 0 0 0 0 0 0 0 0 642052 642070 642070 0 
644741 0 0 0 0 644715 644811 0 644509 0 0 0 0 0 0 0 0 644659 0 0 644945 644679 0 0 0 644859 644937 0 0 644475 0 0 0 0 644313 644297 0 0 0 644927 644249 0 0 644757 644873 644833 0 0 0 644651 644835 0 644841 644883 644687 644343 0 644074 0 0 0 0 644525 644641 644847 644623 644523 644227 0 0 644725 0 0 0 644247 643993 644189 0 0 0 644703 644677 644435 644251 644167 0 0 644123 643933 0 643885 0 0 644081 0 0 644621 0 644339 644063 0 0 0 0 0 0 0 0 0 644413 0 0 644483 644027 0 0 644027 0 0 0 0 0 0 0 644341 644307 644361 0 
643676 643646 643680 643606 643614 643590 643718 643638 643622 643738 643694 643720 643652 643590 643572 0 643774 643768 643606 643588 643664 643694 643556 643452 643502 643540 643684 643759 0 643738 0 643570 643542 643572 643556 643536 643528 643416 643484 643660 643524 643526 643504 643476 643612 643651 0 0 643346 643502 643614 0 643626 643640 643630 643634 0 643512 0 0 643482 0 643388 643456 643628 643614 643607 643675 643432 643595 643612 0 0 643679 643680 643384 643280 643260 643488 643588 643586 643585 643585 643587 643590 0 0 643649 643402 643376 643354 643294 643204 643226 643418 643563 643571 643573 643561 643634 0 0 0 643386 643388 643322 643306 643280 643292 643356 0 643554 643542 643555 643577 0 643625 643627 643616 643384 643370 643306 643304 643338 643356 643374 643392 0 
643774 643759 643788 643720 643728 643704 643787 643754 643738 643817 643820 643833 643787 643706 643686 643756 643830 643812 643746 643728 643738 643737 643696 643566 643616 643654 643728 643828 643830 643818 643811 643710 643682 643712 643696 643676 643668 643530 643598 643704 643664 643666 643644 643590 643688 643694 0 643796 643460 643609 643677 0 643669 643683 643673 643677 643738 643629 0 0 643622 0 643502 643570 643671 643657 643650 643720 643572 643638 643655 0 0 643748 643749 643524 643394 643374 643584 643631 643629 643628 643628 643630 643633 643698 643735 643718 643542 643516 643494 643408 643318 643340 643532 643606 643614 643616 643604 643679 643527 0 643523 643503 643517 643462 643446 643394 643406 643470 643528 643597 643585 643598 643620 643703 643694 643696 643674 643465 643487 643446 643444 643452 643470 643488 643506 643584 
0 0 0 0 0 642803 642907 0 0 0 0 0 0 0 0 0 0 642979 0 0 0 642907 0 0 0 642693 0 0 0 643069 0 0 0 0 0 0 0 0 0 642763 0 0 0 0 0 0 0 0 0 642571 0 0 0 0 0 642931 0 0 0 0 0 0 642565 642537 0 0 642859 643003 0 0 0 0 0 0 643051 642719 642481 0 0 0 0 0 642859 642907 642931 0 0 643038 0 0 0 0 0 642427 0 0 0 0 642859 643003 0 0 0 0 0 0 0 0 0 642413 0 0 642763 642931 0 0 0 0 0 0 0 0 0 0 642377 642371 642401 0 
643726 643729 643753 643705 643705 643689 643687 643739 643723 643731 643776 643763 643801 643691 643671 643656 643730 643712 643755 643713 643642 643637 643681 643551 643601 643639 643628 643728 643754 643766 643785 643767 643739 643745 643729 643685 643653 643515 643583 643604 643697 643723 643653 643575 643596 643594 0 643696 643445 643573 643577 0 643569 643583 643573 643577 643638 643709 0 0 643679 0 643487 643555 643571 643557 643550 643620 643605 643538 643555 0 0 643648 643673 643533 643379 643359 643532 643531 643529 643528 643528 643530 643533 643598 643635 643690 643599 643573 643551 643393 643303 643325 643517 643506 643514 643516 643504 643579 643612 0 643608 643583 643585 643495 643455 643379 643391 643455 643489 643497 643485 643498 643520 643603 643642 643668 643657 643550 643567 643479 643501 643437 643455 643473 643491 643484 
642621 642621 642669 0 0 642597 642597 0 642693 642669 0 642717 0 642665 0 0 642693 642669 0 0 642501 642597 0 0 0 642477 642501 0 0 642765 0 642795 0 0 642739 642683 0 0 0 642453 642707 0 0 642405 642405 642501 0 0 0 642309 642381 0 642429 642429 642525 642621 0 642727 0 0 0 0 642377 642333 642405 642525 642549 642693 0 642333 642477 0 0 642717 642741 642531 642293 0 0 642309 642357 642429 642549 642597 642621 0 0 642795 642651 642613 642573 0 0 642239 642237 642261 642429 0 642549 642693 0 0 0 0 642617 0 0 0 0 642225 0 642309 642453 642621 642645 0 642765 0 0 0 642587 0 0 0 642189 642165 642189 0 
644031 644061 644051 644089 644069 644095 643977 644095 644095 643993 644035 644009 644053 644081 644073 0 643967 643955 644095 644091 643983 643877 644059 644001 644087 644095 643955 643939 0 643967 0 644095 644081 644095 644083 644051 644031 643953 644095 643955 644051 644065 644019 644095 643987 643887 0 0 643883 644049 643973 0 643909 643937 643821 643733 0 644043 0 0 644033 0 643961 644095 643937 643789 643751 643747 643959 643943 643833 0 0 643779 643805 643899 643829 643797 644027 643953 643901 643827 643707 643663 643645 0 0 643815 643965 643927 643893 643795 643729 643775 644095 643951 643799 643755 643659 643665 0 0 0 643933 643947 643849 643821 643913 643949 644049 0 643885 643717 643575 643595 0 643719 643795 643793 643895 643917 643833 643843 644055 644085 644095 644095 0 
643931 643961 643951 643989 643969 643987 643877 643989 643973 643893 643935 643909 643953 643941 643933 0 643867 643855 643981 643951 643883 643777 643919 643861 643947 643989 643855 643839 0 643867 0 643953 643937 643959 643943 643911 643891 643813 643965 643855 643911 643921 643879 643969 643887 643787 0 0 643743 643949 643873 0 643809 643837 643721 643633 0 643847 0 0 643865 0 643821 643985 643837 643689 643651 643647 643819 643843 643733 0 0 643679 643705 643759 643689 643657 643927 643853 643801 643727 643607 643563 643545 0 0 643687 643773 643759 643749 643655 643589 643635 643989 643851 643699 643655 643559 643565 0 0 0 643721 643735 643709 643681 643773 643809 643909 0 643785 643617 643475 643495 0 643619 643643 643621 643683 643705 643693 643699 643915 643945 643987 643989 0 
0 0 0 0 0 641101 641051 0 641149 0 0 0 0 0 0 0 0 641076 0 0 0 641001 0 0 0 641041 0 0 0 641111 0 0 0 0 641160 641144 0 0 0 640968 641144 0 0 0 0 0 0 0 0 640943 0 0 0 0 0 640941 0 641166 0 0 0 0 640998 640969 0 640921 640914 640984 0 0 0 0 0 0 641030 641068 640956 0 0 0 0 0 640892 640894 640897 0 0 641035 641101 0 641065 0 0 640929 0 0 0 0 640868 640943 0 0 0 0 0 0 0 0 0 640922 0 0 640849 640862 0 0 640987 0 0 0 0 0 0 0 640904 640885 640897 0 
0 0 0 0 0 642377 642249 0 642583 0 0 0 0 0 0 0 0 642371 0 0 0 642149 0 0 0 642127 0 0 0 642443 0 0 0 0 642625 642653 0 0 0 641939 642635 0 0 0 0 0 0 0 0 641745 0 0 0 0 0 642053 0 642453 0 0 0 0 642151 641851 0 641917 641927 642211 0 0 0 0 0 0 642299 642393 641983 0 0 0 0 0 641883 641935 641965 0 0 642243 642435 0 642339 0 0 641875 0 0 0 0 641835 642129 0 0 0 0 0 0 0 0 0 641807 0 0 641701 641895 0 0 642195 0 0 0 0 0 0 0 641651 641513 641555 0 
643879 643909 643899 643937 643917 643953 643825 643951 643967 643841 643881 643855 643851 643999 644007 0 643815 643803 643933 643987 643831 643725 644019 644031 643993 643943 643803 643785 0 643765 0 643861 643925 643931 643947 644003 644031 643983 643975 643803 643979 643941 644007 643971 643835 643735 0 0 643913 643897 643821 0 643757 643785 643669 643581 0 643775 0 0 643935 0 643991 643955 643785 643637 643599 643595 643939 643791 643681 0 0 643625 643627 643903 643859 643827 643875 643801 643749 643675 643555 643511 643493 0 0 643565 643873 643859 643849 643825 643759 643805 643945 643799 643647 643603 643507 643513 0 0 0 643821 643835 643829 643825 643943 643979 644031 0 643733 643565 643423 643443 0 643517 643521 643499 643767 643805 643813 643799 644025 643995 643953 643947 0 
643980 644040 643952 644120 644098 644152 643896 644008 644040 643836 643824 643772 643764 644104 644168 0 643736 643760 643928 644036 643854 643696 644100 644422 644178 644054 643798 643632 0 643592 0 643784 643912 643924 643956 644068 644156 644458 644070 643750 644020 643944 644132 644038 643766 643662 0 0 644388 643794 643714 0 643634 643690 643554 643384 0 643612 0 0 643960 0 644432 643934 643666 643490 643438 643296 644178 643606 643530 0 0 643312 643316 644168 644352 644287 643678 643602 643546 643470 643350 643268 643208 0 0 643192 644034 644052 644066 644191 644127 644261 643818 643550 643414 643374 643254 643132 0 0 0 643864 643932 644070 644090 644268 644256 644038 0 643466 643274 643068 643084 0 643096 643104 643060 643652 643890 644054 644016 643978 643894 643762 643774 0 
640036 640036 640012 640048 640060 640048 640048 640000 640000 640012 639988 639988 639964 640000 640012 0 640000 640012 639976 639988 640096 640048 639988 640030 640096 640108 640096 639988 0 639964 0 639940 639952 639964 639964 639976 639986 639970 640120 640120 639964 639952 639964 640120 640120 640096 0 0 639900 640120 640120 0 640120 640120 640084 640036 0 639892 0 0 639939 0 640014 640120 640120 640084 640072 640000 639892 640120 640108 0 0 639988 639976 639844 639858 639814 640120 640120 640120 640120 640072 640048 640036 0 0 639940 639862 639836 639814 639776 639734 639804 640120 640120 640120 640108 640072 640000 0 0 0 639846 639848 639782 639766 640002 640038 640120 0 640120 640120 640036 640024 0 639964 639928 639904 639844 639830 639766 639764 640120 640120 640120 640120 0 
0 0 0 0 0 643777 643905 0 0 0 0 0 0 0 0 0 0 643849 0 0 0 643921 0 0 0 643907 0 0 0 643747 0 0 0 0 0 0 0 0 0 644055 0 0 0 0 0 0 0 0 0 643839 0 0 0 0 0 643897 0 0 0 0 0 0 643683 643805 0 0 643969 643825 0 0 0 0 0 0 643777 643405 643503 0 0 0 0 0 643969 643921 643897 0 0 643705 0 0 0 0 0 643449 0 0 0 0 643969 643825 0 0 0 0 0 0 0 0 0 643681 0 0 644055 643897 0 0 0 0 0 0 0 0 0 0 643645 643639 643669 0 
0 0 0 0 0 642744 642488 0 642868 0 0 0 0 0 0 0 0 642516 0 0 0 642288 0 0 0 642604 0 0 0 642604 0 0 0 0 642956 642960 0 0 0 642300 642960 0 0 0 0 0 0 0 0 642344 0 0 0 0 0 642024 0 642844 0 0 0 0 642614 642484 0 642040 641988 642124 0 0 0 0 0 0 642280 642698 642398 0 0 0 0 0 641900 641860 641848 0 0 642300 642830 0 642686 0 0 642290 0 0 0 0 641804 641960 0 0 0 0 0 0 0 0 0 642512 0 0 641824 641708 0 0 642108 0 0 0 0 0 0 0 642434 642312 642324 0 
644002 644032 644022 644060 644040 644076 643948 644074 644090 643964 644006 643980 644024 644092 644084 0 643938 643926 644082 644102 643954 643848 644070 644012 644098 644066 643926 643910 0 643938 0 644082 644092 644102 644094 644062 644042 643964 644098 643926 644062 644076 644030 644094 643958 643858 0 0 643894 644020 643944 0 643880 643908 643792 643704 0 644002 0 0 644044 0 643972 644078 643908 643760 643722 643718 643970 643914 643804 0 0 643750 643776 643910 643840 643808 643998 643924 643872 643798 643678 643634 643616 0 0 643786 643958 643938 643904 643806 643740 643786 644068 643922 643770 643726 643630 643636 0 0 0 643906 643920 643860 643832 643924 643960 644060 0 643856 643688 643546 643566 0 643690 643748 643726 643868 643890 643844 643854 644066 644096 644076 644070 0 
643791 643821 643811 643849 643829 643865 643737 643863 643879 643753 643795 643769 643811 643911 643919 0 643727 643715 643871 643901 643743 643637 643933 643975 643905 643855 643715 643699 0 643725 0 643821 643885 643891 643907 643941 643961 643927 643887 643715 643939 643901 643973 643883 643747 643647 0 0 643857 643809 643733 0 643669 643697 643581 643493 0 643735 0 0 643909 0 643935 643867 643697 643549 643511 643507 643931 643703 643593 0 0 643539 643565 643873 643803 643771 643787 643713 643661 643587 643467 643423 643405 0 0 643525 643865 643851 643841 643769 643703 643749 643857 643711 643559 643515 643419 643425 0 0 0 643813 643827 643821 643795 643887 643923 643943 0 643645 643477 643335 643355 0 643477 643481 643459 643755 643797 643805 643791 643937 643907 643865 643859 0 
633647 0 0 0 0 633834 633587 0 633615 0 0 0 0 0 0 0 0 633375 0 0 633791 633387 0 0 0 634062 633735 0 0 633159 0 0 0 0 633425 633454 0 0 0 633830 633394 0 0 634202 633966 633599 0 0 0 634026 633946 0 633774 633830 633419 633051 0 633004 0 0 0 0 633811 634155 633866 633355 633231 632899 0 0 633539 0 0 0 632895 633195 633451 0 0 0 633778 633610 633143 632959 632875 0 0 632735 633082 0 633063 0 0 633343 0 0 633554 0 633047 632735 0 0 0 0 0 0 0 0 0 634071 0 0 633354 632735 0 0 632663 0 0 0 0 0 0 0 634033 633985 634003 0 
644722 0 0 0 0 644636 644790 0 644464 0 0 0 0 0 0 0 0 644674 0 0 644886 644614 0 0 0 644776 644866 0 0 644502 0 0 0 0 644260 644244 0 0 0 644914 644196 0 0 644764 644954 644730 0 0 0 644727 644920 0 644846 644902 644574 644302 0 644028 0 0 0 0 644376 644679 644898 644510 644410 644210 0 0 644646 0 0 0 644230 643940 644064 0 0 0 644756 644682 644322 644186 644126 0 0 644106 643880 0 643832 0 0 643956 0 0 644626 0 644226 644046 0 0 0 0 0 0 0 0 0 644431 0 0 644438 643986 0 0 644010 0 0 0 0 0 0 0 644359 644347 644407 0 
644548 0 0 0 0 644476 644677 0 644256 0 0 0 0 0 0 0 0 644566 0 0 644850 644798 0 0 0 644675 644892 0 0 644356 0 0 0 0 644052 644036 0 0 0 644855 643988 0 0 644489 644711 644980 0 0 0 644426 644684 0 644876 644834 644926 644558 0 643820 0 0 0 0 644288 644377 644786 644862 644738 644442 0 0 644977 0 0 0 644462 643732 643928 0 0 0 644744 644889 644650 644466 644382 0 0 644338 643672 0 643624 0 0 643820 0 0 644835 0 644554 644278 0 0 0 0 0 0 0 0 0 644129 0 0 644719 644242 0 0 644242 0 0 0 0 0 0 0 644057 644045 644105 0 
644635 644605 644567 644601 644645 644585 644713 644491 644475 644625 644535 644561 644469 644443 644459 644774 644627 644658 644435 644429 644803 644721 644397 644483 644641 644689 644826 644618 644579 644555 644517 644363 644347 644389 644373 644365 644369 644411 644633 644812 644341 644331 644333 644625 644761 644822 644836 644600 644341 644651 644763 644735 644807 644809 644765 644625 644614 644257 644281 644275 644275 644239 644491 644605 644797 644749 644706 644560 644249 644758 644793 644703 644557 644552 644541 644213 644311 644255 644637 644741 644767 644766 644684 644614 644581 644538 644539 644474 644183 644169 644159 644181 644163 644257 644567 644718 644752 644754 644660 644519 644155 644141 644151 644131 644145 644139 644135 644429 644441 644505 644536 644735 644723 644542 644532 644507 644474 644440 644405 644093 644115 644123 644109 644487 644504 644498 644528 644716 
643765 643735 643769 643695 643703 643679 643807 643729 643713 643827 643785 643811 643743 643681 643661 643797 643865 643864 643697 643679 643753 643861 643647 643541 643591 643629 643780 643872 643841 643829 643791 643656 643633 643663 643647 643627 643619 643505 643573 643756 643615 643617 643595 643565 643701 643814 0 643896 643435 643591 643703 0 643767 643753 643797 643801 643862 643550 0 0 643568 0 643477 643545 643741 643781 643774 643844 643523 643702 643779 0 0 643848 643849 643475 643369 643349 643577 643685 643735 643752 643752 643754 643757 643822 643835 643813 643476 643462 643445 643383 643293 643315 643507 643662 643738 643740 643728 643803 643448 0 643444 643424 643438 643413 643397 643369 643381 643445 643513 643719 643709 643722 643744 643803 643794 643779 643744 643386 643408 643397 643395 643427 643445 643463 643481 643660 
643894 643954 643886 644014 643974 644046 643790 643966 643998 643770 643784 643732 643724 644062 644102 0 643694 643694 643888 643996 643732 643590 644060 644298 644056 643932 643676 643592 0 643552 0 643744 643872 643884 643916 644028 644116 644394 643948 643628 643980 643904 644092 643916 643644 643540 0 0 644478 643672 643592 0 643512 643568 643432 643298 0 643572 0 0 643920 0 644332 643812 643544 643368 643316 643254 644164 643484 643408 0 0 643272 643276 644302 644409 644345 643556 643480 643424 643348 643228 643162 643122 0 0 643152 644008 644130 644212 644289 644205 644301 643696 643428 643292 643252 643132 643090 0 0 0 643824 643892 644226 644223 644292 644188 643916 0 643344 643152 642982 642998 0 643056 643064 643020 643612 643856 644199 644171 643856 643772 643640 643652 0 
0 0 0 0 0 641515 641515 0 0 0 0 0 0 0 0 0 0 641443 0 0 0 641515 0 0 0 641617 0 0 0 641347 0 0 0 0 0 0 0 0 0 641629 0 0 0 0 0 0 0 0 0 641687 0 0 0 0 0 641491 0 0 0 0 0 0 641540 641687 0 0 641563 641419 0 0 0 0 0 0 641371 641285 641383 0 0 0 0 0 641563 641515 641491 0 0 641299 0 0 0 0 0 641329 0 0 0 0 641563 641419 0 0 0 0 0 0 0 0 0 641684 0 0 641629 641491 0 0 0 0 0 0 0 0 0 0 641687 641687 641687 0 
644671 0 0 0 0 644641 644745 0 644439 0 0 0 0 0 0 0 0 644575 0 0 644841 644559 0 0 0 644771 644811 0 0 644407 0 0 0 0 644256 644243 0 0 0 644859 644195 0 0 644815 644937 644675 0 0 0 644758 644935 0 644791 644847 644519 644227 0 644005 0 0 0 0 644419 644748 644871 644455 644355 644111 0 0 644591 0 0 0 644131 643939 644107 0 0 0 644762 644627 644267 644131 644051 0 0 644007 643879 0 643831 0 0 643999 0 0 644571 0 644171 643947 0 0 0 0 0 0 0 0 0 644536 0 0 644383 643911 0 0 643911 0 0 0 0 0 0 0 644460 644414 644468 0 
643647 643617 643579 643613 643657 643597 643684 643503 643487 643620 643547 643564 643481 643455 643471 643725 643583 643601 643447 643441 643783 643634 643409 643495 643653 643727 643769 643545 643535 643511 643518 643375 643359 643401 643385 643377 643381 643423 643731 643817 643353 643343 643345 643747 643857 643735 643749 643513 643353 643811 643862 643872 643806 643820 643678 643538 643527 643269 643293 643287 643287 643251 643503 643765 643832 643662 643619 643473 643261 643837 643732 643616 643470 643465 643454 643225 643323 643267 643797 643830 643828 643765 643597 643527 643494 643451 643452 643387 643195 643181 643171 643193 643175 643269 643727 643805 643751 643693 643573 643432 643167 643153 643163 643143 643157 643151 643147 643551 643601 643665 643733 643796 643698 643428 643424 643420 643387 643353 643318 643105 643127 643135 643121 643647 643665 643683 643701 643783 
644600 0 0 0 0 644544 644702 0 644329 0 0 0 0 0 0 0 0 644580 0 0 644842 644716 0 0 0 644729 644870 0 0 644376 0 0 0 0 644125 644109 0 0 0 644918 644061 0 0 644706 644885 644882 0 0 0 644643 644865 0 644968 644948 644726 644380 0 643893 0 0 0 0 644339 644604 644935 644662 644560 644264 0 0 644798 0 0 0 644284 643805 644001 0 0 0 644873 644822 644472 644288 644204 0 0 644160 643745 0 643697 0 0 643893 0 0 644766 0 644376 644100 0 0 0 0 0 0 0 0 0 644360 0 0 644590 644064 0 0 644064 0 0 0 0 0 0 0 644288 644271 644328 0 
644620 0 0 0 0 644496 644725 0 644322 0 0 0 0 0 0 0 0 644649 0 0 644814 644665 0 0 0 644636 644843 0 0 644445 0 0 0 0 644118 644102 0 0 0 644891 644054 0 0 644652 644904 644781 0 0 0 644694 644934 0 644897 644923 644625 644353 0 643886 0 0 0 0 644236 644626 644947 644561 644461 644259 0 0 644697 0 0 0 644279 643798 643924 0 0 0 644895 644733 644373 644237 644177 0 0 644155 643738 0 643690 0 0 643816 0 0 644677 0 644277 644095 0 0 0 0 0 0 0 0 0 644378 0 0 644489 644037 0 0 644059 0 0 0 0 0 0 0 644306 644294 644354 0 
644532 0 0 0 0 644432 644688 0 644212 0 0 0 0 0 0 0 0 644588 0 0 644798 644873 0 0 0 644586 644854 0 0 644372 0 0 0 0 644008 643992 0 0 0 644843 643944 0 0 644411 644683 644980 0 0 0 644367 644663 0 644887 644831 645017 644699 0 643776 0 0 0 0 644198 644299 644783 644957 644857 644583 0 0 645061 0 0 0 644603 643688 643884 0 0 0 644756 644988 644769 644607 644523 0 0 644479 643628 0 643580 0 0 643776 0 0 644942 0 644673 644419 0 0 0 0 0 0 0 0 0 644051 0 0 644826 644383 0 0 644383 0 0 0 0 0 0 0 643979 643967 644027 0 
0 0 0 0 0 644669 644797 0 0 0 0 0 0 0 0 0 0 644747 0 0 0 644897 0 0 0 644647 0 0 0 644639 0 0 0 0 0 0 0 0 0 644770 0 0 0 0 0 0 0 0 0 644532 0 0 0 0 0 644943 0 0 0 0 0 0 644495 644498 0 0 644980 644878 0 0 0 0 0 0 644825 644297 644383 0 0 0 0 0 644958 644932 644899 0 0 644743 0 0 0 0 0 644329 0 0 0 0 644934 644837 0 0 0 0 0 0 0 0 0 644374 0 0 644910 644864 0 0 0 0 0 0 0 0 0 0 644338 644332 644362 0 
644411 644381 644395 644329 644325 644313 644441 644343 644327 644453 644411 644437 644393 644295 644287 644407 644479 644491 644335 644305 644339 644541 644273 644163 644177 644203 644367 644507 644479 644479 644441 644335 644295 644313 644297 644265 644245 644139 644123 644319 644265 644279 644233 644103 644239 644435 0 644571 644069 644081 644229 0 644341 644313 644521 644555 644621 644325 0 0 644247 0 644075 644047 644289 644515 644501 644573 644173 644211 644465 0 0 644605 644621 644113 643991 643983 644031 644177 644277 644423 644457 644461 644467 644529 644579 644621 644179 644141 644107 644009 643939 643937 643961 644131 644425 644433 644409 644491 644271 0 644243 644199 644189 644063 644035 643907 643895 643923 643919 644245 644371 644397 644421 644515 644545 644621 644621 644233 644183 644047 644057 643881 643887 643881 643911 644127 
0 0 0 0 0 643000 642807 0 643197 0 0 0 0 0 0 0 0 642907 0 0 0 642607 0 0 0 642753 0 0 0 643123 0 0 0 0 643311 643221 0 0 0 642475 643269 0 0 0 0 0 0 0 0 642353 0 0 0 0 0 642367 0 643616 0 0 0 0 642564 642473 0 642287 642259 642539 0 0 0 0 0 0 642751 642841 642330 0 0 0 0 0 642171 642179 642191 0 0 642915 643198 0 642922 0 0 642195 0 0 0 0 642075 642375 0 0 0 0 0 0 0 0 0 642304 0 0 641999 642051 0 0 642627 0 0 0 0 0 0 0 642190 642093 642150 0 
642672 642672 642720 642648 642624 642648 642648 642744 642744 642720 642768 642768 642816 642744 642720 642600 642744 642720 642792 642768 642552 642648 642768 642612 642552 642528 642552 642768 642792 642816 642816 642844 642840 642816 642816 642792 642768 642588 642480 642504 642816 642840 642792 642456 642456 642552 642552 642768 642518 642360 642432 642408 642480 642480 642576 642672 642720 642784 642844 642844 642844 642800 642524 642384 642456 642576 642600 642744 642762 642384 642528 642600 642744 642768 642792 642678 642440 642432 642288 642360 642408 642480 642600 642648 642672 642744 642768 642844 642796 642758 642720 642502 642388 642386 642288 642312 642480 642528 642600 642744 642736 642760 642760 642756 642770 642652 642600 642356 642344 642336 642192 642360 642504 642672 642696 642768 642816 642844 642808 642712 642740 642636 642670 642288 642264 642216 642240 642288 
642648 642648 642696 642624 642600 642624 642624 642720 642720 642696 642744 642744 642792 642720 642696 642576 642720 642696 642768 642744 642528 642624 642744 642592 642528 642504 642528 642744 642768 642792 642792 642836 642816 642792 642792 642768 642744 642568 642456 642480 642792 642816 642768 642432 642432 642528 642528 642744 642498 642336 642408 642384 642456 642456 642552 642648 642696 642778 642836 642836 642836 642780 642504 642360 642432 642552 642576 642720 642742 642360 642504 642576 642720 642744 642768 642658 642420 642412 642264 642336 642384 642456 642576 642624 642648 642720 642744 642836 642792 642754 642700 642482 642368 642366 642264 642288 642456 642504 642576 642720 642730 642754 642754 642754 642768 642632 642580 642336 642324 642312 642168 642336 642480 642648 642672 642744 642792 642836 642802 642706 642738 642616 642650 642264 642240 642192 642216 642264 
642267 642267 642315 0 0 642243 642243 0 642339 642315 0 642363 0 642339 0 0 642339 642315 0 0 642147 642243 0 0 0 642123 642147 0 0 642411 0 642427 0 0 642411 642387 0 0 0 642099 642411 0 0 642051 642051 642147 0 0 0 641955 642027 0 642075 642075 642171 642267 0 642427 0 0 642427 0 642145 641979 642051 642171 642195 642339 0 641979 642123 0 0 642363 642387 642299 642061 0 0 641955 642003 642075 642195 642243 642267 0 0 642427 642405 642367 642333 0 0 642007 641883 641907 642075 0 642195 642339 0 0 0 0 642415 0 0 0 0 641931 0 641955 642099 642267 642291 0 642411 0 0 642427 642409 642257 0 0 641859 641811 641835 0 
642675 642675 642723 642651 642627 642651 642651 642747 642747 642723 642771 642771 642819 642747 642723 642603 642747 642723 642795 642771 642555 642651 642771 642627 642555 642531 642555 642771 642795 642819 642819 642789 642813 642819 642819 642795 642771 642651 642483 642507 642819 642813 642795 642459 642459 642555 642555 642771 642595 642363 642435 642411 642483 642483 642579 642675 642723 642693 642765 642765 642789 642813 642579 642387 642459 642579 642603 642747 642819 642387 642531 642603 642747 642771 642795 642755 642517 642509 642291 642363 642411 642483 642603 642651 642675 642747 642771 642789 642765 642777 642767 642579 642465 642463 642291 642315 642483 642531 642603 642747 642645 642669 642669 642693 642717 642729 642677 642433 642411 642339 642195 642363 642507 642675 642699 642771 642819 642765 642717 642621 642693 642713 642717 642291 642267 642219 642243 642291 
0 0 0 0 0 0 0 0 0 0 0 0 0 0 0 0 0 0 0 0 0 0 0 0 0 0 0 0 0 0 0 0 0 0 0 0 0 0 0 0 0 0 0 0 0 0 0 0 0 0 0 0 0 0 0 0 0 0 0 0 0 0 633273 633043 0 0 0 0 0 0 0 0 0 0 0 0 633073 0 0 0 0 0 0 0 0 0 0 631784 0 0 0 0 0 0 0 0 0 0 0 0 0 0 0 0 0 0 0 0 0 0 0 0 0 0 0 0 0 0 0 0 0 0 0 0 0 0 0 0 
0 0 0 0 0 0 0 0 0 0 0 0 0 0 0 0 0 0 0 0 0 0 0 0 0 0 0 0 0 0 0 0 0 0 0 0 0 0 0 0 0 0 0 0 0 0 0 0 0 0 0 0 0 0 0 0 0 0 0 0 0 0 634637 635219 0 0 0 0 0 0 0 0 0 0 0 0 634208 0 0 0 0 0 0 0 0 0 0 633177 0 0 0 0 0 0 0 0 0 0 0 0 0 0 0 0 0 0 0 0 0 0 0 0 0 0 0 0 0 0 0 0 0 0 0 0 0 0 0 0 
644526 0 0 0 0 644493 644628 0 644273 0 0 0 0 0 0 0 0 644506 0 0 644790 644640 0 0 0 644702 644818 0 0 644302 0 0 0 0 644069 644053 0 0 0 644866 644005 0 0 644707 644868 644828 0 0 0 644726 644872 0 644918 644908 644672 644304 0 643837 0 0 0 0 644305 644683 644918 644608 644484 644188 0 0 644744 0 0 0 644208 643749 643945 0 0 0 644892 644780 644396 644212 644128 0 0 644084 643689 0 643641 0 0 643837 0 0 644724 0 644300 644024 0 0 0 0 0 0 0 0 0 644469 0 0 644536 643988 0 0 643988 0 0 0 0 0 0 0 644397 644385 644444 0 
0 0 0 0 0 639770 640026 0 639646 0 0 0 0 0 0 0 0 639998 0 0 0 640226 0 0 0 639738 0 0 0 639878 0 0 0 0 639514 639474 0 0 0 639970 639450 0 0 0 0 0 0 0 0 639494 0 0 0 0 0 640272 0 639426 0 0 0 0 639462 639426 0 640320 640336 640200 0 0 0 0 0 0 640152 639170 639198 0 0 0 0 0 640336 640296 640272 0 0 640080 639206 0 639110 0 0 639090 0 0 0 0 640336 640200 0 0 0 0 0 0 0 0 0 639178 0 0 640196 640236 0 0 640128 0 0 0 0 0 0 0 639106 639094 639154 0 
0 0 0 0 0 644763 644891 0 0 0 0 0 0 0 0 0 0 644841 0 0 0 644991 0 0 0 644737 0 0 0 644733 0 0 0 0 0 0 0 0 0 644853 0 0 0 0 0 0 0 0 0 644615 0 0 0 0 0 645099 0 0 0 0 0 0 644607 644581 0 0 645127 645025 0 0 0 0 0 0 644919 644391 644475 0 0 0 0 0 645125 645071 645029 0 0 644837 0 0 0 0 0 644421 0 0 0 0 645077 644977 0 0 0 0 0 0 0 0 0 644457 0 0 645063 644959 0 0 0 0 0 0 0 0 0 0 644421 644415 644445 0 
0 0 0 0 0 640858 640986 0 0 0 0 0 0 0 0 0 0 641080 0 0 0 641086 0 0 0 640748 0 0 0 640990 0 0 0 0 0 0 0 0 0 640864 0 0 0 0 0 0 0 0 0 640626 0 0 0 0 0 641200 0 0 0 0 0 0 640620 640592 0 0 641128 641242 0 0 0 0 0 0 641176 640648 640536 0 0 0 0 0 641128 641176 641200 0 0 641094 0 0 0 0 0 640482 0 0 0 0 641128 641242 0 0 0 0 0 0 0 0 0 640468 0 0 641032 641200 0 0 0 0 0 0 0 0 0 0 640432 640426 640456 0 
643827 643857 643847 643885 643865 643901 643773 643899 643915 643789 643831 643805 643849 643947 643955 0 643763 643751 643907 643937 643779 643673 643969 644027 643941 643891 643751 643735 0 643763 0 643881 643945 643929 643945 643977 643997 644039 643923 643751 643977 643961 644009 643919 643783 643683 0 0 643989 643845 643769 0 643705 643733 643617 643529 0 643795 0 0 643969 0 644039 643903 643733 643585 643547 643543 644039 643739 643629 0 0 643575 643601 644005 643935 643903 643823 643749 643697 643623 643503 643459 643441 0 0 643585 643989 644007 643997 643901 643835 643881 643893 643747 643595 643551 643455 643461 0 0 0 643917 643941 643955 643927 644019 644039 643979 0 643681 643513 643371 643391 0 643515 643541 643519 643815 643917 643939 643947 643973 643943 643901 643895 0 
643591 643561 643523 0 0 643541 643665 0 643431 643581 0 643517 0 643399 0 0 643569 643593 0 0 643759 643665 0 0 0 643671 643761 0 0 643497 0 643319 0 0 643329 643321 0 0 0 643809 643297 0 0 643715 643851 643761 0 0 0 643831 643881 0 643833 643833 643737 643641 0 643213 0 0 0 0 643447 643787 643857 643737 643713 643569 0 643913 643785 0 0 643545 643521 643169 643267 0 0 643899 643905 643833 643713 643665 643641 0 0 643449 643139 643125 643115 0 0 643213 643711 643851 643833 0 643713 643569 0 0 0 0 643101 0 0 0 0 643673 0 643899 643809 643641 643617 0 643497 0 0 0 643071 0 0 0 643637 643631 643661 0 
644488 0 0 0 0 644388 644644 0 644168 0 0 0 0 0 0 0 0 644544 0 0 644728 644842 0 0 0 644528 644784 0 0 644328 0 0 0 0 643964 643948 0 0 0 644820 643900 0 0 644424 644696 644920 0 0 0 644381 644677 0 644888 644832 644968 644698 0 643732 0 0 0 0 644128 644313 644796 644930 644830 644582 0 0 645006 0 0 0 644598 643644 643816 0 0 0 644773 645000 644742 644606 644522 0 0 644464 643584 0 643536 0 0 643708 0 0 644986 0 644646 644418 0 0 0 0 0 0 0 0 0 644065 0 0 644846 644382 0 0 644382 0 0 0 0 0 0 0 643993 643981 644041 0 
641435 641405 641415 641377 641397 641361 641489 641363 641347 641473 641431 641457 641413 641315 641307 641503 641499 641511 641355 641325 641465 641589 641293 641235 641303 641329 641493 641527 641499 641499 641461 641355 641315 641333 641317 641285 641265 641187 641249 641445 641285 641299 641253 641229 641365 641561 641533 641591 641117 641207 641355 641315 641467 641439 641645 641705 641659 641345 641297 641291 641267 641207 641195 641173 641415 641677 641705 641705 641193 641337 641591 641705 641705 641687 641661 641133 641063 641031 641157 641303 641403 641549 641705 641705 641705 641705 641705 641651 641199 641161 641127 641029 640963 641009 641087 641257 641577 641663 641705 641705 641265 641251 641261 641219 641209 641083 641055 641033 641021 641049 641045 641371 641639 641705 641705 641705 641705 641671 641645 641203 641203 641067 641077 641007 641013 641007 641037 641253 
644849 644819 644857 644767 644763 644751 644879 644805 644789 644915 644859 644885 644793 644757 644749 644845 644941 644953 644759 644753 644777 644979 644721 644601 644615 644641 644805 644955 644903 644879 644841 644687 644671 644713 644697 644689 644693 644577 644561 644757 644665 644655 644657 644541 644677 644873 644845 645019 644507 644519 644667 644627 644779 644751 644963 645083 645101 644581 644605 644599 644599 644563 644513 644485 644727 644987 645011 645111 644573 644649 644903 645011 645111 645097 645065 644537 644429 644421 644469 644615 644715 644861 645005 645009 645015 645101 645097 644983 644507 644493 644483 644471 644377 644375 644399 644569 644889 644939 644957 645063 644479 644465 644475 644455 644469 644463 644459 644345 644333 644361 644357 644683 644915 644945 644989 645073 645049 644977 644905 644417 644439 644447 644433 644319 644325 644319 644349 644565 
643258 643228 643282 0 0 643160 643288 0 643226 643340 0 643348 0 643194 0 0 643378 643378 0 0 643186 643382 0 0 0 643050 643214 0 0 643392 0 643248 0 0 643210 643178 0 0 0 643166 643178 0 0 642950 643086 643281 0 0 0 642928 643076 0 643188 643160 643338 643409 0 643238 0 0 0 0 642922 642894 643136 643341 643346 643472 0 643058 643284 0 0 643500 643511 643026 642838 0 0 643024 643124 643239 643324 643350 643365 0 0 643507 643092 643054 643020 0 0 642784 642808 642978 643249 0 643300 643431 0 0 0 0 643102 0 0 0 0 642770 0 643090 643233 643330 643364 0 643472 0 0 0 643096 0 0 0 642734 642728 642758 0 
0 0 0 0 0 641540 641668 0 0 0 0 0 0 0 0 0 0 641726 0 0 0 641762 0 0 0 641490 0 0 0 641752 0 0 0 0 0 0 0 0 0 641618 0 0 0 0 0 0 0 0 0 641452 0 0 0 0 0 641770 0 0 0 0 0 0 641338 641406 0 0 641743 641813 0 0 0 0 0 0 641854 641384 641230 0 0 0 0 0 641721 641723 641726 0 0 641856 0 0 0 0 0 641176 0 0 0 0 641697 641772 0 0 0 0 0 0 0 0 0 641306 0 0 641678 641691 0 0 0 0 0 0 0 0 0 0 641306 641324 641342 0 
0 0 0 0 0 0 0 0 0 0 0 0 0 0 0 0 0 0 0 0 0 640922 0 0 0 0 0 0 0 0 0 0 0 0 0 0 0 0 0 0 0 0 0 0 0 0 0 0 0 0 0 0 0 0 0 0 0 0 0 0 0 0 641316 641152 0 0 0 0 0 0 0 0 0 0 0 641334 641274 0 0 0 0 0 0 0 0 0 0 640818 0 0 0 0 0 0 0 0 0 0 0 0 0 0 0 0 0 0 0 0 0 0 0 0 0 0 0 0 0 0 0 0 0 0 0 0 0 0 0 0 
0 0 0 0 0 0 0 0 0 0 0 0 0 0 0 0 0 0 0 0 0 0 0 0 0 0 0 0 0 0 0 0 0 0 0 0 0 0 0 0 0 0 0 0 0 0 0 0 0 0 0 0 0 0 0 0 0 0 0 0 0 0 631909 631526 0 0 0 0 0 0 0 0 0 0 0 0 632018 0 0 0 0 0 0 0 0 0 0 630434 0 0 0 0 0 0 0 0 0 0 0 0 0 0 0 0 0 0 0 0 0 0 0 0 0 0 0 0 0 0 0 0 0 0 0 0 0 0 0 0 
643701 643761 643693 643821 643757 643853 643597 643751 643783 643577 643567 643515 643507 643847 643909 0 643479 643501 643671 643779 643513 643397 643843 644081 643837 643713 643457 643375 0 643335 0 643527 643655 643667 643699 643811 643899 644201 643729 643409 643763 643687 643875 643697 643425 643321 0 0 644341 643453 643373 0 643293 643349 643213 643105 0 643355 0 0 643703 0 644113 643593 643325 643149 643097 643039 643947 643265 643189 0 0 643055 643059 644115 644425 644479 643337 643261 643205 643129 643009 642969 642929 0 0 642935 643791 643915 644031 644425 644407 644433 643477 643209 643073 643033 642913 642875 0 0 0 643607 643675 644167 644271 644089 643969 643697 0 643125 642933 642789 642805 0 642839 642847 642803 643395 643639 644199 644131 643637 643553 643421 643433 0 
644001 643963 643885 643955 644043 643923 644029 643735 643703 643901 643805 643817 643691 643639 643671 0 643827 643863 643623 643611 644227 643929 643547 643719 644035 644183 644199 643751 0 643683 0 643479 643447 643531 643499 643483 643491 643575 644215 644295 643435 643415 643419 644271 644423 644131 0 0 643435 644607 644457 0 644297 644325 644017 643737 0 643267 0 0 643303 0 643735 644447 644373 643985 643899 643607 643251 644523 644125 0 0 643591 643569 643179 643375 643263 644721 644581 644433 644215 643855 643715 643649 0 0 643435 643119 643091 643071 643115 643079 643267 644607 644653 644187 644047 643807 643525 0 0 0 643015 643043 643031 643023 643879 644047 644391 0 644513 644057 643547 643535 0 643435 643367 643297 642939 642983 642999 642971 644447 644483 644519 644555 0 
643572 643542 643504 0 0 643522 643650 0 643412 643562 0 643498 0 643380 0 0 643560 643584 0 0 643740 643656 0 0 0 643652 643752 0 0 643488 0 643300 0 0 643310 643302 0 0 0 643800 643278 0 0 643696 643832 643752 0 0 0 643856 643870 0 643824 643824 643728 643632 0 643194 0 0 0 0 643428 643784 643848 643728 643704 643560 0 643920 643776 0 0 643536 643512 643150 643248 0 0 643934 643896 643824 643704 643656 643632 0 0 643440 643120 643106 643096 0 0 643194 643742 643892 643824 0 643704 643560 0 0 0 0 643082 0 0 0 0 643704 0 643934 643800 643632 643608 0 643488 0 0 0 643052 0 0 0 643668 643662 643692 0 
644478 0 0 0 0 644354 644610 0 644180 0 0 0 0 0 0 0 0 644553 0 0 644694 644731 0 0 0 644494 644747 0 0 644340 0 0 0 0 643976 643960 0 0 0 644795 643912 0 0 644510 644782 644825 0 0 0 644623 644834 0 644875 644846 644707 644435 0 643744 0 0 0 0 644094 644555 644870 644643 644543 644341 0 0 644779 0 0 0 644361 643656 643782 0 0 0 644944 644815 644455 644319 644259 0 0 644237 643596 0 643548 0 0 643674 0 0 644759 0 644359 644177 0 0 0 0 0 0 0 0 0 644307 0 0 644571 644119 0 0 644141 0 0 0 0 0 0 0 644235 644223 644283 0 
644460 0 0 0 0 644336 644592 0 644164 0 0 0 0 0 0 0 0 644540 0 0 644676 644775 0 0 0 644476 644732 0 0 644324 0 0 0 0 643960 643944 0 0 0 644768 643896 0 0 644430 644702 644861 0 0 0 644410 644706 0 644860 644804 644889 644651 0 643728 0 0 0 0 644076 644342 644802 644859 644759 644559 0 0 644937 0 0 0 644569 643640 643764 0 0 0 644802 644949 644671 644535 644475 0 0 644433 643580 0 643532 0 0 643656 0 0 644935 0 644575 644395 0 0 0 0 0 0 0 0 0 644094 0 0 644775 644335 0 0 644359 0 0 0 0 0 0 0 644022 644010 644070 0 
0 0 0 0 0 643488 643616 0 0 0 0 0 0 0 0 0 0 643566 0 0 0 643716 0 0 0 643538 0 0 0 643458 0 0 0 0 0 0 0 0 0 643678 0 0 0 0 0 0 0 0 0 643584 0 0 0 0 0 643836 0 0 0 0 0 0 643362 643526 0 0 643882 643750 0 0 0 0 0 0 643644 643116 643214 0 0 0 0 0 643882 643798 643756 0 0 643562 0 0 0 0 0 643160 0 0 0 0 643834 643704 0 0 0 0 0 0 0 0 0 643450 0 0 643892 643686 0 0 0 0 0 0 0 0 0 0 643486 643528 643534 0 
0 0 0 0 0 643129 643257 0 0 0 0 0 0 0 0 0 0 643213 0 0 0 643357 0 0 0 643139 0 0 0 643105 0 0 0 0 0 0 0 0 0 643279 0 0 0 0 0 0 0 0 0 643185 0 0 0 0 0 643483 0 0 0 0 0 0 642963 643127 0 0 643483 643397 0 0 0 0 0 0 643291 642763 642831 0 0 0 0 0 643527 643571 643571 0 0 643209 0 0 0 0 0 642777 0 0 0 0 643575 643479 0 0 0 0 0 0 0 0 0 643051 0 0 643517 643511 0 0 0 0 0 0 0 0 0 0 643087 643129 643135 0 
0 0 0 0 0 644553 644681 0 0 0 0 0 0 0 0 0 0 644663 0 0 0 644781 0 0 0 644563 0 0 0 644555 0 0 0 0 0 0 0 0 0 644703 0 0 0 0 0 0 0 0 0 644609 0 0 0 0 0 644925 0 0 0 0 0 0 644387 644551 0 0 644907 644847 0 0 0 0 0 0 644741 644213 644255 0 0 0 0 0 644933 644899 644881 0 0 644659 0 0 0 0 0 644201 0 0 0 0 644895 644837 0 0 0 0 0 0 0 0 0 644475 0 0 644933 644811 0 0 0 0 0 0 0 0 0 0 644511 644553 644559 0 
643670 643637 643674 643583 643601 643559 643712 643598 643574 643732 643690 643716 643672 643526 643514 643686 643758 643770 643586 643541 643594 643812 643493 643358 643387 643426 643622 643786 0 643758 0 643562 643514 643553 643529 643481 643451 643298 643306 643550 643481 643490 643433 643276 643446 643690 0 0 643193 643240 643424 0 643560 643532 643792 643922 0 643499 0 0 643430 0 643234 643192 643496 643824 643870 643946 643343 643382 643708 0 0 643946 643920 643253 643100 643064 643154 643336 643460 643642 643870 643910 643922 643946 0 643886 643316 643271 643232 643097 642974 643019 643063 643266 643670 643762 643870 643946 643394 0 0 643310 643307 643178 643136 642982 642964 643006 0 643404 643726 643922 643934 0 643946 643894 643844 643325 643286 643154 643157 642943 642952 642943 642988 0 
643684 643654 643688 643614 643622 643598 643726 643648 643632 643746 643726 643752 643684 643600 643580 643716 643784 643784 643638 643620 643672 643826 643588 643460 643510 643548 643700 643822 643782 643770 643732 643602 643574 643604 643588 643568 643560 643424 643492 643676 643556 643558 643536 643484 643620 643768 0 643886 643354 643510 643622 0 643710 643682 643824 643916 643903 643520 0 0 643514 0 643396 643464 643670 643840 643871 643945 643464 643628 643794 0 0 643939 643914 643416 643288 643268 643496 643606 643682 643773 643877 643879 643882 643947 643952 643873 643434 643408 643386 643302 643212 643234 643426 643584 643787 643833 643853 643928 643418 0 643414 643394 643408 643354 643338 643288 643300 643364 643432 643674 643834 643847 643869 643950 643941 643871 643822 643356 643378 643338 643336 643346 643364 643382 643400 643592 
0 0 0 0 0 0 0 0 0 0 0 0 0 0 0 0 0 0 0 0 0 0 0 0 0 0 0 0 0 0 0 0 0 0 0 0 0 0 0 0 0 0 0 0 0 0 0 0 0 0 0 0 0 0 0 0 0 0 0 0 0 0 631734 631404 0 0 0 0 0 0 0 0 0 0 0 0 631648 0 0 0 0 0 0 0 0 0 0 633062 0 0 0 0 0 0 0 0 0 0 0 0 0 0 0 0 0 0 0 0 0 0 0 0 0 0 0 0 0 0 0 0 0 0 0 0 0 0 0 0 
0 0 0 0 0 643830 643510 0 644039 0 0 0 0 0 0 0 0 643593 0 0 0 643260 0 0 0 643511 0 0 0 643767 0 0 0 0 644222 644266 0 0 0 643101 644302 0 0 0 0 0 0 0 0 642976 0 0 0 0 0 642948 0 644203 0 0 0 0 643982 643181 0 642866 642831 643109 0 0 0 0 0 0 643326 644353 643895 0 0 0 0 0 642721 642725 642728 0 0 643459 644546 0 644413 0 0 643760 0 0 0 0 642601 642904 0 0 0 0 0 0 0 0 0 643251 0 0 642506 642553 0 0 643147 0 0 0 0 0 0 0 642981 642756 642801 0 
644388 644418 644456 0 0 644438 644310 0 644548 644398 0 644462 0 644580 0 0 644396 644360 0 0 644220 644210 0 0 0 644308 644192 0 0 644468 0 644616 0 0 644650 644658 0 0 0 644144 644682 0 0 644264 644128 644124 0 0 0 644094 644090 0 644074 644102 644082 644090 0 644626 0 0 0 0 644532 644176 644078 644050 644036 644176 0 644012 644046 0 0 644232 644282 644748 644510 0 0 643998 643994 643992 643992 643996 644002 0 0 644320 644772 644796 644770 0 0 644456 644070 643948 643964 0 643944 644094 0 0 0 0 644762 0 0 0 0 644204 0 643930 643906 643932 643976 0 644220 0 0 0 644768 0 0 0 644096 644006 644024 0 
0 0 0 0 0 640860 640732 0 640970 0 0 0 0 0 0 0 0 640782 0 0 0 640632 0 0 0 640730 0 0 0 640874 0 0 0 0 641056 641080 0 0 0 640566 641088 0 0 0 0 0 0 0 0 640516 0 0 0 0 0 640512 0 640836 0 0 0 0 640954 640598 0 640472 640458 640598 0 0 0 0 0 0 640704 641194 640924 0 0 0 0 0 640414 640418 640424 0 0 640680 641108 0 641178 0 0 640816 0 0 0 0 640366 640516 0 0 0 0 0 0 0 0 0 640626 0 0 640328 640354 0 0 640626 0 0 0 0 0 0 0 640518 640428 640446 0 
643578 643608 643596 643636 643616 643652 643524 643624 643640 643538 643532 643506 643502 643672 643704 0 643488 643500 643584 643638 643530 643424 643670 643778 643692 643642 643502 643436 0 643416 0 643512 643576 643582 643598 643654 643698 643826 643674 643502 643630 643592 643686 643670 643534 643434 0 0 643896 643596 643520 0 643456 643484 643368 643280 0 643426 0 0 643600 0 643818 643654 643484 643336 643298 643268 643722 643490 643380 0 0 643276 643278 643806 643936 643936 643574 643500 643448 643374 643254 643210 643192 0 0 643216 643644 643706 643764 643934 643936 643936 643644 643498 643346 643302 643206 643186 0 0 0 643552 643586 643832 643862 643866 643830 643730 0 643432 643264 643122 643142 0 643168 643172 643150 643446 643568 643838 643814 643724 643694 643652 643646 0 
643511 643571 643503 643629 643565 643661 643405 643583 643615 643387 643423 643371 643383 643679 643719 0 643311 643311 643547 643635 643321 643205 643699 643889 643645 643521 643265 643231 0 643211 0 643403 643531 643543 643575 643687 643755 644009 643537 643217 643639 643563 643751 643505 643233 643129 0 0 644149 643261 643181 0 643101 643157 643021 642915 0 643231 0 0 643579 0 643921 643401 643133 642957 642905 642871 643823 643073 642997 0 0 642911 642935 643991 644233 644321 643145 643069 643013 642937 642817 642777 642739 0 0 642811 643667 643791 643907 644275 644449 644341 643285 643017 642881 642841 642721 642707 0 0 0 643483 643551 644043 644147 643897 643777 643505 0 642933 642741 642599 642615 0 642715 642723 642679 643271 643515 644075 644007 643445 643361 643229 643241 0 
0 0 0 0 0 643059 643039 0 0 0 0 0 0 0 0 0 0 642992 0 0 0 642989 0 0 0 643069 0 0 0 642950 0 0 0 0 0 0 0 0 0 643038 0 0 0 0 0 0 0 0 0 643019 0 0 0 0 0 642905 0 0 0 0 0 0 643069 643031 0 0 642936 642876 0 0 0 0 0 0 642881 642987 643069 0 0 0 0 0 642914 642882 642861 0 0 642850 0 0 0 0 0 643069 0 0 0 0 642890 642835 0 0 0 0 0 0 0 0 0 643007 0 0 642919 642826 0 0 0 0 0 0 0 0 0 0 642971 642947 642959 0 
640645 640645 640621 0 0 640657 640657 0 640609 640621 0 640597 0 640595 0 0 640609 640621 0 0 640705 640657 0 0 0 640717 640705 0 0 640573 0 640549 0 0 640560 640556 0 0 0 640729 640544 0 0 640753 640753 640705 0 0 0 640801 640765 0 640741 640741 640693 640645 0 640501 0 0 0 0 640619 640789 640753 640693 640681 640609 0 640789 640717 0 0 640597 640585 640480 640529 0 0 640801 640777 640741 640681 640657 640645 0 0 640549 640465 640458 640453 0 0 640502 640824 640824 640741 0 640681 640609 0 0 0 0 640446 0 0 0 0 640783 0 640801 640729 640645 640633 0 640573 0 0 0 640431 0 0 0 640812 640807 640819 0 
643530 643500 643462 0 0 643480 643608 0 643370 643520 0 643456 0 643338 0 0 643518 643542 0 0 643698 643614 0 0 0 643610 643710 0 0 643446 0 643258 0 0 643268 643260 0 0 0 643758 643236 0 0 643654 643790 643710 0 0 0 643824 643828 0 643782 643782 643686 643590 0 643152 0 0 0 0 643386 643742 643806 643686 643662 643518 0 643878 643734 0 0 643494 643470 643108 643206 0 0 643902 643854 643782 643662 643614 643590 0 0 643398 643078 643064 643054 0 0 643152 643768 643918 643782 0 643662 643518 0 0 0 0 643040 0 0 0 0 643712 0 643902 643758 643590 643566 0 643446 0 0 0 643010 0 0 0 643694 643688 643718 0 
644405 0 0 0 0 644318 644507 0 644098 0 0 0 0 0 0 0 0 644385 0 0 644693 644607 0 0 0 644578 644721 0 0 644181 0 0 0 0 643894 643878 0 0 0 644784 643830 0 0 644539 644754 644789 0 0 0 644506 644731 0 644842 644814 644799 644544 0 643662 0 0 0 0 644130 644438 644804 644799 644724 644428 0 0 644891 0 0 0 644367 643574 643770 0 0 0 644755 644922 644636 644452 644368 0 0 644223 643514 0 643466 0 0 643662 0 0 644922 0 644540 644264 0 0 0 0 0 0 0 0 0 644190 0 0 644815 644228 0 0 644228 0 0 0 0 0 0 0 644118 644106 644166 0 
644252 644222 644232 644194 644214 644178 644306 644180 644164 644290 644248 644274 644230 644132 644124 0 644316 644328 644172 644142 644300 644406 644110 644052 644138 644188 644328 644344 0 644316 0 644172 644132 644150 644134 644102 644082 644004 644156 644328 644102 644116 644070 644154 644290 644396 0 0 643934 644132 644280 0 644374 644346 644420 644420 0 644162 0 0 644084 0 644012 644098 644340 644420 644420 644420 644010 644262 644420 0 0 644420 644420 643950 643880 643848 644082 644228 644328 644420 644420 644420 644420 0 0 644420 644016 643978 643944 643846 643780 643826 644012 644182 644420 644420 644420 644420 0 0 0 644036 644026 643900 643872 643958 643946 643974 0 644296 644420 644420 644420 0 644420 644420 644420 644070 644020 643884 643894 643932 643938 643932 643962 0 
0 0 0 0 0 0 0 0 0 0 0 0 0 0 0 0 0 0 0 0 0 643338 0 0 0 0 0 0 0 0 0 0 0 0 0 0 0 0 0 0 0 0 0 0 0 0 0 0 0 0 0 0 0 0 0 0 0 0 0 0 0 0 642944 643108 0 0 0 0 0 0 0 0 0 0 0 642746 642812 0 0 0 0 0 0 0 0 0 0 643192 0 0 0 0 0 0 0 0 0 0 643556 0 0 0 0 0 0 0 0 0 0 0 0 0 0 0 0 0 0 0 0 0 0 0 0 0 643068 0 643116 0 
0 0 0 0 0 642424 642552 0 0 0 0 0 0 0 0 0 0 642574 0 0 0 642652 0 0 0 642434 0 0 0 642482 0 0 0 0 0 0 0 0 0 642574 0 0 0 0 0 0 0 0 0 642480 0 0 0 0 0 642796 0 0 0 0 0 0 642258 642422 0 0 642778 642774 0 0 0 0 0 0 642668 642140 642126 0 0 0 0 0 642822 642864 642864 0 0 642586 0 0 0 0 0 642072 0 0 0 0 642864 642856 0 0 0 0 0 0 0 0 0 642346 0 0 642812 642806 0 0 0 0 0 0 0 0 0 0 642382 642424 642430 0 
642667 642712 642721 642728 642696 642744 642574 642790 642806 642634 642718 642679 642745 642838 642834 642529 642607 642577 642807 642837 642535 642424 642855 642732 642736 642674 642493 642574 0 642616 0 642807 642847 642829 642845 642851 642831 642696 642682 642469 642851 642855 642819 642666 642493 642391 0 0 642626 642538 642460 0 642388 642430 642304 642220 0 642817 0 0 642833 0 642668 642614 642418 642256 642211 642277 642759 642391 642298 0 0 642334 642373 642699 642560 642540 642469 642394 642340 642265 642145 642103 642088 642211 0 642388 642765 642727 642693 642574 642484 642506 642556 642367 642223 642181 642073 642154 642855 0 0 642785 642775 642649 642621 642560 642572 642636 0 642292 642112 641983 642025 0 642244 642358 642397 642811 642769 642633 642643 642618 642594 642528 642534 0 
644640 644670 644708 644674 644630 644690 644562 644784 644800 644650 644740 644714 644806 644832 644816 644500 644648 644612 644840 644846 644472 644462 644878 644754 644634 644560 644444 644644 644696 644720 644758 644912 644928 644886 644902 644910 644906 644730 644544 644396 644934 644944 644934 644516 644380 644376 644404 644580 644660 644346 644342 644334 644326 644354 644334 644342 644464 645018 644994 645000 645000 644942 644666 644428 644330 644302 644288 644428 644904 644264 644298 644282 644422 644484 644534 644820 644582 644574 644252 644250 644246 644244 644244 644248 644254 644384 644458 644616 644982 644920 644862 644644 644530 644528 644322 644200 644216 644220 644196 644346 645074 645104 645102 645074 645040 644794 644742 644498 644486 644456 644172 644182 644158 644184 644228 644394 644472 644620 644694 645104 645058 644778 644812 644402 644348 644258 644276 644156 
643939 643969 643983 643985 643953 644001 643873 644047 644063 643925 643991 643965 644033 644095 644091 643835 643911 643887 644079 644097 643831 643773 644126 644063 643993 643931 643803 643895 643935 643947 643985 644115 644143 644113 644129 644142 644140 644051 643939 643779 644154 644159 644156 643923 643787 643735 0 643831 644016 643801 643761 0 643721 643749 643681 643641 643739 644173 0 0 644187 0 644019 643871 643737 643649 643623 643691 644138 643707 643669 0 0 643735 643773 644096 643977 643973 643718 643705 643677 643639 643579 643559 643553 643647 643709 643819 644177 644146 644117 644008 643951 643950 643788 643666 643611 643591 643531 643609 644247 0 644249 644223 644206 644083 644057 643935 643929 643914 643638 643637 643541 643483 643515 643645 643699 643811 643861 644252 644215 644075 644092 643863 643814 643724 643742 643622 
643934 643964 643954 643992 643972 644008 643880 644006 644022 643896 643938 643912 643956 644054 644062 0 643870 643858 644014 644044 643886 643780 644062 644062 644048 643998 643858 643842 0 643870 0 644014 644054 644036 644052 644062 644062 644062 644030 643858 644062 644062 644062 644026 643890 643790 0 0 644042 643952 643876 0 643812 643840 643724 643636 0 644024 0 0 644062 0 644062 644010 643840 643692 643654 643650 644062 643846 643736 0 0 643682 643708 644058 643988 643956 643930 643856 643804 643730 643610 643566 643548 0 0 643718 644062 644062 644052 643954 643888 643934 644000 643854 643702 643658 643562 643568 0 0 0 644062 644062 644008 643980 644062 644062 644062 0 643788 643620 643478 643498 0 643622 643698 643724 644034 644062 643992 644002 644062 644050 644008 644002 0 
643900 643930 643920 0 0 643974 643846 0 643988 643862 0 643878 0 644020 0 0 643836 643824 0 0 643852 643746 0 0 0 643964 643824 0 0 643836 0 643980 0 0 644018 644050 0 0 0 643824 644050 0 0 643992 643856 643756 0 0 0 643918 643842 0 643778 643806 643690 643602 0 643990 0 0 0 0 644094 643976 643806 643658 643620 643616 0 643812 643702 0 0 643648 643674 644032 643962 0 0 643822 643770 643696 643576 643532 643514 0 0 643684 644098 644060 644026 0 0 643908 643966 643820 643668 0 643528 643534 0 0 0 0 644106 0 0 0 0 644052 0 643754 643586 643444 643464 0 643588 0 0 0 644102 0 0 0 644016 643974 643968 0 
643624 643654 643644 643682 643662 643698 643570 643696 643712 643586 643628 643602 643646 643744 643752 0 643560 643548 643704 643734 643576 643470 643766 643824 643738 643688 643548 643532 0 643560 0 643704 643744 643726 643742 643774 643794 643872 643720 643548 643774 643760 643806 643716 643580 643480 0 0 643942 643642 643566 0 643502 643530 643414 643326 0 643622 0 0 643792 0 643864 643700 643530 643382 643344 643340 643866 643536 643426 0 0 643372 643398 643926 643956 643924 643620 643546 643494 643420 643300 643256 643238 0 0 643408 643840 643898 643932 643922 643856 643902 643690 643544 643392 643348 643252 643258 0 0 0 643748 643782 643970 643948 643912 643876 643776 0 643478 643310 643168 643188 0 643312 643368 643346 643642 643764 643960 643970 643770 643740 643698 643692 0 
643609 643639 643629 643667 643647 643683 643555 643681 643697 643571 643613 643587 643631 643729 643737 0 643545 643533 643689 643719 643561 643455 643751 643809 643723 643673 643533 643517 0 643545 0 643643 643707 643711 643727 643759 643779 643857 643705 643533 643759 643723 643791 643701 643565 643465 0 0 643927 643627 643551 0 643487 643515 643399 643311 0 643557 0 0 643731 0 643849 643685 643515 643367 643329 643325 643851 643521 643411 0 0 643357 643383 643911 643945 643945 643605 643531 643479 643405 643285 643241 643223 0 0 643347 643775 643837 643895 643945 643945 643945 643675 643529 643377 643333 643237 643243 0 0 0 643683 643717 643945 643945 643897 643861 643761 0 643463 643295 643153 643173 0 643297 643303 643281 643577 643699 643945 643923 643755 643725 643683 643677 0 
643941 644001 643885 644105 644113 644137 643881 643941 643973 643769 643757 643705 643697 644037 644101 0 643669 643693 643861 643969 644085 643681 644033 644437 644409 644357 644029 643565 0 643525 0 643717 643845 643857 643889 644001 644089 644465 644489 644121 643953 643877 644065 644499 644227 643893 0 0 644495 644255 644175 0 644053 644109 643713 643345 0 643545 0 0 643893 0 644601 644395 644127 643649 643525 643229 644123 644067 643833 0 0 643245 643249 644213 644440 644328 644139 644063 644007 643889 643437 643253 643169 0 0 643125 643973 644059 644117 644180 644144 644332 644279 644011 643833 643677 643341 643065 0 0 0 643797 643865 644096 644088 644827 644747 644499 0 643927 643645 643029 643021 0 643029 643037 642993 643585 643825 644064 644036 644439 644355 644223 644235 0 
644012 644072 643956 644176 644184 644208 643952 644012 644044 643840 643828 643776 643768 644108 644172 0 643740 643764 643932 644040 644156 643752 644104 644482 644480 644428 644100 643636 0 643596 0 643788 643916 643928 643960 644072 644160 644480 644588 644196 644024 643948 644128 644606 644334 643964 0 0 644413 644408 644306 0 644152 644208 643784 643416 0 643616 0 0 643964 0 644618 644548 644234 643720 643596 643300 644140 644220 643904 0 0 643316 643320 644151 644353 644241 644292 644216 644160 643988 643508 643324 643240 0 0 643196 643990 644042 644046 644093 644057 644245 644432 644164 643932 643748 643412 643136 0 0 0 643826 643884 644009 644001 644822 644840 644652 0 644080 643720 643100 643092 0 643100 643108 643064 643648 643842 643977 643949 644592 644508 644376 644388 0 
0 0 0 0 0 640428 640428 0 0 0 0 0 0 0 0 0 0 640373 0 0 0 640428 0 0 0 640488 0 0 0 640277 0 0 0 0 0 0 0 0 0 640500 0 0 0 0 0 0 0 0 0 640546 0 0 0 0 0 640416 0 0 0 0 0 0 640388 640546 0 0 640452 640349 0 0 0 0 0 0 640301 640163 640232 0 0 0 0 0 640452 640428 640416 0 0 640229 0 0 0 0 0 640178 0 0 0 0 640452 640349 0 0 0 0 0 0 0 0 0 640545 0 0 640500 640416 0 0 0 0 0 0 0 0 0 0 640546 640546 640546 0 
643913 643928 643875 643942 643976 643934 643910 643839 643831 643846 643819 643806 643780 643815 643835 643951 643809 643827 643787 643796 644009 643860 643780 643895 644010 644059 643995 643771 643761 643737 643756 643715 643719 643752 643744 643752 643766 643847 644091 644043 643728 643711 643736 644117 644107 643961 0 643739 643812 644234 644124 0 644044 644058 643904 643764 643753 643614 0 0 643671 0 643923 644197 644082 643888 643845 643699 643682 644157 643958 0 0 643691 643680 643676 643809 643769 644295 644186 644112 644003 643823 643753 643720 643677 643678 643613 643613 643618 643625 643696 643711 643782 644298 644233 643989 643919 643799 643658 643539 0 643549 643551 643570 643627 643637 644019 644085 644207 644396 644152 643924 643685 643671 643646 643613 643579 643544 643496 643543 643619 643600 644258 644297 644366 644345 644247 
643520 643490 643452 0 0 643470 643581 0 643360 643501 0 643445 0 643328 0 0 643490 643520 0 0 643674 643605 0 0 0 643600 643688 0 0 643418 0 643248 0 0 643258 643250 0 0 0 643726 643226 0 0 643610 643734 643701 0 0 0 643690 643747 0 643751 643747 643677 643552 0 643142 0 0 0 0 643376 643632 643759 643676 643633 643487 0 643762 643725 0 0 643479 643461 643098 643196 0 0 643757 643769 643751 643611 643541 643508 0 0 643389 643068 643054 643044 0 0 643142 643621 643749 643751 0 643587 643446 0 0 0 0 643030 0 0 0 0 643556 0 643769 643702 643473 643459 0 643401 0 0 0 643000 0 0 0 643559 643577 643595 0 
0 0 0 0 0 643440 643568 0 0 0 0 0 0 0 0 0 0 643518 0 0 0 643668 0 0 0 643534 0 0 0 643410 0 0 0 0 0 0 0 0 0 643674 0 0 0 0 0 0 0 0 0 643580 0 0 0 0 0 643788 0 0 0 0 0 0 643346 643522 0 0 643842 643702 0 0 0 0 0 0 643596 643068 643166 0 0 0 0 0 643870 643788 643746 0 0 643514 0 0 0 0 0 643112 0 0 0 0 643832 643694 0 0 0 0 0 0 0 0 0 643446 0 0 643906 643676 0 0 0 0 0 0 0 0 0 0 643482 643524 643530 0 
0 0 0 0 0 644098 644226 0 0 0 0 0 0 0 0 0 0 644212 0 0 0 644326 0 0 0 644108 0 0 0 644104 0 0 0 0 0 0 0 0 0 644248 0 0 0 0 0 0 0 0 0 644154 0 0 0 0 0 644470 0 0 0 0 0 0 643932 644096 0 0 644452 644396 0 0 0 0 0 0 644290 643762 643800 0 0 0 0 0 644496 644540 644558 0 0 644208 0 0 0 0 0 643746 0 0 0 0 644544 644478 0 0 0 0 0 0 0 0 0 644020 0 0 644486 644586 0 0 0 0 0 0 0 0 0 0 644056 644098 644104 0 
641708 641678 641694 0 0 641610 641738 0 641602 641752 0 641688 0 641570 0 0 641754 641790 0 0 641636 641838 0 0 0 641500 641664 0 0 641682 0 641490 0 0 641500 641492 0 0 0 641616 641468 0 0 641400 641536 641732 0 0 0 641378 641526 0 641638 641610 641822 642006 0 641384 0 0 0 0 641372 641344 641586 641854 641916 641974 0 641508 641762 0 0 641918 641868 641340 641288 0 0 641474 641574 641720 641960 642052 642094 0 0 641786 641310 641296 641286 0 0 641234 641258 641428 641748 0 642008 642056 0 0 0 0 641272 0 0 0 0 641220 0 641542 641854 642132 642146 0 641930 0 0 0 641242 0 0 0 641184 641178 641208 0 
643652 643622 643656 643582 643590 643566 643694 643616 643600 643714 643696 643722 643676 643568 643548 643684 643752 643752 643630 643590 643640 643794 643558 643428 643478 643516 643668 643792 643774 643762 643724 643594 643566 643596 643580 643560 643530 643392 643460 643644 643548 643550 643528 643452 643588 643736 0 643856 643322 643478 643590 0 643678 643650 643814 643924 643900 643493 0 0 643506 0 643364 643432 643638 643846 643879 643953 643456 643596 643778 0 0 643949 643936 643408 643256 643236 643464 643574 643650 643760 643887 643889 643892 643957 643962 643890 643419 643400 643378 643270 643180 643202 643394 643552 643788 643841 643863 643938 643391 0 643387 643367 643381 643346 643330 643256 643268 643332 643400 643642 643844 643857 643879 643962 643975 643891 643817 643329 643351 643330 643328 643314 643332 643350 643368 643560 
0 0 0 0 0 642666 642986 0 642823 0 0 0 0 0 0 0 0 643185 0 0 0 643236 0 0 0 642451 0 0 0 643321 0 0 0 0 642866 642762 0 0 0 642753 642786 0 0 0 0 0 0 0 0 642230 0 0 0 0 0 643568 0 642737 0 0 0 0 642107 642133 0 643312 643414 643706 0 0 0 0 0 0 643702 642382 641873 0 0 0 0 0 643411 643455 643467 0 0 643690 642530 0 642393 0 0 641738 0 0 0 0 643351 643651 0 0 0 0 0 0 0 0 0 641847 0 0 643224 643327 0 0 643823 0 0 0 0 0 0 0 641793 641802 641865 0 
644460 644415 644502 644337 644331 644313 644505 644460 644436 644589 644598 644637 644643 644388 644340 0 644664 644646 644520 644439 644352 644654 644391 644088 644109 644148 644394 644742 0 644772 0 644628 644532 644523 644499 644415 644349 644052 644028 644322 644451 644508 644367 643998 644202 644496 0 0 643947 643965 644187 0 644355 644313 644586 644663 0 644568 0 0 644496 0 643956 643914 644277 644590 644582 644792 644313 644160 644508 0 0 644872 644918 644187 643830 643818 643890 644109 644259 644439 644516 644522 644531 0 0 645021 644418 644337 644250 643923 643752 643749 643785 644040 644451 644480 644444 644669 0 0 0 644379 644400 644148 644070 643704 643686 643728 0 644211 644387 644426 644492 0 644858 645049 645009 644322 644355 644124 644175 643665 643674 643665 643710 0 
644405 644360 644447 644282 644276 644258 644450 644405 644381 644534 644543 644582 644588 644333 644285 0 644609 644591 644465 644384 644297 644595 644336 644033 644054 644093 644339 644687 0 644717 0 644573 644477 644468 644444 644360 644294 643997 643973 644267 644396 644453 644312 643943 644147 644441 0 0 643892 643910 644132 0 644300 644258 644520 644581 0 644643 0 0 644441 0 643901 643859 644222 644521 644500 644710 644258 644105 644442 0 0 644794 644852 644132 643775 643763 643835 644054 644204 644373 644434 644440 644449 0 0 644955 644375 644282 644195 643868 643697 643694 643730 643985 644383 644398 644362 644587 0 0 0 644454 644440 644093 644015 643649 643631 643673 0 644155 644305 644344 644410 0 644776 644993 645038 644408 644430 644069 644120 643610 643619 643610 643655 0 
642207 642207 642255 0 0 642183 642183 0 642279 642255 0 642303 0 642279 0 0 642279 642255 0 0 642087 642183 0 0 0 642063 642087 0 0 642351 0 642399 0 0 642351 642327 0 0 0 642039 642351 0 0 641991 641991 642087 0 0 0 641895 641967 0 642015 642015 642111 642207 0 642495 0 0 642399 0 642079 641919 641991 642111 642135 642279 0 641919 642063 0 0 642303 642327 642233 641995 0 0 641895 641943 642015 642135 642183 642207 0 0 642399 642395 642333 642275 0 0 641941 641823 641847 642015 0 642135 642279 0 0 0 0 642453 0 0 0 0 641871 0 641895 642039 642207 642231 0 642351 0 0 642535 642471 642191 0 0 641799 641751 641775 0 
643809 643839 643829 0 0 643883 643755 0 643897 643771 0 643787 0 643929 0 0 643745 643733 0 0 643761 643655 0 0 0 643873 643733 0 0 643745 0 643889 0 0 643927 643959 0 0 0 643733 643959 0 0 643901 643765 643665 0 0 0 643827 643751 0 643687 643715 643599 643511 0 643899 0 0 0 0 644049 643885 643715 643567 643529 643525 0 643721 643611 0 0 643557 643583 644027 643957 0 0 643731 643679 643605 643485 643441 643423 0 0 643593 644045 644055 644021 0 0 643903 643875 643729 643577 0 643437 643443 0 0 0 0 644035 0 0 0 0 643961 0 643663 643495 643353 643373 0 643497 0 0 0 644041 0 0 0 643925 643883 643877 0 
642638 642668 642658 642696 642676 642712 642584 642710 642726 642600 642642 642616 642660 642758 642766 642570 642574 642562 642718 642748 642590 642484 642780 642838 642752 642702 642562 642546 0 642574 0 642696 642758 642740 642756 642788 642808 642886 642734 642562 642788 642774 642820 642730 642594 642494 0 0 642956 642656 642580 0 642516 642544 642428 642340 0 642565 0 0 642784 0 642878 642714 642544 642396 642358 642354 642880 642550 642440 0 0 642386 642412 642940 642974 642974 642598 642560 642508 642434 642314 642270 642252 642310 0 642400 642819 642890 642946 642974 642969 642974 642668 642534 642406 642362 642266 642272 642547 0 0 642691 642737 642974 642974 642926 642890 642778 0 642492 642324 642182 642202 0 642326 642347 642301 642549 642707 642974 642974 642748 642706 642640 642646 0 
643886 643916 643906 643944 643924 643960 643832 643958 643974 643848 643890 643864 643908 643992 643992 0 643822 643810 643966 643992 643838 643732 643992 643992 643992 643950 643810 643794 0 643822 0 643966 643992 643988 643992 643992 643992 643992 643982 643810 643992 643992 643992 643978 643842 643742 0 0 643992 643904 643828 0 643764 643792 643676 643588 0 643900 0 0 643992 0 643992 643962 643792 643644 643606 643602 643992 643798 643688 0 0 643634 643660 643992 643992 643966 643882 643808 643756 643682 643562 643518 643500 0 0 643670 643988 643992 643992 643964 643898 643944 643952 643806 643654 643610 643514 643520 0 0 0 643916 643940 643992 643990 643992 643992 643992 0 643740 643572 643430 643450 0 643574 643646 643624 643844 643916 643992 643992 643992 643992 643960 643954 0 
641850 641865 641836 641891 641893 641899 641835 641850 641858 641807 641804 641791 641789 641867 641879 0 641782 641788 641830 641855 641886 641785 641851 641894 641963 641954 641872 641756 0 641746 0 641771 641808 641829 641831 641835 641837 641858 641994 641896 641823 641807 641819 642004 641936 641838 0 0 641823 642015 641941 0 641885 641899 641793 641701 0 641680 0 0 641767 0 641898 642032 641911 641777 641746 641672 641777 641950 641823 0 0 641676 641677 641759 641808 641780 642016 641967 641917 641844 641724 641678 641657 0 0 641623 641709 641714 641721 641743 641734 641781 642051 641978 641830 641784 641700 641631 0 0 0 641647 641666 641722 641720 641934 641976 642062 0 641933 641777 641622 641620 0 641622 641589 641554 641592 641639 641714 641696 642065 642071 642055 642052 0 
0 0 0 0 0 0 0 0 0 0 0 0 0 0 0 0 0 0 0 0 0 642348 0 0 0 0 0 0 0 0 0 0 0 0 0 0 0 0 0 0 0 0 0 0 0 0 0 0 0 0 0 0 0 0 0 0 0 0 0 0 0 0 642382 642560 0 0 0 0 0 0 0 0 0 0 0 642190 642292 0 0 0 0 0 0 0 0 0 0 642120 0 0 0 0 0 0 0 0 0 0 642263 0 0 0 0 0 0 0 0 0 0 0 0 0 0 0 0 0 0 0 0 0 0 0 0 0 642584 0 642605 0 
0 0 0 0 0 0 0 0 0 0 0 0 0 0 0 0 0 0 0 0 0 633400 0 0 0 0 0 0 0 0 0 0 0 0 0 0 0 0 0 0 0 0 0 0 0 0 0 0 0 0 0 0 0 0 0 0 0 0 0 0 0 0 633461 633889 0 0 0 0 0 0 0 0 0 0 0 632996 633191 0 0 0 0 0 0 0 0 0 0 632889 0 0 0 0 0 0 0 0 0 0 633363 0 0 0 0 0 0 0 0 0 0 0 0 0 0 0 0 0 0 0 0 0 0 0 0 0 633977 634015 634013 0 
0 0 0 0 0 0 0 0 0 0 0 0 0 0 0 0 0 0 0 0 0 642387 0 0 0 0 0 0 0 0 0 0 0 0 0 0 0 0 0 0 0 0 0 0 0 0 0 0 0 0 0 0 0 0 0 0 0 0 0 0 0 0 642423 642598 0 0 0 0 0 0 0 0 0 0 0 642228 642333 0 0 0 0 0 0 0 0 0 0 642156 0 0 0 0 0 0 0 0 0 0 642302 0 0 0 0 0 0 0 0 0 0 0 0 0 0 0 0 0 0 0 0 0 0 0 0 0 642635 0 642652 0 
642360 642345 642302 642355 642389 642347 642411 642252 642244 642331 642262 642275 642205 642228 642248 642462 642318 642342 642200 642209 642491 642414 642193 642308 642410 642447 642497 642294 642270 642246 642229 642128 642132 642165 642157 642165 642179 642260 642455 642521 642141 642124 642149 642469 642537 642497 0 642294 642225 642554 642556 0 642533 642533 642481 642342 642331 642027 0 0 642084 0 642335 642513 642545 642465 642423 642277 642095 642581 642509 0 0 642269 642258 642089 642222 642182 642588 642593 642569 642532 642401 642331 642298 642255 642256 642191 642026 642031 642038 642109 642105 642195 642553 642616 642518 642472 642377 642236 641952 0 641962 641964 641983 642040 642050 642371 642413 642499 642580 642593 642465 642263 642249 642224 642191 642157 642122 641909 641956 642032 642013 642513 642528 642549 642552 642616 
