644130 644128 644125 644125 644109 644126 644086 644083 644101 644091 644046 643987 644029 643982 644016 643978 644035 644023 643997 643995 643996 644006 644018 643984 643989 643941 643946 643930 643970 643966 643980 643962 643956 643975 643895 643995 644007 643951 643917 643914 643936 643928 643882 643921 643903 643908 643892 643861 643878 643883 643883 643850 643846 643834 643876 643837 643841 643814 643816 643794 643828 643798 643832 643820 643829 643792 643780 643776 643743 643718 643749 643765 643792 643795 643738 643780 643768 643762 643734 643715 643743 643745 643748 643728 643716 643738 643728 643722 643756 643685 643710 643727 643742 643730 643674 643688 643684 643671 643707 643632 643648 643644 643586 643608 643621 643641 643649 643638 643634 643626 643634 643628 643629 643632 643635 643632 643676 643649 643652 643727 643590 643572 643584 643604 643576 643614 643596 643588 
644109 644122 644104 644075 644088 644081 644076 644029 644031 644015 644031 643933 644039 644022 643987 643924 644036 644030 644023 644034 643977 643970 643964 643930 644025 643995 644004 643996 643993 643974 643969 643912 643909 643921 643841 644004 644010 644006 643995 643988 643935 643874 643828 643979 643976 643873 643838 643967 643824 643948 643942 643892 643806 643800 643833 643783 643779 643915 643875 643840 643869 643830 643787 643781 643779 643791 643726 643723 643689 643666 643691 643715 643705 643711 643812 643785 643731 643728 643702 643667 643679 643659 643665 643735 643729 643728 643699 643696 643725 643635 643637 643647 643653 643629 643708 643703 643665 643607 643631 643747 643659 643597 643532 643553 643571 643571 643563 643690 643664 643588 643580 643577 643575 643578 643535 643529 643569 643539 643545 643828 643738 643729 643735 643637 643623 643654 643609 643557 
0 0 643445 643401 643429 643422 643418 643343 643347 643323 643331 643199 643361 643261 643271 0 643371 643358 643313 643298 643241 643256 643254 0 643295 643229 643207 643183 643217 643196 643217 0 0 0 643059 643328 643343 643238 643181 643159 643151 643116 0 643205 643172 643109 0 643097 0 643160 643166 643022 643014 0 0 0 642969 642983 642971 642938 642989 642944 0 0 642964 642935 0 0 0 0 0 642861 642858 0 642854 0 0 0 0 642790 642819 0 0 0 0 0 0 0 0 0 0 0 642780 642744 642758 0 642773 642711 0 642695 642719 642704 642594 0 642645 0 642645 0 642698 0 0 0 0 0 0 0 642654 0 0 0 642632 0 0 0 0 642668 642641 642629 
0 0 0 641545 0 641532 641540 641547 0 641511 641500 641547 0 641436 0 0 0 0 641486 0 0 641517 0 0 641466 641430 0 0 641424 0 0 0 0 0 641547 0 0 641428 641382 0 641452 641541 0 0 641392 0 0 0 0 641397 641397 641366 0 0 0 0 641525 0 641332 0 0 0 0 0 641537 0 0 0 0 0 0 641545 0 0 641302 0 0 0 0 0 641523 0 0 0 0 0 0 0 0 0 0 0 0 0 641382 0 0 0 0 641220 641428 641528 0 0 0 0 0 0 0 0 0 0 0 0 0 0 0 0 0 0 0 0 0 0 0 0 641424 0 
0 0 0 642951 643067 642948 643007 642964 642873 642849 642961 642820 642915 642888 642901 0 0 0 642867 642900 642871 642886 642900 0 642873 642783 642834 642810 642847 642826 642847 0 0 0 642668 0 0 642816 642783 642786 642781 642756 0 642735 642726 642739 0 0 0 642642 642624 642652 0 0 0 0 642495 642613 642601 642568 642619 642574 0 0 642495 0 0 0 0 0 0 642411 0 0 642484 0 0 0 0 0 642345 0 0 0 0 0 0 0 0 0 0 0 642306 642270 642388 0 0 642237 0 642307 642349 642343 0 0 642195 0 642171 0 642328 0 0 0 0 0 0 0 0 0 0 0 0 0 0 0 0 642298 642271 0 
0 0 0 0 0 644765 0 0 0 0 0 0 0 0 0 0 0 0 0 0 0 0 0 0 0 644373 0 0 0 0 0 0 0 0 644598 0 0 0 0 0 0 644577 0 0 0 0 0 0 0 0 0 0 0 0 0 0 0 0 0 0 0 0 0 0 0 0 0 0 0 0 0 0 0 0 0 0 0 0 0 0 0 0 0 0 0 0 0 0 0 0 0 0 0 0 0 0 0 0 0 0 0 0 0 0 0 0 0 0 0 0 0 0 0 0 0 0 0 0 0 0 0 0 0 0 0 0 0 0 
0 0 0 642311 0 642298 642340 642333 0 642277 642324 642333 0 642292 0 0 0 0 642317 0 0 642335 0 0 642307 642289 0 0 642286 0 0 0 0 0 642306 0 0 642288 642265 0 642300 642340 0 0 642270 0 0 0 0 642278 642284 642257 0 0 0 0 642244 0 642240 0 0 0 0 0 642244 0 0 0 0 0 0 642216 0 0 642225 0 0 0 0 0 642194 0 0 0 0 0 0 0 0 0 0 0 0 0 642230 0 0 0 0 642184 642217 642197 0 0 0 0 0 0 0 0 0 0 0 0 0 0 0 0 0 0 0 0 0 0 0 0 642191 0 
0 0 0 0 0 641632 0 641632 0 641632 641624 641632 0 641560 0 0 0 0 641610 0 0 641632 0 0 0 641554 0 0 0 0 0 0 0 0 641632 0 0 641552 0 0 641576 641632 0 0 641516 0 0 0 0 0 641544 641490 0 0 0 0 641632 0 641456 0 0 0 0 0 641632 0 0 0 0 0 0 641632 0 0 0 0 0 0 0 0 641632 0 0 0 0 0 0 0 0 0 0 0 0 0 641506 0 0 0 0 641344 0 641632 0 0 0 0 0 0 0 0 0 0 0 0 0 0 0 0 0 0 0 0 0 0 0 0 641548 0 
0 0 0 643636 0 643653 643490 643592 643677 643690 643491 643496 643416 643406 643508 0 0 0 643384 0 643488 643498 643510 0 643388 643328 643370 0 643415 0 0 0 0 0 643408 0 0 643350 643328 0 643428 643426 0 0 643290 0 0 0 0 643212 643188 643342 0 0 0 0 643436 0 643308 643286 643320 643290 0 0 643388 0 0 0 0 0 0 643300 0 0 643230 0 0 0 0 0 643344 0 0 0 0 0 0 0 0 0 0 0 643365 643353 643166 0 0 643272 0 643124 643140 643136 0 0 643156 0 643272 0 643126 0 0 0 0 0 0 0 0 0 0 0 0 0 0 0 0 643106 643088 0 
0 0 0 0 0 643012 0 0 0 642997 0 642868 0 642887 0 0 0 0 0 0 0 0 0 0 0 642848 0 0 0 0 0 0 0 0 642776 0 0 642859 0 0 0 642809 0 0 642829 0 0 0 0 0 0 0 0 0 0 0 0 0 0 0 0 0 0 0 642730 0 0 0 0 0 0 0 0 0 0 0 0 0 0 0 0 0 0 0 0 0 0 0 0 0 0 0 0 0 642643 0 0 0 0 642682 0 642532 0 0 0 0 0 0 0 0 0 0 0 0 0 0 0 0 0 0 0 0 0 0 0 0 642544 0 
0 0 0 0 0 644792 0 0 0 644660 645112 644644 0 645041 0 0 0 0 645009 0 0 644928 0 0 0 644901 0 0 0 0 0 0 0 0 644436 0 0 644945 0 0 644899 644592 0 0 644825 0 0 0 0 0 644689 644727 0 0 0 0 644188 0 644659 0 0 0 0 0 644188 0 0 0 0 0 0 644076 0 0 0 0 0 0 0 0 643988 0 0 0 0 0 0 0 0 0 0 0 0 0 644375 0 0 0 0 644291 0 644116 0 0 0 0 0 0 0 0 0 0 0 0 0 0 0 0 0 0 0 0 0 0 0 0 644219 0 
0 0 0 0 0 643717 0 0 0 643723 0 643927 0 643713 0 0 0 0 0 0 0 0 0 0 0 643565 0 0 0 0 0 0 0 0 643845 0 0 643611 0 0 0 643893 0 0 643527 0 0 0 0 0 0 0 0 0 0 0 0 0 0 0 0 0 0 0 643739 0 0 0 0 0 0 0 0 0 0 0 0 0 0 0 0 0 0 0 0 0 0 0 0 0 0 0 0 0 643769 0 0 0 0 643713 0 643487 0 0 0 0 0 0 0 0 0 0 0 0 0 0 0 0 0 0 0 0 0 0 0 0 643621 0 
0 0 0 644802 0 644799 645036 644832 0 644700 644994 644688 645093 644944 0 0 0 0 645091 0 0 644875 0 0 645049 645007 0 0 644890 0 0 0 0 0 644532 0 0 644992 644899 0 644824 644649 0 0 644950 0 0 0 0 644928 644910 644695 0 0 0 0 644346 0 644644 0 0 0 0 0 644346 0 0 0 0 0 0 644262 0 0 644527 0 0 0 0 0 644196 0 0 0 0 0 0 0 0 0 0 0 644157 0 644431 0 0 644088 0 644368 644392 644288 0 0 0 0 644022 0 644371 0 0 0 0 0 0 0 0 0 0 0 0 0 0 0 0 0 644314 0 
0 0 0 0 0 641680 0 0 0 0 0 0 0 641779 0 0 0 0 0 0 0 0 0 0 0 641743 0 0 0 0 0 0 0 0 641597 0 0 0 0 0 0 641636 0 0 0 0 0 0 0 0 0 0 0 0 0 0 0 0 0 0 0 0 0 0 0 0 0 0 0 0 0 0 0 0 0 0 0 0 0 0 0 0 0 0 0 0 0 0 0 0 0 0 0 0 0 0 0 0 0 0 0 0 0 0 0 0 0 0 0 0 0 0 0 0 0 0 0 0 0 0 0 0 0 0 0 0 0 0 
0 0 0 644587 0 644512 644545 644673 0 644485 644683 644581 644548 644615 644743 0 0 0 644532 0 644733 644738 644700 0 644558 644504 0 0 644645 0 0 0 0 0 644425 0 0 644539 644552 0 644703 644542 0 0 644485 0 0 0 0 644385 644355 644660 0 0 0 0 644239 0 644643 644612 644649 644590 0 0 644239 0 0 0 0 0 0 644155 0 0 644584 0 0 0 0 0 644089 0 0 0 0 0 0 0 0 0 0 0 644050 644014 644408 0 0 643981 0 644507 644323 644185 0 0 643939 0 643915 0 644340 0 0 0 0 0 0 0 0 0 0 0 0 0 0 0 0 644330 644249 0 
643773 643774 643768 643810 643752 643785 643728 643800 643760 643776 643730 643848 643691 643686 643758 643875 643688 643682 643675 643686 643748 643777 643807 643845 643677 643647 643668 643660 643692 643709 643740 643827 643824 643836 643842 643656 643662 643658 643647 643652 643742 643851 643841 643631 643628 643824 643839 643619 643825 643600 643594 643699 643807 643801 643822 643808 643816 643614 643682 643719 643712 643745 643800 643794 643811 643780 643758 643755 643721 643698 643731 643747 643774 643777 643691 643774 643763 643760 643734 643697 643725 643727 643730 643748 643742 643753 643731 643728 643757 643667 643692 643709 643724 643712 643721 643728 643697 643653 643689 643647 643691 643629 643564 643590 643603 643623 643631 643703 643696 643620 643612 643609 643607 643610 643617 643614 643658 643631 643634 643480 643569 643551 643563 643669 643655 643686 643641 643589 
0 0 0 641940 642080 641925 642128 641982 641850 641838 642033 641886 642145 641993 641993 0 642163 0 642113 642041 641973 641983 641965 0 642071 642057 641957 641941 641957 641943 641957 0 0 0 641778 0 0 642033 641963 641925 641913 641863 0 642049 642019 641885 0 0 0 642013 642001 641827 0 0 0 0 641616 641801 641793 641771 641805 641775 0 0 641628 0 0 0 0 0 0 641580 0 0 641715 0 0 0 0 0 641514 0 0 0 0 0 0 0 0 0 0 0 641463 641427 641651 0 0 641442 0 641609 641625 641612 0 0 641436 0 641376 0 641611 0 0 0 0 0 0 0 0 0 0 0 0 0 0 0 0 641591 641573 0 
0 0 0 643615 643731 643613 643779 643635 643563 643547 643727 643539 643823 643722 643679 0 643847 643847 643819 643758 643676 643655 643621 0 643785 643791 643703 643687 643692 643673 643668 0 0 0 643435 643840 643840 643766 643709 643671 643634 643513 0 643811 643767 643559 0 0 0 643797 643791 643573 643487 0 0 0 643311 643501 643525 643516 643551 643521 0 0 643311 643490 0 0 0 0 0 643255 643237 0 643432 0 0 0 0 643203 643211 0 0 0 0 0 0 0 0 0 0 0 643185 643161 643397 0 643364 643139 0 643285 643358 643271 643117 0 643111 0 643095 0 643357 0 0 0 0 0 0 0 643101 0 0 0 643210 0 0 0 0 643337 643308 643247 
0 0 0 0 0 642911 0 0 0 642800 643154 642728 0 643171 0 0 0 0 643295 0 0 642977 0 0 0 643251 0 0 0 0 0 0 0 0 642524 0 0 643225 0 0 642995 642665 0 0 643213 0 0 0 0 0 643177 642909 0 0 0 0 642314 0 642875 0 0 0 0 0 642302 0 0 0 0 0 0 642182 0 0 0 0 0 0 0 0 642116 0 0 0 0 0 0 0 0 0 0 0 0 0 642541 0 0 0 0 642619 0 642176 0 0 0 0 0 0 0 0 0 0 0 0 0 0 0 0 0 0 0 0 0 0 0 0 642343 0 
0 0 0 644597 644665 644571 644665 644641 644521 644529 644733 644641 644715 644731 644725 0 0 0 644733 644733 644733 644711 644675 0 644733 644725 644695 644679 644719 644729 644733 0 0 0 644633 0 0 644723 644677 644663 644733 644663 0 644717 644687 644713 0 0 0 644661 644649 644661 0 0 0 0 644557 644563 644627 644653 644663 644681 0 0 644581 0 0 0 0 0 0 644597 0 0 644597 0 0 0 0 0 644553 0 0 0 0 0 0 0 0 0 0 0 644503 644479 644677 0 0 644553 0 644515 644723 644689 0 0 644597 0 644509 0 644685 0 0 0 0 0 0 0 0 0 0 0 0 0 0 0 0 644665 644719 0 
0 0 0 644660 0 644601 644550 644702 0 644574 644692 644610 644539 644626 644744 0 0 0 644543 0 644744 644725 644695 0 644569 644515 0 0 644656 0 0 0 0 0 644462 0 0 644550 644563 0 644714 644549 0 0 644496 0 0 0 0 644396 644366 644671 0 0 0 0 644328 0 644654 644623 644660 644601 0 0 644328 0 0 0 0 0 0 644228 0 0 644595 0 0 0 0 0 644178 0 0 0 0 0 0 0 0 0 0 0 644139 644103 644419 0 0 644070 0 644518 644334 644166 0 0 644012 0 644004 0 644351 0 0 0 0 0 0 0 0 0 0 0 0 0 0 0 0 644341 644260 0 
0 0 0 0 0 644833 0 0 0 644806 644994 644990 0 644884 0 0 0 0 644843 0 0 645087 0 0 0 644767 0 0 0 0 0 0 0 0 644834 0 0 644800 0 0 645038 644949 0 0 644710 0 0 0 0 0 644608 644909 0 0 0 0 644648 0 644858 0 0 0 0 0 644648 0 0 0 0 0 0 644564 0 0 0 0 0 0 0 0 644498 0 0 0 0 0 0 0 0 0 0 0 0 0 644711 0 0 0 0 644648 0 644566 0 0 0 0 0 0 0 0 0 0 0 0 0 0 0 0 0 0 0 0 0 0 0 0 644594 0 
0 0 0 644558 0 644483 644484 644638 0 644456 644626 644650 644473 644562 644680 0 0 0 644479 0 644682 644685 644679 0 644505 644451 0 0 644592 0 0 0 0 0 644546 0 0 644486 644499 0 644676 644633 0 0 644432 0 0 0 0 644332 644302 644633 0 0 0 0 644360 0 644616 644641 644646 644643 0 0 644360 0 0 0 0 0 0 644276 0 0 644613 0 0 0 0 0 644210 0 0 0 0 0 0 0 0 0 0 0 644171 644135 644505 0 0 644102 0 644560 644420 644250 0 0 644060 0 644036 0 644437 0 0 0 0 0 0 0 0 0 0 0 0 0 0 0 0 644427 644346 0 
644205 644180 644204 644216 644188 644178 644164 644236 644128 644148 644166 644263 644127 644122 644194 644238 644124 644118 644111 644122 644184 644213 644243 644260 644113 644083 644102 644086 644128 644145 644176 644242 644239 644251 644171 644092 644098 644094 644072 644070 644178 644204 644142 644067 644058 644203 644168 644016 644154 644036 644030 644116 644136 644130 644163 644113 644071 643982 644082 644132 644130 644151 644117 644111 644071 644121 644056 644053 643993 643968 643983 644015 643997 644003 644076 644115 644061 644058 644032 643963 643971 643951 643957 644065 644059 644058 644029 644026 644055 643927 643929 643939 643945 643921 644027 644033 643995 643899 643923 643985 643989 643927 643862 643845 643871 643863 643855 643991 643987 643918 643910 643907 643905 643908 643827 643821 643861 643831 643837 643882 643928 643910 643922 643957 643929 643967 643939 643887 
0 0 0 644669 0 644680 644767 644667 0 644635 644761 644571 0 644794 0 0 0 0 644808 0 0 644678 0 0 644810 644810 0 0 644770 0 0 0 0 0 644471 0 0 644810 644772 0 644698 644534 0 0 644782 0 0 0 0 644798 644810 644644 0 0 0 0 644385 0 644610 0 0 0 0 0 644373 0 0 0 0 0 0 644309 0 0 644532 0 0 0 0 0 644287 0 0 0 0 0 0 0 0 0 0 0 0 0 644468 0 0 0 0 644426 644434 644283 0 0 0 0 0 0 0 0 0 0 0 0 0 0 0 0 0 0 0 0 0 0 0 0 644386 0 
0 0 0 0 0 643178 0 0 0 0 0 0 0 0 0 0 0 0 0 0 0 0 0 0 0 643572 0 0 0 0 0 0 0 0 643151 0 0 0 0 0 0 643220 0 0 0 0 0 0 0 0 0 0 0 0 0 0 0 0 0 0 0 0 0 0 0 0 0 0 0 0 0 0 0 0 0 0 0 0 0 0 0 0 0 0 0 0 0 0 0 0 0 0 0 0 0 0 0 0 0 0 0 0 0 0 0 0 0 0 0 0 0 0 0 0 0 0 0 0 0 0 0 0 0 0 0 0 0 0 
0 0 0 643012 0 642985 643096 643066 642910 642910 643228 643018 643135 643336 643192 0 0 0 643183 0 643222 643159 643093 0 643249 643265 643340 0 643334 0 0 0 0 0 642958 0 0 643302 643319 0 643264 643027 0 0 643258 0 0 0 0 643158 643126 643275 0 0 0 0 642809 0 643258 643247 643264 643249 0 0 642821 0 0 0 0 0 0 642773 0 0 643219 0 0 0 0 0 642707 0 0 0 0 0 0 0 0 0 0 0 642656 642620 643187 0 0 642635 0 643166 643129 642839 0 0 642629 0 642569 0 643144 0 0 0 0 0 0 0 0 0 0 0 0 0 0 0 0 643134 643083 0 
0 0 0 644440 644532 644426 644517 644472 644376 644372 644588 644424 644543 644636 644556 0 0 0 644572 644633 644574 644530 644482 0 644606 644600 644654 644662 644630 644613 644582 0 0 0 644368 0 0 644625 644672 644660 644580 644422 0 644580 644619 644484 0 0 0 644539 644509 644611 0 0 0 0 644268 644598 644594 644583 644600 644577 0 0 644280 0 0 0 0 0 0 644260 0 0 644555 0 0 0 0 0 644216 0 0 0 0 0 0 0 0 0 0 0 644178 644154 644519 0 0 644180 0 644497 644460 644316 0 0 644188 0 644136 0 644491 0 0 0 0 0 0 0 0 0 0 0 0 0 0 0 0 644493 644438 0 
0 0 0 642035 0 642033 641997 642035 0 642035 642033 641993 0 642021 0 0 0 0 641985 0 0 642029 0 0 641997 641985 0 0 642033 0 0 0 0 0 641945 0 0 641997 642009 0 642029 641969 0 0 641985 0 0 0 0 641949 641937 642029 0 0 0 0 641921 0 642029 0 0 0 0 0 641909 0 0 0 0 0 0 641873 0 0 642005 0 0 0 0 0 641873 0 0 0 0 0 0 0 0 0 0 0 0 0 641933 0 0 0 0 641993 641897 641837 0 0 0 0 0 0 0 0 0 0 0 0 0 0 0 0 0 0 0 0 0 0 0 0 641873 0 
0 0 0 644988 645034 644962 644986 645010 644912 644920 645124 644914 645012 645122 645094 0 0 0 645044 645106 645114 645056 644996 0 645082 645044 645086 645070 645132 645142 645130 0 0 0 644810 0 0 645066 645044 645054 645106 644888 0 645012 645006 644962 0 0 0 644950 644938 645028 0 0 0 0 644686 644976 644994 644972 645006 644976 0 0 644686 0 0 0 0 0 0 644630 0 0 644916 0 0 0 0 0 644586 0 0 0 0 0 0 0 0 0 0 0 644560 644536 644852 0 0 644514 0 644810 644826 644650 0 0 644486 0 644470 0 644812 0 0 0 0 0 0 0 0 0 0 0 0 0 0 0 0 644792 644774 0 
0 0 0 644832 644794 644818 644746 644808 644818 644832 644818 644712 644722 644782 644808 0 0 0 644722 644770 644808 644784 644760 0 644746 644704 644746 644730 644794 644818 644808 0 0 0 644616 0 0 644726 644704 644714 644784 644664 0 644672 644666 644688 0 0 0 644610 644598 644702 0 0 0 0 644568 644638 644668 644646 644680 644650 0 0 644544 0 0 0 0 0 0 644472 0 0 644590 0 0 0 0 0 644472 0 0 0 0 0 0 0 0 0 0 0 644496 644496 644526 0 0 644400 0 644484 644500 644400 0 0 644328 0 644400 0 644486 0 0 0 0 0 0 0 0 0 0 0 0 0 0 0 0 644466 644448 0 
644154 644129 644159 644165 644175 644140 644151 644199 644115 644131 644160 644247 644124 644084 644191 644229 644121 644115 644098 644096 644172 644210 644240 644250 644090 644042 644048 644032 644084 644106 644156 644260 644257 644259 644168 644089 644095 644052 644018 644016 644148 644231 644133 644022 644004 644242 644171 643962 644185 643984 643984 644062 644175 644169 644202 644130 644082 643928 644028 644078 644076 644118 644156 644150 644070 644133 644091 644092 643984 643959 643990 644006 644033 644036 644022 644121 644100 644097 644071 643956 643984 643986 643989 644069 644057 644079 644068 644063 644094 643926 643951 643968 643983 643971 644015 644029 644025 643912 643948 643952 643989 643966 643853 643849 643862 643882 643890 643979 643975 643957 643949 643946 643906 643903 643876 643873 643915 643885 643891 643828 643874 643856 643868 643945 643917 643955 643937 643926 
644190 644165 644195 644201 644211 644171 644187 644235 644121 644141 644215 644283 644176 644148 644243 644262 644173 644167 644160 644160 644233 644262 644276 644286 644154 644106 644112 644096 644148 644170 644220 644304 644307 644295 644201 644141 644147 644116 644082 644080 644212 644264 644166 644086 644068 644291 644204 644026 644218 644048 644048 644126 644224 644218 644251 644163 644103 643992 644092 644142 644140 644182 644205 644199 644103 644194 644124 644127 644017 643992 644015 644039 644029 644035 644086 644182 644149 644146 644120 643989 644003 643983 643989 644130 644118 644140 644117 644114 644143 643959 643961 643971 643977 643953 644076 644090 644083 643931 643955 644016 644050 644013 643886 643877 643895 643895 643887 644040 644036 644006 643982 643985 643939 643936 643859 643853 643893 643863 643869 643892 643938 643920 643932 644006 643978 644016 643998 643975 
644032 644007 644037 644043 644025 644018 644001 644073 643979 643999 644003 644121 643964 643959 644031 644112 643961 643955 643948 643959 644021 644050 644080 644118 643950 643920 643937 643921 643965 643982 644013 644100 644097 644109 644082 643929 643935 643931 643907 643905 644015 644100 644047 643904 643893 644087 644083 643851 644069 643873 643867 643951 644051 644045 644071 644028 643996 643817 643917 643967 643965 644007 644032 644026 643984 644029 643971 643968 643898 643873 643904 643920 643926 643932 643911 644023 643976 643973 643947 643870 643898 643880 643886 643980 643974 643973 643944 643941 643970 643840 643858 643868 643874 643850 643940 643948 643910 643826 643852 643841 643904 643842 643767 643763 643776 643792 643784 643904 643900 643833 643825 643822 643820 643817 643756 643750 643790 643760 643766 643717 643763 643745 643757 643870 643842 643880 643854 643802 
0 0 0 0 0 0 0 0 0 0 0 0 0 0 0 0 0 0 0 0 0 0 0 0 0 0 0 0 0 0 0 0 0 0 644961 0 0 0 0 0 0 644950 0 0 0 0 0 0 0 0 0 0 0 0 0 0 0 0 0 0 0 0 0 0 0 0 0 0 0 0 0 0 0 0 0 0 0 0 0 0 0 0 0 0 0 0 0 0 0 0 0 0 0 0 0 0 0 0 0 0 0 0 0 0 0 0 0 0 0 0 0 0 0 0 0 0 0 0 0 0 0 0 0 0 0 0 0 0 
0 0 0 643203 643319 643201 643367 643223 643151 643135 643317 643127 643413 643292 643269 0 643437 643437 643407 643340 643264 643245 643209 0 643370 643358 643256 643236 643256 643242 643256 0 0 0 643023 643439 643439 643332 643257 643212 643212 643101 0 643374 643320 643149 0 0 0 643362 643369 643113 643077 0 0 0 642899 643038 643062 643053 643092 643071 0 0 642899 643068 0 0 0 0 0 642843 642825 0 642969 0 0 0 0 642791 642799 0 0 0 0 0 0 0 0 0 0 0 642773 642749 642945 0 642952 642727 0 642822 642924 642861 642705 0 642699 0 642683 0 642909 0 0 0 0 0 0 0 642689 0 0 0 642747 0 0 0 0 642879 642872 642837 
0 0 0 643155 643237 643166 643285 643153 643141 643121 643181 643057 643286 643149 643137 0 643319 643313 643270 643201 643127 643120 643114 0 643231 643212 643095 643071 643107 643098 643117 0 0 0 642957 643322 643328 643185 643092 643047 643073 643020 0 643224 643155 643023 0 0 0 643214 643220 642948 642956 0 0 0 642871 642873 642897 642888 642927 642906 0 0 642859 642929 0 0 0 0 0 642795 642822 0 642804 0 0 0 0 642745 642773 0 0 0 0 0 0 0 0 0 0 0 642772 642760 642780 0 642815 642701 0 642657 642777 642747 642642 0 642651 0 642679 0 642744 0 0 0 0 0 0 0 642706 0 0 0 642582 0 0 0 0 642714 642723 642707 
0 0 0 0 0 642870 0 0 0 642870 0 642823 0 642870 0 0 0 0 0 0 0 0 0 0 0 642870 0 0 0 0 0 0 0 0 642775 0 0 642870 0 0 0 642799 0 0 642870 0 0 0 0 0 0 0 0 0 0 0 0 0 0 0 0 0 0 0 642739 0 0 0 0 0 0 0 0 0 0 0 0 0 0 0 0 0 0 0 0 0 0 0 0 0 0 0 0 0 642763 0 0 0 0 642710 0 642667 0 0 0 0 0 0 0 0 0 0 0 0 0 0 0 0 0 0 0 0 0 0 0 0 642703 0 
0 0 0 643430 0 643430 643430 643430 0 643430 643430 643430 0 643430 0 0 0 0 643424 0 0 643430 0 0 643430 643424 0 0 643430 0 0 0 0 0 643430 0 0 643430 643430 0 643430 643430 0 0 643424 0 0 0 0 643388 643376 643427 0 0 0 0 643430 0 643410 0 0 0 0 0 643430 0 0 0 0 0 0 643404 0 0 643395 0 0 0 0 0 643404 0 0 0 0 0 0 0 0 0 0 0 0 0 643430 0 0 0 0 643354 643428 643368 0 0 0 0 0 0 0 0 0 0 0 0 0 0 0 0 0 0 0 0 0 0 0 0 643404 0 
0 0 0 644198 644290 644184 644273 644230 644134 644130 644337 644182 644299 644381 644309 0 0 0 644315 644376 644319 644288 644240 0 644349 644343 644399 644407 644375 644358 644327 0 0 0 644126 0 0 644368 644415 644415 644325 644180 0 644323 644362 644242 0 0 0 644282 644252 644366 0 0 0 0 644026 644353 644349 644338 644355 644322 0 0 644038 0 0 0 0 0 0 644018 0 0 644310 0 0 0 0 0 643974 0 0 0 0 0 0 0 0 0 0 0 643936 643912 644264 0 0 643903 0 644257 644205 644039 0 0 643875 0 643859 0 644236 0 0 0 0 0 0 0 0 0 0 0 0 0 0 0 0 644246 644183 0 
0 0 0 0 0 644574 0 0 0 644547 644705 644743 0 644701 0 0 0 0 644568 0 0 644788 0 0 0 644590 0 0 0 0 0 0 0 0 644595 0 0 644625 0 0 644823 644682 0 0 644571 0 0 0 0 0 644441 644796 0 0 0 0 644421 0 644779 0 0 0 0 0 644421 0 0 0 0 0 0 644337 0 0 0 0 0 0 0 0 644271 0 0 0 0 0 0 0 0 0 0 0 0 0 644614 0 0 0 0 644713 0 644299 0 0 0 0 0 0 0 0 0 0 0 0 0 0 0 0 0 0 0 0 0 0 0 0 644455 0 
0 0 0 0 0 0 0 0 0 0 0 0 0 0 0 0 0 0 0 0 0 0 0 0 0 0 0 0 0 0 0 0 0 0 644891 0 0 0 0 0 0 645039 0 0 0 0 0 0 0 0 0 0 0 0 0 0 0 0 0 0 0 0 0 0 0 0 0 0 0 0 0 0 0 0 0 0 0 0 0 0 0 0 0 0 0 0 0 0 0 0 0 0 0 0 0 0 0 0 0 0 0 0 0 0 0 0 0 0 0 0 0 0 0 0 0 0 0 0 0 0 0 0 0 0 0 0 0 0 
643693 643694 643688 643730 643672 643721 643648 643720 643696 643712 643650 643768 643611 643606 643678 643795 643608 643602 643595 643606 643668 643697 643727 643765 643597 643567 643588 643580 643612 643629 643660 643747 643744 643756 643806 643576 643582 643578 643567 643572 643662 643781 643805 643551 643548 643744 643803 643539 643789 643520 643514 643619 643771 643765 643776 643772 643796 643517 643602 643639 643632 643665 643764 643758 643796 643734 643739 643736 643738 643727 643752 643752 643759 643762 643611 643728 643732 643729 643715 643730 643746 643736 643739 643712 643706 643717 643712 643709 643726 643717 643725 643730 643733 643721 643685 643692 643690 643703 643722 643541 643672 643663 643598 643640 643637 643673 643681 643667 643665 643654 643646 643643 643641 643644 643667 643664 643691 643676 643679 643400 643463 643445 643457 643650 643636 643655 643646 643623 
0 0 0 643882 643940 643881 643964 643892 643854 643848 643941 643844 643978 643953 643917 0 0 0 643978 643965 643917 643905 643885 0 643977 643978 643953 643953 643941 643929 643917 0 0 0 643792 0 0 643977 643965 643953 643905 643831 0 643978 643978 643857 0 0 0 643961 643937 643905 0 0 0 0 643730 643941 643905 643881 643893 643869 0 0 643729 0 0 0 0 0 0 643665 0 0 643881 0 0 0 0 0 643643 0 0 0 0 0 0 0 0 0 0 0 643631 643607 643809 0 0 643571 0 643869 643760 643639 0 0 643521 0 643541 0 643784 0 0 0 0 0 0 0 0 0 0 0 0 0 0 0 0 643784 643712 0 
0 0 0 0 0 643335 0 0 0 643304 0 643263 0 643347 0 0 0 0 0 0 0 0 0 0 0 643349 0 0 0 0 0 0 0 0 643215 0 0 643349 0 0 0 643239 0 0 643349 0 0 0 0 0 0 0 0 0 0 0 0 0 0 0 0 0 0 0 643179 0 0 0 0 0 0 0 0 0 0 0 0 0 0 0 0 0 0 0 0 0 0 0 0 0 0 0 0 0 643203 0 0 0 0 643192 0 643107 0 0 0 0 0 0 0 0 0 0 0 0 0 0 0 0 0 0 0 0 0 0 0 0 643143 0 
0 0 0 643324 643276 643300 643228 643348 643300 643324 643300 643401 643204 643276 643348 0 0 0 643204 643252 643348 643372 643389 0 643228 643204 643276 643276 643300 643324 643348 0 0 0 643401 0 0 643228 643252 643276 643372 643401 0 643180 643204 643401 0 0 0 643132 643108 643372 0 0 0 0 643401 643300 643372 643401 643389 643401 0 0 643401 0 0 0 0 0 0 643400 0 0 643401 0 0 0 0 0 643400 0 0 0 0 0 0 0 0 0 0 0 643401 643401 643401 0 0 643364 0 643401 643401 643364 0 0 643328 0 643364 0 643401 0 0 0 0 0 0 0 0 0 0 0 0 0 0 0 0 643401 643400 0 
644350 644325 644355 644361 644343 644328 644319 644391 644278 644298 644321 644439 644282 644277 644349 644440 644279 644273 644266 644277 644339 644368 644398 644436 644268 644238 644259 644251 644283 644300 644331 644418 644415 644427 644487 644247 644253 644249 644238 644243 644333 644452 644488 644222 644219 644415 644488 644210 644474 644191 644185 644290 644456 644450 644447 644505 644458 644181 644273 644310 644303 644336 644473 644467 644476 644405 644466 644463 644393 644368 644388 644415 644402 644408 644275 644399 644471 644468 644442 644365 644376 644356 644362 644421 644415 644450 644439 644436 644465 644332 644334 644344 644350 644326 644394 644425 644405 644304 644328 644205 644399 644337 644262 644250 644271 644268 644260 644376 644404 644328 644320 644317 644315 644312 644232 644226 644266 644236 644242 644071 644127 644109 644121 644377 644363 644394 644349 644297 
0 0 644647 644547 644695 644532 644647 644589 644457 644445 644775 644475 644687 644893 644715 0 644624 644642 644735 644833 644745 644670 644592 0 644800 644819 644947 644971 644889 644850 644769 0 0 0 644319 644576 644558 644857 644949 644987 644775 644436 0 644795 644876 644547 0 645001 0 644744 644690 644895 644424 0 0 0 644133 644952 644929 644849 644869 644784 0 0 644133 644577 0 0 0 0 0 644049 644022 0 644861 0 0 0 0 643971 643983 0 0 0 0 0 0 0 0 0 0 0 643944 643908 644609 0 644307 643875 0 644718 644433 644079 643842 0 643833 0 643809 0 644526 0 0 0 0 0 0 0 643818 0 0 0 644655 0 0 0 0 644549 644367 644091 
644855 644805 644865 644877 644866 644827 644818 644945 644777 644809 644822 645041 644744 644734 644878 645035 644738 644726 644712 644734 644858 644916 644976 645043 644716 644656 644698 644682 644746 644780 644842 645016 645010 645034 645107 644674 644686 644678 644656 644666 644846 645083 645073 644624 644618 645010 645113 644600 645106 644562 644550 644760 645070 645058 645074 645090 645007 644590 644726 644800 644786 644852 645068 645056 645019 644990 645043 645037 644944 644918 644932 644964 644945 644951 644744 644978 645028 645022 644995 644912 644920 644900 644906 644964 644952 644986 644989 644983 645016 644876 644878 644888 644894 644870 644910 644936 644945 644848 644872 644686 644909 644905 644826 644794 644820 644812 644804 644874 644894 644887 644895 644889 644884 644878 644776 644770 644810 644780 644786 644322 644596 644578 644590 644865 644837 644874 644857 644849 
0 0 0 644336 0 644332 644664 644376 0 644200 644656 644184 0 644832 0 0 0 0 644876 0 0 644468 0 0 644868 644988 0 0 644808 0 0 0 0 0 643976 0 0 644944 644908 0 644608 644132 0 0 645020 0 0 0 0 645112 645070 644636 0 0 0 0 643728 0 644568 0 0 0 0 0 643728 0 0 0 0 0 0 643616 0 0 644412 0 0 0 0 0 643528 0 0 0 0 0 0 0 0 0 0 0 0 0 644284 0 0 0 0 644200 644128 643656 0 0 0 0 0 0 0 0 0 0 0 0 0 0 0 0 0 0 0 0 0 0 0 0 644040 0 
0 0 0 0 0 641291 0 0 0 641123 641540 640834 0 641661 0 0 0 0 641895 0 0 641255 0 0 0 641910 0 0 0 0 0 0 0 0 640390 0 0 641825 0 0 641330 640651 0 0 641885 0 0 0 0 0 642066 641261 0 0 0 0 640047 0 641194 0 0 0 0 0 639987 0 0 0 0 0 0 639688 0 0 0 0 0 0 0 0 639607 0 0 0 0 0 0 0 0 0 0 0 0 0 640429 0 0 0 0 640610 0 639502 0 0 0 0 0 0 0 0 0 0 0 0 0 0 0 0 0 0 0 0 0 0 0 0 639923 0 
0 0 0 0 0 644270 0 0 0 644285 644351 644353 0 644347 0 0 0 0 644214 0 0 644424 0 0 0 644242 0 0 0 0 0 0 0 0 644301 0 0 644279 0 0 644459 644340 0 0 644261 0 0 0 0 0 644103 644502 0 0 0 0 644239 0 644519 0 0 0 0 0 644239 0 0 0 0 0 0 644211 0 0 0 0 0 0 0 0 644189 0 0 0 0 0 0 0 0 0 0 0 0 0 644398 0 0 0 0 644475 0 644221 0 0 0 0 0 0 0 0 0 0 0 0 0 0 0 0 0 0 0 0 0 0 0 0 644317 0 
0 0 0 644713 644741 644638 644669 644815 644563 644611 644709 644959 644592 644577 644793 0 644583 644565 644544 644577 644763 644850 644926 0 644550 644460 644523 644499 644595 644646 644739 0 0 0 645083 644487 644505 644493 644460 644475 644745 645064 0 644412 644403 644991 0 0 0 644319 644301 644616 645106 0 0 0 644933 644361 644565 644676 644655 644754 0 0 644936 644961 0 0 0 0 0 644852 644825 0 644592 0 0 0 0 644774 644786 0 0 0 0 0 0 0 0 0 0 0 644747 644711 644872 0 644902 644678 0 644505 644848 644842 644645 0 644636 0 644612 0 644827 0 0 0 0 0 0 0 644621 0 0 0 644370 0 0 0 0 644797 644770 644758 
643958 643928 643963 643964 643979 643926 643955 644003 643876 643896 643985 644051 643946 643941 644013 644048 643943 643937 643930 643941 644003 644032 644044 644054 643932 643902 643923 643915 643947 643964 643995 644072 644075 644063 644093 643911 643917 643913 643902 643907 643997 644086 644070 643886 643883 644079 644096 643861 644110 643855 643849 643954 644118 644112 644111 644069 643996 643827 643927 643974 643967 644000 644111 644105 643996 644069 644030 644033 643920 643894 643908 643940 643922 643928 643921 644063 644057 644054 644028 643888 643896 643876 643882 644059 644053 644054 644025 644022 644051 643852 643854 643864 643870 643846 644032 644029 643991 643824 643848 643851 643985 643919 643792 643770 643796 643788 643780 644011 643990 643914 643888 643891 643845 643842 643752 643746 643786 643756 643762 643727 643773 643755 643767 643963 643949 643980 643935 643883 
643888 643863 643893 643899 643909 643874 643885 643933 643849 643865 643907 643981 643868 643863 643935 643978 643865 643859 643852 643863 643925 643954 643974 643984 643854 643824 643845 643837 643869 643886 643917 644002 644001 643993 644004 643833 643839 643835 643824 643829 643919 644016 643969 643808 643805 644001 644007 643782 644021 643777 643771 643876 644021 644015 644033 643966 643918 643748 643848 643896 643889 643922 644002 643996 643906 643991 643927 643930 643820 643795 643826 643842 643869 643872 643842 643985 643946 643943 643917 643792 643820 643822 643825 643950 643944 643943 643914 643911 643940 643762 643787 643804 643819 643795 643923 643918 643880 643748 643784 643772 643874 643812 643689 643685 643698 643718 643726 643901 643879 643803 643785 643788 643742 643739 643701 643695 643735 643705 643711 643648 643694 643676 643688 643852 643838 643869 643824 643772 
643709 643672 643714 643744 643700 643707 643652 643788 643682 643710 643656 643884 643578 643568 643712 643895 643572 643560 643546 643568 643692 643750 643810 643884 643550 643490 643532 643516 643580 643614 643676 643850 643844 643868 643978 643508 643520 643512 643490 643500 643680 643918 643990 643458 643452 643844 643980 643434 643962 643396 643384 643594 643926 643914 643908 644011 643975 643424 643560 643634 643620 643686 643959 643947 643977 643824 643971 643965 643939 643926 643933 643949 643940 643943 643578 643812 643945 643939 643923 643923 643927 643917 643920 643855 643843 643901 643917 643911 643933 643905 643906 643911 643914 643902 643801 643851 643885 643891 643903 643520 643837 643893 643880 643864 643877 643873 643869 643765 643811 643875 643895 643889 643909 643906 643855 643852 643872 643857 643860 643156 643430 643412 643424 643793 643765 643791 643809 643849 
0 0 0 0 0 644799 0 0 0 644799 644637 644729 0 644573 0 0 0 0 644623 0 0 644659 0 0 0 644567 0 0 0 0 0 0 0 0 644737 0 0 644565 0 0 644589 644707 0 0 644529 0 0 0 0 0 644557 644503 0 0 0 0 644799 0 644469 0 0 0 0 0 644789 0 0 0 0 0 0 644727 0 0 0 0 0 0 0 0 644753 0 0 0 0 0 0 0 0 0 0 0 0 0 644519 0 0 0 0 644357 0 644563 0 0 0 0 0 0 0 0 0 0 0 0 0 0 0 0 0 0 0 0 0 0 0 0 644515 0 
0 0 0 643637 643681 643599 643633 643669 643549 643569 643761 643621 643659 643813 643753 0 0 0 643691 643765 643773 643727 643679 0 643735 643747 643849 643865 643837 643839 643789 0 0 0 643565 0 0 643773 643843 643881 643797 643619 0 643731 643785 643681 0 0 0 643697 643661 643883 0 0 0 0 643465 643946 643917 643867 643869 643827 0 0 643477 0 0 0 0 0 0 643457 0 0 643923 0 0 0 0 0 643413 0 0 0 0 0 0 0 0 0 0 0 643375 643351 643771 0 0 643377 0 643874 643689 643513 0 0 643385 0 643333 0 643739 0 0 0 0 0 0 0 0 0 0 0 0 0 0 0 0 643759 643669 0 
0 0 0 0 0 644230 0 0 0 644245 0 644287 0 644307 0 0 0 0 0 0 0 0 0 0 0 644202 0 0 0 0 0 0 0 0 644139 0 0 644239 0 0 0 644226 0 0 644221 0 0 0 0 0 0 0 0 0 0 0 0 0 644479 0 0 0 0 0 644005 0 0 0 0 0 0 0 0 0 0 0 0 0 0 0 0 0 0 0 0 0 0 0 0 0 0 0 0 0 644212 0 0 0 0 644367 0 643843 0 0 0 0 0 0 0 0 0 0 0 0 0 0 0 0 0 0 0 0 0 0 0 0 644011 0 
0 0 0 644596 0 644543 644486 644654 0 644516 644628 644696 644475 644624 644696 0 0 0 644491 0 644706 644703 644697 0 644537 644519 0 0 644666 0 0 0 0 0 644562 0 0 644556 644615 0 644738 644649 0 0 644538 0 0 0 0 644422 644380 644781 0 0 0 0 644434 0 644774 644809 644792 644799 0 0 644428 0 0 0 0 0 0 644328 0 0 644783 0 0 0 0 0 644284 0 0 0 0 0 0 0 0 0 0 0 644245 644209 644635 0 0 644176 0 644746 644504 644266 0 0 644112 0 644110 0 644559 0 0 0 0 0 0 0 0 0 0 0 0 0 0 0 0 644569 644434 0 
0 0 0 644529 0 644454 644487 644631 0 644427 644697 644681 644526 644757 644757 0 0 0 644574 0 644787 644772 644740 0 644640 644658 0 0 644811 0 0 0 0 0 644525 0 0 644697 644776 0 644877 644642 0 0 644707 0 0 0 0 644583 644529 644948 0 0 0 0 644339 0 644931 644978 644971 644972 0 0 644339 0 0 0 0 0 0 644255 0 0 644950 0 0 0 0 0 644189 0 0 0 0 0 0 0 0 0 0 0 644150 644114 644790 0 0 644081 0 644889 644639 644285 0 0 644039 0 644015 0 644722 0 0 0 0 0 0 0 0 0 0 0 0 0 0 0 0 644712 644573 0 
0 0 0 644447 0 644394 644337 644505 0 644367 644479 644649 644326 644475 644547 0 0 0 644342 0 644557 644576 644594 0 644388 644370 0 0 644517 0 0 0 0 0 644583 0 0 644407 644466 0 644611 644660 0 0 644389 0 0 0 0 644273 644231 644652 0 0 0 0 644455 0 644635 644720 644689 644752 0 0 644449 0 0 0 0 0 0 644349 0 0 644692 0 0 0 0 0 644305 0 0 0 0 0 0 0 0 0 0 0 644266 644230 644656 0 0 644197 0 644687 644525 644287 0 0 644133 0 644131 0 644580 0 0 0 0 0 0 0 0 0 0 0 0 0 0 0 0 644590 644455 0 
643665 643640 643670 643676 643686 643651 643662 643710 643626 643642 643680 643758 643641 643636 643708 643755 643638 643632 643625 643636 643698 643727 643751 643761 643627 643597 643618 643610 643642 643659 643690 643777 643774 643770 643802 643606 643612 643608 643597 643602 643692 643793 643803 643581 643578 643774 643805 643569 643819 643550 643544 643649 643815 643809 643806 643822 643774 643563 643632 643669 643662 643695 643832 643826 643768 643764 643789 643792 643682 643657 643688 643704 643731 643734 643641 643758 643804 643801 643775 643654 643682 643684 643687 643780 643774 643795 643772 643769 643798 643624 643649 643666 643681 643669 643753 643770 643738 643610 643646 643587 643732 643670 643551 643547 643560 643580 643588 643735 643737 643661 643647 643650 643604 643601 643574 643571 643615 643588 643591 643430 643509 643491 643503 643710 643696 643727 643682 643630 
644787 644737 644797 644809 644824 644759 644776 644877 644709 644741 644858 644943 644777 644770 644914 644925 644744 644750 644748 644770 644894 644943 644943 644949 644752 644692 644734 644718 644782 644816 644878 644971 644974 644962 644983 644704 644698 644714 644692 644702 644882 644985 644973 644660 644654 644998 644989 644636 645011 644598 644586 644796 645029 645035 645014 645006 644910 644626 644762 644818 644816 644858 645036 645042 644910 644960 644968 644971 644834 644808 644822 644854 644836 644842 644762 644948 645011 645014 644988 644802 644810 644790 644796 644968 644956 644993 644983 644977 645011 644766 644768 644778 644784 644760 644914 644943 644939 644738 644762 644692 644903 644857 644716 644684 644710 644702 644694 644878 644889 644866 644826 644829 644774 644768 644666 644660 644700 644670 644676 644358 644614 644596 644608 644859 644831 644869 644851 644843 
0 0 0 0 0 643234 0 0 0 0 0 0 0 642867 0 0 0 0 0 0 0 0 0 0 0 642750 0 0 0 0 0 0 0 0 643411 0 0 0 0 0 0 643342 0 0 0 0 0 0 0 0 0 0 0 0 0 0 0 0 0 0 0 0 0 0 643525 0 0 0 0 0 0 0 0 0 0 0 0 0 0 0 0 0 0 0 0 0 0 0 0 0 0 0 0 0 0 0 0 0 0 0 0 0 0 0 0 0 0 0 0 0 0 0 0 0 0 0 0 0 0 0 0 0 0 0 0 0 0 0 
0 0 0 644508 644538 644433 644466 644610 644358 644406 644674 644754 644505 644658 644736 0 644442 644460 644544 644636 644758 644751 644733 0 644600 644544 644621 644597 644682 644728 644774 0 0 0 644858 644394 644376 644578 644558 644573 644816 644859 0 644500 644501 644898 0 0 0 644414 644390 644714 644963 0 0 0 644728 644459 644663 644774 644753 644852 0 0 644742 645028 0 0 0 0 0 644685 644631 0 644690 0 0 0 0 644607 644619 0 0 0 0 0 0 0 0 0 0 0 644577 644541 644958 0 644932 644511 0 644603 644956 644715 644478 0 644469 0 644445 0 644936 0 0 0 0 0 0 0 644454 0 0 0 644468 0 0 0 0 644906 644895 644727 
643579 643554 643584 643590 643596 643565 643572 643624 643540 643556 643574 643672 643535 643530 643602 643669 643532 643526 643519 643530 643592 643621 643651 643675 643521 643491 643512 643504 643536 643553 643584 643671 643668 643680 643716 643500 643506 643502 643491 643496 643586 643705 643717 643475 643472 643668 643719 643463 643727 643444 643438 643543 643709 643703 643700 643750 643702 643458 643526 643563 643556 643589 643726 643720 643726 643658 643763 643760 643702 643689 643696 643712 643689 643692 643535 643652 643742 643739 643739 643686 643690 643680 643683 643674 643668 643703 643736 643733 643736 643668 643669 643674 643677 643665 643647 643678 643714 643654 643666 643485 643696 643694 643602 643598 643611 643631 643632 643629 643675 643685 643684 643681 643655 643652 643618 643615 643635 643620 643623 643324 643407 643389 643401 643674 643660 643665 643670 643661 
643813 643775 643819 643811 643835 643773 643811 643859 643723 643743 643839 643907 643800 643795 643867 643897 643797 643791 643784 643795 643857 643886 643900 643910 643786 643756 643777 643769 643801 643818 643849 643928 643931 643919 643951 643765 643771 643767 643756 643761 643851 643942 643945 643740 643737 643933 643954 643728 643968 643709 643703 643808 643974 643968 643965 643985 643903 643723 643791 643828 643821 643854 643991 643985 643939 643923 644004 644007 643921 643907 643897 643929 643865 643871 643800 643917 644007 644004 644000 643901 643885 643853 643859 643939 643933 643968 643997 643994 644001 643877 643855 643853 643847 643823 643912 643943 643975 643849 643849 643752 643957 643953 643843 643812 643838 643825 643805 643894 643940 643946 643934 643937 643896 643893 643777 643771 643787 643769 643775 643589 643674 643656 643668 643935 643921 643930 643931 643927 
644560 644549 644551 644621 644519 644590 644471 644615 644565 644593 644475 644711 644397 644387 644531 644758 644391 644379 644365 644387 644511 644569 644629 644705 644369 644309 644351 644335 644399 644433 644495 644669 644663 644687 644815 644327 644339 644331 644309 644319 644499 644737 644854 644277 644271 644663 644809 644253 644781 644215 644203 644413 644745 644733 644727 644843 644871 644243 644379 644453 644439 644505 644779 644767 644907 644643 644873 644867 644958 644936 644948 644958 644870 644873 644397 644631 644811 644805 644825 644939 644942 644908 644911 644675 644663 644733 644819 644813 644799 644911 644935 644926 644905 644893 644621 644683 644812 644897 644932 644339 644739 644835 644801 644834 644841 644867 644875 644585 644677 644817 644825 644819 644839 644845 644861 644858 644901 644875 644878 643975 644249 644231 644243 644695 644667 644657 644760 644779 
644441 644439 644431 644492 644399 644481 644351 644464 644456 644472 644348 644512 644277 644267 644380 644554 644271 644259 644245 644267 644360 644406 644454 644506 644249 644189 644231 644215 644272 644294 644344 644470 644464 644488 644568 644207 644219 644211 644189 644199 644336 644514 644602 644157 644151 644452 644562 644133 644534 644095 644083 644250 644498 644486 644492 644572 644618 644116 644216 644266 644264 644306 644520 644508 644642 644408 644578 644572 644682 644683 644670 644672 644605 644608 644210 644396 644528 644522 644530 644686 644664 644630 644633 644416 644404 644462 644524 644518 644516 644677 644667 644648 644627 644615 644362 644412 644516 644663 644664 644140 644444 644583 644549 644600 644599 644633 644641 644326 644394 644565 644573 644567 644587 644593 644627 644624 644633 644630 644633 643855 644062 644044 644056 644400 644372 644374 644464 644527 
644467 644471 644457 644513 644425 644514 644383 644485 644491 644507 644369 644533 644309 644293 644401 644575 644303 644291 644277 644299 644381 644427 644475 644527 644281 644221 644257 644241 644293 644315 644365 644491 644485 644509 644589 644239 644251 644243 644221 644225 644357 644535 644623 644189 644183 644473 644583 644165 644555 644127 644115 644271 644519 644507 644513 644593 644653 644137 644237 644287 644285 644327 644541 644529 644665 644429 644599 644593 644703 644687 644705 644693 644640 644643 644231 644417 644549 644543 644551 644690 644699 644665 644668 644437 644425 644483 644545 644539 644537 644672 644702 644683 644662 644650 644383 644433 644537 644670 644699 644161 644465 644576 644542 644605 644592 644640 644648 644347 644415 644558 644566 644560 644580 644586 644634 644631 644668 644648 644651 643887 644083 644065 644077 644421 644393 644395 644485 644520 
0 0 0 0 0 644804 0 0 0 644762 644706 644798 0 644642 0 0 0 0 644692 0 0 644728 0 0 0 644636 0 0 0 0 0 0 0 0 644806 0 0 644634 0 0 644658 644776 0 0 644598 0 0 0 0 0 644626 644572 0 0 0 0 644790 0 644538 0 0 0 0 0 644814 0 0 0 0 0 0 644830 0 0 0 0 0 0 0 0 644786 0 0 0 0 0 0 0 0 0 0 0 0 0 644588 0 0 0 0 644426 0 644750 0 0 0 0 0 0 0 0 0 0 0 0 0 0 0 0 0 0 0 0 0 0 0 0 644630 0 
0 0 0 644613 644439 644616 644367 644583 644637 644675 644373 644727 644256 644241 644457 0 644247 644229 644208 644241 644427 644514 644604 0 644214 644124 644187 644163 644259 644310 644403 0 0 0 644883 644151 644169 644157 644124 644139 644409 644766 0 644076 644067 644655 0 0 0 643983 643965 644280 644778 0 0 0 645033 644025 644229 644340 644319 644418 0 0 645021 644625 0 0 0 0 0 644971 645048 0 644256 0 0 0 0 644953 645021 0 0 0 0 0 0 0 0 0 0 0 645028 644992 644592 0 644761 644963 0 644169 644683 644775 644724 0 644805 0 644967 0 644628 0 0 0 0 0 0 0 644950 0 0 0 644034 0 0 0 0 644598 644653 644691 
644586 644588 644576 644660 644544 644662 644496 644640 644683 644711 644500 644736 644422 644412 644556 644790 644416 644404 644390 644412 644536 644594 644654 644730 644394 644334 644376 644360 644424 644458 644520 644694 644688 644712 644827 644352 644364 644356 644334 644344 644524 644762 644861 644302 644296 644688 644821 644278 644793 644240 644228 644438 644757 644745 644751 644831 644924 644268 644404 644478 644464 644530 644779 644767 644915 644667 644823 644817 644832 644810 644892 644860 644939 644942 644422 644655 644787 644781 644775 644816 644899 644925 644928 644675 644663 644721 644769 644763 644775 644804 644884 644907 644922 644910 644621 644671 644736 644827 644887 644364 644689 644696 644662 644742 644716 644809 644829 644585 644653 644678 644686 644680 644700 644706 644815 644812 644856 644829 644832 644000 644274 644256 644268 644645 644617 644633 644648 644640 
0 0 0 0 0 641446 0 641733 0 641368 641860 641827 0 641908 0 0 0 0 641657 0 0 641956 0 0 0 641741 0 0 0 0 0 0 0 0 641615 0 0 641804 0 0 642076 641786 0 0 641798 0 0 0 0 0 641469 642205 0 0 0 0 641306 0 642256 0 0 0 0 0 641330 0 0 0 0 0 0 641234 0 0 642349 0 0 0 0 0 641102 0 0 0 0 0 0 0 0 0 0 0 0 0 641987 0 0 0 0 642285 641774 641323 0 0 0 0 0 0 0 0 0 0 0 0 0 0 0 0 0 0 0 0 0 0 0 0 641684 0 
644755 644705 644765 644777 644797 644727 644749 644844 644677 644709 644889 644892 644775 644905 644928 644874 644733 644745 644807 644877 644948 644926 644902 644898 644850 644830 644873 644857 644921 644952 644964 644934 644940 644916 644918 644701 644689 644853 644831 644841 644988 644938 644874 644799 644793 644976 644924 644775 644952 644737 644725 644922 644988 645000 644982 644892 644796 644765 644888 644938 644936 644978 644956 644968 644796 645058 644862 644868 644720 644694 644708 644740 644722 644728 644882 645060 644924 644930 644910 644688 644696 644676 644682 645036 645028 645002 644916 644922 644936 644652 644654 644664 644670 644646 644986 645000 644912 644624 644648 644812 644960 644760 644602 644570 644596 644588 644580 644950 644946 644778 644722 644728 644660 644654 644552 644546 644586 644556 644562 644497 644734 644716 644728 644916 644888 644926 644908 644768 
644292 644267 644297 644303 644313 644278 644289 644337 644230 644250 644311 644385 644272 644267 644339 644382 644269 644263 644256 644267 644329 644358 644378 644388 644258 644228 644249 644241 644273 644290 644321 644406 644405 644397 644429 644237 644243 644239 644228 644233 644323 644420 644430 644212 644209 644405 644432 644200 644446 644181 644175 644280 644446 644440 644437 644451 644398 644182 644263 644300 644293 644326 644463 644457 644403 644395 644436 644439 644346 644321 644351 644368 644336 644342 644272 644389 644443 644440 644426 644318 644339 644314 644320 644411 644405 644428 644423 644420 644437 644288 644297 644307 644308 644284 644384 644403 644401 644267 644291 644206 644383 644338 644215 644211 644224 644231 644223 644366 644376 644329 644311 644314 644268 644265 644195 644189 644229 644199 644205 644061 644128 644110 644122 644361 644347 644366 644350 644298 
644719 644669 644729 644741 644757 644691 644709 644809 644641 644673 644813 644898 644710 644731 644859 644880 644677 644683 644709 644731 644855 644876 644882 644904 644713 644653 644695 644679 644743 644777 644839 644927 644930 644918 644938 644637 644631 644675 644653 644663 644843 644941 644928 644621 644615 644954 644944 644597 644967 644559 644547 644757 644985 644991 644970 644982 644886 644587 644723 644797 644783 644842 644992 644998 644922 644944 644996 644999 644861 644835 644849 644881 644848 644854 644741 644932 645024 645027 645020 644829 644837 644817 644823 644952 644940 644998 645023 645026 645030 644793 644795 644805 644811 644787 644898 644948 644995 644765 644789 644676 644959 644885 644743 644711 644737 644729 644721 644862 644930 644894 644854 644857 644801 644795 644693 644687 644727 644697 644703 644319 644593 644575 644587 644915 644887 644910 644907 644877 
643614 643589 643619 643625 643635 643600 643611 643659 643575 643591 643653 643707 643614 643609 643681 643704 643603 643605 643598 643609 643671 643700 643700 643710 643600 643570 643591 643583 643615 643632 643663 643728 643731 643719 643751 643579 643581 643581 643570 643575 643665 643742 643752 643554 643551 643747 643754 643542 643768 643523 643517 643622 643786 643782 643771 643785 643737 643537 643605 643642 643635 643668 643793 643799 643761 643737 643818 643821 643747 643734 643741 643757 643724 643727 643614 643731 643821 643818 643828 643731 643735 643725 643728 643753 643747 643782 643825 643822 643815 643713 643714 643719 643722 643710 643726 643757 643803 643699 643711 643585 643785 643767 643669 643665 643678 643681 643677 643708 643754 643774 643748 643751 643717 643714 643663 643660 643680 643665 643668 643403 643540 643531 643537 643763 643749 643744 643759 643755 
0 0 0 644509 644371 644452 644299 644515 644377 644425 644305 644659 644188 644173 644389 0 644179 644161 644140 644173 644359 644446 644536 0 644146 644056 644119 644095 644191 644242 644335 0 0 0 644815 644083 644101 644089 644056 644071 644341 644698 0 644008 643999 644587 0 0 0 643915 643897 644212 644710 0 0 0 644863 643957 644161 644272 644251 644350 0 0 644933 644557 0 0 0 0 0 645049 644824 0 644188 0 0 0 0 645119 645001 0 0 0 0 0 0 0 0 0 0 0 644890 644854 644524 0 644827 645085 0 644101 644701 645031 644996 0 645041 0 645019 0 644608 0 0 0 0 0 0 0 644908 0 0 0 643966 0 0 0 0 644578 644767 644963 
0 0 0 0 0 643981 0 0 0 644054 643738 644056 0 643606 0 0 0 0 643573 0 0 643879 0 0 0 643489 0 0 0 0 0 0 0 0 644116 0 0 643522 0 0 643774 644047 0 0 643432 0 0 0 0 0 643330 643645 0 0 0 0 644254 0 643594 0 0 0 0 0 644230 0 0 0 0 0 0 644232 0 0 0 0 0 0 0 0 644296 0 0 0 0 0 0 0 0 0 0 0 0 0 643801 0 0 0 0 643498 0 644058 0 0 0 0 0 0 0 0 0 0 0 0 0 0 0 0 0 0 0 0 0 0 0 0 643914 0 
644529 644531 644519 644603 644487 644605 644439 644583 644655 644671 644443 644679 644365 644355 644499 644733 644359 644347 644333 644355 644479 644537 644597 644673 644337 644277 644319 644303 644367 644401 644463 644637 644631 644655 644759 644295 644307 644299 644277 644287 644467 644705 644793 644245 644239 644631 644753 644221 644725 644183 644171 644381 644689 644677 644683 644763 644859 644211 644347 644421 644407 644473 644711 644699 644847 644599 644769 644763 644785 644763 644845 644813 644918 644915 644365 644587 644719 644713 644721 644769 644857 644923 644919 644607 644595 644653 644715 644709 644707 644757 644851 644889 644926 644938 644553 644603 644689 644785 644857 644307 644635 644649 644615 644695 644669 644773 644827 644517 644585 644631 644639 644633 644653 644659 644841 644844 644888 644861 644864 643943 644217 644199 644211 644591 644563 644565 644601 644593 
644575 644577 644565 644649 644533 644651 644485 644629 644682 644710 644489 644725 644411 644401 644545 644779 644405 644393 644379 644401 644525 644583 644643 644719 644383 644323 644365 644349 644413 644447 644509 644683 644677 644701 644800 644341 644353 644345 644323 644333 644513 644746 644834 644291 644285 644677 644794 644267 644766 644229 644217 644427 644730 644718 644724 644804 644900 644257 644393 644467 644453 644519 644752 644740 644888 644640 644810 644804 644851 644829 644911 644879 644922 644925 644411 644628 644760 644754 644762 644835 644923 644946 644949 644648 644636 644694 644756 644750 644748 644823 644915 644936 644943 644931 644594 644644 644747 644851 644916 644353 644676 644715 644681 644761 644735 644839 644858 644558 644626 644697 644705 644699 644719 644725 644844 644841 644885 644858 644861 643989 644263 644245 644257 644632 644604 644606 644667 644659 
644687 644637 644697 644709 644729 644659 644681 644777 644609 644641 644817 644873 644707 644807 644861 644867 644665 644677 644728 644789 644871 644871 644859 644879 644762 644732 644775 644759 644823 644854 644879 644915 644921 644897 644931 644633 644621 644755 644733 644743 644911 644937 644921 644701 644695 644969 644937 644677 644965 644639 644627 644837 645001 645013 644983 644975 644879 644667 644803 644877 644863 644929 645003 645015 644897 645037 644963 644969 644821 644795 644809 644841 644823 644829 644821 645031 645025 645031 645011 644789 644797 644777 644783 645053 645045 645066 645017 645020 645037 644753 644755 644765 644771 644747 645003 645053 645003 644725 644749 644763 645031 644861 644703 644671 644697 644689 644681 644967 645017 644879 644823 644829 644761 644755 644653 644647 644687 644657 644663 644399 644673 644655 644667 644987 644959 644997 644979 644869 
644629 644579 644639 644651 644671 644601 644623 644719 644551 644583 644763 644785 644649 644803 644803 644767 644607 644619 644681 644755 644823 644813 644795 644791 644725 644735 644794 644786 644830 644853 644839 644827 644833 644809 644825 644575 644563 644759 644761 644778 644883 644831 644815 644709 644718 644869 644831 644731 644859 644654 644636 644873 644895 644907 644877 644869 644773 644721 644856 644899 644892 644925 644897 644909 644788 644961 644854 644860 644712 644686 644700 644732 644714 644720 644857 644973 644916 644922 644902 644680 644688 644668 644674 645001 645004 644979 644908 644914 644928 644644 644646 644656 644662 644638 644983 645014 644904 644616 644640 644787 644984 644752 644594 644562 644588 644580 644572 644965 644990 644770 644714 644720 644652 644646 644544 644538 644578 644548 644554 644450 644709 644691 644703 644963 644949 644980 644935 644760 
644715 644665 644725 644737 644757 644687 644709 644805 644637 644669 644822 644866 644717 644815 644866 644848 644684 644690 644733 644794 644876 644883 644876 644872 644767 644737 644779 644763 644827 644861 644884 644906 644909 644890 644906 644644 644638 644759 644737 644747 644918 644912 644896 644705 644699 644933 644912 644681 644940 644643 644631 644841 644964 644970 644949 644932 644836 644671 644807 644858 644856 644898 644971 644977 644836 644991 644902 644908 644760 644734 644748 644780 644762 644768 644802 644988 644949 644952 644930 644728 644736 644716 644722 645008 644996 645000 644933 644936 644955 644692 644694 644704 644710 644686 644954 644986 644919 644664 644688 644732 644946 644795 644642 644610 644636 644628 644620 644918 644932 644804 644762 644767 644700 644694 644592 644586 644626 644596 644602 644403 644654 644636 644648 644902 644874 644912 644894 644787 
643689 643664 643694 643700 643710 643675 643686 643734 643650 643666 643738 643782 643699 643694 643766 643779 643678 643684 643683 643694 643756 643781 643775 643785 643685 643655 643676 643668 643700 643717 643748 643803 643806 643794 643826 643662 643656 643666 643655 643660 643750 643817 643827 643639 643636 643830 643829 643627 643843 643608 643602 643707 643861 643867 643846 643860 643812 643613 643690 643727 643720 643753 643868 643874 643836 643822 643893 643896 643814 643789 643820 643836 643799 643802 643699 643816 643900 643903 643913 643786 643814 643810 643813 643838 643832 643867 643910 643907 643900 643756 643781 643798 643807 643795 643811 643842 643898 643742 643778 643637 643870 643810 643683 643679 643692 643712 643720 643793 643839 643819 643779 643782 643736 643733 643706 643703 643747 643720 643723 643488 643559 643541 643553 643848 643834 643829 643848 643796 
644694 644644 644704 644716 644736 644666 644688 644784 644616 644648 644806 644873 644701 644741 644850 644855 644668 644674 644715 644741 644860 644867 644866 644879 644723 644663 644705 644689 644753 644787 644849 644915 644921 644897 644913 644628 644622 644685 644663 644673 644853 644919 644903 644631 644625 644945 644919 644607 644947 644569 644557 644767 644976 644982 644961 644957 644861 644597 644733 644807 644793 644852 644983 644989 644897 644954 644995 645001 644854 644828 644842 644874 644823 644829 644751 644942 645015 645018 645028 644822 644830 644810 644816 644962 644950 645008 645031 645034 645021 644786 644788 644798 644804 644780 644908 644958 645018 644758 644782 644686 644986 644894 644736 644704 644730 644722 644714 644872 644940 644903 644856 644862 644794 644788 644686 644680 644720 644690 644696 644329 644603 644585 644597 644942 644914 644920 644935 644886 
643904 643867 643909 643939 643925 643902 643877 643985 643877 643905 643983 644081 643878 643916 644027 644090 643845 643851 643884 643916 644029 644044 644050 644084 643898 643838 643880 643864 643928 643962 644021 644102 644105 644093 644173 643805 643799 643860 643838 643848 644028 644140 644186 643806 643800 644141 644176 643782 644190 643744 643732 643942 644208 644214 644181 644231 644183 643772 643908 643982 643968 644034 644227 644233 644218 644172 644251 644254 644180 644167 644174 644190 644181 644184 643926 644160 644282 644285 644275 644164 644168 644158 644161 644204 644192 644260 644278 644281 644288 644146 644147 644152 644155 644143 644150 644212 644268 644132 644144 643868 644231 644200 644121 644105 644118 644114 644110 644114 644205 644209 644181 644184 644150 644147 644096 644093 644113 644098 644101 643504 643778 643760 643772 644187 644159 644185 644203 644204 
644474 644442 644466 644514 644434 644477 644386 644530 644452 644480 644390 644626 644312 644302 644446 644665 644306 644294 644280 644302 644426 644484 644544 644620 644284 644224 644266 644250 644314 644348 644410 644584 644578 644602 644730 644242 644254 644246 644224 644234 644414 644652 644761 644192 644186 644578 644724 644168 644696 644130 644118 644328 644660 644648 644642 644758 644758 644158 644294 644368 644354 644420 644694 644682 644794 644558 644788 644782 644900 644923 644858 644874 644757 644760 644312 644546 644726 644720 644740 644920 644852 644806 644809 644590 644578 644648 644734 644728 644714 644915 644867 644836 644803 644791 644536 644598 644738 644901 644864 644254 644654 644867 644856 644861 644874 644883 644879 644500 644592 644849 644869 644863 644894 644900 644865 644862 644833 644854 644857 643890 644164 644146 644158 644610 644582 644572 644698 644823 
644504 644506 644494 644578 644462 644580 644414 644558 644624 644644 644418 644653 644340 644330 644474 644695 644334 644322 644308 644330 644454 644512 644572 644647 644312 644252 644294 644278 644342 644376 644438 644611 644605 644629 644709 644270 644282 644274 644252 644262 644442 644655 644743 644220 644214 644593 644703 644196 644675 644158 644146 644356 644639 644627 644633 644713 644809 644186 644322 644396 644382 644447 644661 644649 644797 644549 644719 644713 644819 644797 644849 644817 644848 644851 644340 644537 644669 644663 644671 644803 644861 644873 644876 644557 644545 644603 644665 644659 644657 644791 644885 644887 644870 644858 644503 644553 644657 644819 644889 644281 644585 644683 644649 644729 644703 644807 644843 644467 644535 644665 644673 644667 644687 644693 644829 644826 644870 644843 644846 643918 644192 644174 644186 644541 644513 644515 644605 644627 
644506 644508 644496 644580 644464 644574 644416 644560 644575 644603 644420 644656 644342 644332 644476 644710 644336 644324 644310 644332 644456 644514 644574 644650 644314 644254 644296 644280 644344 644378 644440 644614 644608 644632 644760 644272 644284 644276 644254 644264 644444 644682 644806 644222 644216 644608 644754 644198 644726 644160 644148 644358 644690 644678 644672 644788 644869 644188 644324 644398 644384 644450 644724 644712 644881 644588 644812 644806 644918 644914 644931 644910 644880 644883 644342 644576 644756 644750 644764 644920 644937 644911 644914 644620 644608 644678 644758 644752 644744 644905 644948 644929 644908 644896 644566 644628 644750 644919 644945 644284 644678 644800 644766 644838 644820 644897 644905 644530 644622 644782 644790 644784 644804 644810 644891 644888 644914 644905 644908 643920 644194 644176 644188 644634 644606 644602 644698 644744 
0 0 0 643303 0 643306 643057 643273 0 643405 643063 643417 0 642931 0 0 0 0 642898 0 0 643204 0 0 642904 642814 0 0 642949 0 0 0 0 0 643527 0 0 642847 642814 0 643099 643434 0 0 642757 0 0 0 0 642673 642655 642970 0 0 0 0 643689 0 642919 0 0 0 0 0 643677 0 0 0 0 0 0 643699 0 0 642946 0 0 0 0 0 643765 0 0 0 0 0 0 0 0 0 0 0 643840 0 643224 0 0 0 0 642859 643365 643489 0 0 0 0 0 0 643284 0 0 0 0 0 0 0 0 0 0 0 0 0 0 0 0 0 643381 0 
0 0 0 643316 0 643306 643104 643308 0 643384 643144 643452 643018 643024 643224 0 0 0 642986 0 643204 643274 643346 0 642997 642907 0 0 643042 0 0 0 0 0 643604 0 0 642940 642907 0 643192 643502 0 0 642850 0 0 0 0 642766 642748 643063 0 0 0 0 643752 0 643012 643123 643102 643201 0 0 643764 0 0 0 0 0 0 643817 0 0 643039 0 0 0 0 0 643861 0 0 0 0 0 0 0 0 0 0 0 643907 643919 643375 0 0 643791 0 642952 643552 643655 0 0 643675 0 643834 0 643459 0 0 0 0 0 0 0 0 0 0 0 0 0 0 0 0 643429 643579 0 
0 0 0 0 0 643893 0 0 0 0 0 0 0 644398 0 0 0 0 0 0 0 0 0 0 0 644233 0 0 0 0 0 0 0 0 644432 0 0 0 0 0 0 644435 0 0 0 0 0 0 0 0 0 0 0 0 0 0 0 0 0 0 0 0 0 0 644274 0 0 0 0 0 0 0 0 0 0 0 0 0 0 0 0 0 0 0 0 0 0 0 0 0 0 0 0 0 644995 0 0 0 0 644466 0 0 0 0 0 0 0 0 0 0 0 0 0 0 0 0 0 0 0 0 0 0 0 0 0 0 644664 0 
644618 644568 644628 644640 644660 644590 644612 644708 644540 644572 644752 644804 644638 644773 644792 644798 644596 644608 644670 644737 644812 644802 644790 644810 644710 644704 644765 644757 644801 644822 644827 644846 644852 644828 644856 644564 644552 644729 644732 644749 644861 644862 644846 644680 644689 644900 644862 644684 644890 644625 644607 644844 644926 644938 644908 644900 644804 644674 644810 644884 644869 644926 644928 644940 644840 644981 644924 644930 644782 644756 644770 644802 644766 644772 644828 644987 644968 644974 644972 644750 644758 644738 644744 645013 645017 645008 644978 644984 644980 644714 644716 644726 644732 644708 644996 645027 644974 644686 644710 644770 645035 644822 644664 644632 644658 644650 644642 644968 645024 644840 644784 644790 644722 644716 644614 644608 644648 644618 644624 644406 644680 644662 644674 645015 644996 645014 644987 644830 
0 0 0 644448 644478 644373 644406 644550 644298 644346 644616 644694 644445 644562 644676 0 644382 644400 644487 644550 644702 644691 644673 0 644517 644448 644524 644500 644586 644632 644700 0 0 0 644826 644334 644316 644482 644461 644476 644722 644799 0 644404 644404 644838 0 0 0 644318 644294 644617 644931 0 0 0 644784 644362 644566 644677 644656 644755 0 0 644856 644938 0 0 0 0 0 644837 644745 0 644593 0 0 0 0 644759 644771 0 0 0 0 0 0 0 0 0 0 0 644732 644696 644929 0 645091 644663 0 644506 645079 644867 644630 0 644621 0 644597 0 645013 0 0 0 0 0 0 0 644606 0 0 0 644371 0 0 0 0 644983 645011 644879 
0 0 0 643846 0 643851 643436 643796 0 643995 643446 644036 643251 643226 0 0 0 0 643171 0 0 643681 0 0 643181 643031 0 0 643256 0 0 0 0 0 644289 0 0 643086 643031 0 643506 644101 0 0 642936 0 0 0 0 642796 642766 643291 0 0 0 0 644575 0 643206 0 0 0 0 0 644563 0 0 0 0 0 0 644667 0 0 643251 0 0 0 0 0 644777 0 0 0 0 0 0 0 0 0 0 0 644754 0 643792 0 0 644837 0 643106 644051 644497 0 0 0 0 644871 0 643908 0 0 0 0 0 0 0 0 0 0 0 0 0 0 0 0 0 644137 0 
644645 644647 644635 644719 644603 644721 644555 644699 644749 644779 644559 644795 644481 644471 644615 644849 644475 644463 644449 644471 644595 644653 644713 644789 644453 644393 644435 644419 644483 644517 644579 644753 644747 644771 644899 644411 644423 644415 644393 644403 644583 644821 644945 644361 644355 644747 644893 644337 644865 644299 644287 644497 644829 644817 644811 644927 645023 644327 644463 644537 644523 644589 644863 644851 645023 644727 644957 644951 645053 645055 645089 645057 645047 645053 644481 644715 644895 644889 644909 645061 645101 645097 645103 644759 644747 644817 644903 644897 644883 645062 645114 645111 645091 645067 644705 644767 644907 645090 645117 644423 644823 644954 644927 645007 644981 645083 645088 644669 644761 644936 644951 644945 644965 644971 645060 645054 645057 645051 645057 644059 644333 644315 644327 644779 644751 644741 644845 644905 
0 0 0 0 0 643125 0 0 0 0 0 0 0 643630 0 0 0 0 0 0 0 0 0 0 0 643465 0 0 0 0 0 0 0 0 643348 0 0 0 0 0 0 643495 0 0 0 0 0 0 0 0 0 0 0 0 0 0 0 0 0 0 0 0 0 0 643110 0 0 0 0 0 0 0 0 0 0 0 0 0 0 0 0 0 0 0 0 0 0 0 0 0 0 0 0 0 643857 0 0 0 0 644348 0 0 0 0 0 0 0 0 0 0 0 0 0 0 0 0 0 0 0 0 0 0 0 0 0 0 643572 0 
0 0 0 0 0 642921 0 643146 0 642918 643164 643386 0 643194 0 0 0 0 642945 0 0 643311 0 0 0 643017 0 0 0 0 0 0 0 0 643614 0 0 643078 0 0 643416 643539 0 0 642992 0 0 0 0 0 642782 643347 0 0 0 0 643620 0 643262 0 0 0 0 0 643716 0 0 0 0 0 0 643782 0 0 643307 0 0 0 0 0 643716 0 0 0 0 0 0 0 0 0 0 0 0 0 643867 0 0 0 0 643162 644094 643812 0 0 0 0 0 0 0 0 0 0 0 0 0 0 0 0 0 0 0 0 0 0 0 0 644082 0 
0 0 0 0 0 643725 0 0 0 643707 0 643879 0 643711 0 0 0 0 0 0 0 0 0 0 0 643639 0 0 0 0 0 0 0 0 643975 0 0 643663 0 0 0 643927 0 0 643639 0 0 0 0 0 0 0 0 0 0 0 0 0 0 0 0 0 0 0 644047 0 0 0 0 0 0 0 0 0 0 0 0 0 0 0 0 0 0 0 0 0 0 0 0 0 0 0 0 0 643995 0 0 0 0 643713 0 644191 0 0 0 0 0 0 0 0 0 0 0 0 0 0 0 0 0 0 0 0 0 0 0 0 644119 0 
0 0 0 644373 644271 644300 644199 644407 644225 644273 644205 644551 644088 644073 644289 0 644079 644061 644040 644073 644259 644346 644436 0 644046 643956 644019 643995 644091 644142 644235 0 0 0 644703 643983 644001 643989 643956 643971 644241 644598 0 643908 643899 644487 0 0 0 643815 643797 644112 644610 0 0 0 644711 643857 644061 644172 644151 644250 0 0 644783 644457 0 0 0 0 0 644913 644672 0 644088 0 0 0 0 644981 644849 0 0 0 0 0 0 0 0 0 0 0 644738 644702 644424 0 644727 644957 0 644001 644601 644955 645110 0 645107 0 644891 0 644508 0 0 0 0 0 0 0 644756 0 0 0 643866 0 0 0 0 644478 644667 644943 
644366 644368 644356 644440 644324 644442 644276 644420 644428 644456 644280 644516 644202 644192 644336 644570 644196 644184 644170 644192 644316 644374 644434 644510 644174 644114 644156 644140 644204 644238 644300 644474 644468 644492 644620 644132 644144 644136 644114 644124 644304 644542 644666 644082 644076 644468 644614 644058 644586 644020 644008 644218 644550 644538 644532 644648 644734 644048 644184 644258 644244 644310 644584 644572 644744 644448 644678 644672 644820 644846 644830 644800 644733 644736 644202 644436 644616 644610 644630 644852 644828 644782 644785 644480 644468 644538 644624 644618 644604 644888 644843 644812 644779 644767 644426 644488 644628 644900 644840 644144 644544 644780 644883 644951 644925 644918 644878 644390 644482 644762 644818 644812 644880 644886 644864 644861 644809 644830 644833 643780 644054 644036 644048 644500 644472 644462 644588 644772 
0 0 0 643709 0 643668 643477 643693 0 643683 643483 643837 643366 643351 643567 0 0 0 643318 0 643537 643624 643714 0 643324 643234 0 0 643369 0 0 0 0 0 643993 0 0 643267 643234 0 643519 643876 0 0 643177 0 0 0 0 643093 643075 643390 0 0 0 0 644093 0 643339 643450 643429 643528 0 0 644141 0 0 0 0 0 0 644249 0 0 643366 0 0 0 0 0 644235 0 0 0 0 0 0 0 0 0 0 0 644174 644162 643702 0 0 644343 0 643279 643879 644233 0 0 644407 0 644321 0 643786 0 0 0 0 0 0 0 0 0 0 0 0 0 0 0 0 643756 643945 0 
644419 644421 644409 644493 644377 644495 644329 644473 644494 644522 644333 644569 644255 644245 644389 644623 644249 644237 644223 644245 644369 644427 644487 644563 644227 644167 644209 644193 644257 644291 644353 644527 644521 644545 644673 644185 644197 644189 644167 644177 644357 644595 644719 644135 644129 644521 644667 644111 644639 644073 644061 644271 644603 644591 644585 644701 644794 644101 644237 644311 644297 644363 644637 644625 644797 644501 644731 644725 644873 644899 644885 644853 644799 644802 644255 644489 644669 644663 644683 644905 644892 644848 644851 644533 644521 644591 644677 644671 644657 644934 644909 644878 644845 644833 644479 644541 644681 644957 644906 644197 644597 644826 644827 644907 644881 644953 644937 644443 644535 644808 644840 644834 644865 644871 644923 644920 644875 644896 644899 643833 644107 644089 644101 644553 644525 644515 644641 644794 
0 0 0 643152 0 643151 642742 643102 0 643271 642752 643342 642557 642532 0 0 0 0 642477 0 0 642987 0 0 642487 642337 0 0 642562 0 0 0 0 0 643602 0 0 642392 642337 0 642812 643407 0 0 642242 0 0 0 0 642102 642072 642597 0 0 0 0 643893 0 642512 0 0 0 0 0 643911 0 0 0 0 0 0 644052 0 0 642557 0 0 0 0 0 644139 0 0 0 0 0 0 0 0 0 0 0 644092 0 643117 0 0 644265 0 642412 643412 643948 0 0 0 0 644286 0 643257 0 0 0 0 0 0 0 0 0 0 0 0 0 0 0 0 0 643522 0 
642783 642758 642788 642794 642804 642769 642780 642828 642744 642760 642850 642876 642793 642870 642870 642873 642772 642778 642809 642846 642880 642875 642869 642879 642831 642837 642888 642896 642888 642895 642888 642897 642900 642888 642920 642756 642750 642850 642885 642904 642910 642911 642910 642829 642856 642924 642923 642897 642937 642812 642794 642953 642955 642961 642940 642919 642871 642868 642960 642981 642964 642979 642951 642957 642859 642982 642880 642883 642773 642748 642779 642795 642822 642825 642962 642988 642923 642926 642904 642745 642773 642775 642778 643003 643009 642974 642907 642910 642929 642715 642740 642757 642772 642760 643030 642999 642893 642701 642737 642892 642947 642769 642642 642638 642651 642671 642679 643048 642990 642778 642738 642741 642695 642692 642665 642662 642706 642679 642682 642758 642814 642796 642808 642969 642983 643000 642901 642761 
0 0 0 643391 0 643316 643349 643493 0 643289 643553 643618 0 643573 0 0 0 0 643423 0 0 643634 0 0 643479 643468 0 0 643615 0 0 0 0 0 643677 0 0 643505 643551 0 643709 643698 0 0 643479 0 0 0 0 643371 643329 643731 0 0 0 0 643564 0 643720 0 0 0 0 0 643588 0 0 0 0 0 0 643576 0 0 643770 0 0 0 0 0 643510 0 0 0 0 0 0 0 0 0 0 0 643447 0 643892 0 0 0 0 643753 643858 643678 0 0 0 0 0 0 643880 0 0 0 0 0 0 0 0 0 0 0 0 0 0 0 0 0 643836 0 
644561 644511 644571 644583 644603 644533 644555 644651 644483 644515 644657 644718 644570 644595 644709 644700 644539 644547 644554 644589 644699 644740 644728 644724 644568 644517 644559 644543 644607 644641 644691 644760 644766 644742 644758 644499 644495 644539 644517 644527 644705 644764 644748 644485 644479 644794 644764 644461 644792 644423 644411 644621 644827 644829 644810 644802 644706 644451 644587 644644 644642 644684 644830 644840 644742 644784 644844 644850 644810 644820 644762 644794 644668 644674 644588 644774 644866 644865 644875 644814 644750 644694 644700 644794 644782 644829 644872 644869 644862 644814 644744 644718 644688 644664 644740 644790 644874 644786 644738 644518 644822 644922 644785 644753 644779 644771 644742 644704 644772 644937 644905 644911 644843 644837 644714 644708 644676 644682 644688 644183 644440 644422 644434 644778 644750 644752 644842 644931 
644478 644439 644483 644511 644499 644461 644451 644559 644411 644443 644489 644655 644402 644433 644541 644664 644387 644381 644386 644421 644531 644572 644614 644658 644400 644358 644415 644407 644451 644480 644523 644658 644655 644667 644747 644331 644337 644381 644382 644399 644537 644714 644753 644330 644339 644667 644750 644354 644762 644275 644257 644494 644744 644738 644723 644786 644716 644366 644477 644538 644519 644576 644766 644760 644752 644681 644813 644810 644820 644830 644772 644804 644678 644684 644510 644675 644782 644779 644789 644824 644760 644704 644710 644714 644708 644743 644786 644783 644776 644824 644754 644728 644698 644674 644687 644718 644788 644796 644748 644462 644746 644864 644800 644781 644807 644796 644752 644669 644715 644855 644883 644880 644853 644850 644724 644718 644686 644692 644698 644071 644372 644354 644366 644724 644710 644705 644768 644860 
643519 643482 643524 643554 643540 643517 643492 643600 643492 643520 643566 643696 643488 643478 643622 643705 643460 643466 643456 643478 643602 643659 643665 643699 643460 643400 643442 643426 643490 643524 643586 643717 643720 643708 643754 643418 643414 643422 643400 643410 643590 643745 643755 643368 643362 643754 643757 643344 643771 643306 643294 643504 643789 643790 643774 643788 643740 643334 643470 643544 643530 643596 643796 643802 643764 643712 643821 643824 643822 643833 643792 643808 643727 643730 643488 643700 643828 643826 643834 643830 643786 643752 643755 643720 643708 643766 643828 643822 643820 643836 643789 643770 643749 643737 643666 643716 643820 643822 643786 643430 643748 643890 643833 643817 643830 643826 643800 643630 643698 643899 643893 643896 643862 643859 643786 643783 643755 643764 643767 643066 643340 643322 643334 643704 643676 643678 643768 643902 
644433 644396 644438 644468 644442 644431 644394 644514 644387 644419 644432 644610 644345 644376 644484 644619 644330 644324 644329 644364 644474 644515 644557 644613 644343 644301 644358 644350 644394 644423 644466 644601 644598 644610 644697 644274 644280 644324 644325 644342 644480 644659 644698 644273 644282 644610 644700 644297 644700 644218 644200 644437 644682 644676 644666 644731 644682 644316 644420 644481 644462 644519 644699 644693 644707 644624 644746 644743 644765 644776 644735 644751 644644 644650 644453 644618 644715 644712 644722 644773 644726 644670 644676 644647 644641 644676 644719 644716 644709 644779 644720 644694 644664 644640 644620 644651 644721 644762 644714 644418 644679 644797 644773 644769 644782 644762 644718 644602 644648 644788 644816 644813 644826 644823 644690 644684 644652 644658 644664 644014 644328 644310 644322 644657 644643 644638 644701 644793 
643615 643588 643620 643626 643620 643601 643582 643660 643576 643592 643564 643708 643508 643488 643596 643705 643502 643490 643476 643498 643576 643622 643670 643711 643480 643420 643452 643436 643488 643510 643560 643686 643680 643704 643752 643438 643450 643442 643420 643420 643552 643730 643753 643388 643382 643668 643755 643364 643750 643326 643314 643466 643714 643702 643708 643786 643738 643332 643432 643482 643480 643522 643736 643724 643762 643624 643794 643788 643820 643831 643790 643806 643725 643728 643426 643612 643744 643738 643746 643828 643784 643750 643753 643632 643620 643678 643740 643734 643732 643834 643787 643768 643747 643735 643578 643628 643732 643820 643784 643356 643660 643836 643855 643839 643852 643826 643798 643542 643610 643818 643862 643856 643884 643881 643784 643781 643753 643762 643765 643086 643278 643260 643272 643616 643588 643590 643680 643816 
644308 644310 644298 644382 644266 644384 644218 644362 644434 644450 644222 644458 644144 644134 644278 644512 644138 644126 644112 644134 644258 644316 644376 644452 644116 644056 644098 644082 644146 644180 644242 644416 644410 644434 644562 644074 644086 644078 644056 644066 644246 644484 644608 644024 644018 644410 644556 644000 644528 643962 643950 644160 644492 644480 644474 644590 644686 643990 644126 644200 644186 644252 644526 644514 644686 644390 644620 644614 644757 644771 644774 644742 644760 644754 644144 644378 644558 644552 644572 644777 644786 644806 644800 644422 644410 644480 644566 644560 644546 644801 644823 644818 644812 644836 644368 644430 644570 644829 644829 644086 644486 644693 644739 644813 644787 644853 644873 644332 644424 644675 644719 644713 644759 644765 644901 644907 644889 644904 644901 643722 643996 643978 643990 644442 644414 644404 644530 644673 
644360 644362 644350 644434 644318 644436 644270 644414 644486 644502 644274 644510 644196 644186 644330 644564 644190 644178 644164 644186 644310 644368 644428 644504 644168 644108 644150 644134 644198 644232 644294 644468 644462 644486 644614 644126 644138 644130 644108 644118 644298 644536 644660 644076 644070 644462 644608 644052 644580 644014 644002 644212 644544 644532 644526 644642 644738 644042 644178 644252 644238 644304 644578 644566 644738 644442 644672 644666 644814 644840 644826 644794 644812 644806 644196 644430 644610 644604 644624 644846 644838 644858 644852 644474 644462 644532 644618 644612 644598 644863 644880 644870 644864 644888 644420 644482 644622 644891 644886 644138 644538 644755 644768 644837 644811 644891 644935 644384 644476 644737 644757 644751 644783 644789 644963 644969 644947 644972 644971 643774 644048 644030 644042 644494 644466 644456 644582 644711 
0 0 0 644328 644154 644331 644082 644298 644406 644430 644088 644442 643971 643956 644172 0 643962 643944 643923 643956 644142 644229 644319 0 643929 643839 643902 643878 643974 644025 644118 0 0 0 644598 643866 643884 643872 643839 643854 644124 644481 0 643791 643782 644370 0 0 0 643698 643680 643995 644493 0 0 0 644784 643740 643944 644055 644034 644133 0 0 644784 644340 0 0 0 0 0 644868 644895 0 643971 0 0 0 0 644946 644934 0 0 0 0 0 0 0 0 0 0 0 644973 645009 644307 0 644610 644983 0 643884 644484 644779 644728 0 644809 0 645049 0 644391 0 0 0 0 0 0 0 645099 0 0 0 643749 0 0 0 0 644361 644550 644695 
644453 644455 644443 644527 644411 644529 644363 644507 644579 644595 644367 644603 644289 644279 644423 644652 644283 644271 644257 644279 644403 644461 644521 644597 644261 644201 644243 644227 644291 644325 644387 644561 644555 644579 644666 644219 644231 644223 644201 644211 644391 644612 644700 644169 644163 644550 644660 644145 644632 644107 644095 644305 644596 644584 644590 644670 644766 644135 644271 644345 644331 644397 644618 644606 644754 644506 644676 644670 644782 644778 644806 644774 644828 644822 644289 644494 644626 644620 644628 644784 644818 644850 644844 644514 644502 644560 644622 644616 644614 644772 644848 644850 644856 644878 644460 644510 644614 644800 644854 644231 644542 644664 644630 644710 644684 644788 644844 644424 644492 644646 644654 644648 644668 644674 644871 644874 644908 644905 644902 643867 644141 644123 644135 644498 644470 644472 644562 644608 
644385 644387 644375 644459 644343 644461 644295 644439 644511 644527 644299 644535 644221 644211 644355 644589 644215 644203 644189 644211 644335 644393 644453 644529 644193 644133 644175 644159 644223 644257 644319 644493 644487 644511 644639 644151 644163 644155 644133 644143 644323 644561 644685 644101 644095 644487 644633 644077 644605 644039 644027 644237 644569 644557 644551 644667 644763 644067 644203 644277 644263 644329 644603 644591 644763 644467 644697 644691 644809 644823 644833 644801 644837 644831 644221 644455 644635 644629 644649 644829 644845 644877 644871 644499 644487 644557 644643 644637 644623 644831 644875 644877 644883 644901 644445 644507 644641 644859 644881 644163 644563 644723 644707 644787 644761 644859 644903 644409 644501 644705 644725 644719 644745 644751 644926 644929 644931 644946 644943 643799 644073 644055 644067 644519 644491 644481 644589 644679 
644399 644410 644404 644338 644420 644349 644468 644336 644324 644304 644430 644240 644517 644486 644378 644201 644532 644538 644533 644498 644388 644347 644305 644243 644519 644561 644504 644512 644468 644439 644396 644261 644264 644252 644140 644588 644582 644538 644537 644520 644382 644203 644105 644589 644580 644252 644143 644545 644157 644644 644655 644425 644175 644181 644196 644102 644054 644468 644428 644381 644400 644343 644146 644152 644042 644238 644063 644066 643956 643931 643962 643978 644005 644008 644365 644244 644106 644109 644087 643928 643956 643958 643961 644198 644204 644157 644090 644093 644112 643898 643923 643940 643955 643936 644225 644182 644076 643884 643920 644286 644130 643952 643825 643821 643834 643854 643862 644243 644173 643961 643921 643924 643878 643875 643842 643836 643876 643846 643852 644759 644244 644226 644238 644152 644166 644183 644084 643944 
0 0 0 644285 644315 644210 644243 644387 644135 644183 644453 644531 644282 644513 644513 0 644219 644237 644330 644441 644543 644528 644510 0 644396 644414 644567 644591 644567 644588 644567 0 0 0 644423 644171 644153 644453 644558 644615 644633 644540 0 644390 644471 644651 0 0 0 644339 644285 644762 644528 0 0 0 644237 644801 644813 644846 644795 644840 0 0 644237 644681 0 0 0 0 0 644153 644126 0 644930 0 0 0 0 644075 644087 0 0 0 0 0 0 0 0 0 0 0 644048 644012 644714 0 644411 643979 0 645089 644537 644183 643946 0 643937 0 643913 0 644630 0 0 0 0 0 0 0 643922 0 0 0 645088 0 0 0 0 644660 644471 644195 
644478 644428 644488 644500 644520 644450 644472 644568 644400 644432 644612 644646 644498 644652 644652 644618 644456 644468 644530 644604 644672 644662 644650 644652 644574 644586 644688 644704 644688 644702 644688 644688 644694 644670 644598 644424 644412 644612 644682 644720 644732 644658 644552 644570 644624 644720 644604 644738 644632 644536 644500 644818 644668 644680 644680 644570 644474 644826 644852 644868 644840 644852 644634 644646 644474 644764 644540 644546 644398 644372 644386 644418 644400 644406 644923 644776 644602 644608 644588 644366 644374 644354 644360 644738 644750 644680 644594 644600 644614 644330 644332 644342 644348 644324 644792 644730 644590 644302 644326 644976 644674 644438 644280 644248 644274 644266 644258 644828 644736 644456 644400 644406 644338 644332 644230 644224 644264 644234 644240 644440 644997 645006 645000 644718 644746 644756 644630 644446 
643558 643533 643563 643569 643579 643544 643555 643603 643519 643535 643625 643651 643568 643645 643645 643636 643547 643553 643584 643621 643655 643650 643644 643654 643606 643612 643663 643671 643663 643670 643663 643672 643675 643663 643611 643531 643525 643625 643660 643679 643685 643650 643588 643604 643631 643687 643614 643688 643628 643587 643569 643728 643646 643652 643655 643597 643549 643741 643745 643756 643739 643754 643629 643635 643549 643697 643582 643585 643511 643498 643505 643521 643512 643515 643784 643703 643613 643616 643606 643495 643499 643489 643492 643681 643687 643652 643609 643612 643619 643477 643478 643483 643486 643474 643708 643677 643607 643463 643475 643837 643649 643531 643452 643436 643449 643445 643441 643726 643680 643540 643512 643515 643481 643478 643427 643424 643444 643429 643432 643516 643858 643861 643861 643671 643685 643690 643627 643535 
644591 644541 644601 644612 644633 644563 644585 644668 644513 644544 644725 644716 644611 644759 644752 644698 644569 644581 644643 644717 644772 644750 644726 644722 644687 644690 644777 644772 644789 644807 644788 644758 644764 644740 644756 644537 644525 644715 644746 644756 644820 644762 644746 644670 644705 644800 644762 644690 644790 644629 644599 644825 644826 644838 644808 644800 644704 644680 644791 644841 644839 644881 644828 644840 644740 644892 644842 644848 644715 644689 644703 644735 644666 644672 644785 644900 644868 644874 644890 644683 644691 644671 644677 644926 644932 644910 644896 644902 644880 644647 644649 644659 644665 644641 644937 644946 644907 644619 644643 644715 644966 644755 644597 644565 644591 644583 644575 644901 644967 644773 644717 644723 644655 644649 644547 644541 644581 644551 644557 644412 644637 644619 644631 644975 644947 644949 644935 644763 
644512 644462 644522 644534 644554 644484 644506 644602 644434 644466 644646 644698 644532 644686 644686 644692 644490 644502 644564 644638 644706 644696 644684 644704 644608 644620 644722 644738 644722 644736 644722 644740 644746 644722 644781 644458 644446 644646 644716 644754 644766 644768 644771 644604 644658 644794 644787 644712 644815 644570 644534 644850 644851 644863 644826 644825 644729 644731 644835 644896 644874 644904 644853 644865 644765 644910 644867 644873 644743 644717 644731 644763 644691 644697 644868 644922 644893 644899 644915 644711 644719 644699 644705 644957 644969 644935 644921 644927 644905 644675 644677 644687 644693 644669 645011 644985 644935 644647 644671 644831 645001 644783 644625 644593 644619 644611 644603 645017 645027 644801 644745 644751 644683 644677 644575 644569 644609 644579 644585 644429 644741 644723 644735 645045 645058 645047 644975 644791 
0 0 0 644247 0 644172 644205 644349 0 644145 644415 644493 644244 644475 644475 0 0 0 644292 0 644505 644490 644472 0 644358 644376 0 0 644529 0 0 0 0 0 644533 0 0 644415 644504 0 644595 644554 0 0 644427 0 0 0 0 644301 644247 644692 0 0 0 0 644443 0 644695 644768 644727 644790 0 0 644491 0 0 0 0 0 0 644487 0 0 644752 0 0 0 0 0 644421 0 0 0 0 0 0 0 0 0 0 0 644358 644322 644856 0 0 644385 0 644747 644823 644589 0 0 644393 0 644319 0 644876 0 0 0 0 0 0 0 0 0 0 0 0 0 0 0 0 644886 644805 0 
0 0 0 0 0 643635 0 0 0 0 0 0 0 644030 0 0 0 0 0 0 0 0 0 0 0 643847 0 0 0 0 0 0 0 0 644390 0 0 0 0 0 0 644345 0 0 0 0 0 0 0 0 0 0 0 0 0 0 0 0 0 0 0 0 0 0 644418 0 0 0 0 0 0 0 0 0 0 0 0 0 0 0 0 0 0 0 0 0 0 0 0 0 0 0 0 0 644693 0 0 0 0 644018 0 0 0 0 0 0 0 0 0 0 0 0 0 0 0 0 0 0 0 0 0 0 0 0 0 0 644870 0 
0 0 0 644332 644362 644257 644290 644434 644182 644230 644420 644578 644287 644288 644498 0 644258 644254 644255 644288 644474 644541 644557 0 644261 644171 644234 644210 644306 644357 644450 0 0 0 644710 644180 644186 644204 644171 644186 644456 644683 0 644123 644114 644684 0 0 0 644030 644012 644327 644797 0 0 0 644668 644072 644276 644387 644366 644465 0 0 644740 644672 0 0 0 0 0 644872 644629 0 644303 0 0 0 0 644938 644806 0 0 0 0 0 0 0 0 0 0 0 644695 644659 644639 0 644942 644910 0 644216 644816 645114 644953 0 644944 0 644844 0 644723 0 0 0 0 0 0 0 644713 0 0 0 644081 0 0 0 0 644693 644882 645118 
