643348 643344 643297 643267 643263 643239 643237 643225 643263 643201 643199 643179 643105 643121 643147 643143 643135 643141 643096 643083 643105 643121 643087 643099 643087 643054 643079 643083 643079 643062 643057 643033 643053 643041 642983 642989 642994 643023 643015 643019 642993 642960 642971 642981 642967 642979 642979 642967 642977 642923 642971 642895 642907 642927 642923 642901 642915 642897 643192 642932 642923 642918 642913 642874 642862 642875 642907 642857 642885 642875 642903 642889 642863 642885 643154 642869 642859 642815 642837 642869 642885 642847 643144 642898 642841 642835 642811 642789 642819 642831 642815 642821 643134 643101 642851 642837 642797 642791 642764 642751 642815 642787 642765 642809 642777 642783 642783 642773 642793 642767 642861 642778 642771 642749 642749 642761 642751 642757 642757 643088 643044 643065 643069 643073 643133 642828 642797 642751 
0 644754 644720 644686 0 644648 644646 644634 644658 644610 0 0 644528 644530 0 0 0 644536 0 644492 0 0 0 0 0 0 0 0 0 0 0 644442 0 644480 0 0 644404 0 0 644428 644402 0 0 644390 0 644388 644388 0 0 0 0 0 644316 0 644332 0 0 0 644412 0 0 0 644360 0 644284 644286 0 644266 0 0 644312 0 0 0 644382 0 0 0 644246 0 0 644256 0 644384 644288 644264 0 644198 0 0 644224 0 644348 644326 644336 644312 644240 0 0 644160 0 0 644174 0 644186 0 0 0 0 644176 644360 644240 0 0 644158 0 0 0 0 0 0 0 0 0 0 0 644264 0 
0 645068 645116 645126 0 645126 645090 645030 645020 645088 0 0 644972 645022 0 0 0 644898 0 644972 0 0 0 0 0 0 0 0 0 0 0 644934 0 644902 0 0 644876 0 0 644920 644880 0 0 644882 0 644880 644880 0 0 0 0 0 644804 0 644824 0 0 0 644612 0 0 0 644766 0 644732 644756 0 644758 0 0 644804 0 0 0 644564 0 0 0 644732 0 0 644748 0 644712 644694 644706 0 644690 0 0 644716 0 644578 644516 644666 644662 644654 0 0 644652 0 0 644666 0 644678 0 0 0 0 644572 644662 644616 0 0 644650 0 0 0 0 0 0 0 0 0 0 0 644630 0 
0 645105 645149 645137 0 645111 645097 645049 645039 645073 0 0 644969 644993 0 0 0 644917 0 644955 0 0 0 0 0 0 0 0 0 0 0 644905 0 644883 0 0 644867 0 0 644891 644865 0 0 644853 0 644851 644851 0 0 0 0 0 644779 0 644795 0 0 0 644657 0 0 0 644747 0 644729 644749 0 644729 0 0 644775 0 0 0 644609 0 0 0 644709 0 0 644719 0 644693 644675 644687 0 644661 0 0 644687 0 644597 644561 644647 644643 644635 0 0 644623 0 0 644637 0 644649 0 0 0 0 644591 644643 644597 0 0 644621 0 0 0 0 0 0 0 0 0 0 0 644611 0 
0 644694 644721 644703 644759 644722 644759 644746 644736 644733 644692 0 644529 644637 644682 0 0 644634 0 644548 0 644669 0 644656 0 644484 0 0 0 0 644471 644590 0 644455 0 0 644448 0 644568 644576 644550 0 644528 644538 0 644536 644536 644524 0 0 0 0 644384 0 644474 0 0 644431 644259 0 0 0 644327 0 644292 644327 0 644414 0 644432 644460 0 644420 0 644201 644283 644273 644243 644311 0 0 644404 644181 644312 644255 644249 644324 644335 0 0 644372 0 644255 644158 644265 644251 644211 644205 644198 644280 0 0 644322 0 644334 644340 0 0 0 644301 644275 644192 644185 644211 644306 644318 644308 0 0 0 0 0 0 0 644170 0 644211 644165 
0 644997 645067 645089 0 645127 645119 645095 645071 645129 0 0 644923 645047 0 0 0 644977 0 644961 0 0 0 0 0 0 0 0 0 0 0 645013 0 644823 0 0 644857 0 0 644999 644959 0 0 644961 0 644959 644959 0 0 0 0 0 644801 0 644903 0 0 0 644583 0 0 0 644687 0 644689 644735 0 644837 0 0 644883 0 0 0 644515 0 0 0 644727 0 0 644827 0 644633 644615 644627 0 644759 0 0 644795 0 644591 644477 644587 644583 644575 0 0 644687 0 0 644745 0 644757 0 0 0 0 644651 644583 644537 0 0 644729 0 0 0 0 0 0 0 0 0 0 0 644551 0 
0 645038 645072 645084 0 645122 645128 645104 645106 645128 0 0 644916 645044 0 0 0 644984 0 644954 0 0 0 0 0 0 0 0 0 0 0 644972 0 644816 0 0 644850 0 0 644958 644920 0 0 644920 0 644918 644918 0 0 0 0 0 644794 0 644862 0 0 0 644624 0 0 0 644680 0 644682 644728 0 644796 0 0 644842 0 0 0 644556 0 0 0 644720 0 0 644786 0 644626 644608 644620 0 644728 0 0 644754 0 644636 644518 644580 644576 644568 0 0 644684 0 0 644704 0 644716 0 0 0 0 644646 644576 644530 0 0 644688 0 0 0 0 0 0 0 0 0 0 0 644544 0 
0 645004 645000 644988 0 645026 645076 645136 645124 645064 0 0 644808 644952 0 0 0 645092 0 644846 0 0 0 0 0 0 0 0 0 0 0 645006 0 644708 0 0 644742 0 0 644992 644966 0 0 644954 0 644952 644952 0 0 0 0 0 644686 0 644862 0 0 0 644590 0 0 0 644572 0 644574 644620 0 644830 0 0 644876 0 0 0 644522 0 0 0 644612 0 0 644820 0 644518 644500 644512 0 644708 0 0 644788 0 644606 644484 644472 644468 644460 0 0 644602 0 0 644738 0 644750 0 0 0 0 644740 644468 644422 0 0 644722 0 0 0 0 0 0 0 0 0 0 0 644436 0 
0 644807 644781 644769 0 644807 644857 644917 644927 644845 0 0 644589 644733 0 0 0 644855 0 644627 0 0 0 0 0 0 0 0 0 0 0 644747 0 644489 0 0 644523 0 0 644733 644707 0 0 644695 0 644693 644693 0 0 0 0 0 644467 0 644637 0 0 0 644849 0 0 0 644353 0 644355 644401 0 644571 0 0 644617 0 0 0 644781 0 0 0 644393 0 0 644561 0 644299 644281 644293 0 644489 0 0 644529 0 644865 644743 644253 644249 644241 0 0 644383 0 0 644479 0 644491 0 0 0 0 644481 644249 644203 0 0 644463 0 0 0 0 0 0 0 0 0 0 0 644217 0 
0 644971 645041 645067 0 645105 645117 645129 645091 645143 0 0 644899 645043 0 0 0 645001 0 644937 0 0 0 0 0 0 0 0 0 0 0 645039 0 644799 0 0 644833 0 0 645025 644987 0 0 644987 0 644985 644985 0 0 0 0 0 644777 0 644929 0 0 0 644557 0 0 0 644663 0 644665 644711 0 644863 0 0 644909 0 0 0 644489 0 0 0 644703 0 0 644853 0 644609 644591 644603 0 644795 0 0 644821 0 644573 644451 644563 644559 644551 0 0 644693 0 0 644771 0 644783 0 0 0 0 644675 644559 644513 0 0 644755 0 0 0 0 0 0 0 0 0 0 0 644527 0 
0 644968 644978 644966 645071 645004 645054 645109 645088 645042 645143 0 644786 644930 645000 0 0 645093 0 644824 0 645026 0 645081 0 644744 0 0 0 0 644718 645012 0 644686 0 0 644720 0 644940 644984 644981 0 644936 644969 0 644967 644967 644955 0 0 0 0 644664 0 644840 0 0 644880 644554 0 0 0 644550 0 644552 644598 0 644845 0 644863 644891 0 644851 0 644486 644510 644514 644502 644590 0 0 644835 644446 644496 644478 644490 644616 644686 0 0 644803 0 644570 644448 644450 644446 644438 644450 644460 644580 0 0 644753 0 644765 644771 0 0 0 644750 644446 644400 644434 644486 644724 644749 644739 0 0 0 0 0 0 0 644376 0 644414 644370 
0 644937 644946 644934 645033 644972 645022 645071 645057 645010 645121 645130 644754 644898 644968 644924 645076 645111 644716 644792 644866 644994 644980 645064 645081 644712 644844 644936 645084 644672 644686 644986 645023 644654 644638 0 644688 0 644908 644952 644998 644588 644904 644970 644972 644984 644984 644972 644971 644917 644538 644596 644632 644708 644808 0 644920 644891 644523 644508 644514 644528 644518 644488 644520 644566 644824 644862 644890 644880 644908 644894 644868 644855 644455 644478 644482 644470 644558 0 644890 644852 644415 644464 644446 644458 644584 644654 644817 644836 644820 644826 644539 644417 644418 644414 644406 644418 644428 644548 0 644777 644770 644814 644782 644788 644788 644778 644798 644761 644414 644368 644402 644454 644694 644766 644756 644762 644762 644441 644311 644329 0 0 644345 644348 644382 644338 
0 644879 644927 644951 0 644939 644889 644829 644819 644901 0 0 645085 645013 0 0 0 644697 0 645085 0 0 0 0 0 0 0 0 0 0 0 644925 0 645073 0 0 645025 0 0 644959 644693 0 0 644921 0 644775 644727 0 0 0 0 0 644945 0 644961 0 0 0 644423 0 0 0 644953 0 644881 644905 0 644883 0 0 644699 0 0 0 644375 0 0 0 644875 0 0 644739 0 644913 644881 644857 0 644827 0 0 644793 0 644377 644327 644867 644863 644833 0 0 644789 0 0 644803 0 644717 0 0 0 0 644371 644863 644817 0 0 644787 0 0 0 0 0 0 0 0 0 0 0 644831 0 
0 644539 644609 644645 0 644675 644651 644627 644603 644675 0 0 644717 644759 0 0 0 644603 0 644755 0 0 0 0 0 0 0 0 0 0 0 644759 0 644665 0 0 644747 0 0 644759 644675 0 0 644759 0 644723 644699 0 0 0 0 0 644759 0 644759 0 0 0 644125 0 0 0 644649 0 644723 644745 0 644759 0 0 644723 0 0 0 644057 0 0 0 644759 0 0 644759 0 644571 644649 644685 0 644759 0 0 644759 0 644123 644019 644573 644593 644657 0 0 644759 0 0 644759 0 644759 0 0 0 0 644509 644545 644619 0 0 644759 0 0 0 0 0 0 0 0 0 0 0 644609 0 
0 644951 645021 645057 645069 645095 645093 645035 645025 645107 644961 0 644997 645141 645149 0 0 644903 0 645035 0 645123 0 645053 0 644955 0 0 0 0 644929 645059 0 644897 0 0 644931 0 645041 645045 644899 0 644997 645007 0 644981 644933 644873 0 0 0 0 644875 0 644949 0 0 644707 644537 0 0 0 644761 0 644763 644809 0 644883 0 644901 644905 0 644721 0 644469 644721 644725 644713 644801 0 0 644873 644429 644707 644689 644701 644827 644815 0 0 644841 0 644553 644431 644661 644657 644649 644661 644671 644777 0 0 644791 0 644803 644809 0 0 0 644577 644657 644611 644645 644697 644775 644787 644777 0 0 0 0 0 0 0 644359 0 644625 644581 
0 643595 643689 643731 643727 643769 643765 643725 643699 643801 643639 0 643735 643879 643849 643865 643749 643581 643697 643773 0 643831 643845 643761 643587 643693 643825 0 0 643653 643667 643831 0 643635 0 0 643669 0 643813 643817 643607 0 643769 643779 0 643689 643641 643581 643477 643423 0 643577 643613 643689 643721 0 643475 643397 642953 0 0 0 643499 0 643501 643547 643705 643655 0 643633 643613 0 643423 643325 642861 643459 643463 643451 643539 0 0 643645 642821 643445 643427 643439 643565 643587 0 0 643613 0 642957 642799 643399 643395 643387 643399 643409 643529 0 0 643563 0 643575 643581 0 0 643353 643267 643395 643349 643383 643435 643547 643559 643549 0 643317 0 642669 0 0 0 642775 0 643363 643319 
0 643354 643423 643447 643474 643485 643499 643512 643474 643523 643538 0 643286 643430 643500 643456 643589 643500 643248 643324 0 643526 643512 643593 643494 643244 643376 0 0 643204 643218 643518 0 643186 0 0 643220 0 643440 643484 643483 0 643436 643489 0 643488 643487 643457 643384 643330 0 643128 643164 643240 643340 0 643369 643304 642926 0 0 0 643050 0 643052 643098 643356 643366 0 643384 643412 0 643317 643244 642834 643010 643014 643002 643090 0 0 643356 642794 642996 642978 642990 643116 643186 0 0 643324 0 642930 642772 642950 642946 642938 642950 642960 643080 0 0 643274 0 643286 643292 0 0 643247 643174 642946 642900 642934 642986 643226 643270 643260 0 643211 0 642642 0 0 0 642748 0 642914 642870 
0 644659 644645 644633 0 644671 644721 644781 644779 644709 0 0 644453 644597 0 0 0 644901 0 644491 0 0 0 0 0 0 0 0 0 0 0 644685 0 644353 0 0 644387 0 0 644651 644845 0 0 644689 0 644817 644831 0 0 0 0 0 644331 0 644507 0 0 0 644701 0 0 0 644217 0 644219 644265 0 644669 0 0 644755 0 0 0 644643 0 0 0 644257 0 0 644699 0 644163 644145 644157 0 644353 0 0 644667 0 644727 644605 644117 644113 644105 0 0 644247 0 0 644601 0 644629 0 0 0 0 644619 644113 644067 0 0 644393 0 0 0 0 0 0 0 0 0 0 0 644081 0 
0 644813 644850 644868 644789 644849 644812 644770 644753 644830 644718 0 645019 644934 644875 0 0 644660 645037 645000 0 644862 644881 644810 644654 645006 0 0 0 645037 645019 644888 0 645027 0 0 644946 0 644953 644919 644656 0 644944 644884 0 644738 644690 644630 644544 644490 0 644848 644866 0 644922 0 644530 644464 644336 0 0 0 644907 0 644814 644827 644914 644857 0 644682 644662 0 644478 644404 644298 644859 644833 644767 644795 0 0 644702 644316 644853 644835 644809 644782 644783 0 0 644766 0 644292 644245 644807 644803 644787 644757 644716 644728 0 0 644779 0 644680 644638 0 0 644408 644334 644803 644757 644729 644703 644763 644775 644765 0 644372 0 0 0 0 0 644274 0 644771 644727 
0 644887 644951 644975 0 644975 644951 644905 644895 644975 0 0 645109 645071 0 0 0 644773 0 645109 0 0 0 0 0 0 0 0 0 0 0 645001 0 645027 0 0 645025 0 0 645035 644769 0 0 644997 0 644851 644803 0 0 0 0 0 644953 0 645013 0 0 0 644447 0 0 0 644891 0 644881 644905 0 644947 0 0 644775 0 0 0 644399 0 0 0 644881 0 0 644815 0 644837 644819 644831 0 644879 0 0 644869 0 644423 644351 644791 644787 644779 0 0 644833 0 0 644855 0 644793 0 0 0 0 644447 644787 644741 0 0 644839 0 0 0 0 0 0 0 0 0 0 0 644755 0 
0 638958 638981 638981 638964 638981 638973 638926 638928 638961 638864 638844 638979 638977 638955 638975 638895 638806 638979 638979 638981 638929 638919 638883 638788 638931 638981 638939 638815 638955 638931 638889 638718 638931 638859 0 638883 0 638919 638899 638753 638835 638897 638861 638823 638787 638763 638727 638678 638624 638907 638787 638811 638853 638849 0 638651 638598 638730 638859 638835 638811 638811 638763 638739 638763 638833 638783 638741 638707 638711 638625 638599 638550 638706 638763 638739 638691 638739 0 638789 638703 638706 638835 638739 638715 638737 638715 638745 638757 638719 638605 638718 638682 638787 638763 638691 638667 638643 638677 0 638713 638691 638735 638657 638639 638543 638509 638529 638468 638811 638691 638643 638643 638675 638687 638677 638589 638493 638682 638658 638670 0 0 638730 638811 638715 638667 
0 644875 644945 644981 644995 645019 645021 645030 644995 645057 644999 0 644918 645062 645106 0 0 644941 0 644956 0 645125 0 645091 0 644876 0 0 0 0 644850 645094 0 644818 0 0 644852 0 645060 645080 644937 0 645032 645042 0 645014 644971 644911 0 0 0 0 644796 0 644962 0 0 644745 644461 0 0 0 644682 0 644684 644730 0 644918 0 644934 644938 0 644759 0 644393 644642 644646 644634 644722 0 0 644908 644353 644628 644610 644622 644748 644813 0 0 644876 0 644477 644355 644582 644578 644570 644582 644592 644712 0 0 644826 0 644838 644844 0 0 0 644615 644578 644532 644566 644618 644810 644822 644812 0 0 0 0 0 0 0 644283 0 644546 644502 
0 644729 644834 644888 644909 644945 644948 644966 644909 645002 644973 0 644752 644968 645071 645007 645077 644918 644695 644809 0 645110 645091 645119 644909 644689 644887 0 0 644629 644650 645070 0 644602 0 0 644653 0 644983 645029 644912 0 644957 645028 0 645023 644963 644873 644744 644663 0 644515 644569 644683 644833 0 644723 644624 644108 0 0 0 644398 0 644401 644470 644845 644842 0 644869 644909 0 644645 644534 644006 644338 644344 644326 644458 0 0 644827 643946 644317 644290 644308 644497 644602 0 0 644779 0 644132 643949 644248 644242 644230 644248 644263 644443 0 0 644704 0 644722 644731 0 0 644540 644429 644242 644173 644224 644302 644636 644698 644683 0 644486 0 643790 0 0 0 643841 0 644194 644128 
0 644889 644959 644992 645009 645030 645035 645047 645009 645068 645060 0 644849 644993 645063 0 0 645011 0 644887 0 645089 0 645132 0 644807 0 0 0 0 644781 645069 0 644749 0 0 644783 0 645003 645040 645004 0 644992 645029 0 645027 645016 644978 0 0 0 0 644727 0 644903 0 0 644815 644475 0 0 0 644613 0 644615 644661 0 644905 0 644923 644951 0 644829 0 644407 644573 644577 644565 644653 0 0 644895 644367 644559 644541 644553 644679 644749 0 0 644863 0 644491 644369 644513 644509 644501 644513 644523 644643 0 0 644813 0 644825 644831 0 0 0 644685 644509 644463 644497 644549 644779 644809 644799 0 0 0 0 0 0 0 644297 0 644477 644433 
0 644851 644876 644865 644961 644903 644952 644999 644971 644941 645035 0 644685 644829 644899 0 0 645091 644647 644723 0 644925 644911 644995 645120 644643 0 0 0 644603 644617 644917 0 644585 0 0 644619 0 644839 644883 645072 0 644835 644921 0 645044 645058 645046 645042 644988 0 644527 644563 0 644739 0 644993 644962 644437 0 0 0 644449 0 644451 644497 644755 644889 0 644954 644982 0 644941 644912 644369 644409 644413 644401 644489 0 0 644926 644329 644395 644377 644389 644515 644585 0 0 644894 0 644453 644331 644349 644345 644337 644349 644359 644479 0 0 644827 0 644856 644862 0 0 644871 644832 644345 644299 644333 644385 644625 644793 644830 0 644835 0 0 0 0 0 644259 0 644313 644269 
0 638984 639003 639009 638934 638982 638944 638896 638898 638944 638834 0 639099 639008 638962 0 0 638776 0 639078 0 638936 0 638878 0 639100 0 0 0 0 639109 638920 0 639093 0 0 639040 0 638974 638942 638736 0 638966 638904 0 638794 638758 638710 0 0 0 0 638954 0 638970 0 0 638568 638590 0 0 0 638965 0 638908 638921 0 638888 0 638726 638718 0 638570 0 638552 638921 638911 638861 638884 0 0 638734 638548 638950 638893 638887 638858 638836 0 0 638774 0 638533 638499 638903 638889 638849 638843 638810 638798 0 0 638812 0 638700 638670 0 0 0 638438 638913 638830 638823 638796 638796 638808 638798 0 0 0 0 0 0 0 638537 0 638849 638803 
0 623930 623976 624000 624035 624038 624048 624039 624035 624066 623977 0 624012 624106 624093 0 0 623919 623974 624050 0 624079 624081 624021 623901 623970 624102 0 0 623930 623944 624063 0 623912 0 0 623946 0 624093 624085 623879 0 624049 624047 0 623937 623901 623853 623791 623737 0 623854 623890 623963 624001 0 623765 623711 623744 0 0 0 623776 0 623778 623824 623985 623935 0 623869 623861 0 623713 623663 623682 623736 623740 623728 623816 0 0 623877 623642 623722 623704 623716 623841 623867 0 0 623893 0 623772 623620 623676 623672 623664 623676 623686 623799 0 0 623843 0 623843 623813 0 0 623643 623581 623672 623626 623660 623712 623827 623839 623829 0 623607 0 0 0 0 0 623566 0 623640 623596 
0 642319 642335 642335 642331 642335 642335 642331 642319 642335 642307 642287 642335 642335 642335 642335 642331 642249 642335 642335 642335 642335 642335 642319 642231 642309 642335 642335 642251 642333 642309 642325 642161 642309 642237 0 642261 0 642335 642335 642189 642213 642335 642297 642259 642223 642199 642163 642121 642067 642285 642165 642189 642237 642285 0 642087 642041 641882 642237 642213 642189 642189 642141 642117 642141 642285 642243 642177 642143 642147 642061 642035 641993 641834 642141 642117 642069 642117 0 642225 642139 641834 642213 642117 642093 642117 642141 642205 642217 642155 642041 641858 641786 642165 642141 642069 642045 642021 642069 0 642173 642151 642195 642093 642075 641979 641945 641965 641911 642189 642069 642021 642021 642135 642147 642137 642025 641929 641786 641738 641762 0 0 641882 642189 642093 642045 
0 644788 644858 644871 644908 644909 644934 644946 644908 644947 644972 644992 644715 644859 644929 644885 645013 645030 644677 644753 644827 644955 644941 645025 645084 644673 644805 644897 645092 644633 644647 644947 645038 644615 644599 0 644649 0 644869 644913 645093 644549 644865 644951 645013 645086 645098 645080 645027 644973 644499 644557 644593 644669 644769 0 645013 644947 644374 644469 644475 644489 644479 644449 644481 644527 644785 644931 645015 645022 645048 644987 644961 644887 644306 644439 644443 644431 644519 0 644991 644994 644266 644425 644407 644419 644545 644615 644825 644940 644956 644968 644390 644268 644379 644375 644367 644379 644389 644509 0 644761 644871 644883 644924 644930 644906 644871 644891 644817 644375 644329 644363 644415 644655 644835 644888 644904 644855 644292 644162 644180 0 0 644196 644309 644343 644299 
0 644877 644906 644918 644808 644880 644830 644770 644760 644842 644696 0 645069 644954 644884 0 0 644638 645096 645031 0 644858 644872 644788 644632 645015 0 0 0 645082 645039 644866 0 645055 0 0 644943 0 644943 644900 644634 0 644919 644862 0 644716 644668 644608 644522 644468 0 644843 644855 0 644871 0 644508 644442 644382 0 0 0 644943 0 644823 644825 644855 644805 0 644660 644640 0 644456 644382 644354 644891 644853 644777 644785 0 0 644680 644382 644915 644871 644829 644759 644737 0 0 644743 0 644318 644296 644869 644865 644819 644777 644723 644699 0 0 644713 0 644658 644616 0 0 644386 644312 644865 644816 644749 644697 644697 644709 644699 0 644350 0 0 0 0 0 644380 0 644833 644789 
0 640108 640132 640144 0 640131 640106 640076 640071 640112 0 0 640199 640168 0 0 0 640010 0 640192 0 0 0 0 0 0 0 0 0 0 640199 640124 0 640199 0 0 640179 0 0 640136 640008 0 0 640117 0 640049 640025 0 0 0 0 0 640135 0 640143 0 0 0 639880 0 0 0 640146 0 640110 640120 0 640091 0 0 640011 0 0 0 639856 0 0 0 640100 0 0 640031 0 640126 640110 640098 0 640076 0 0 640046 0 639850 639832 640103 640101 640086 0 0 640057 0 0 640064 0 640015 0 0 0 0 639847 640101 640078 0 0 640056 640062 640050 0 0 0 0 0 0 0 0 0 640085 0 
0 644692 644762 644798 0 644824 644800 644776 644752 644824 0 0 644846 644884 0 0 0 644682 0 644884 0 0 0 0 0 0 0 0 0 0 0 644874 0 644794 0 0 644876 0 0 644884 644678 0 0 644846 0 644760 644712 0 0 0 0 0 644884 0 644884 0 0 0 644278 0 0 0 644778 0 644852 644874 0 644794 0 0 644684 0 0 0 644210 0 0 0 644884 0 0 644688 0 644700 644778 644814 0 644884 0 0 644704 0 644272 644172 644702 644722 644786 0 0 644884 0 0 644774 0 644642 0 0 0 0 644356 644674 644748 0 0 644878 0 0 0 0 0 0 0 0 0 0 0 644738 0 
0 644476 644451 644433 644598 644490 644565 644655 644656 644547 644752 644782 644163 644379 644484 644418 644646 644839 644106 644220 644331 644523 644502 644628 644862 644100 644298 644436 644802 644040 644061 644511 644917 644013 643989 0 644064 0 644394 644460 644821 643914 644388 644517 644610 644732 644780 644816 644869 644842 643839 643926 643980 644094 644244 0 644814 644829 644019 643794 643803 643824 643809 643764 643812 643881 644268 644487 644679 644698 644736 644801 644788 644833 643917 643749 643755 643737 643869 0 644587 644660 643857 643728 643701 643719 643908 644013 644328 644518 644596 644719 644043 643860 643659 643653 643641 643659 643674 643854 0 644232 644407 644415 644601 644628 644724 644743 644753 644764 643653 643584 643635 643713 644073 644343 644492 644639 644735 643896 643701 643728 0 0 643752 643554 643605 643539 
0 644849 644875 644887 0 644849 644799 644739 644729 644811 0 0 645067 644923 0 0 0 644607 0 645029 0 0 0 0 0 0 0 0 0 0 0 644835 0 645135 0 0 645061 0 0 644869 644603 0 0 644831 0 644685 644637 0 0 0 0 0 644973 0 644975 0 0 0 644351 0 0 0 645053 0 644941 644943 0 644851 0 0 644609 0 0 0 644323 0 0 0 644903 0 0 644649 0 645003 644981 644955 0 644855 0 0 644713 0 644287 644265 644957 644953 644933 0 0 644817 0 0 644831 0 644627 0 0 0 0 644281 644953 644907 0 0 644815 0 0 0 0 0 0 0 0 0 0 0 644921 0 
0 644668 644716 644736 644626 644698 644648 644588 644578 644660 644514 644494 644908 644772 644702 644746 644594 644456 644908 644878 644804 644676 644690 644606 644450 644956 644826 644734 644490 644932 644956 644684 644368 644956 645028 0 644982 0 644762 644718 644452 645030 644766 644680 644618 644534 644486 644426 644340 644286 644980 644960 644972 644962 644862 0 644326 644260 644200 645028 645030 645010 645010 644962 644938 644942 644846 644700 644536 644478 644458 644300 644274 644200 644164 644962 644938 644890 644902 0 644632 644498 644164 645030 644938 644914 644876 644854 644806 644674 644562 644328 644136 644114 644986 644962 644890 644866 644840 644816 0 644848 644752 644748 644476 644434 644242 644184 644204 644130 645010 644890 644842 644814 644814 644796 644642 644360 644168 644090 644068 644092 0 0 644212 645010 644914 644866 
641849 641841 641876 641894 641868 641913 641878 641830 641832 641878 641768 641748 641972 641942 641896 641928 641812 641710 641953 641991 641962 641870 641872 641812 641692 641999 641972 641904 641720 641955 641986 641854 641622 641970 641992 642026 642023 642021 641908 641876 641670 641955 641900 641838 641788 641728 641692 641644 641582 641528 641936 641935 641965 641994 641960 641962 641556 641502 641452 641927 641918 641913 641908 641869 641873 641908 641944 641822 641706 641660 641652 641530 641504 641454 641394 641864 641854 641824 641892 641936 641778 641668 641374 641893 641836 641830 641878 641856 641880 641796 641708 641534 641436 641351 641846 641832 641792 641786 641779 641818 641882 641854 641826 641846 641634 641604 641460 641414 641434 641372 641856 641773 641766 641792 641816 641828 641752 641542 641398 641363 641274 641295 641299 641303 641363 641823 641792 641746 
0 644800 644870 644894 0 644862 644812 644752 644742 644824 0 0 645062 644936 0 0 0 644620 0 645042 0 0 0 0 0 0 0 0 0 0 0 644848 0 645058 0 0 645134 0 0 644882 644616 0 0 644844 0 644698 644650 0 0 0 0 0 645084 0 645026 0 0 0 644364 0 0 0 645044 0 645040 645054 0 644864 0 0 644622 0 0 0 644318 0 0 0 645014 0 0 644662 0 644990 644972 644984 0 644966 0 0 644726 0 644300 644270 644944 644940 644932 0 0 644928 0 0 644904 0 644640 0 0 0 0 644294 644940 644894 0 0 644926 0 0 0 0 0 0 0 0 0 0 0 644908 0 
641658 641650 641685 641703 641687 641719 641697 641649 641651 641697 641587 641567 641781 641761 641715 641747 641631 641529 641762 641800 641779 641689 641691 641631 641511 641808 641791 641723 641539 641764 641795 641673 641441 641779 641771 641799 641796 641827 641727 641695 641489 641746 641719 641657 641607 641547 641511 641463 641401 641347 641721 641750 641767 641783 641755 641745 641375 641321 641432 641706 641709 641716 641711 641696 641712 641735 641739 641641 641525 641479 641471 641349 641323 641273 641374 641691 641693 641687 641731 641737 641597 641487 641354 641684 641675 641681 641727 641693 641663 641615 641527 641353 641420 641331 641661 641659 641655 641661 641666 641691 641695 641655 641609 641641 641453 641423 641279 641233 641253 641191 641659 641636 641653 641679 641653 641617 641571 641361 641217 641343 641254 641275 641279 641283 641343 641626 641643 641621 
0 644773 644843 644879 644887 644917 644912 644906 644875 644942 644881 0 644985 645030 644993 0 0 644838 0 645023 0 645006 0 644975 0 644943 0 0 0 0 644917 645050 0 644885 0 0 644919 0 645094 645079 644834 0 645077 645060 0 644916 644868 644808 0 0 0 0 644863 0 645007 0 0 644642 644359 0 0 0 644749 0 644751 644797 0 644984 0 644860 644840 0 644656 0 644291 644709 644713 644701 644789 0 0 644880 644251 644695 644677 644689 644811 644858 0 0 644931 0 644375 644253 644649 644645 644637 644649 644659 644769 0 0 644892 0 644858 644816 0 0 0 644512 644645 644599 644633 644685 644858 644888 644878 0 0 0 0 0 0 0 644181 0 644613 644569 
0 644690 644754 644778 0 644778 644754 644730 644706 644778 0 0 644840 644840 0 0 0 644610 0 644840 0 0 0 0 0 0 0 0 0 0 0 644804 0 644794 0 0 644840 0 0 644814 644606 0 0 644776 0 644688 644640 0 0 0 0 0 644840 0 644838 0 0 0 644250 0 0 0 644778 0 644840 644840 0 644724 0 0 644612 0 0 0 644202 0 0 0 644840 0 0 644618 0 644700 644778 644814 0 644840 0 0 644634 0 644226 644154 644702 644722 644786 0 0 644840 0 0 644704 0 644572 0 0 0 0 644284 644674 644748 0 0 644808 0 0 0 0 0 0 0 0 0 0 0 644738 0 
0 644808 644866 644868 0 644906 644942 644966 644928 644944 0 0 644688 644832 0 0 0 645050 0 644726 0 0 0 0 0 0 0 0 0 0 0 644920 0 644588 0 0 644622 0 0 644886 645128 0 0 644924 0 645070 645104 0 0 0 0 0 644566 0 644742 0 0 0 644394 0 0 0 644452 0 644454 644500 0 644904 0 0 645072 0 0 0 644326 0 0 0 644492 0 0 645016 0 644398 644380 644392 0 644588 0 0 644984 0 644410 644288 644352 644348 644340 0 0 644482 0 0 644852 0 644946 0 0 0 0 644886 644348 644302 0 0 644628 0 0 0 0 0 0 0 0 0 0 0 644316 0 
0 644570 644661 644679 644514 644622 644547 644457 644442 644565 644346 644316 644949 644733 644628 644694 644466 644259 644906 644892 644781 644589 644610 644484 644250 645012 644814 644676 644310 644912 645005 644601 644127 644957 645121 0 645048 0 644718 644652 644253 645120 644724 644595 644502 644376 644304 644214 644085 644004 644855 645058 645070 645016 644868 0 644064 643965 643875 644952 645009 645066 645051 645012 645028 645031 644844 644625 644379 644292 644262 644025 643986 643875 643833 644997 645003 644959 644971 0 644523 644322 643787 644934 644949 644967 644932 644899 644784 644586 644418 644067 643779 643746 644907 644901 644889 644907 644878 644842 0 644854 644703 644697 644289 644226 643938 643851 643881 643770 644895 644832 644883 644839 644839 644767 644538 644115 643827 643710 643631 643658 0 0 643682 644796 644853 644787 
0 644758 644828 644864 644878 644902 644904 644916 644878 644940 644890 0 644999 645020 644994 0 0 644844 0 645037 0 645014 0 644984 0 644975 0 0 0 0 644949 645059 0 644917 0 0 644951 0 645110 645086 644840 0 645113 645068 0 644922 644874 644814 0 0 0 0 644895 0 645059 0 0 644648 644344 0 0 0 644781 0 644783 644829 0 645031 0 644866 644846 0 644662 0 644276 644741 644745 644733 644821 0 0 644886 644236 644727 644709 644721 644847 644915 0 0 644950 0 644360 644238 644681 644677 644669 644681 644691 644811 0 0 644945 0 644864 644822 0 0 0 644518 644677 644631 644665 644717 644914 644941 644931 0 0 0 0 0 0 0 644166 0 644645 644601 
0 644568 644638 644674 0 644712 644700 644676 644652 644724 0 0 644772 644820 0 0 0 644652 0 644810 0 0 0 0 0 0 0 0 0 0 0 644820 0 644720 0 0 644802 0 0 644834 644724 0 0 644834 0 644772 644748 0 0 0 0 0 644818 0 644834 0 0 0 644154 0 0 0 644704 0 644778 644800 0 644834 0 0 644772 0 0 0 644086 0 0 0 644816 0 0 644820 0 644626 644704 644740 0 644834 0 0 644834 0 644170 644048 644628 644648 644712 0 0 644834 0 0 644834 0 644814 0 0 0 0 644478 644600 644674 0 0 644834 0 0 0 0 0 0 0 0 0 0 0 644664 0 
0 644326 644431 644485 644506 644542 644545 644563 644506 644599 644602 644632 644583 644719 644680 644686 644698 644663 644526 644640 644707 644719 644770 644752 644684 644520 644698 644776 644728 644460 644481 644851 644619 644433 644409 0 644484 0 644794 644836 644733 644334 644808 644893 644912 644822 644774 644720 644629 644602 644259 644346 644400 644514 644664 0 644646 644589 643705 644214 644223 644244 644229 644184 644232 644301 644688 644841 644871 644818 644784 644633 644620 644535 643603 644169 644175 644157 644289 0 644883 644852 643543 644148 644121 644139 644328 644433 644748 644828 644848 644695 643729 643546 644079 644073 644061 644079 644094 644274 0 644652 644723 644769 644829 644820 644628 644575 644585 644524 644073 644004 644055 644133 644493 644697 644764 644759 644567 643582 643387 643414 0 0 643438 643974 644025 643959 
0 644830 644900 644924 0 644962 644976 644988 644950 645000 0 0 644778 644922 0 0 0 645072 0 644816 0 0 0 0 0 0 0 0 0 0 0 645010 0 644678 0 0 644712 0 0 644976 645106 0 0 645014 0 645126 645116 0 0 0 0 0 644656 0 644832 0 0 0 644416 0 0 0 644542 0 644544 644590 0 644994 0 0 645050 0 0 0 644348 0 0 0 644582 0 0 644994 0 644488 644470 644482 0 644678 0 0 644962 0 644432 644310 644442 644438 644430 0 0 644572 0 0 644912 0 644924 0 0 0 0 644796 644438 644392 0 0 644718 0 0 0 0 0 0 0 0 0 0 0 644406 0 
0 644762 644832 644868 0 644906 644908 644920 644882 644944 0 0 644808 644952 0 0 0 645004 0 644846 0 0 0 0 0 0 0 0 0 0 0 645040 0 644708 0 0 644742 0 0 645006 645088 0 0 645044 0 645146 645122 0 0 0 0 0 644686 0 644862 0 0 0 644348 0 0 0 644572 0 644574 644620 0 645024 0 0 645094 0 0 0 644280 0 0 0 644612 0 0 645062 0 644518 644500 644512 0 644708 0 0 645030 0 644364 644242 644472 644468 644460 0 0 644602 0 0 644954 0 644992 0 0 0 0 644766 644468 644422 0 0 644748 0 0 0 0 0 0 0 0 0 0 0 644436 0 
0 644734 644799 644813 644854 644851 644875 644892 644854 644889 644918 0 644643 644787 644857 0 0 644976 0 644681 0 644883 0 644953 0 644601 0 0 0 0 644575 644875 0 644543 0 0 644577 0 644797 644841 645097 0 644793 644879 0 645025 645073 645123 0 0 0 0 644521 0 644697 0 0 645023 644320 0 0 0 644407 0 644409 644455 0 644859 0 645057 645083 0 645032 0 644252 644367 644371 644359 644447 0 0 645031 644212 644353 644335 644347 644473 644543 0 0 644991 0 644336 644214 644307 644303 644295 644307 644317 644437 0 0 644807 0 644982 644988 0 0 0 644893 644303 644257 644291 644343 644583 644763 644917 0 0 0 0 0 0 0 644142 0 644271 644227 
0 644415 644445 644457 644519 644495 644521 644557 644535 644533 644599 0 644373 644481 644527 0 0 644657 644335 644411 0 644553 644551 644611 644695 644355 0 0 0 644303 644329 644569 0 644297 0 0 644355 0 644515 644547 644741 0 644523 644585 0 644695 644731 644760 644771 644729 0 644311 644335 0 644463 0 644745 644703 644001 0 0 0 644221 0 644259 644293 644479 644601 0 644746 644756 0 644693 644659 643933 644205 644221 644233 644297 0 0 644736 643893 644155 644185 644209 644323 644381 0 0 644704 0 644017 643895 644133 644141 644169 644193 644215 644311 0 0 644585 0 644703 644697 0 0 644623 644573 644117 644131 644189 644241 644421 644553 644664 0 644587 0 0 0 0 0 643823 0 644133 644113 
0 644696 644734 644746 644808 644784 644810 644846 644816 644822 644880 0 644580 644724 644794 0 0 644938 644542 644618 0 644820 644806 644889 644984 644538 0 0 0 644498 644512 644812 0 644480 0 0 644514 0 644734 644778 645030 0 644730 644816 0 644962 645009 645056 645094 645129 0 644422 644458 0 644634 0 645132 645103 644282 0 0 0 644344 0 644346 644392 644650 644796 0 645018 645038 0 645093 645051 644214 644304 644308 644296 644384 0 0 644998 644174 644290 644272 644284 644410 644480 0 0 644934 0 644298 644176 644244 644240 644232 644244 644254 644374 0 0 644744 0 645020 645051 0 0 645023 644973 644240 644194 644228 644280 644520 644700 644854 0 644987 0 0 0 0 0 644104 0 644208 644164 
0 644451 644490 644508 644343 644451 644376 644286 644271 644394 644175 644145 644778 644562 644457 644523 644295 644088 644835 644721 644610 644418 644439 644313 644079 644841 644643 644505 644139 644901 644880 644430 643956 644928 644864 0 644837 0 644547 644481 644082 644891 644553 644424 644331 644205 644133 644043 643914 643833 645100 644755 644773 644759 644695 0 643893 643794 643704 645059 645002 644929 644944 644845 644725 644728 644671 644454 644208 644121 644091 643854 643815 643704 643662 644860 644782 644656 644668 0 644352 644151 643722 645077 644836 644746 644629 644596 644573 644415 644247 643896 643608 643575 645022 644956 644752 644662 644575 644539 0 644573 644492 644524 644118 644055 643767 643680 643710 643599 645070 644809 644614 644536 644536 644510 644367 643944 643656 643539 643590 643635 0 0 643965 644973 644860 644782 
0 644653 644723 644759 644734 644794 644757 644715 644698 644775 644642 0 644915 644879 644820 0 0 644584 644877 644953 0 644804 644818 644734 644578 644969 0 0 0 644881 644943 644812 0 644911 0 0 645041 0 644890 644846 644580 0 644894 644808 0 644662 644614 644554 644468 644414 0 645071 645094 0 644990 0 644454 644388 644239 0 0 0 644981 0 644999 645045 644974 644828 0 644606 644586 0 644402 644328 644171 644957 644961 644949 645037 0 0 644626 644131 644893 644925 644937 645030 645030 0 0 644690 0 644237 644133 644893 644893 644885 644897 644907 644976 0 0 644880 0 644604 644562 0 0 644332 644258 644877 644847 644881 644933 644990 644916 644770 0 644296 0 0 0 0 0 644061 0 644861 644817 
0 644422 644492 644528 0 644562 644529 644487 644470 644547 0 0 644684 644651 0 0 0 644409 0 644722 0 0 0 0 0 0 0 0 0 0 0 644607 0 644680 0 0 644810 0 0 644636 644443 0 0 644617 0 644508 644472 0 0 0 0 0 644873 0 644768 0 0 0 644008 0 0 0 644759 0 644768 644814 0 644663 0 0 644470 0 0 0 643940 0 0 0 644806 0 0 644514 0 644682 644694 644706 0 644803 0 0 644570 0 644009 643902 644666 644662 644654 0 0 644748 0 0 644725 0 644515 0 0 0 0 644258 644655 644616 0 0 644783 0 0 0 0 0 0 0 0 0 0 0 644630 0 
0 629539 629633 629681 629642 629706 629677 629611 629594 629707 629500 0 629921 629859 629776 0 0 629413 629883 629952 0 629743 629764 629638 629404 629989 629930 0 0 629899 629963 629755 0 629931 0 0 630058 0 629872 629806 629407 0 629878 629749 0 629530 629458 629368 629239 629158 0 630019 630061 630100 630000 0 629218 629119 628777 0 0 0 629958 0 629924 629980 629976 629779 0 629446 629416 0 629140 629029 628661 629894 629886 629850 629952 0 0 629476 628621 629909 629850 629850 629965 629962 0 0 629572 0 628751 628575 629846 629830 629786 629786 629784 629887 0 0 629823 0 629443 629380 0 0 629035 628924 629854 629748 629758 629804 629902 629877 629682 0 628981 0 0 0 0 0 628599 0 629774 629706 
0 0 0 0 0 0 0 0 0 0 0 0 0 0 0 0 0 0 0 0 0 0 0 0 0 0 0 0 0 0 0 0 0 0 0 0 0 0 0 0 0 0 0 0 0 0 0 0 0 0 0 0 0 0 601385 0 0 0 0 0 0 0 0 0 0 0 0 0 0 0 0 0 0 0 0 0 0 0 0 0 0 0 0 0 0 0 0 0 0 0 0 0 0 0 0 0 0 0 0 0 0 0 0 0 0 0 0 0 0 0 0 0 0 0 0 0 0 0 0 0 0 0 0 0 0 0 0 0 
636310 636302 636337 636355 636362 636374 636375 636381 636362 636393 636354 636344 636433 636433 636420 636422 636394 636325 636414 636452 636441 636433 636442 636400 636322 636460 636454 636452 636342 636416 636447 636439 636281 636431 636495 636499 636496 636482 636478 636456 636323 636470 636480 636437 636406 636364 636340 636310 636267 636240 636397 636474 636492 636530 636528 636541 636260 636227 635940 636430 636433 636440 636435 636420 636436 636459 636520 636447 636365 636336 636326 636247 636234 636197 635882 636415 636417 636411 636455 636535 636413 636346 635862 636408 636399 636405 636468 636503 636500 636434 636378 636261 635936 635839 636385 636383 636379 636385 636390 636450 636522 636508 636473 636471 636335 636314 636218 636189 636199 636162 636383 636360 636377 636403 636489 636495 636418 636277 636181 635851 635762 635783 635787 635791 635851 636350 636367 636345 
0 644739 644759 644749 644835 644787 644835 644873 644859 644825 644923 0 644569 644713 644783 0 0 644981 644531 644607 0 644809 644795 644879 645011 644527 0 0 0 644487 644501 644801 0 644469 0 0 644503 0 644723 644767 645033 0 644719 644805 0 644951 644999 645059 645121 645115 0 644411 644447 0 644623 0 645129 645089 644337 0 0 0 644333 0 644335 644381 644639 644785 0 645007 645027 0 645077 645053 644269 644293 644297 644285 644373 0 0 644987 644229 644279 644261 644273 644399 644469 0 0 644923 0 644353 644231 644233 644229 644221 644233 644243 644363 0 0 644733 0 644993 644999 0 0 645007 644959 644229 644183 644217 644269 644509 644689 644843 0 644971 0 0 0 0 0 644159 0 644197 644153 
0 644643 644682 644671 644758 644709 644758 644796 644763 644747 644827 0 644491 644635 644705 0 0 644885 0 644529 0 644731 0 644801 0 644449 0 0 0 0 644423 644723 0 644391 0 0 644425 0 644645 644689 644955 0 644641 644727 0 644873 644921 644981 0 0 0 0 644369 0 644545 0 0 645124 644229 0 0 0 644255 0 644257 644303 0 644707 0 644929 644949 0 645126 0 644161 644215 644219 644207 644295 0 0 644909 644121 644201 644183 644195 644321 644391 0 0 644845 0 644245 644123 644155 644151 644143 644155 644165 644285 0 0 644655 0 644931 644973 0 0 0 645044 644151 644105 644139 644191 644431 644611 644765 0 0 0 0 0 0 0 644051 0 644119 644075 
0 641839 641791 641767 0 641759 641770 641776 641807 641740 0 0 641599 641652 0 0 0 641746 0 641597 0 0 0 0 0 0 0 0 0 0 0 641608 0 641551 0 0 641503 0 0 641589 641636 0 0 641570 0 641605 641617 0 0 0 0 0 641425 0 641481 0 0 0 642168 0 0 0 641431 0 641359 641383 0 641472 0 0 641567 0 0 0 642173 0 0 0 641354 0 0 641515 0 641455 641359 641335 0 641342 0 0 641475 0 642161 642149 641407 641383 641311 0 0 641287 0 0 641390 0 641468 0 0 0 0 641545 641431 641311 0 0 641322 0 0 0 0 0 0 0 0 0 0 0 641335 0 
0 644450 644489 644507 644342 644450 644375 644285 644270 644393 644174 644144 644777 644561 644456 644522 644294 644087 644834 644720 644609 644417 644438 644312 644078 644840 644642 644504 644138 644900 644879 644429 643955 644927 644915 0 644876 0 644546 644480 644081 644942 644552 644423 644330 644204 644132 644042 643913 643832 645075 644834 644828 644810 644696 0 643892 643793 643703 645108 645053 644984 644999 644928 644808 644811 644672 644453 644207 644120 644090 643853 643814 643703 643661 644943 644865 644739 644751 0 644351 644150 643721 645096 644919 644829 644712 644679 644612 644414 644246 643895 643607 643574 645075 645039 644835 644745 644658 644622 0 644624 644531 644525 644117 644054 643766 643679 643709 643598 645045 644892 644697 644619 644619 644561 644366 643943 643655 643538 643589 643634 0 0 643902 644946 644943 644865 
0 644479 644518 644536 644371 644479 644404 644314 644299 644422 644203 644173 644806 644590 644485 644551 644323 644116 644863 644749 644638 644446 644467 644341 644107 644869 644671 644533 644167 644929 644908 644458 643984 644956 644980 0 644905 0 644575 644509 644110 645043 644581 644452 644359 644233 644161 644071 643942 643861 644982 644931 644931 644875 644725 0 643921 643822 643732 645081 645146 645087 645102 645021 644901 644904 644701 644482 644236 644149 644119 643882 643843 643732 643690 645036 644958 644832 644844 0 644380 644179 643750 645075 645012 644922 644805 644772 644641 644443 644275 643924 643636 643603 645050 645044 644928 644838 644751 644715 0 644725 644560 644554 644146 644083 643795 643708 643738 643627 645026 644973 644790 644712 644712 644626 644395 643972 643684 643567 643618 643663 0 0 643809 644927 644996 644930 
0 644567 644606 644624 644459 644567 644492 644402 644387 644510 644291 644261 644894 644678 644573 644639 644411 644204 644941 644837 644726 644534 644555 644429 644195 644957 644759 644621 644255 644951 644996 644546 644072 644996 645068 0 644993 0 644663 644597 644198 645119 644669 644540 644447 644321 644249 644159 644030 643949 644894 645019 645017 644963 644813 0 644009 643910 643820 644993 645050 645107 645092 645067 644989 644992 644789 644570 644324 644237 644207 643970 643931 643820 643778 645052 645042 644920 644932 0 644468 644267 643826 644975 645004 645006 644893 644860 644729 644531 644363 644012 643724 643691 644962 644956 644944 644926 644839 644803 0 644801 644648 644642 644234 644171 643883 643796 643826 643715 644936 644887 644878 644800 644800 644714 644483 644060 643772 643655 643670 643697 0 0 643721 644837 644908 644842 
0 644768 644794 644806 0 644768 644718 644658 644648 644730 0 0 644986 644842 0 0 0 644526 0 644948 0 0 0 0 0 0 0 0 0 0 0 644754 0 645056 0 0 645052 0 0 644788 644522 0 0 644750 0 644604 644556 0 0 0 0 0 645074 0 644932 0 0 0 644270 0 0 0 645126 0 645054 645056 0 644770 0 0 644528 0 0 0 644242 0 0 0 645016 0 0 644568 0 645048 645066 645068 0 644968 0 0 644632 0 644206 644184 645038 645034 645026 0 0 644930 0 0 644822 0 644546 0 0 0 0 644200 645022 644988 0 0 644928 0 0 0 0 0 0 0 0 0 0 0 645002 0 
0 642976 643002 643014 642904 642976 642926 642853 642850 642937 642754 642724 643194 643050 642976 643024 642838 642667 643225 643156 643082 642937 642946 642844 642646 643236 643104 643000 642694 643243 643262 642925 642535 643270 643310 0 643260 0 643018 642964 642625 643360 643012 642907 642826 642724 642664 642586 642481 642400 643205 643352 643316 643240 643120 0 642448 642361 642478 643271 643325 643387 643377 643415 643367 643358 643096 642901 642703 642628 642610 642409 642370 642283 642450 643409 643401 643321 643329 0 642823 642646 642482 643275 643388 643377 643303 643255 643024 642862 642718 642427 642414 642392 643325 643345 643348 643325 643267 643243 0 643096 642943 642949 642601 642550 642310 642235 642265 642166 643273 643310 643293 643241 643195 642997 642802 642451 642211 642368 642384 642405 0 0 642423 643207 643324 643280 
0 644674 644738 644762 0 644742 644692 644632 644622 644704 0 0 644930 644816 0 0 0 644500 0 644922 0 0 0 0 0 0 0 0 0 0 0 644728 0 644932 0 0 645026 0 0 644762 644496 0 0 644724 0 644578 644530 0 0 0 0 0 645082 0 644906 0 0 0 644234 0 0 0 645036 0 645120 645120 0 644744 0 0 644502 0 0 0 644186 0 0 0 645106 0 0 644542 0 644934 645058 645094 0 645034 0 0 644606 0 644180 644138 644982 645002 645052 0 0 645054 0 0 644796 0 644520 0 0 0 0 644174 644932 645014 0 0 644994 0 0 0 0 0 0 0 0 0 0 0 645018 0 
0 644739 644803 644819 0 644781 644731 644671 644661 644743 0 0 644995 644855 0 0 0 644539 0 644961 0 0 0 0 0 0 0 0 0 0 0 644767 0 644997 0 0 645065 0 0 644801 644535 0 0 644763 0 644617 644569 0 0 0 0 0 645121 0 644945 0 0 0 644283 0 0 0 645101 0 645113 645115 0 644783 0 0 644541 0 0 0 644251 0 0 0 645075 0 0 644581 0 644999 645053 645065 0 645027 0 0 644645 0 644219 644197 645025 645021 645013 0 0 644989 0 0 644835 0 644559 0 0 0 0 644213 644997 644975 0 0 644987 0 0 0 0 0 0 0 0 0 0 0 644989 0 
0 644742 644812 644848 644826 644874 644850 644826 644802 644874 644793 0 645004 644970 644922 0 0 644753 644966 645042 0 644922 644946 644887 644747 645046 0 0 0 644970 645020 644962 0 644988 0 0 645036 0 645018 644991 644749 0 645039 644972 0 644831 644783 644723 644637 644583 0 644944 644972 0 645068 0 644623 644557 644328 0 0 0 644866 0 644868 644914 645068 644997 0 644775 644755 0 644571 644497 644260 644826 644830 644818 644900 0 0 644795 644220 644812 644794 644806 644900 644924 0 0 644859 0 644322 644222 644766 644762 644754 644766 644776 644852 0 0 644955 0 644773 644731 0 0 644501 644427 644762 644716 644750 644802 644918 644951 644927 0 644465 0 0 0 0 0 644150 0 644730 644686 
0 644785 644845 644869 0 644869 644845 644821 644797 644869 0 0 644979 644965 0 0 0 644797 0 644979 0 0 0 0 0 0 0 0 0 0 0 644965 0 644937 0 0 644941 0 0 644979 644849 0 0 644979 0 644917 644883 0 0 0 0 0 644869 0 644965 0 0 0 644341 0 0 0 644811 0 644797 644821 0 644979 0 0 644855 0 0 0 644293 0 0 0 644797 0 0 644895 0 644757 644739 644751 0 644821 0 0 644925 0 644317 644245 644711 644707 644699 0 0 644749 0 0 644941 0 644863 0 0 0 0 644527 644707 644661 0 0 644821 0 0 0 0 0 0 0 0 0 0 0 644675 0 
0 644704 644774 644810 644824 644848 644850 644862 644824 644886 644888 644908 644786 644930 644940 644944 644952 644946 644748 644824 644898 644966 645000 644988 645000 644744 644876 644968 645008 644704 644718 645018 645022 644686 644670 0 644720 0 644940 644984 645094 644620 644936 645022 645084 645108 645108 645084 644998 644944 644570 644628 644664 644740 644840 0 644984 644918 644290 644540 644546 644560 644550 644520 644552 644598 644856 645002 645154 645136 645116 644958 644932 644858 644222 644510 644514 644502 644590 0 645070 645120 644182 644496 644478 644490 644616 644686 644896 645028 645088 644986 644306 644184 644450 644446 644438 644450 644460 644580 0 644832 644950 644954 645050 645056 644900 644842 644862 644788 644446 644400 644434 644486 644726 644906 645024 645018 644826 644208 644078 644096 0 0 644112 644380 644414 644370 
0 644709 644779 644809 644829 644847 644855 644867 644829 644885 644893 0 644667 644811 644881 0 0 644951 0 644705 0 644907 0 644969 0 644625 0 0 0 0 644599 644899 0 644567 0 0 644601 0 644821 644865 645093 0 644817 644903 0 645049 645089 645119 0 0 0 0 644545 0 644721 0 0 645002 644295 0 0 0 644431 0 644433 644479 0 644883 0 645091 645117 0 645016 0 644227 644391 644395 644383 644471 0 0 645065 644187 644377 644359 644371 644497 644567 0 0 645021 0 644311 644189 644331 644327 644319 644331 644341 644461 0 0 644831 0 645010 645016 0 0 0 644872 644327 644281 644315 644367 644607 644787 644941 0 0 0 0 0 0 0 644117 0 644295 644251 
0 644737 644807 644843 0 644881 644883 644895 644857 644919 0 0 644737 644881 0 0 0 644979 0 644775 0 0 0 0 0 0 0 0 0 0 0 644969 0 644637 0 0 644671 0 0 644935 645127 0 0 644973 0 645119 645141 0 0 0 0 0 644615 0 644791 0 0 0 644323 0 0 0 644501 0 644503 644549 0 644953 0 0 645143 0 0 0 644255 0 0 0 644541 0 0 645087 0 644447 644429 644441 0 644637 0 0 645055 0 644339 644217 644401 644397 644389 0 0 644531 0 0 644901 0 645017 0 0 0 0 644837 644397 644351 0 0 644677 0 0 0 0 0 0 0 0 0 0 0 644365 0 
0 644299 644356 644372 644455 644429 644470 644512 644479 644486 644575 644605 644102 644318 644423 644357 644585 644662 644045 644159 644270 644462 644441 644567 644719 644039 644237 644375 644707 643979 644000 644450 644794 643952 643928 0 644003 0 644333 644399 644798 643853 644327 644456 644549 644675 644747 644837 644884 644951 643778 643865 643919 644033 644183 0 644953 644938 643826 643733 643742 643763 643748 643703 643751 643820 644207 644426 644672 644759 644789 644958 644945 644908 643724 643688 643694 643676 643808 0 644528 644729 643664 643667 643640 643658 643847 643952 644267 644465 644633 644910 643850 643667 643598 643592 643580 643598 643613 643793 0 644171 644348 644354 644762 644819 644915 644900 644910 644873 643592 643523 643574 643652 644012 644282 644513 644830 644892 643703 643508 643535 0 0 643559 643493 643544 643478 
0 644622 644660 644659 644734 644697 644736 644772 644742 644735 644806 0 644479 644623 644693 0 0 644864 0 644517 0 644719 0 644789 0 644437 0 0 0 0 644411 644711 0 644379 0 0 644413 0 644633 644677 644943 0 644629 644715 0 644861 644909 644969 0 0 0 0 644357 0 644533 0 0 645096 644208 0 0 0 644243 0 644245 644291 0 644695 0 644917 644937 0 645101 0 644140 644203 644207 644195 644283 0 0 644897 644100 644189 644171 644183 644309 644379 0 0 644833 0 644224 644102 644143 644139 644131 644143 644153 644273 0 0 644643 0 644919 644961 0 0 0 645016 644139 644093 644127 644179 644419 644599 644753 0 0 0 0 0 0 0 644030 0 644107 644063 
0 644582 644592 644590 644592 644590 644592 644592 644582 644590 644582 0 644422 644494 644542 0 0 644582 644422 644422 0 644542 644518 644566 644592 644374 0 0 0 644398 644374 644494 0 644374 0 0 644326 0 644446 644470 644590 0 644422 644470 0 644542 644566 644590 644592 644592 0 644230 644254 0 644350 0 644592 644592 644126 0 0 0 644254 0 644182 644206 644350 644398 0 644518 644542 0 644592 644582 644078 644206 644182 644134 644182 0 0 644494 644078 644278 644182 644158 644182 644206 0 0 644446 0 644102 644030 644230 644206 644134 644110 644086 644134 0 0 644326 0 644470 644494 0 0 644582 644532 644254 644134 644086 644086 644206 644302 644374 0 644546 0 0 0 0 0 644126 0 644158 644110 
0 0 0 0 0 0 0 0 0 0 0 0 0 0 0 0 0 0 0 0 0 0 0 0 0 0 0 0 0 0 0 0 0 0 0 0 0 0 0 0 0 0 0 0 0 0 0 0 0 0 0 0 0 0 632989 0 0 0 0 0 0 0 0 0 0 0 0 0 0 0 0 0 0 0 634252 0 0 0 0 0 0 0 0 0 0 0 0 0 0 0 0 0 634210 634235 0 0 0 0 0 0 0 0 632886 0 0 0 0 0 0 0 0 0 0 0 632758 0 0 0 0 0 0 0 0 0 0 0 0 0 
0 644676 644702 644714 644604 644676 644626 644566 644556 644638 644492 0 644894 644750 644680 0 0 644434 0 644856 0 644654 0 644584 0 644936 0 0 0 0 644962 644662 0 644994 0 0 644960 0 644740 644696 644430 0 644744 644658 0 644512 644464 644404 0 0 0 0 645016 0 644840 0 0 644238 644178 0 0 0 645130 0 645060 645062 0 644678 0 644456 644436 0 644252 0 644150 645150 645098 645014 645022 0 0 644476 644190 645052 645134 645074 644996 644974 0 0 644540 0 644114 644092 645102 645126 645078 645018 644960 644936 0 0 644730 0 644454 644412 0 0 0 644108 645050 645080 644986 644934 644934 644774 644620 0 0 0 0 0 0 0 644200 0 645094 645050 
0 644658 644706 644730 644657 644719 644679 644619 644609 644691 644545 0 644898 644803 644733 0 0 644487 0 644893 0 644707 0 644637 0 644946 0 0 0 0 644946 644715 0 644940 0 0 644993 0 644793 644749 644483 0 644797 644711 0 644565 644517 644457 0 0 0 0 645057 0 644893 0 0 644291 644202 0 0 0 645044 0 645099 645109 0 644731 0 644509 644489 0 644305 0 644154 645095 645099 645051 645091 0 0 644529 644154 644942 645077 645075 645078 645042 0 0 644593 0 644162 644106 644992 645031 645037 645027 645003 645018 0 0 644783 0 644507 644465 0 0 0 644161 644940 644999 645003 644999 645002 644827 644673 0 0 0 0 0 0 0 644090 0 645013 644969 
0 644588 644658 644690 644610 644673 644632 644572 644562 644644 644498 0 644850 644756 644686 0 0 644440 0 644847 0 644660 0 644590 0 644904 0 0 0 0 644878 644668 0 644846 0 0 644947 0 644746 644702 644436 0 644750 644664 0 644518 644470 644410 0 0 0 0 645011 0 644846 0 0 644244 644160 0 0 0 644950 0 645096 645068 0 644684 0 644462 644442 0 644258 0 644106 645006 645058 645111 645084 0 0 644482 644066 644848 645022 645075 645070 645000 0 0 644546 0 644116 644066 644898 644942 645047 645069 645077 645075 0 0 644736 0 644460 644418 0 0 0 644114 644846 645009 645053 645067 644960 644780 644626 0 0 0 0 0 0 0 643996 0 644999 644989 
0 644661 644731 644767 0 644777 644745 644685 644675 644757 0 0 644923 644869 0 0 0 644553 0 644945 0 0 0 0 0 0 0 0 0 0 0 644781 0 644919 0 0 645041 0 0 644815 644549 0 0 644777 0 644631 644583 0 0 0 0 0 645113 0 644959 0 0 0 644247 0 0 0 645023 0 645099 645115 0 644797 0 0 644555 0 0 0 644179 0 0 0 645115 0 0 644595 0 644921 645025 645051 0 645067 0 0 644659 0 644225 644141 644949 644969 644999 0 0 645067 0 0 644849 0 644573 0 0 0 0 644227 644919 644961 0 0 645027 0 0 0 0 0 0 0 0 0 0 0 644975 0 
636865 636857 636892 636910 636917 636929 636930 636928 636917 636948 636891 636881 636988 636988 636975 636977 636931 636862 636969 637007 636996 636972 636979 636937 636859 637015 637009 637001 636879 636971 637002 636976 636818 636986 637050 637054 637051 637037 637015 636993 636860 637047 637017 636974 636943 636901 636877 636847 636804 636777 636952 637051 637069 637085 637065 637078 636797 636764 636469 636985 637010 637017 637012 636997 637013 637036 637057 636984 636902 636873 636863 636784 636771 636734 636411 636992 636994 636988 637032 637108 636950 636883 636391 636985 636976 636982 637045 637068 637037 636971 636915 636798 636465 636368 636962 636960 636956 636962 636967 637027 637081 637067 637010 637008 636872 636851 636755 636726 636736 636699 636960 636937 636954 636980 637048 637032 636955 636814 636718 636380 636291 636312 636316 636320 636380 636927 636944 636922 
0 644301 644406 644460 644481 644517 644520 644538 644481 644574 644577 644607 644604 644694 644655 644661 644673 644640 644547 644661 644716 644694 644745 644727 644691 644541 644719 644751 644719 644481 644502 644826 644626 644454 644430 0 644505 0 644815 644845 644740 644355 644829 644902 644895 644829 644781 644727 644636 644609 644280 644367 644421 644535 644685 0 644653 644596 643680 644235 644244 644265 644250 644205 644253 644322 644709 644884 644878 644825 644791 644640 644627 644542 643578 644190 644196 644178 644310 0 644936 644859 643518 644169 644142 644160 644349 644454 644759 644881 644901 644702 643704 643521 644100 644094 644082 644100 644115 644295 0 644673 644776 644812 644870 644827 644635 644582 644592 644531 644094 644025 644076 644154 644514 644740 644817 644766 644574 643557 643362 643389 0 0 643413 643995 644046 643980 
0 644661 644731 644767 0 644805 644807 644819 644781 644843 0 0 644753 644897 0 0 0 644903 0 644791 0 0 0 0 0 0 0 0 0 0 0 644985 0 644653 0 0 644687 0 0 644951 645051 0 0 644989 0 645065 645065 0 0 0 0 0 644631 0 644807 0 0 0 644247 0 0 0 644517 0 644519 644565 0 644969 0 0 645117 0 0 0 644179 0 0 0 644557 0 0 645139 0 644463 644445 644457 0 644653 0 0 645091 0 644263 644141 644417 644413 644405 0 0 644547 0 0 644917 0 645093 0 0 0 0 644821 644413 644367 0 0 644693 0 0 0 0 0 0 0 0 0 0 0 644381 0 
0 644632 644564 644528 644514 644490 644488 644476 644514 644452 644450 0 644372 644372 644398 0 0 644392 0 644334 0 644372 0 644350 0 644318 0 0 0 0 644344 644284 0 644344 0 0 644246 0 644266 644270 644244 0 644222 644232 0 644230 644230 644218 0 0 0 0 644158 0 644174 0 0 644148 645048 0 0 0 644224 0 644126 644128 0 644108 0 644126 644154 0 644114 0 645116 644176 644152 644080 644088 0 0 644098 645136 644174 644152 644128 644062 644040 0 0 644066 0 645032 645094 644128 644124 644104 644080 644026 644002 0 0 644016 0 644028 644034 0 0 0 644018 644124 644078 644052 644000 644000 644012 644002 0 0 0 0 0 0 0 645002 0 644092 644048 
0 644657 644683 644695 0 644657 644607 644547 644537 644619 0 0 644875 644731 0 0 0 644415 0 644837 0 0 0 0 0 0 0 0 0 0 0 644643 0 644975 0 0 644941 0 0 644677 644411 0 0 644639 0 644493 644445 0 0 0 0 0 644963 0 644821 0 0 0 644159 0 0 0 645077 0 644943 644945 0 644659 0 0 644417 0 0 0 644131 0 0 0 644905 0 0 644457 0 645129 645017 644957 0 644857 0 0 644521 0 644095 644073 645117 645093 644961 0 0 644819 0 0 644711 0 644435 0 0 0 0 644089 645129 644999 0 0 644817 0 0 0 0 0 0 0 0 0 0 0 645033 0 
0 644657 644683 644695 0 644657 644607 644547 644537 644619 0 0 644875 644731 0 0 0 644415 0 644837 0 0 0 0 0 0 0 0 0 0 0 644643 0 644959 0 0 644941 0 0 644677 644411 0 0 644639 0 644493 644445 0 0 0 0 0 644997 0 644821 0 0 0 644159 0 0 0 645079 0 645063 645041 0 644659 0 0 644417 0 0 0 644131 0 0 0 645025 0 0 644457 0 645011 645105 645101 0 644953 0 0 644521 0 644095 644073 645061 645083 645095 0 0 644977 0 0 644711 0 644435 0 0 0 0 644089 645009 645095 0 0 644913 0 0 0 0 0 0 0 0 0 0 0 645099 0 
0 644675 644715 644727 0 644689 644639 644579 644569 644651 0 0 644907 644763 0 0 0 644447 0 644869 0 0 0 0 0 0 0 0 0 0 0 644675 0 644963 0 0 644973 0 0 644709 644443 0 0 644671 0 644525 644477 0 0 0 0 0 645029 0 644853 0 0 0 644191 0 0 0 645083 0 645091 645069 0 644691 0 0 644449 0 0 0 644163 0 0 0 645053 0 0 644489 0 644987 645105 645105 0 644981 0 0 644553 0 644127 644105 645035 645055 645091 0 0 645001 0 0 644743 0 644467 0 0 0 0 644121 644985 645067 0 0 644941 0 0 0 0 0 0 0 0 0 0 0 645071 0 
0 644632 644702 644738 644720 644768 644744 644693 644683 644765 644619 0 644894 644864 644807 0 0 644561 0 644932 0 644781 0 644711 0 644948 0 0 0 0 644922 644789 0 644890 0 0 645020 0 644867 644823 644557 0 644871 644785 0 644639 644591 644531 0 0 0 0 645104 0 644967 0 0 644365 644218 0 0 0 644994 0 645084 645120 0 644805 0 644583 644563 0 644379 0 644150 645032 645046 645034 645120 0 0 644603 644110 644892 645010 645022 645120 645103 0 0 644667 0 644216 644112 644942 644968 644970 644982 644992 645072 0 0 644857 0 644581 644539 0 0 0 644235 644890 644932 644966 645018 645063 644901 644747 0 0 0 0 0 0 0 644040 0 644946 644902 
0 644556 644626 644662 0 644700 644702 644708 644676 644738 0 0 644818 644818 0 0 0 644604 0 644856 0 0 0 0 0 0 0 0 0 0 0 644832 0 644814 0 0 644944 0 0 644866 644600 0 0 644828 0 644682 644634 0 0 0 0 0 645032 0 644996 0 0 0 644142 0 0 0 644918 0 645004 645026 0 644848 0 0 644606 0 0 0 644074 0 0 0 645042 0 0 644646 0 644816 644930 644966 0 645104 0 0 644710 0 644158 644036 644854 644874 644938 0 0 645080 0 0 644900 0 644624 0 0 0 0 644278 644814 644900 0 0 645088 0 0 0 0 0 0 0 0 0 0 0 644890 0 
0 644624 644694 644730 644744 644768 644770 644782 644744 644806 644808 644828 644886 644886 644860 644864 644872 644832 644848 644924 644902 644886 644920 644908 644826 644940 644928 644924 644866 644852 644914 644974 644744 644882 644952 0 645002 0 644992 644988 644828 644902 645036 645026 644994 644910 644862 644802 644716 644662 644814 644910 644946 645022 645084 0 644702 644636 644210 644822 644828 644842 644832 644802 644834 644880 645100 645076 644912 644854 644834 644676 644650 644576 644142 644792 644796 644784 644872 0 645008 644874 644102 644778 644760 644772 644898 644968 645166 645050 644938 644704 644226 644104 644732 644728 644720 644732 644742 644862 0 645114 645118 645124 644852 644810 644618 644560 644580 644506 644728 644682 644716 644768 645008 645114 645018 644736 644544 644128 643998 644016 0 0 644032 644662 644696 644652 
0 644180 644285 644339 644360 644396 644399 644417 644360 644453 644456 644486 644573 644573 644534 644540 644552 644543 644516 644630 644597 644573 644624 644606 644622 644574 644636 644630 644636 644490 644535 644705 644597 644487 644467 0 644542 0 644732 644726 644711 644392 644798 644783 644804 644772 644748 644698 644607 644580 644317 644404 644458 644572 644722 0 644624 644567 643559 644272 644281 644302 644287 644242 644290 644359 644746 644937 644849 644796 644762 644611 644598 644513 643457 644227 644233 644215 644347 0 644915 644830 643397 644206 644179 644197 644386 644491 644806 644958 644910 644673 643583 643400 644137 644131 644119 644137 644152 644332 0 644710 644875 644893 644843 644798 644606 644553 644563 644502 644131 644062 644113 644191 644551 644821 644942 644737 644545 643436 643241 643268 0 0 643292 644032 644083 644017 
0 644590 644660 644696 0 644734 644736 644748 644710 644772 0 0 644804 644852 0 0 0 644832 0 644842 0 0 0 0 0 0 0 0 0 0 0 644940 0 644704 0 0 644738 0 0 644954 644980 0 0 644992 0 644994 644994 0 0 0 0 0 644682 0 644858 0 0 0 644176 0 0 0 644568 0 644570 644616 0 645020 0 0 645070 0 0 0 644108 0 0 0 644608 0 0 645120 0 644514 644496 644508 0 644704 0 0 645144 0 644192 644070 644468 644464 644456 0 0 644598 0 0 644968 0 645116 0 0 0 0 644770 644464 644418 0 0 644744 0 0 0 0 0 0 0 0 0 0 0 644432 0 
0 644181 644238 644268 644337 644325 644352 644394 644361 644382 644457 644487 644132 644348 644415 644375 644481 644544 644075 644189 644300 644454 644459 644511 644601 644069 644267 644405 644589 644009 644030 644480 644676 643982 643958 0 644033 0 644363 644429 644694 643883 644357 644486 644579 644667 644691 644733 644766 644847 643808 643895 643949 644063 644213 0 644835 644852 643676 643763 643772 643793 643778 643733 643781 643850 644237 644456 644702 644777 644781 644868 644859 644822 643574 643718 643724 643706 643838 0 644558 644759 643514 643697 643670 643688 643877 643982 644297 644495 644663 644886 643700 643517 643628 643622 643610 643628 643643 643823 0 644201 644378 644384 644792 644855 644843 644814 644824 644787 643622 643553 643604 643682 644042 644312 644543 644880 644806 643553 643358 643385 0 0 643409 643523 643574 643508 
0 0 0 0 0 0 0 0 0 0 0 0 0 0 0 0 0 0 0 0 0 0 0 0 0 0 0 0 0 0 0 0 0 0 0 0 0 0 0 0 0 0 0 0 0 0 0 0 0 0 0 0 0 0 597888 0 0 0 0 0 0 0 0 0 0 0 0 0 0 0 0 0 0 0 598268 0 0 0 0 0 0 0 0 0 0 0 0 0 0 0 0 0 598325 598238 0 0 0 0 0 0 0 0 597675 0 0 0 0 0 0 0 0 0 0 0 597771 0 0 0 0 0 0 0 0 0 0 0 0 0 
0 0 0 0 0 0 0 0 0 0 0 0 0 0 0 0 0 0 0 0 0 0 0 0 0 0 0 0 0 0 0 0 0 0 0 0 0 0 0 0 0 0 0 0 0 0 0 0 0 0 0 0 0 0 637304 0 0 0 0 0 0 0 0 0 0 0 0 0 0 0 0 0 0 0 0 0 0 0 0 0 0 0 0 0 0 0 0 0 0 0 0 0 0 637817 0 0 0 0 0 0 0 0 0 0 0 0 0 0 0 0 0 0 0 0 0 0 0 0 0 0 0 0 0 0 0 0 0 0 
0 644609 644635 644647 0 644609 644559 644499 644489 644571 0 0 644827 644683 0 0 0 644367 0 644789 0 0 0 0 0 0 0 0 0 0 0 644595 0 644927 0 0 644893 0 0 644629 644363 0 0 644591 0 644445 644397 0 0 0 0 0 644949 0 644773 0 0 0 644111 0 0 0 645063 0 644989 644979 0 644611 0 0 644369 0 0 0 644083 0 0 0 644951 0 0 644409 0 645101 645063 645003 0 644891 0 0 644473 0 644047 644025 645137 645131 645007 0 0 644865 0 0 644663 0 644387 0 0 0 0 644041 645121 645045 0 0 644851 0 0 0 0 0 0 0 0 0 0 0 645079 0 
0 644651 644677 644689 0 644651 644601 644541 644531 644613 0 0 644869 644725 0 0 0 644409 0 644831 0 0 0 0 0 0 0 0 0 0 0 644637 0 644969 0 0 644935 0 0 644671 644405 0 0 644633 0 644487 644439 0 0 0 0 0 644991 0 644815 0 0 0 644153 0 0 0 645100 0 645036 645021 0 644653 0 0 644411 0 0 0 644125 0 0 0 644998 0 0 644451 0 645038 645105 645055 0 644933 0 0 644515 0 644089 644067 645076 645096 645058 0 0 644917 0 0 644705 0 644429 0 0 0 0 644083 645036 645071 0 0 644893 0 0 0 0 0 0 0 0 0 0 0 645086 0 
0 644675 644701 644713 0 644675 644625 644565 644555 644637 0 0 644893 644749 0 0 0 644433 0 644855 0 0 0 0 0 0 0 0 0 0 0 644661 0 644993 0 0 644933 0 0 644695 644429 0 0 644657 0 644511 644463 0 0 0 0 0 644917 0 644837 0 0 0 644177 0 0 0 645019 0 644957 644935 0 644677 0 0 644435 0 0 0 644149 0 0 0 644919 0 0 644475 0 644975 645019 644995 0 644847 0 0 644539 0 644113 644091 644977 644997 645019 0 0 644881 0 0 644703 0 644453 0 0 0 0 644107 644949 645019 0 0 644807 0 0 0 0 0 0 0 0 0 0 0 645013 0 
0 644605 644649 644667 644569 644641 644591 644531 644521 644603 644457 0 644841 644715 644645 0 0 644399 0 644821 0 644619 0 644549 0 644886 0 0 0 0 644895 644627 0 644863 0 0 644922 0 644705 644661 644395 0 644709 644623 0 644477 644429 644369 0 0 0 0 644981 0 644805 0 0 644203 644135 0 0 0 644967 0 645078 645043 0 644643 0 644421 644401 0 644217 0 644097 645023 645075 645125 645055 0 0 644441 644083 644865 645039 645099 645029 644959 0 0 644505 0 644079 644044 644915 644959 645093 645128 645097 645063 0 0 644695 0 644419 644377 0 0 0 644073 644863 645055 645108 645084 644919 644739 644585 0 0 0 0 0 0 0 644013 0 645023 645048 
0 644529 644566 644584 644504 644565 644526 644466 644456 644538 644392 0 644758 644650 644580 0 0 644334 0 644739 0 644554 0 644484 0 644803 0 0 0 0 644816 644562 0 644794 0 0 644839 0 644640 644596 644330 0 644644 644558 0 644412 644364 644304 0 0 0 0 644903 0 644740 0 0 644138 644052 0 0 0 644898 0 644995 644960 0 644578 0 644356 644336 0 644152 0 644014 644954 645006 645044 644976 0 0 644376 644014 644796 644970 645030 644963 644894 0 0 644440 0 644008 643961 644846 644890 645026 645082 645082 645000 0 0 644630 0 644354 644312 0 0 0 644008 644794 644988 645095 645069 644854 644674 644520 0 0 0 0 0 0 0 643944 0 644954 645006 
0 644516 644586 644622 0 644660 644662 644656 644634 644698 0 0 644778 644778 0 0 0 644524 0 644816 0 0 0 0 0 0 0 0 0 0 0 644752 0 644774 0 0 644904 0 0 644786 644520 0 0 644748 0 644602 644554 0 0 0 0 0 644992 0 644930 0 0 0 644102 0 0 0 644878 0 645024 645022 0 644768 0 0 644526 0 0 0 644034 0 0 0 645062 0 0 644566 0 644776 644950 645010 0 645084 0 0 644630 0 644118 643996 644826 644870 644992 0 0 645134 0 0 644820 0 644544 0 0 0 0 644198 644774 644954 0 0 645044 0 0 0 0 0 0 0 0 0 0 0 644934 0 
639332 639316 639386 639422 639436 639460 639462 639455 639436 639498 639406 639396 639578 639578 639552 639556 639482 639377 639540 639616 639594 639547 639566 639500 639386 639632 639620 639600 639418 639544 639606 639575 639333 639574 639702 639710 639704 639676 639638 639604 639411 639700 639652 639585 639542 639476 639440 639398 639331 639304 639506 639751 639768 639772 639736 639761 639336 639291 638902 639572 639626 639664 639654 639655 639699 639733 639728 639631 639501 639460 639438 639323 639310 639249 638834 639645 639661 639673 639737 639817 639573 639482 638794 639576 639625 639649 639763 639796 639720 639618 639538 639361 638918 638796 639573 639581 639609 639633 639655 639751 639802 639776 639693 639679 639483 639450 639306 639265 639275 639226 639550 639571 639629 639681 639776 639727 639614 639401 639257 638820 638690 638708 638716 638724 638724 639484 639573 639553 
0 644537 644607 644643 644657 644681 644683 644695 644657 644719 644721 644719 644799 644799 644773 644777 644785 644681 644761 644837 644815 644799 644833 644819 644675 644853 644841 644837 644715 644765 644827 644887 644593 644795 644923 0 644925 0 644905 644901 644677 644909 644949 644905 644843 644759 644711 644651 644565 644511 644727 644965 644977 644993 644997 0 644551 644485 644123 644793 644835 644873 644863 644881 644937 644959 645013 644925 644761 644703 644683 644525 644499 644425 644055 644871 644899 644935 644975 0 644857 644723 644015 644785 644863 644899 645001 645047 645031 644899 644787 644553 644139 644017 644787 644807 644871 644883 644893 645013 0 645083 644977 644973 644701 644659 644467 644409 644429 644355 644759 644833 644867 644919 645087 645021 644867 644585 644393 644041 643911 643929 0 0 643945 644693 644823 644803 
0 0 0 0 0 0 0 0 0 0 0 0 0 0 0 0 0 0 0 0 0 0 0 0 0 0 0 0 0 0 0 0 0 0 0 0 0 0 0 0 0 0 0 0 0 0 0 0 0 0 0 0 0 0 600823 0 0 0 0 0 0 0 0 0 0 0 0 0 0 0 0 0 0 0 0 0 0 0 0 0 0 0 0 0 0 0 0 0 0 0 0 0 0 599353 0 0 0 0 0 0 0 0 600975 0 0 0 0 0 0 0 0 0 0 0 0 0 0 0 0 0 0 0 0 0 0 0 0 0 
0 644170 644275 644329 644350 644386 644389 644407 644350 644443 644446 644476 644563 644563 644524 644530 644542 644533 644506 644620 644587 644563 644614 644596 644594 644644 644626 644620 644626 644512 644605 644695 644529 644557 644585 0 644660 0 644722 644716 644643 644510 644788 644773 644794 644732 644684 644630 644539 644512 644435 644522 644576 644690 644840 0 644556 644499 643549 644390 644399 644420 644405 644360 644408 644477 644864 644955 644781 644728 644694 644543 644530 644445 643447 644345 644351 644333 644465 0 644877 644762 643387 644324 644297 644315 644504 644609 644924 644946 644842 644605 643573 643390 644255 644249 644237 644255 644270 644450 0 644828 644965 645007 644775 644730 644538 644485 644495 644422 644249 644180 644231 644309 644669 644935 644954 644669 644477 643426 643231 643258 0 0 643282 644150 644201 644135 
0 644574 644644 644680 0 644718 644720 644732 644694 644756 0 0 644740 644836 0 0 0 644816 0 644778 0 0 0 0 0 0 0 0 0 0 0 644924 0 644640 0 0 644674 0 0 644928 644964 0 0 644966 0 644978 644978 0 0 0 0 0 644618 0 644794 0 0 0 644160 0 0 0 644504 0 644506 644552 0 644956 0 0 645054 0 0 0 644092 0 0 0 644544 0 0 645110 0 644450 644432 644444 0 644640 0 0 645094 0 644176 644054 644404 644400 644392 0 0 644534 0 0 644904 0 645146 0 0 0 0 644834 644400 644354 0 0 644680 0 0 0 0 0 0 0 0 0 0 0 644368 0 
0 644600 644670 644706 644720 644744 644746 644758 644720 644782 644784 0 644678 644822 644836 0 0 644842 0 644716 0 644862 0 644884 0 644636 0 0 0 0 644610 644910 0 644578 0 0 644612 0 644832 644876 644990 0 644828 644914 0 645004 645004 645016 0 0 0 0 644556 0 644732 0 0 644973 644186 0 0 0 644442 0 644444 644490 0 644894 0 645097 645080 0 644987 0 644118 644402 644406 644394 644482 0 0 645096 644078 644388 644370 644382 644508 644578 0 0 645032 0 644202 644080 644342 644338 644330 644342 644352 644472 0 0 644842 0 645093 645107 0 0 0 644843 644338 644292 644326 644378 644618 644798 644952 0 0 0 0 0 0 0 644008 0 644306 644262 
0 644270 644357 644387 644450 644444 644471 644507 644450 644501 644546 644576 644175 644391 644496 644430 644600 644633 644118 644232 644343 644535 644514 644628 644714 644112 644310 644448 644708 644052 644073 644523 644765 644025 644001 0 644076 0 644406 644472 644813 643926 644400 644529 644622 644748 644808 644852 644879 644960 643851 643938 643992 644106 644256 0 644954 644999 643649 643806 643815 643836 643821 643776 643824 643893 644280 644499 644745 644832 644862 644993 645032 645017 643547 643761 643767 643749 643881 0 644601 644802 643487 643740 643713 643731 643920 644025 644340 644538 644706 645045 643673 643490 643671 643665 643653 643671 643686 643866 0 644244 644421 644427 644835 644898 645112 645069 645095 645006 643665 643596 643647 643725 644085 644355 644586 645009 645045 643526 643331 643358 0 0 643382 643566 643617 643551 
0 644254 644339 644359 644434 644416 644453 644491 644434 644473 644530 644560 644091 644307 644412 644346 644572 644617 644034 644148 644259 644451 644430 644556 644698 644028 644226 644364 644690 643968 643989 644439 644749 643941 643917 0 643992 0 644322 644388 644785 643842 644316 644445 644538 644664 644736 644824 644863 644944 643767 643854 643908 644022 644172 0 644936 644983 643633 643722 643731 643752 643737 643692 643740 643809 644196 644415 644661 644748 644778 644975 645014 645001 643531 643677 643683 643665 643797 0 644517 644718 643471 643656 643629 643647 643836 643941 644256 644454 644622 644973 643657 643474 643587 643581 643569 643587 643602 643782 0 644160 644337 644343 644751 644814 645096 645101 645101 645070 643581 643512 643563 643641 644001 644271 644502 644925 645093 643510 643315 643342 0 0 643366 643482 643533 643467 
0 643312 643358 643358 643420 643396 643434 643458 643432 643434 643496 0 643262 643370 643416 0 0 643554 643224 643300 0 643442 643440 643500 643596 643244 0 0 0 643192 643218 643458 0 643186 0 0 643244 0 643404 643436 643642 0 643412 643474 0 643584 643620 643668 643706 643760 0 643200 643224 0 643352 0 643756 643786 643126 0 0 0 643110 0 643148 643182 643368 643490 0 643652 643660 0 643808 643810 643082 643094 643110 643122 643186 0 0 643644 643042 643044 643074 643098 643212 643270 0 0 643604 0 643154 643068 643022 643030 643058 643082 643104 643200 0 0 643474 0 643678 643708 0 0 643869 643872 643006 643020 643078 643130 643310 643442 643560 0 643887 0 0 0 0 0 642948 0 643022 643002 
0 644590 644590 644578 0 644616 644666 644724 644710 644654 0 0 644398 644542 0 0 0 644832 0 644436 0 0 0 0 0 0 0 0 0 0 0 644630 0 644298 0 0 644332 0 0 644596 644862 0 0 644634 0 644780 644828 0 0 0 0 0 644276 0 644452 0 0 0 644186 0 0 0 644162 0 644164 644210 0 644614 0 0 644856 0 0 0 644118 0 0 0 644202 0 0 644816 0 644108 644090 644102 0 644298 0 0 644752 0 644202 644080 644062 644058 644050 0 0 644192 0 0 644562 0 644838 0 0 0 0 645142 644058 644012 0 0 644338 0 0 0 0 0 0 0 0 0 0 0 644026 0 
0 644617 644643 644655 0 644617 644567 644507 644497 644579 0 0 644835 644691 0 0 0 644375 0 644797 0 0 0 0 0 0 0 0 0 0 0 644603 0 644935 0 0 644901 0 0 644637 644371 0 0 644599 0 644453 644405 0 0 0 0 0 644919 0 644781 0 0 0 644119 0 0 0 645033 0 644899 644901 0 644619 0 0 644377 0 0 0 644091 0 0 0 644861 0 0 644417 0 645111 644973 644913 0 644813 0 0 644481 0 644055 644033 645097 645053 644917 0 0 644775 0 0 644671 0 644395 0 0 0 0 644049 645137 644955 0 0 644773 0 0 0 0 0 0 0 0 0 0 0 644989 0 
0 644686 644712 644724 0 644686 644636 644576 644566 644648 0 0 644904 644760 0 0 0 644444 0 644866 0 0 0 0 0 0 0 0 0 0 0 644672 0 644982 0 0 644900 0 0 644706 644440 0 0 644668 0 644522 644474 0 0 0 0 0 644884 0 644804 0 0 0 644188 0 0 0 644998 0 644924 644902 0 644688 0 0 644446 0 0 0 644160 0 0 0 644886 0 0 644486 0 644986 644998 644962 0 644814 0 0 644550 0 644124 644102 644988 645008 644990 0 0 644848 0 0 644670 0 644464 0 0 0 0 644118 644960 645024 0 0 644774 0 0 0 0 0 0 0 0 0 0 0 645024 0 
0 644572 644619 644632 644522 644594 644544 644484 644474 644556 644410 0 644811 644668 644598 0 0 644352 0 644774 0 644572 0 644502 0 644854 0 0 0 0 644860 644580 0 644860 0 0 644878 0 644658 644614 644348 0 644662 644576 0 644430 644382 644322 0 0 0 0 644934 0 644758 0 0 644156 644096 0 0 0 644972 0 645046 645000 0 644596 0 644374 644354 0 644170 0 644067 645028 645052 645086 645008 0 0 644394 644068 644870 645044 645076 644982 644912 0 0 644458 0 644032 644010 644920 644964 645090 645090 645073 645008 0 0 644648 0 644372 644330 0 0 0 644026 644868 645052 645083 645047 644872 644692 644538 0 0 0 0 0 0 0 644018 0 645028 645046 
0 644521 644591 644627 644597 644655 644620 644568 644558 644638 644494 0 644783 644742 644682 0 0 644436 0 644821 0 644656 0 644586 0 644837 0 0 0 0 644811 644664 0 644779 0 0 644909 0 644742 644698 644432 0 644746 644660 0 644514 644466 644406 0 0 0 0 644991 0 644842 0 0 644240 644107 0 0 0 644883 0 645029 645027 0 644680 0 644458 644438 0 644254 0 644039 644939 644991 645059 645063 0 0 644478 643999 644781 644955 645011 645055 644996 0 0 644542 0 644100 644001 644831 644875 644995 645043 645075 645081 0 0 644732 0 644456 644414 0 0 0 644110 644779 644957 645049 645101 644956 644776 644622 0 0 0 0 0 0 0 643929 0 644935 644963 
0 0 0 0 0 0 0 0 0 0 0 0 0 0 0 0 0 0 0 0 0 0 0 0 0 0 0 0 0 0 0 0 0 0 0 0 0 0 0 0 0 0 0 0 0 0 0 0 0 0 0 0 0 0 635971 0 0 0 0 0 0 0 0 0 0 0 0 0 0 0 0 0 0 0 634588 0 0 0 0 0 0 0 0 0 0 0 0 0 0 0 0 0 634714 634510 0 0 0 0 0 0 0 0 635900 0 0 0 0 0 0 0 0 0 0 0 636076 0 0 0 0 0 0 0 0 0 0 0 0 0 
0 623694 623799 623853 0 623910 623913 623931 623874 623967 0 0 624087 624087 0 0 0 624041 0 624144 0 0 0 0 0 0 0 0 0 0 624129 624219 0 624081 0 0 624276 0 0 624240 624049 0 0 624297 0 624172 624100 0 0 0 0 0 624291 0 624384 0 0 0 623073 0 0 0 624120 0 624130 624199 0 624421 0 0 624058 0 0 0 622948 0 0 0 624187 0 0 624118 0 624027 624019 624037 0 624331 0 0 624214 0 623086 622867 623977 623971 623959 0 0 624172 0 0 624499 0 624085 0 0 0 0 623232 623964 623902 0 0 624391 624556 624334 0 0 0 0 0 0 0 0 0 623923 0 
0 634577 634732 634810 0 634829 634770 634716 634637 634848 0 0 635109 635037 0 0 0 634698 0 635128 0 0 0 0 0 0 0 0 0 0 635118 635081 0 635102 0 0 635119 0 0 635112 634952 0 0 635131 0 635048 635007 0 0 0 0 0 635025 0 635185 0 0 0 633230 0 0 0 634968 0 634897 634944 0 635243 0 0 635055 0 0 0 633076 0 0 0 634916 0 0 635132 0 634965 634860 634842 0 634988 0 0 635215 0 633178 632937 634894 634868 634756 0 0 634827 0 0 635234 0 635122 0 0 0 0 634211 634916 634737 0 0 635008 635194 635274 0 0 0 0 0 0 0 0 0 634804 0 
0 644208 644265 644295 644364 644352 644379 644421 644388 644409 644484 644514 644209 644411 644442 644424 644508 644571 644152 644266 644377 644481 644508 644538 644628 644146 644344 644468 644616 644086 644107 644543 644703 644059 644035 0 644110 0 644440 644506 644721 643960 644434 644563 644642 644694 644718 644760 644793 644874 643885 643972 644026 644140 644290 0 644862 644911 643641 643840 643849 643870 643855 643810 643858 643927 644314 644533 644765 644826 644808 644901 644928 644897 643539 643795 643801 643783 643915 0 644635 644822 643479 643774 643747 643765 643954 644059 644374 644572 644740 644949 643665 643482 643705 643699 643687 643705 643720 643900 0 644278 644455 644461 644869 644918 644918 644889 644899 644862 643699 643630 643681 643759 644119 644389 644620 644977 644881 643518 643323 643350 0 0 643374 643600 643651 643585 
0 630350 630374 630364 630362 630364 630374 630362 630350 630364 630350 0 630280 630316 630340 0 0 630350 630280 630280 0 630340 630328 630352 630362 630256 0 0 0 630268 630256 630316 0 630256 0 0 630232 0 630292 630304 630364 0 630280 630304 0 630340 630352 630364 630362 630362 0 630184 630196 0 630244 0 630374 630362 630122 0 0 0 630196 0 630160 630172 630244 630268 0 630328 630340 0 630374 630350 630098 630172 630160 630136 630160 0 0 630316 630098 630208 630160 630148 630160 630172 0 0 630292 0 630110 630074 630184 630172 630136 630124 630112 630136 0 0 630232 0 630304 630316 0 0 630374 630362 630196 630136 630112 630112 630172 630220 630256 0 630374 0 0 0 0 0 630122 0 630148 630124 
0 643104 643058 643022 643008 642984 642982 642970 643008 642946 642944 642924 642866 642866 642892 642888 642880 642886 642848 642828 642850 642866 642832 642844 642832 642812 642824 642828 642824 642804 642818 642778 642798 642786 642742 0 642740 0 642760 642764 642738 642720 642716 642726 642712 642724 642724 642712 642722 642668 642670 642640 642652 642672 642668 0 642660 642642 643542 642640 642646 642660 642650 642620 642620 642622 642652 642602 642630 642620 642648 642634 642608 642630 643610 642610 642614 642574 642582 0 642630 642592 643590 642596 642578 642590 642556 642534 642564 642576 642560 642566 643526 643624 642550 642546 642538 642550 642520 642496 0 642532 642510 642554 642522 642528 642528 642518 642538 642512 642546 642500 642534 642494 642494 642506 642496 642502 642502 643600 643606 643600 0 0 643424 642480 642514 642470 
0 638804 638754 638724 638655 638667 638640 638598 638631 638610 638535 0 638658 638586 638577 638595 638511 638448 638700 638601 0 638538 638511 638481 638391 638625 638571 0 0 638690 638658 638454 0 638678 0 0 638565 0 638475 638457 638298 0 638433 638400 0 638325 638301 638259 638226 638145 0 638511 638505 638487 638433 0 638157 638106 638976 0 0 0 638618 0 638529 638508 638409 638286 0 638193 638211 0 638079 638064 639023 638594 638574 638508 638472 0 0 638175 639067 638630 638582 638562 638433 638376 0 0 638175 0 638928 639008 638606 638594 638558 638530 638475 638391 0 0 638220 0 638094 638079 0 0 637974 637911 638618 638558 638510 638436 638316 638238 638151 0 637920 0 639067 0 0 0 639050 0 638570 638546 
0 640018 639948 639912 639898 639874 639872 639860 639898 639836 639834 639814 639756 639756 639782 639778 639770 639776 639790 639718 639740 639756 639722 639734 639722 639702 639714 639718 639714 639766 639728 639668 639688 639742 639632 0 639630 0 639650 639654 639628 639634 639606 639616 639602 639614 639614 639602 639612 639558 639718 639530 639542 639562 639558 0 639550 639532 640432 639670 639646 639622 639622 639574 639510 639512 639542 639492 639520 639510 639538 639524 639498 639520 640500 639574 639548 639464 639472 0 639520 639482 640534 639646 639550 639524 639446 639424 639454 639466 639450 639456 640416 640516 639598 639574 639502 639468 639410 639386 0 639422 639400 639444 639412 639418 639418 639408 639428 639402 639622 639502 639436 639384 639384 639396 639386 639392 639392 640492 640560 640560 0 0 640486 639622 639526 639478 
0 644495 644476 644464 644402 644426 644400 644364 644378 644388 644314 644294 644476 644404 644382 644402 644322 644256 644503 644438 644412 644356 644346 644310 644226 644470 644410 644366 644242 644513 644494 644316 644168 644510 644472 0 644446 0 644346 644326 644180 644495 644326 644288 644250 644214 644190 644154 644116 644062 644493 644442 644430 644402 644350 0 644078 644036 644456 644511 644521 644513 644518 644509 644470 644448 644334 644236 644168 644134 644138 644052 644026 644000 644476 644514 644500 644472 644432 0 644216 644130 644504 644491 644518 644500 644406 644360 644270 644210 644146 644032 644416 644466 644493 644513 644514 644496 644466 644394 0 644286 644216 644236 644084 644066 643970 643936 643956 643906 644465 644521 644492 644440 644320 644236 644154 644016 643920 644442 644481 644499 644495 644491 644479 644399 644521 644521 
0 638300 638265 638247 638222 638222 638208 638184 638210 638184 638146 638126 638169 638152 638154 638162 638118 638088 638188 638150 638148 638128 638106 638094 638046 638142 638134 638114 638050 638184 638155 638064 638000 638171 638107 0 638106 0 638070 638062 637976 638108 638038 638024 637998 637986 637974 637950 637936 637882 638120 638056 638058 638054 638026 0 637886 637856 638507 638105 638108 638112 638110 638086 638046 638047 638010 637936 637916 637894 637910 637860 637834 637832 638541 638088 638065 638023 638024 0 637940 637878 638561 638083 638074 638053 637998 637964 637934 637910 637870 637816 638488 638547 638060 638058 638052 638025 637996 637962 0 637926 637880 637912 637820 637814 637766 637744 637764 637726 638058 638035 638009 637983 637924 637888 637842 637776 637728 638535 638552 638567 638563 638559 638497 638025 638042 638020 
0 622817 622747 622711 0 622673 622671 622659 622697 622635 0 0 622555 622555 0 0 0 622575 0 622517 0 0 0 0 0 0 0 0 0 0 622527 622467 0 622559 0 0 622429 0 0 622453 622427 0 0 622415 0 622413 622413 0 0 0 0 0 622341 0 622357 0 0 0 623192 0 0 0 622455 0 622248 622280 0 622291 0 0 622330 0 0 0 623163 0 0 0 622210 0 0 622270 0 622517 622322 622226 0 622192 0 0 622246 0 623128 623081 622463 622418 622194 0 0 622052 0 0 622199 0 622177 0 0 0 0 622078 622480 622232 0 0 622152 622195 622185 0 0 0 0 0 0 0 623312 0 622302 0 
0 644510 644536 644548 644438 644510 644460 644400 644390 644472 644326 644306 644728 644584 644514 644558 644406 644268 644766 644690 644616 644488 644502 644418 644262 644770 644638 644546 644302 644810 644796 644496 644180 644828 644844 0 644794 0 644574 644530 644264 644894 644578 644492 644430 644346 644298 644238 644152 644098 644944 644862 644850 644774 644674 0 644138 644072 644012 644974 644968 644954 644964 644946 644878 644868 644658 644512 644348 644290 644270 644112 644086 644012 643984 644956 644916 644833 644840 0 644444 644310 644024 645018 644952 644893 644814 644780 644618 644486 644374 644140 643948 643926 645040 645020 644897 644837 644779 644755 0 644682 644564 644560 644288 644246 644054 643996 644016 643942 645068 644935 644805 644753 644740 644608 644454 644172 643980 643902 643936 643966 0 0 644190 645110 644969 644917 
0 644634 644660 644672 0 644634 644584 644524 644514 644596 0 0 644852 644708 0 0 0 644392 0 644814 0 0 0 0 0 0 0 0 0 0 0 644620 0 644952 0 0 644918 0 0 644654 644388 0 0 644616 0 644470 644422 0 0 0 0 0 644972 0 644798 0 0 0 644136 0 0 0 645086 0 645012 644990 0 644636 0 0 644394 0 0 0 644108 0 0 0 644974 0 0 644434 0 645064 645086 645050 0 644902 0 0 644498 0 644072 644050 645088 645102 645066 0 0 644924 0 0 644688 0 644412 0 0 0 0 644066 645060 645090 0 0 644862 0 0 0 0 0 0 0 0 0 0 0 645102 0 
0 644510 644547 644562 644452 644524 644474 644414 644404 644486 644340 0 644739 644598 644528 0 0 644282 0 644704 0 644502 0 644432 0 644784 0 0 0 0 644797 644510 0 644813 0 0 644808 0 644588 644544 644278 0 644592 644506 0 644360 644312 644252 0 0 0 0 644864 0 644688 0 0 644086 644026 0 0 0 644941 0 644976 644930 0 644526 0 644304 644284 0 644100 0 643995 644985 644995 645025 644938 0 0 644324 644015 644897 645013 645019 644912 644842 0 0 644388 0 643962 643940 644947 644991 645057 645044 645013 644948 0 0 644578 0 644302 644260 0 0 0 643956 644895 645076 645028 644987 644802 644622 644468 0 0 0 0 0 0 0 644045 0 645049 645080 
