641374 641360 641357 641346 641355 641301 641335 641312 641326 641304 641321 641280 641296 641305 641291 641304 641309 641298 641303 641282 641285 641285 641292 641284 641269 641274 641283 641278 641269 641261 641269 641253 641254 641217 641235 641216 641216 641228 641213 641203 641200 641213 641207 641193 641186 641186 641196 641200 641205 641179 641164 641180 641196 641191 641152 641153 641150 641163 641156 641175 641170 641146 641145 641153 641131 641124 641133 641132 641124 641124 641116 641121 641108 641108 641100 641100 641113 641100 641096 641086 641093 641100 641095 641083 641083 641077 641084 641084 641073 641088 641072 641059 641054 641041 641069 641059 641068 641046 641021 641019 641007 641045 641026 641029 641028 640975 641029 641019 641039 641039 641019 641021 641009 641014 641004 641005 640985 641012 641012 641006 640991 640988 640999 640994 641006 641004 640993 640991 
0 641885 0 0 0 0 0 0 0 0 0 0 0 0 0 0 0 0 0 0 0 0 0 0 0 0 0 0 0 0 0 0 0 0 0 0 0 0 0 0 0 0 0 0 0 0 0 0 0 0 0 0 0 0 0 0 0 0 0 0 0 0 0 0 0 0 0 0 0 0 0 0 0 0 0 0 0 0 0 0 0 0 0 0 0 0 0 0 0 0 0 0 0 0 0 0 0 0 0 0 0 0 0 0 0 0 0 0 0 0 0 0 0 0 0 0 0 0 0 0 0 0 0 0 0 0 0 0 
0 643345 643384 0 0 643352 0 0 643170 643150 0 643089 643086 643128 0 643138 0 0 0 0 0 643052 0 643086 0 0 0 643273 0 0 0 0 643002 0 0 0 0 0 0 0 0 0 0 0 0 0 643215 0 0 0 0 643199 0 0 643204 0 0 0 0 0 0 0 0 0 643126 643071 0 0 0 0 0 0 643160 0 0 0 0 0 0 0 643064 642975 0 0 0 0 0 642959 642510 0 0 0 0 0 0 0 0 642787 643085 643096 0 643051 0 0 0 0 0 642978 0 0 0 0 0 0 0 643031 642961 0 0 0 0 0 0 0 0 0 642692 0 
0 645014 644963 645150 0 644795 0 644968 645028 645076 645029 644872 644974 645073 0 645076 645065 0 0 0 644887 644935 645038 645016 0 0 0 644840 644965 644947 0 644923 644926 644675 0 0 644714 0 0 0 644764 644803 644759 644603 0 0 644522 0 0 644701 0 644474 0 0 644348 0 0 644381 0 0 0 644602 0 0 644399 644404 0 644560 0 644536 644512 644387 644216 644488 0 644464 644503 0 644180 644150 644311 644332 644317 0 644141 0 0 644284 644383 0 0 0 644054 644039 0 0 644270 644162 643991 644024 644024 644174 0 0 643976 0 0 644125 0 0 644221 644087 0 643934 0 644114 644074 0 644200 644182 0 0 644021 644006 0 0 643871 643865 
645108 645073 645074 645100 645105 644962 645023 644990 645027 645022 645043 644926 644985 645024 644996 645022 645031 644961 644971 644930 644936 644960 644998 644982 644898 644908 644919 644921 644952 644936 644904 644920 644922 644842 644823 644846 644833 644821 644792 644820 644814 644840 644827 644794 644734 644732 644745 644765 644776 644772 644690 644713 644758 644748 644666 644668 644662 644688 644674 644703 644706 644706 644652 644671 644627 644614 644680 644678 644662 644662 644646 644650 644578 644630 644614 644614 644640 644614 644554 644534 644552 644566 644556 644580 644528 644516 644528 644534 644560 644590 644558 644480 644470 644460 644501 644532 644537 644502 644428 644450 644448 644477 644462 644468 644418 644416 644461 644428 644444 644492 644452 644452 644428 644390 644370 644437 644394 644438 644438 644426 644392 644386 644408 644398 644422 644418 644348 644344 
0 633282 0 0 0 633358 0 0 0 0 0 0 0 0 0 0 0 0 0 0 0 0 0 0 0 0 0 0 0 0 0 0 0 0 0 0 0 0 0 0 0 0 0 0 0 0 0 0 0 0 0 0 0 0 0 0 0 0 0 0 0 0 0 0 0 0 0 0 0 0 0 0 0 0 0 0 0 0 0 0 633196 0 0 0 0 0 0 0 0 0 0 0 0 0 0 0 0 0 0 0 0 0 0 0 0 0 0 0 0 0 0 0 0 0 0 0 0 0 0 0 0 0 0 0 0 0 0 0 
0 643978 643988 643884 0 643950 644018 643789 643809 643786 643822 643733 643725 643767 0 643777 643800 643950 643960 643907 643783 643691 643729 643725 643886 643896 643918 643910 643659 643643 643869 643627 643636 643504 643822 0 643507 643810 643745 0 643474 643513 643494 643432 643722 643720 643744 643754 643741 643411 643678 643712 643699 643689 643654 643656 0 643676 643662 643702 643671 643312 643640 643660 643616 643579 643273 643270 0 643246 643222 643216 643566 643198 0 643174 643213 0 643542 643522 643529 643495 643473 0 643516 0 0 643463 643093 0 643090 643468 643458 643448 643500 0 643063 643221 643416 643430 643416 643466 643233 0 643406 0 0 643393 643361 642991 642931 643218 643206 643378 643358 643412 643347 0 642910 642892 0 0 643080 643077 0 643196 643182 643332 
0 641379 641338 0 0 641250 0 641496 641495 641452 0 641496 641496 641495 0 641477 0 0 0 0 0 641496 0 641495 0 0 0 641304 0 0 0 0 641496 0 0 0 0 0 0 0 0 0 0 0 0 0 640995 0 0 0 0 640947 0 0 640821 0 0 0 0 0 0 0 0 0 640872 640984 0 0 0 0 0 0 640689 0 0 0 0 0 640653 640623 640830 641039 0 0 640614 0 0 640991 641496 0 0 0 0 640512 0 0 0 640660 640464 640497 0 640647 0 0 0 0 0 640705 0 0 0 0 0 640407 0 640587 640654 0 0 0 0 0 0 0 0 0 640192 0 
0 644975 0 0 0 644845 0 0 645057 0 0 644993 645029 645049 0 0 0 0 0 0 0 0 0 645023 0 0 0 0 0 0 0 0 0 0 0 0 0 0 0 0 0 0 0 0 0 0 0 0 0 0 0 0 0 0 0 0 0 0 0 0 0 0 0 0 0 0 0 0 0 0 0 0 0 0 0 0 0 0 0 0 644553 0 0 0 0 0 0 0 0 0 0 0 0 0 0 0 0 0 644309 644331 0 0 0 0 0 0 0 0 0 0 0 0 0 0 0 0 0 0 0 0 0 0 0 0 0 0 0 0 
0 643126 643104 0 0 642992 0 0 643132 643248 0 643064 643120 643174 0 643212 0 0 0 0 0 643106 0 643216 0 0 0 642988 0 0 0 0 643204 0 0 0 0 0 0 0 0 0 0 0 0 0 642798 0 0 0 0 642766 0 0 642742 0 0 0 0 0 0 0 0 0 642694 642704 0 0 0 0 0 0 0 0 0 0 0 0 0 0 642630 642692 0 0 0 0 0 642660 643084 0 0 0 0 0 0 0 0 643028 642492 642490 0 642544 0 0 0 0 0 642518 0 0 0 0 0 0 0 642504 642484 0 0 0 0 0 0 0 0 0 0 0 
0 641395 641409 0 0 641297 0 641191 641255 641443 641541 641079 641171 641297 0 641371 641505 0 0 0 641113 641121 641251 641339 0 0 0 641219 641153 641169 0 641185 641255 641589 0 0 641565 0 0 0 641241 641385 641529 641561 0 0 641067 0 0 641473 0 641035 0 0 641004 0 0 641026 0 0 0 641289 0 0 640925 640863 0 641335 0 641343 641327 641417 640916 641215 0 641223 641297 0 640892 640872 640825 640743 640709 0 640866 0 0 640711 641145 0 0 0 640808 640798 0 0 641291 641138 640766 640788 640783 640775 0 0 0 0 0 640677 0 0 0 640974 0 640728 0 640735 640643 0 641095 641107 0 0 641138 641114 0 0 640686 640682 
0 641461 0 0 0 641417 0 0 641461 0 0 641461 641461 641461 0 0 0 0 0 0 0 0 0 641456 0 0 0 0 0 0 0 0 0 0 0 0 0 0 0 0 0 0 0 0 0 0 0 0 0 0 0 0 0 0 0 0 0 0 0 0 0 0 0 0 0 0 0 0 0 0 0 0 0 0 0 0 0 0 0 0 641235 0 0 0 0 0 0 0 0 0 0 0 0 0 0 0 0 0 641185 641172 0 0 0 0 0 0 0 0 0 0 0 0 0 0 0 0 0 0 0 0 0 0 0 0 0 0 0 0 
0 640798 0 0 0 640725 0 0 640851 0 0 640869 640870 640851 0 0 0 0 0 0 0 0 0 640851 0 0 0 0 0 0 0 0 0 0 0 0 0 0 0 0 0 0 0 0 0 0 0 0 0 0 0 0 0 0 0 0 0 0 0 0 0 0 0 0 0 0 0 0 0 0 0 0 0 0 0 0 0 0 0 0 640579 0 0 0 0 0 0 0 0 0 0 0 0 0 0 0 0 0 640457 640468 0 0 0 0 0 0 0 0 0 0 0 0 0 0 0 0 0 0 0 0 0 0 0 0 0 0 0 0 
0 640387 0 0 0 640315 0 0 640398 0 0 640354 640374 640398 0 0 0 0 0 0 0 0 0 640398 0 0 0 0 0 0 0 0 0 0 0 0 0 0 0 0 0 0 0 0 0 0 0 0 0 0 0 0 0 0 0 0 0 0 0 0 0 0 0 0 0 0 0 0 0 0 0 0 0 0 0 0 0 0 0 0 640144 0 0 0 0 0 0 0 0 0 0 0 0 0 0 0 0 0 640047 640058 0 0 0 0 0 0 0 0 0 0 0 0 0 0 0 0 0 0 0 0 0 0 0 0 0 0 0 0 
644014 644002 643980 644086 644068 643868 643952 644014 644042 644158 644145 643974 644030 644084 644148 644122 644157 643914 643924 643918 643972 644016 644074 644126 643804 643814 643848 643874 644048 644064 643904 644080 644114 644045 643752 644106 644058 643774 643804 644093 644090 644103 644073 644021 643662 643638 643674 643718 643776 644069 643618 643642 643782 643772 643618 643608 643602 643604 643602 643632 643706 644036 643616 643624 643580 643614 644023 644022 644014 644014 644006 643949 643578 643998 643990 643990 644003 643990 643470 643462 643540 643602 643604 643973 643444 643432 643434 643570 643963 643978 643962 643468 643410 643388 643430 643949 643910 643874 643368 643366 643354 643430 643830 643824 643490 643322 643390 643428 643492 643929 643909 643835 643756 643486 643442 643390 643394 643902 643902 643896 643819 643816 643827 643822 643834 643766 643606 643392 
0 643787 643770 0 0 643714 0 0 643813 643871 0 643725 643771 643834 0 643863 0 0 0 0 0 643746 0 643855 0 0 0 643729 0 0 0 0 643803 0 0 0 0 0 0 0 0 0 0 0 0 0 643623 0 0 0 0 643607 0 0 643565 0 0 0 0 0 0 0 0 0 643582 643609 0 0 0 0 0 0 0 0 0 0 0 0 0 0 643568 643557 0 0 0 0 0 643541 643459 0 0 0 0 0 0 0 0 643515 643446 643457 0 643507 0 0 0 0 0 643516 0 0 0 0 0 0 0 643487 643499 0 0 0 0 0 0 0 0 0 0 0 
0 642980 642958 0 0 642846 0 642966 642994 643110 0 642926 642982 643036 0 643074 643126 0 0 0 642924 642968 643026 643078 0 0 0 642850 643000 643016 0 643032 643066 643104 0 0 643116 0 0 0 643054 643090 643126 643104 0 0 642652 0 0 643114 0 642620 0 0 642596 0 0 642582 0 0 0 643066 0 0 642556 642566 0 643090 0 643102 643102 643098 642556 643054 0 643066 643090 0 642448 642440 642492 642554 642556 0 642422 0 0 642522 643054 0 0 0 642388 642366 0 0 643059 642876 642346 642344 642332 642406 0 0 0 0 0 642380 0 0 0 0 0 642464 0 642366 642346 0 643025 643019 0 0 642876 642864 0 0 642513 0 
0 644035 644035 643945 0 644105 644085 643897 643905 643861 643889 643865 643845 643863 0 643861 643871 644105 644105 644080 643903 643823 643837 643821 644073 644078 644099 644088 643791 643775 644055 643759 643761 643667 644051 0 643679 644038 643987 0 643653 643679 643667 643619 643990 643990 644012 644010 643991 643611 643968 643996 643958 643953 643956 643957 0 643967 643960 643991 643956 643545 643949 643963 643941 643910 643519 643517 0 643501 643485 643475 643912 643469 0 643453 643479 0 643900 643890 643891 643850 643833 0 643887 0 0 643834 643399 0 643397 643863 643858 643853 643890 0 643383 643553 643837 643848 643848 643866 643585 0 643832 0 0 643817 643777 643331 643291 643575 643587 643818 643808 643846 643800 0 643277 643265 0 0 643459 643461 0 643577 643563 643795 
0 644006 644004 643944 0 644032 644056 643896 643904 643860 643860 643864 643844 643862 0 643860 643870 644065 644070 644037 643902 643822 643836 643820 644000 644005 644028 644045 643790 643774 644012 643758 643760 643636 643980 0 643650 643995 643944 0 643652 643678 643666 643588 643917 643917 643941 643967 643948 643610 643895 643925 643915 643910 643883 643884 0 643894 643887 643920 643913 643544 643876 643920 643898 643867 643518 643516 0 643500 643484 643444 643839 643468 0 643452 643478 0 643827 643817 643848 643807 643790 0 643814 0 0 643791 643398 0 643396 643790 643785 643780 643819 0 643354 643522 643764 643775 643775 643823 643554 0 643759 0 0 643774 643734 643330 643290 643544 643556 643745 643735 643803 643757 0 643276 643264 0 0 643428 643430 0 643546 643557 643722 
0 644041 644039 643981 0 644077 644087 643984 643992 643926 643895 643952 643932 643950 0 643948 643907 644112 644117 644113 643990 643910 643924 643908 644045 644050 644073 644092 643878 643862 644110 643846 643848 643671 644025 0 643685 644042 644042 0 643740 643766 643703 643623 643962 643962 643986 644014 644046 643676 643940 643970 644013 644008 643928 643929 0 643939 643932 643965 644011 643632 643921 643967 643945 643965 643606 643604 0 643588 643572 643479 643884 643556 0 643540 643566 0 643872 643862 643924 643905 643888 0 643859 0 0 643889 643486 0 643484 643835 643830 643825 643864 0 643389 643557 643809 643820 643820 643870 643589 0 643804 0 0 643872 643832 643418 643378 643579 643567 643790 643780 643850 643855 0 643364 643352 0 0 643463 643465 0 643557 643543 643767 
0 643636 643617 0 0 643561 0 643744 643712 643618 0 643767 643754 643691 0 643654 643587 0 0 0 643783 643746 643714 643670 0 0 0 643595 643730 643722 0 643714 643712 643433 0 0 643458 0 0 0 643661 643599 643485 643409 0 0 643383 0 0 643493 0 643351 0 0 643267 0 0 643289 0 0 0 643604 0 0 643301 643383 0 643518 0 643474 643466 643337 643179 643569 0 643558 643499 0 643155 643135 643273 643479 643484 0 643129 0 0 643447 643534 0 0 0 643071 643061 0 0 643310 643034 643029 643051 643051 643151 0 0 0 0 0 643197 0 0 0 0 0 642991 0 643111 643163 0 643398 643356 0 0 642987 642970 0 0 642829 0 
0 639136 0 0 0 639136 0 0 639136 0 0 639136 639131 639116 0 0 0 0 0 0 0 639132 0 639095 0 0 0 639136 0 0 0 0 639089 0 0 0 0 0 0 0 0 0 0 0 0 0 639136 0 0 0 0 639136 0 0 0 0 0 0 0 0 0 0 0 0 639110 639127 0 0 0 0 0 0 0 0 0 0 0 0 0 0 639084 0 0 0 0 0 0 639123 638920 0 0 0 0 0 0 0 0 639035 639034 639021 0 639035 0 0 0 0 0 639034 0 0 0 0 0 0 0 639015 639017 0 0 0 0 0 0 0 0 0 0 0 
0 641187 641170 0 0 641114 0 641259 641255 641269 0 641263 641285 641276 0 641277 641250 0 0 0 641256 641284 641289 641297 0 0 0 641129 641300 641308 0 641316 641315 641120 0 0 641133 0 0 0 641273 641226 641148 641096 0 0 641023 0 0 641144 0 641007 0 0 640965 0 0 640976 0 0 0 641207 0 0 640957 641015 0 641145 0 641113 641105 641024 640921 641181 0 641161 641126 0 640847 640839 640917 641071 641078 0 640821 0 0 641043 641146 0 0 0 640787 640765 0 0 640985 640949 640745 640743 640731 640807 0 0 0 0 0 640829 0 0 0 0 0 640827 0 640767 640795 0 641025 640995 0 0 640902 640897 0 0 640806 0 
0 596676 0 0 0 596603 0 0 596726 0 0 596680 596714 596747 0 0 0 0 0 0 0 0 0 596749 0 0 0 0 0 0 0 0 0 0 0 0 0 0 0 0 0 0 0 0 0 0 0 0 0 0 0 0 0 0 0 0 0 0 0 0 0 0 0 0 0 0 0 0 0 0 0 0 0 0 0 0 0 0 0 0 596457 0 0 0 0 0 0 0 0 0 0 0 0 0 0 0 0 0 596335 596346 0 0 0 0 0 0 0 0 0 0 0 0 0 0 0 0 0 0 0 0 0 0 0 0 0 0 0 0 
0 644090 644100 643994 0 644172 644136 643946 643954 643910 643944 643914 643894 643912 0 643910 643920 644137 644132 644117 643952 643872 643886 643870 644204 644199 644188 644157 643840 643824 644094 643808 643810 643732 644182 0 643734 644163 644112 0 643702 643728 643716 643684 644136 644131 644143 644135 644116 643660 644114 644127 644083 644078 644102 644103 0 644113 644106 644122 644081 643594 644095 644088 644066 644035 643568 643566 0 643550 643534 643540 644058 643518 0 643502 643528 0 644046 644036 644016 643975 643958 0 644033 0 0 643959 643448 0 643446 644009 644004 643999 644021 0 643438 643623 643983 643994 643989 643991 643631 0 643978 0 0 643942 643902 643380 643340 643621 643597 643964 643954 643971 643925 0 643326 643314 0 0 643529 643531 0 643587 643573 643941 
0 644081 644109 643985 0 644219 644131 643937 643945 643901 643935 643905 643885 643903 0 643901 643911 644157 644147 644141 643943 643863 643877 643861 644219 644224 644217 644186 643831 643815 644119 643799 643801 643741 644169 0 643725 644150 644099 0 643693 643719 643707 643693 644136 644136 644130 644122 644103 643651 644114 644114 644070 644065 644102 644103 0 644113 644106 644109 644068 643585 644095 644075 644053 644022 643559 643557 0 643541 643525 643549 644058 643509 0 643493 643519 0 644046 644036 644003 643962 643945 0 644033 0 0 643946 643439 0 643437 644009 644004 643999 644008 0 643429 643627 643983 643994 643994 643978 643622 0 643978 0 0 643929 643889 643371 643331 643612 643588 643964 643954 643958 643912 0 643317 643305 0 0 643533 643535 0 643578 643564 643941 
0 644087 644097 643993 0 644183 644137 643945 643953 643909 643941 643913 643893 643911 0 643909 643919 644150 644145 644130 643951 643871 643885 643869 644161 644166 644177 644162 643839 643823 644107 643807 643809 643729 644129 0 643731 644112 644061 0 643701 643727 643715 643681 644084 644078 644090 644084 644065 643659 644062 644074 644032 644027 644050 644051 0 644061 644054 644069 644030 643593 644043 644037 644015 643984 643567 643565 0 643549 643533 643537 644006 643517 0 643501 643527 0 643994 643984 643965 643924 643907 0 643981 0 0 643908 643447 0 643445 643957 643952 643947 643968 0 643435 643621 643931 643942 643936 643940 643616 0 643926 0 0 643891 643851 643379 643339 643606 643582 643912 643902 643920 643874 0 643325 643313 0 0 643527 643529 0 643572 643558 643889 
0 635227 0 0 0 635376 0 0 635127 0 0 635055 635022 635043 0 0 0 0 0 0 0 0 0 634959 0 0 0 635447 0 0 0 0 0 0 0 0 0 0 0 0 0 0 0 0 0 0 0 0 0 0 0 0 0 0 0 0 0 0 0 0 0 0 0 0 0 0 0 0 0 0 0 0 0 0 0 0 0 0 0 0 634985 0 0 0 0 0 0 0 0 0 0 0 0 0 0 0 0 633903 634680 634713 0 0 0 0 0 0 0 0 0 0 0 0 0 0 0 0 0 0 0 0 0 0 0 0 0 0 0 0 
0 638489 638489 0 0 638489 0 638489 638489 638489 0 638489 638489 638489 0 638489 638489 0 0 0 638489 638489 638489 638489 0 0 0 638489 638489 638489 0 638489 638489 638399 0 0 638400 0 0 0 638468 638445 638403 638375 0 0 638489 0 0 638387 0 638489 0 0 638489 0 0 638489 0 0 0 638402 0 0 638489 638489 0 638364 0 638344 638336 638303 638476 638376 0 638356 638345 0 638489 638489 638489 638489 638489 0 638489 0 0 638489 638341 0 0 0 638489 638489 0 0 638252 638311 638489 638489 638489 638489 0 0 0 0 0 638489 0 0 0 0 0 638380 0 638489 638489 0 638244 638226 0 0 638264 638259 0 0 638188 0 
0 638846 638846 0 0 638846 0 638846 638846 638846 0 638846 638846 638846 0 638846 638846 0 0 0 638846 638846 638846 638846 0 0 0 638846 638846 638846 0 638846 638846 638780 0 0 638781 0 0 0 638846 638826 638784 638756 0 0 638846 0 0 638768 0 638846 0 0 638846 0 0 638846 0 0 0 638783 0 0 638846 638846 0 638745 0 638725 638717 638684 638846 638757 0 638737 638726 0 638846 638846 638846 638846 638846 0 638846 0 0 638846 638722 0 0 0 638846 638846 0 0 638633 638739 638846 638846 638846 638846 0 0 0 0 0 638846 0 0 0 0 0 638784 0 638846 638846 0 638625 638607 0 0 638692 638687 0 0 638592 0 
0 644889 644868 644817 0 644984 644964 644875 644877 644761 644670 644827 644797 644814 0 644799 644706 645056 645046 645094 644884 644764 644785 644751 644888 644903 644972 645029 644716 644692 645096 644668 644671 644316 644828 0 644355 644879 644954 0 644509 644538 644400 644244 644639 644639 644711 644795 644918 644386 644573 644663 644913 644898 644537 644540 0 644570 644549 644648 644813 644347 644516 644654 644588 644675 644308 644295 0 644259 644235 644028 644405 644233 0 644209 644238 0 644369 644339 644544 644625 644610 0 644330 0 0 644577 644128 0 644115 644258 644243 644228 644345 0 643911 643803 644180 644213 644213 644363 643743 0 644165 0 0 644396 644442 644026 643966 643728 643692 644123 644093 644303 644345 0 643935 643905 0 0 643662 643647 0 643677 643656 644054 
0 638810 638810 0 0 638810 0 638810 638810 638810 0 638810 638810 638810 0 638810 638810 0 0 0 638810 638810 638810 638810 0 0 0 638810 638810 638810 0 638810 638810 638723 0 0 638724 0 0 0 638792 638769 638727 638699 0 0 638810 0 0 638711 0 638810 0 0 638810 0 0 638810 0 0 0 638726 0 0 638808 638810 0 638688 0 638668 638660 638627 638797 638700 0 638680 638669 0 638771 638773 638782 638810 638810 0 638758 0 0 638810 638665 0 0 0 638753 638736 0 0 638576 638635 638732 638719 638707 638733 0 0 0 0 0 638732 0 0 0 0 0 638701 0 638713 638715 0 638568 638550 0 0 638588 638583 0 0 638509 0 
0 643165 0 0 0 643019 0 0 643289 0 0 643257 643301 643331 0 0 0 0 0 0 0 0 0 643373 0 0 0 643049 0 0 0 0 643382 0 0 0 0 0 0 0 0 0 0 0 0 0 642837 0 0 0 0 0 0 0 0 0 0 0 0 0 0 0 0 0 642755 642837 0 0 0 0 0 0 0 0 0 0 0 0 0 0 642727 0 0 0 0 0 0 0 643414 0 0 0 0 0 0 0 0 642850 642483 642505 0 0 0 0 0 0 0 642651 0 0 0 0 0 0 0 0 0 0 0 0 0 0 0 0 0 0 0 0 
0 641443 641445 0 0 641333 0 641407 641435 641551 0 641367 641423 641477 0 641515 641577 0 0 0 641365 641409 641467 641519 0 0 0 641291 641441 641457 0 641473 641507 641741 0 0 641728 0 0 0 641576 641635 641713 641742 0 0 641115 0 0 641706 0 641083 0 0 641179 0 0 641093 0 0 0 641654 0 0 640997 641007 0 641682 0 641694 641694 641742 641206 641646 0 641658 641682 0 640959 640975 640933 640995 640997 0 640933 0 0 640963 641646 0 0 0 640947 640901 0 0 641730 641751 640905 640855 640819 640847 0 0 0 0 0 640821 0 0 0 0 0 641210 0 640807 640787 0 641682 641694 0 0 641798 641781 0 0 641398 0 
0 644745 644782 644613 0 644950 644820 644543 644555 644489 644526 644495 644465 644492 0 644489 644502 644871 644856 644849 644552 644432 644453 644429 645039 645029 644976 644931 644384 644360 644816 644336 644339 644230 645045 0 644211 645026 644899 0 644177 644216 644196 644158 644992 644966 644980 644998 644957 644114 644926 644932 644873 644881 644890 644893 0 644923 644902 644917 644916 644015 644869 644863 644797 644778 643976 643973 0 643949 643925 643942 644758 643901 0 643877 643916 0 644722 644692 644685 644706 644691 0 644683 0 0 644658 643796 0 643793 644611 644596 644581 644614 0 643767 643743 644533 644566 644540 644572 643683 0 644518 0 0 644499 644523 643694 643634 643668 643632 644476 644446 644512 644448 0 643613 643595 0 0 643602 643587 0 643617 643596 644407 
644799 644799 644765 644895 644877 644653 644749 644872 644911 644979 644945 644808 644876 644953 644993 644967 644969 644723 644733 644739 644818 644850 644932 644995 644589 644599 644645 644683 644882 644898 644749 644914 644960 644940 644549 645095 644966 644583 644673 645001 645004 645098 644996 644892 644423 644423 644471 644527 644621 644988 644379 644439 644640 644630 644355 644357 644351 644377 644363 644429 644551 644995 644341 644433 644389 644459 644969 644966 644950 644914 644898 644748 644267 644919 644903 644903 644928 644866 644243 644223 644361 644448 644438 644869 644217 644205 644219 644416 644849 644879 644846 644169 644159 644149 644227 644821 644670 644535 644117 644139 644139 644239 644315 644309 644107 644107 644187 644273 644326 644781 644741 644325 644205 644079 644059 644199 644239 644727 644726 644678 644488 644482 644504 644494 644355 644215 644037 644033 
0 643357 643319 0 0 643039 0 643177 643277 643627 0 643017 643187 643382 0 643507 643698 0 0 0 643042 643122 643327 643487 0 0 0 642983 643202 643242 0 643282 643397 644170 0 0 644183 0 0 0 643547 643842 644156 644147 0 0 642537 0 0 644112 0 642457 0 0 642417 0 0 642385 0 0 0 643881 0 0 642248 642237 0 643965 0 643985 643969 644010 642207 643801 0 643829 643927 0 642050 642036 642082 642117 642092 0 641985 0 0 642037 643739 0 0 0 641903 641851 0 0 643921 642947 641798 641790 641754 641873 0 0 0 0 0 641772 0 0 0 0 0 641737 0 641773 641687 0 643725 643749 0 0 643142 643058 0 0 641632 0 
0 643797 643788 643713 0 643956 643872 643752 643752 643645 643578 643704 643674 643689 0 643674 643602 643971 643956 644005 643761 643641 643662 643626 644048 644037 644028 644031 643593 643569 644001 643545 643548 643236 644104 0 643263 644123 644093 0 643386 643413 643296 643164 644022 644022 644070 644126 644137 643270 643978 644038 644074 644079 643954 643956 0 643976 643962 644028 644129 643224 643940 644032 643988 644037 643185 643170 0 643134 643110 642948 643866 643110 0 643086 643113 0 643842 643822 643958 643977 643955 0 643816 0 0 643945 643005 0 642990 643768 643758 643748 643826 0 642819 642951 643716 643738 643738 643838 642963 0 643706 0 0 643851 643843 642903 642843 642948 642948 643678 643658 643798 643817 0 642810 642780 0 0 642810 642807 0 642933 642960 643632 
0 644779 644758 644707 0 644926 644854 644779 644779 644653 644560 644732 644702 644716 0 644699 644596 644965 644950 645013 644789 644669 644689 644653 644997 644990 645004 645025 644621 644597 645026 644573 644576 644206 644947 0 644245 644998 645085 0 644414 644440 644290 644134 644758 644758 644830 644914 645047 644278 644692 644782 645046 645031 644656 644659 0 644689 644668 644767 644942 644252 644635 644773 644707 644804 644212 644197 0 644159 644135 643918 644524 644138 0 644114 644140 0 644488 644458 644665 644759 644744 0 644449 0 0 644711 644033 0 644017 644377 644362 644347 644464 0 643801 643693 644299 644332 644332 644482 643633 0 644284 0 0 644525 644576 643930 643871 643618 643582 644242 644212 644422 644474 0 643837 643805 0 0 643552 643537 0 643567 643546 644173 
645008 645008 644991 645056 645047 644935 644983 645080 645076 645098 645081 645074 645106 645097 645111 645098 645093 644970 644975 644978 645077 645095 645110 645118 644903 644908 644931 644950 645111 645119 644989 645127 645148 645015 644883 645124 645028 644900 644957 645161 645158 645121 645043 644991 644820 644820 644844 644872 644925 645039 644798 644828 644964 644959 644786 644787 644784 644797 644790 644823 644890 645102 644779 644825 644803 644844 645065 645040 645032 645008 645000 644919 644742 645066 645058 645056 645021 644984 644730 644720 644789 644892 644889 645039 644717 644711 644718 644876 645031 645020 644980 644693 644688 644683 644722 645015 644880 644844 644667 644678 644678 644728 644766 644763 644662 644662 644702 644751 644833 644971 644975 644771 644711 644648 644638 644708 644734 644944 644920 644890 644789 644786 644797 644792 644786 644716 644627 644625 
0 642544 642510 0 0 642398 0 642688 642680 642724 0 642693 642737 642722 0 642724 642714 0 0 0 642679 642735 642748 642764 0 0 0 642428 642767 642783 0 642799 642821 642613 0 0 642638 0 0 0 642847 642779 642665 642589 0 0 642216 0 0 642673 0 642184 0 0 642100 0 0 642122 0 0 0 642781 0 0 642134 642216 0 642698 0 642654 642646 642517 642012 642755 0 642735 642679 0 641988 641968 642106 642309 642323 0 641962 0 0 642277 642720 0 0 0 641904 641894 0 0 642490 642214 641862 641884 641884 641984 0 0 0 0 0 642030 0 0 0 0 0 641824 0 641944 641996 0 642578 642536 0 0 642167 642150 0 0 641782 0 
0 644136 644068 0 0 643844 0 644244 644324 644493 0 644116 644252 644408 0 644458 644476 0 0 0 644136 644200 644364 644492 0 0 0 643904 644264 644296 0 644328 644420 644459 0 0 644509 0 0 0 644517 644691 644563 644411 0 0 643480 0 0 644576 0 643416 0 0 643248 0 0 643292 0 0 0 644525 0 0 643316 643442 0 644545 0 644503 644487 644267 643072 644425 0 644433 644507 0 643024 642984 643257 643396 643376 0 642972 0 0 643332 644355 0 0 0 642856 642836 0 0 644213 643619 642772 642816 642816 643016 0 0 0 0 0 643070 0 0 0 0 0 642696 0 642936 643002 0 644305 644251 0 0 643567 643533 0 0 642612 0 
0 643891 643819 0 0 643539 0 643761 643861 644209 0 643601 643771 643966 0 644091 644280 0 0 0 643626 643706 643911 644071 0 0 0 643565 643786 643826 0 643866 643981 644668 0 0 644716 0 0 0 644131 644426 644743 644622 0 0 643071 0 0 644690 0 642991 0 0 642830 0 0 642861 0 0 0 644468 0 0 642830 642821 0 644504 0 644484 644452 644343 642610 644362 0 644352 644428 0 642526 642488 642664 642701 642676 0 642461 0 0 642621 644232 0 0 0 642340 642303 0 0 644186 643350 642235 642266 642254 642455 0 0 0 0 0 642356 0 0 0 0 0 642140 0 642355 642271 0 644024 644012 0 0 643563 643484 0 0 642035 0 
0 641496 641498 0 0 641386 0 641460 641488 641604 0 641420 641476 641530 0 641568 641630 0 0 0 641418 641462 641520 641572 0 0 0 641344 641494 641510 0 641526 641560 641858 0 0 641845 0 0 0 641632 641714 641830 641882 0 0 641168 0 0 641834 0 641136 0 0 641232 0 0 641146 0 0 0 641771 0 0 641050 641060 0 641822 0 641834 641834 641882 641262 641785 0 641798 641822 0 641012 641028 640986 641048 641050 0 640986 0 0 641016 641786 0 0 0 641000 640954 0 0 641870 641822 640958 640908 640872 640900 0 0 0 0 0 640874 0 0 0 0 0 641266 0 640860 640840 0 641822 641834 0 0 641916 641902 0 0 641465 0 
0 644609 644658 644465 0 644826 644684 644393 644405 644339 644390 644345 644315 644342 0 644339 644354 644723 644708 644699 644402 644282 644303 644279 644922 644907 644840 644783 644234 644210 644666 644186 644189 644106 644963 0 644075 644917 644762 0 644027 644066 644048 644034 645035 644999 645001 644973 644843 643964 644989 644953 644741 644751 645001 644980 0 644962 644965 644938 644911 643865 645001 644872 644806 644785 643826 643823 0 643799 643775 643818 644893 643751 0 643727 643766 0 644761 644755 644692 644713 644698 0 644722 0 0 644665 643646 0 643643 644746 644683 644644 644635 0 643631 643721 644620 644605 644573 644581 643661 0 644653 0 0 644506 644530 643544 643484 643646 643610 644605 644581 644521 644455 0 643463 643445 0 0 643580 643565 0 643595 643574 644542 
0 644015 644042 643895 0 644210 644090 643873 643873 643783 643796 643849 643807 643810 0 643795 643784 644153 644138 644143 643894 643786 643783 643747 644293 644283 644246 644213 643738 643714 644122 643690 643681 643490 644345 0 643481 644323 644211 0 643531 643534 643478 643418 644378 644403 644390 644362 644275 643408 644395 644383 644197 644207 644340 644373 0 644391 644379 644373 644322 643357 644311 644341 644297 644285 643306 643291 0 643255 643231 643202 644240 643255 0 643219 643234 0 644257 644239 644223 644237 644227 0 644231 0 0 644205 643150 0 643111 644185 644175 644165 644171 0 643037 643132 644133 644153 644119 644147 643072 0 644055 0 0 644099 644115 643024 642976 643057 643021 643973 644026 644107 644065 0 642931 642901 0 0 642991 642976 0 643006 642985 644024 
0 642367 0 0 0 642440 0 0 642299 0 0 642279 642269 642278 0 0 0 0 0 0 0 0 0 642257 0 0 0 642425 0 0 0 0 642227 0 0 0 0 0 0 0 0 0 0 0 0 0 642486 0 0 0 0 0 0 0 0 0 0 0 0 0 0 0 0 0 642368 642378 0 0 0 0 0 0 0 0 0 0 0 0 0 0 642304 0 0 0 0 0 0 0 642021 0 0 0 0 0 0 0 0 642207 642276 642226 0 0 0 0 0 0 0 642192 0 0 0 0 0 0 0 0 0 0 0 0 0 0 0 0 0 0 0 0 
0 644716 644697 644610 0 644865 644791 644549 644561 644495 644497 644501 644471 644498 0 644495 644499 644868 644853 644855 644558 644438 644459 644435 644961 644946 644947 644928 644390 644366 644822 644342 644345 644145 645083 0 644182 645075 644918 0 644183 644222 644193 644073 644989 644989 645059 645109 645012 644120 644923 645011 644897 644912 644887 644890 0 644920 644899 644996 645030 644021 644866 644968 644902 644892 643982 643979 0 643955 643931 643857 644755 643907 0 643883 643922 0 644719 644689 644799 644820 644805 0 644680 0 0 644772 643802 0 643799 644608 644593 644578 644693 0 643738 643632 644530 644563 644563 644677 643572 0 644515 0 0 644613 644637 643700 643640 643557 643521 644473 644443 644617 644562 0 643619 643601 0 0 643491 643476 0 643506 643485 644404 
0 644733 644712 644661 0 644880 644808 644705 644717 644605 644514 644657 644627 644654 0 644643 644550 644919 644904 644965 644714 644594 644615 644591 644968 644958 644964 644979 644546 644522 644970 644498 644501 644160 645031 0 644199 645074 645060 0 644339 644378 644244 644088 644842 644842 644914 644998 645109 644230 644776 644866 645030 645035 644740 644743 0 644773 644752 644851 645016 644177 644719 644857 644791 644878 644138 644135 0 644103 644079 643872 644608 644063 0 644039 644078 0 644572 644542 644747 644814 644799 0 644533 0 0 644766 643958 0 643955 644461 644446 644431 644548 0 643755 643647 644383 644416 644416 644566 643587 0 644368 0 0 644599 644631 643856 643796 643572 643536 644326 644296 644506 644548 0 643775 643749 0 0 643506 643491 0 643521 643500 644257 
0 643824 643751 0 0 643471 0 643779 643879 644212 0 643619 643789 643984 0 644109 644230 0 0 0 643644 643724 643929 644089 0 0 0 643515 643804 643844 0 643884 643999 644595 0 0 644639 0 0 0 644142 644414 644668 644609 0 0 643004 0 0 644732 0 642924 0 0 642726 0 0 642781 0 0 0 644466 0 0 642780 642839 0 644579 0 644561 644529 644334 642506 644435 0 644429 644505 0 642446 642396 642667 642719 642694 0 642381 0 0 642639 644309 0 0 0 642236 642211 0 0 644178 643227 642131 642186 642186 642405 0 0 0 0 0 642374 0 0 0 0 0 642036 0 642305 642289 0 644101 644089 0 0 643415 643327 0 0 641931 0 
0 644522 644573 644378 0 644741 644597 644306 644318 644252 644303 644258 644228 644255 0 644252 644267 644636 644621 644612 644315 644195 644216 644192 644837 644822 644753 644696 644147 644123 644579 644099 644102 644021 644897 0 643988 644846 644675 0 643940 643979 643961 643949 645071 645055 645013 644930 644771 643877 645112 645011 644654 644669 645051 645088 0 645067 645100 645001 644876 643778 645000 644936 644870 644849 643739 643736 0 643712 643688 643733 644895 643664 0 643640 643679 0 644866 644894 644756 644777 644757 0 644827 0 0 644729 643559 0 643556 644835 644810 644783 644699 0 643544 643659 644747 644710 644639 644645 643599 0 644700 0 0 644570 644594 643457 643397 643584 643548 644601 644670 644585 644519 0 643376 643358 0 0 643518 643503 0 643533 643512 644631 
0 637417 0 0 0 637478 0 0 637397 0 0 637413 637391 637376 0 0 0 0 0 0 0 637392 0 637355 0 0 0 637487 0 0 0 0 637349 0 0 0 0 0 0 0 0 0 0 0 0 0 637581 0 0 0 0 637560 0 0 0 0 0 0 0 0 0 0 0 0 637486 637520 0 0 0 0 0 0 0 0 0 0 0 0 0 0 637434 0 0 0 0 0 0 637512 637180 0 0 0 0 0 0 0 0 637295 637334 637308 0 637336 0 0 0 0 0 637334 0 0 0 0 0 0 0 637296 637300 0 0 0 0 0 0 0 0 0 0 0 
0 644699 644678 644627 0 644846 644774 644812 644783 644573 644480 644777 644747 644720 0 644645 644516 644885 644870 644933 644834 644714 644722 644657 644915 644907 644921 644943 644666 644642 644972 644618 644621 644126 644903 0 644165 644954 645101 0 644459 644444 644210 644054 644714 644714 644786 644870 645029 644198 644648 644738 645107 645100 644612 644615 0 644645 644624 644723 644924 644297 644591 644729 644663 644786 644245 644201 0 644105 644081 643838 644480 644183 0 644159 644144 0 644444 644414 644621 644840 644825 0 644405 0 0 644792 644078 0 644021 644333 644318 644303 644420 0 643721 643613 644255 644288 644288 644438 643553 0 644240 0 0 644507 644657 643963 643916 643538 643502 644198 644168 644378 644456 0 643841 643751 0 0 643472 643457 0 643487 643466 644129 
0 644508 644487 644436 0 644655 644583 644652 644592 644382 644289 644658 644620 644529 0 644454 644325 644694 644679 644742 644707 644595 644562 644466 644727 644717 644731 644753 644547 644523 644781 644499 644494 643935 644759 0 643974 644805 644919 0 644340 644253 644019 643863 644597 644621 644681 644749 644879 644007 644553 644649 644963 644963 644505 644519 0 644563 644537 644639 644809 644170 644479 644655 644611 644717 644085 644010 0 643914 643890 643647 644369 644064 0 644032 643953 0 644421 644391 644595 644823 644809 0 644382 0 0 644791 643959 0 643830 644283 644295 644280 644397 0 643530 643422 644232 644265 644265 644415 643362 0 644137 0 0 644484 644697 643803 643789 643347 643311 644085 644089 644355 644433 0 643650 643560 0 0 643281 643266 0 643296 643275 644087 
0 643695 643751 0 0 643975 0 0 643471 0 0 643426 643375 643387 0 0 0 0 0 0 0 643342 0 643303 0 0 0 643939 0 0 0 0 643207 0 0 0 0 0 0 0 0 0 0 0 0 0 644253 0 0 0 0 644231 0 0 644396 0 0 0 0 0 0 0 0 0 644084 644063 0 0 0 0 0 0 0 0 0 0 0 0 0 0 643970 0 0 0 0 0 0 643943 642494 0 0 0 0 0 0 0 0 642736 644036 643925 0 643859 0 0 0 0 0 643784 0 0 0 0 0 0 0 643799 643733 0 0 0 0 0 0 0 0 0 0 0 
0 644437 644488 644293 0 644656 644512 644221 644233 644167 644218 644173 644143 644170 0 644167 644182 644551 644536 644527 644230 644110 644131 644107 644752 644737 644668 644611 644062 644038 644494 644014 644017 643936 644812 0 643903 644761 644590 0 643855 643894 643876 643864 645001 644993 644929 644845 644686 643792 645061 644961 644569 644584 645065 645095 0 645021 645067 644953 644791 643693 645026 644895 644829 644808 643654 643651 0 643627 643603 643648 644933 643579 0 643555 643594 0 644826 644868 644715 644731 644709 0 644787 0 0 644688 643474 0 643471 644917 644844 644757 644658 0 643459 643697 644781 644670 644598 644604 643637 0 644741 0 0 644529 644553 643372 643312 643622 643586 644639 644749 644544 644478 0 643291 643273 0 0 643556 643541 0 643571 643550 644713 
644679 644679 644713 644583 644601 644825 644729 644535 644543 644499 644533 644503 644483 644501 644473 644499 644509 644755 644745 644739 644541 644461 644475 644459 644889 644879 644833 644795 644429 644413 644717 644397 644399 644345 644929 644323 644323 644895 644781 644297 644291 644317 644305 644297 645055 645046 645007 644951 644845 644249 645092 645022 644767 644777 645106 645114 645117 645063 645092 645017 644915 644183 645084 644981 644937 644923 644157 644155 644139 644139 644123 644153 645014 644107 644091 644091 644117 644091 644935 644963 644861 644870 644853 644057 644909 644897 644863 644843 644037 644067 644035 645000 644946 644889 644823 644009 644027 644190 644904 644831 644783 644787 644150 644156 644886 644751 644783 644737 644753 643969 643929 644140 644116 644818 644887 644747 644703 643915 643915 643903 644080 644074 644096 644086 644110 644106 644092 644864 
0 644199 644265 0 0 644460 0 643911 643927 643839 0 643847 643807 643843 0 643839 643859 0 0 0 643923 643763 643791 643759 0 0 0 644393 643699 643667 0 643635 643639 643529 0 0 643487 0 0 0 643423 643475 643451 643433 0 0 644718 0 0 643339 0 644747 0 0 644727 0 0 644811 0 0 0 643207 0 0 644629 644593 0 643151 0 643119 643087 643145 644552 643055 0 643023 643075 0 644587 644584 644477 644465 644412 0 644535 0 0 644441 642915 0 0 0 644492 644436 0 0 642895 643030 644408 644379 644319 644329 0 0 0 0 0 644229 0 0 0 0 0 644162 0 644249 644161 0 642671 642647 0 0 642842 642822 0 0 642834 0 
0 644589 644640 644445 0 644808 644664 644373 644385 644319 644370 644325 644295 644322 0 644319 644334 644703 644688 644679 644382 644262 644283 644259 644904 644889 644820 644763 644214 644190 644646 644166 644169 644088 644964 0 644055 644913 644742 0 644007 644046 644028 644016 645095 645119 645079 644997 644838 643944 645135 645073 644721 644736 645053 645100 0 645124 645117 645058 644943 643845 645002 644992 644926 644905 643806 643803 0 643779 643755 643800 644897 643731 0 643707 643746 0 644923 644907 644812 644833 644818 0 644884 0 0 644785 643626 0 643623 644826 644811 644796 644755 0 643611 643661 644748 644767 644695 644701 643601 0 644699 0 0 644626 644650 643524 643464 643586 643550 644603 644661 644641 644575 0 643443 643425 0 0 643520 643505 0 643535 643514 644622 
0 643900 643898 643840 0 643985 643950 643810 643818 643768 643754 643778 643758 643776 0 643774 643766 643998 643993 643990 643816 643736 643750 643734 644017 644012 644013 644018 643704 643688 643973 643672 643674 643530 644061 0 643544 644068 643993 0 643566 643592 643562 643482 644052 644076 644100 644096 644037 643518 644054 644084 643974 643979 644038 644043 0 644053 644046 644079 644072 643458 644021 644081 644059 644046 643432 643430 0 643414 643398 643338 643986 643382 0 643366 643392 0 643986 643976 644021 643986 643969 0 643973 0 0 643970 643312 0 643310 643949 643944 643939 643978 0 643248 643416 643923 643934 643934 643984 643448 0 643918 0 0 643953 643913 643244 643204 643438 643450 643888 643894 643964 643936 0 643190 643178 0 0 643322 643324 0 643440 643474 643881 
0 643894 643892 643834 0 644001 643944 643886 643894 643786 643748 643854 643834 643852 0 643822 643760 644006 643996 644026 643892 643812 643826 643810 644033 644028 644029 644034 643780 643764 644040 643748 643750 643524 644077 0 643538 644084 644091 0 643642 643668 643556 643476 644054 644054 644078 644106 644107 643536 644032 644062 644072 644077 644020 644021 0 644031 644024 644057 644124 643534 644013 644059 644037 644078 643508 643506 0 643462 643446 643332 643976 643458 0 643442 643468 0 643964 643954 644023 644046 644029 0 643951 0 0 644030 643388 0 643386 643927 643922 643917 643956 0 643242 643410 643901 643912 643912 643962 643442 0 643896 0 0 643985 643973 643320 643280 643432 643444 643882 643872 643942 643968 0 643266 643226 0 0 643316 643318 0 643434 643468 643859 
0 644110 644042 0 0 643818 0 644383 644381 644470 0 644348 644451 644465 0 644470 644450 0 0 0 644335 644432 644503 644549 0 0 0 643878 644496 644528 0 644560 644619 644724 0 0 644772 0 0 0 644772 644833 644820 644687 0 0 643454 0 0 644855 0 643390 0 0 643222 0 0 643266 0 0 0 645009 0 0 643290 643454 0 644888 0 644761 644729 644405 643046 644959 0 644902 644812 0 642998 642958 643234 643595 643608 0 642946 0 0 643531 644827 0 0 0 642830 642810 0 0 644249 643638 642746 642790 642790 642990 0 0 0 0 0 643082 0 0 0 0 0 642670 0 642910 643014 0 644408 644289 0 0 643806 643744 0 0 642586 0 
0 644435 644474 644292 0 644642 644510 644220 644232 644166 644216 644172 644142 644169 0 644166 644181 644550 644535 644526 644229 644109 644130 644106 644738 644723 644666 644610 644061 644037 644493 644013 644016 643922 644810 0 643901 644760 644589 0 643854 643893 643875 643850 644947 644939 644899 644832 644685 643791 644985 644919 644568 644583 645015 645008 0 644948 644987 644906 644772 643692 645028 644841 644775 644754 643653 643650 0 643626 643602 643634 644922 643578 0 643554 643593 0 644747 644777 644661 644682 644667 0 644708 0 0 644634 643473 0 643470 644875 644741 644666 644603 0 643457 643708 644678 644591 644531 644550 643648 0 644722 0 0 644475 644499 643371 643311 643633 643597 644630 644710 644490 644424 0 643290 643272 0 0 643567 643552 0 643582 643561 644671 
0 644479 644458 644397 0 644626 644554 644326 644338 644272 644260 644278 644248 644275 0 644272 644286 644655 644640 644632 644335 644215 644236 644212 644722 644707 644710 644715 644167 644143 644599 644119 644122 643906 644854 0 643945 644865 644695 0 643960 643999 643980 643834 644827 644967 644971 644949 644791 643897 644891 645011 644674 644689 644785 644853 0 644953 644907 645021 644896 643798 644734 645063 645027 644990 643759 643756 0 643732 643708 643618 644629 643684 0 643660 643699 0 644855 644823 644940 644874 644824 0 644829 0 0 644874 643579 0 643576 644709 644747 644732 644849 0 643501 643393 644684 644717 644717 644857 643333 0 644437 0 0 644783 644772 643477 643417 643318 643282 644335 644491 644797 644732 0 643396 643378 0 0 643252 643237 0 643267 643246 644513 
0 643793 0 0 0 643915 0 0 643739 0 0 643699 643679 643697 0 0 0 0 0 0 0 0 0 643655 0 0 0 643933 0 0 0 0 643595 0 0 0 0 0 0 0 0 0 0 0 0 0 644121 0 0 0 0 0 0 0 0 0 0 0 0 0 0 0 0 0 644217 644193 0 0 0 0 0 0 0 0 0 0 0 0 0 0 644177 0 0 0 0 0 0 0 643233 0 0 0 0 0 0 0 0 643549 644077 644051 0 0 0 0 0 0 0 644077 0 0 0 0 0 0 0 0 0 0 0 0 0 0 0 0 0 0 0 0 
0 609677 0 0 0 609726 0 0 609686 0 0 609689 609679 609665 0 0 0 0 0 0 0 0 0 609644 0 0 0 609759 0 0 0 0 609637 0 0 0 0 0 0 0 0 0 0 0 0 0 609841 0 0 0 0 0 0 0 0 0 0 0 0 0 0 0 0 0 609867 609890 0 0 0 0 0 0 0 0 0 0 0 0 0 0 609833 0 0 0 0 0 0 0 609456 0 0 0 0 0 0 0 0 609315 609661 609659 0 0 0 0 0 0 0 609738 0 0 0 0 0 0 0 0 0 0 0 0 0 0 0 0 0 0 0 0 
0 644273 644222 644417 0 644054 644198 644458 644463 644543 644492 644384 644486 644526 0 644541 644528 644159 644174 644183 644399 644447 644548 644589 643958 643973 644042 644099 644495 644519 644214 644543 644612 644774 643898 0 644807 643949 644106 0 644702 644802 644834 644818 643709 643709 643781 643865 644022 644916 643643 643733 644110 644095 643607 643610 0 643640 643619 643718 643917 644936 643586 643724 643658 643779 645003 644984 0 644920 644904 644696 643475 644953 0 644973 644946 0 643439 643409 643616 643844 643829 0 643400 0 0 643796 644907 0 644864 643328 643313 643298 643415 0 644613 643919 643250 643283 643283 643433 643547 0 643235 0 0 643500 643661 644841 644811 643562 643382 643193 643163 643373 643449 0 644719 644641 0 0 644060 644003 0 643397 643130 643124 
0 644002 643934 0 0 643710 0 644161 644205 644362 0 644077 644193 644289 0 644339 644342 0 0 0 644077 644161 644281 644373 0 0 0 643770 644225 644257 0 644289 644361 644670 0 0 644714 0 0 0 644501 644657 644750 644763 0 0 643346 0 0 644862 0 643282 0 0 643114 0 0 643158 0 0 0 644793 0 0 643182 643323 0 644952 0 644924 644900 644632 642938 644867 0 644911 644929 0 642890 642850 643126 643337 643337 0 642838 0 0 643273 644853 0 0 0 642722 642702 0 0 644498 643530 642638 642682 642682 642882 0 0 0 0 0 642951 0 0 0 0 0 642562 0 642802 642883 0 644589 644515 0 0 643718 643642 0 0 642478 0 
644632 644632 644598 644728 644710 644486 644582 644706 644734 644812 644778 644642 644710 644776 644838 644812 644802 644556 644566 644572 644652 644684 644766 644818 644422 644432 644478 644516 644716 644732 644594 644748 644794 644966 644382 644954 644988 644416 644496 644848 644854 644960 645006 645014 644256 644256 644304 644360 644466 645062 644212 644272 644474 644464 644188 644190 644184 644210 644196 644262 644396 645010 644174 644266 644222 644304 645084 645120 645128 645123 645107 644945 644100 645038 645054 645092 645115 645075 644076 644056 644194 644282 644272 645067 644050 644038 644052 644250 645047 645077 645033 644002 643992 643982 644060 645019 644867 644396 643950 643972 643972 644072 644148 644142 643940 643940 644020 644118 644160 644979 644939 644158 644038 643912 643892 644032 644084 644925 644913 644887 644506 644512 644490 644452 644188 644048 643870 643866 
0 643499 643431 0 0 643207 0 643663 643706 643857 0 643569 643694 643790 0 643842 643839 0 0 0 643578 643653 643783 643874 0 0 0 643267 643717 643749 0 643781 643862 644167 0 0 644211 0 0 0 643993 644158 644247 644263 0 0 642843 0 0 644357 0 642779 0 0 642611 0 0 642655 0 0 0 644294 0 0 642679 642826 0 644482 0 644533 644529 644321 642435 644361 0 644477 644533 0 642387 642347 642621 642838 642829 0 642335 0 0 642774 644460 0 0 0 642219 642199 0 0 644318 643027 642135 642179 642179 642379 0 0 0 0 0 642454 0 0 0 0 0 642059 0 642299 642386 0 644437 644419 0 0 643215 643139 0 0 641975 0 
0 643911 643843 0 0 643619 0 644087 644143 644270 0 643971 644107 644227 0 644257 644251 0 0 0 643991 644055 644207 644311 0 0 0 643679 644119 644151 0 644183 644275 644478 0 0 644525 0 0 0 644395 644585 644570 644502 0 0 643255 0 0 644633 0 643191 0 0 643023 0 0 643067 0 0 0 644615 0 0 643091 643241 0 644713 0 644711 644718 644488 642847 644593 0 644661 644732 0 642799 642759 643034 643251 643231 0 642747 0 0 643187 644628 0 0 0 642631 642611 0 0 644354 643439 642547 642591 642591 642791 0 0 0 0 0 642869 0 0 0 0 0 642471 0 642711 642801 0 644474 644380 0 0 643554 643492 0 0 642387 0 
0 642954 642977 0 0 642697 0 642714 642814 643164 0 642554 642724 642919 0 643044 643259 0 0 0 642579 642659 642864 643024 0 0 0 642544 642739 642779 0 642819 642934 643887 0 0 643835 0 0 0 643084 643379 643763 643969 0 0 642134 0 0 643765 0 642054 0 0 642107 0 0 642054 0 0 0 643467 0 0 641809 641774 0 643714 0 643834 643858 644159 642031 643498 0 643618 643771 0 641719 641705 641619 641654 641629 0 641654 0 0 641574 643603 0 0 0 641581 641520 0 0 643962 643167 641476 641459 641412 641434 0 0 0 0 0 641309 0 0 0 0 0 641849 0 641334 641224 0 643690 643678 0 0 643402 643327 0 0 641901 0 
0 641903 641903 0 0 641903 0 641903 641903 641903 0 641903 641903 641903 0 641903 641903 0 0 0 641903 641903 641903 641903 0 0 0 641903 641903 641903 0 641903 641903 641902 0 0 641903 0 0 0 641903 641903 641903 641878 0 0 641903 0 0 641890 0 641897 0 0 641903 0 0 641890 0 0 0 641903 0 0 641860 641877 0 641867 0 641847 641839 641806 641903 641879 0 641859 641848 0 641823 641825 641834 641889 641896 0 641810 0 0 641873 641844 0 0 0 641805 641788 0 0 641755 641903 641784 641771 641759 641785 0 0 0 0 0 641784 0 0 0 0 0 641903 0 641765 641767 0 641747 641729 0 0 641903 641895 0 0 641751 0 
0 643804 643736 0 0 643512 0 644087 644076 644164 0 644051 644153 644160 0 644164 644144 0 0 0 644037 644135 644207 644244 0 0 0 643572 644199 644231 0 644263 644321 644345 0 0 644392 0 0 0 644475 644526 644437 644360 0 0 643148 0 0 644501 0 643084 0 0 642916 0 0 642960 0 0 0 644635 0 0 642984 643148 0 644581 0 644473 644449 644158 642740 644639 0 644610 644524 0 642692 642652 642928 643297 643311 0 642640 0 0 643233 644551 0 0 0 642524 642504 0 0 644053 643332 642440 642484 642484 642684 0 0 0 0 0 642776 0 0 0 0 0 642364 0 642604 642708 0 644221 644119 0 0 643423 643368 0 0 642280 0 
644400 644400 644366 644496 644478 644254 644350 644544 644536 644580 644546 644515 644582 644578 644606 644580 644570 644324 644334 644340 644524 644557 644604 644620 644190 644200 644246 644284 644589 644605 644362 644621 644666 644734 644150 644756 644756 644184 644298 644721 644727 644762 644774 644779 644024 644024 644072 644128 644234 644830 643980 644040 644312 644302 643956 643958 643952 643978 643964 644030 644164 644882 643942 644034 643990 644072 644921 644892 644884 644848 644840 644711 643868 644909 644907 644918 644873 644824 643844 643824 643962 644154 644145 644901 643818 643806 643820 644122 644880 644884 644832 643770 643760 643750 643828 644877 644684 644164 643718 643740 643740 643840 643916 643910 643708 643708 643788 643886 644033 644835 644837 643926 643806 643680 643660 643800 643852 644808 644772 644730 644274 644280 644258 644220 643956 643816 643638 643634 
0 643898 643830 0 0 643606 0 644175 644170 644258 0 644135 644244 644254 0 644258 644238 0 0 0 644128 644219 644295 644338 0 0 0 643666 644283 644315 0 644347 644412 644566 0 0 644610 0 0 0 644559 644622 644646 644640 0 0 643242 0 0 644748 0 643178 0 0 643010 0 0 643054 0 0 0 644844 0 0 643078 643242 0 644905 0 644862 644854 644571 642834 644906 0 644967 644911 0 642786 642746 643022 643388 643395 0 642734 0 0 643324 644936 0 0 0 642618 642598 0 0 644415 643426 642534 642578 642578 642778 0 0 0 0 0 642870 0 0 0 0 0 642458 0 642698 642802 0 644575 644455 0 0 643614 643538 0 0 642374 0 
0 643929 643861 0 0 643637 0 644133 644179 644289 0 644031 644165 644263 0 644279 644269 0 0 0 644049 644115 644253 644347 0 0 0 643697 644179 644211 0 644243 644333 644390 0 0 644437 0 0 0 644448 644562 644482 644414 0 0 643273 0 0 644546 0 643209 0 0 643041 0 0 643085 0 0 0 644567 0 0 643109 643263 0 644643 0 644627 644629 644361 642865 644547 0 644613 644662 0 642817 642777 643053 643309 643291 0 642765 0 0 643245 644581 0 0 0 642649 642629 0 0 644205 643421 642565 642609 642609 642809 0 0 0 0 0 642891 0 0 0 0 0 642489 0 642729 642823 0 644343 644235 0 0 643468 643413 0 0 642405 0 
644534 644534 644500 644630 644612 644388 644484 644596 644634 644702 644680 644532 644600 644676 644716 644690 644704 644458 644468 644462 644542 644574 644656 644718 644324 644334 644380 644418 644606 644622 644472 644638 644684 644868 644284 644854 644890 644318 644396 644738 644744 644860 644908 644916 644158 644158 644206 644262 644344 644952 644114 644174 644364 644354 644090 644092 644086 644112 644098 644164 644274 644900 644076 644168 644124 644182 644974 645022 645038 645050 645066 645033 644002 644928 644944 644992 645060 645092 643978 643958 644084 644172 644162 645026 643952 643940 643954 644140 644998 645064 645117 643904 643894 643884 643962 645063 644961 644298 643852 643874 643874 643974 644050 644044 643842 643842 643922 643996 644050 645061 645021 644060 643940 643814 643794 643934 643962 645007 645005 644957 644408 644414 644392 644354 644090 643950 643772 643768 
0 644193 644244 0 0 644412 0 0 643989 643923 0 643929 643899 643926 0 643923 0 0 0 0 0 643866 0 643863 0 0 0 644367 0 0 0 0 643773 0 0 0 0 0 0 0 0 0 0 0 0 0 644685 0 0 0 0 644733 0 0 644694 0 0 0 0 0 0 0 0 0 644782 644676 0 0 0 0 0 0 644586 0 0 0 0 0 644955 644944 644798 644541 0 0 644941 0 0 644576 643230 0 0 0 0 644882 0 0 0 643388 644846 644840 0 644774 0 0 0 0 0 644699 0 0 0 0 0 0 0 644714 644648 0 0 0 0 0 0 0 0 0 643241 0 
0 644198 644249 0 0 644417 0 0 643994 643928 0 643934 643904 643931 0 643928 0 0 0 0 0 643871 0 643868 0 0 0 644372 0 0 0 0 643778 0 0 0 0 0 0 0 0 0 0 0 0 0 644690 0 0 0 0 644738 0 0 644723 0 0 0 0 0 0 0 0 0 644789 644683 0 0 0 0 0 0 644615 0 0 0 0 0 644967 644958 644805 644546 0 0 644976 0 0 644583 643235 0 0 0 0 644923 0 0 0 643393 644899 644877 0 644815 0 0 0 0 0 644740 0 0 0 0 0 0 0 644755 644689 0 0 0 0 0 0 0 0 0 643246 0 
0 634447 0 0 0 0 0 0 0 0 0 0 0 0 0 0 0 0 0 0 0 0 0 0 0 0 0 0 0 0 0 0 0 0 0 0 0 0 0 0 0 0 0 0 0 0 0 0 0 0 0 0 0 0 0 0 0 0 0 0 0 0 0 0 0 0 0 0 0 0 0 0 0 0 0 0 0 0 0 0 635072 0 0 0 0 0 0 0 0 0 0 0 0 0 0 0 0 0 0 0 0 0 0 0 0 0 0 0 0 0 0 0 0 0 0 0 0 0 0 0 0 0 0 0 0 0 0 0 
0 641532 641542 0 0 641654 0 0 641492 641400 0 641506 641480 641450 0 641424 0 0 0 0 0 641464 0 641408 0 0 0 641672 0 0 0 0 641396 0 0 0 0 0 0 0 0 0 0 0 0 0 641855 0 0 0 0 641844 0 0 641853 0 0 0 0 0 0 0 0 0 641770 641804 0 0 0 0 0 0 0 0 0 0 0 0 0 0 641718 641828 0 0 0 0 0 641796 641040 0 0 0 0 0 0 0 0 641288 641618 641592 0 641620 0 0 0 0 0 641618 0 0 0 0 0 0 0 641580 641584 0 0 0 0 0 0 0 0 0 0 0 
0 641601 641587 0 0 641699 0 641697 641657 641517 0 641721 641677 641615 0 641565 641479 0 0 0 641735 641679 641637 641573 0 0 0 641765 641647 641631 0 641615 641593 641219 0 0 641245 0 0 0 641509 641431 641275 641171 0 0 641929 0 0 641267 0 641948 0 0 641805 0 0 641900 0 0 0 641377 0 0 641928 642010 0 641269 0 641205 641189 641027 641701 641325 0 641285 641231 0 641782 641762 641900 642076 642076 0 641756 0 0 642058 641255 0 0 0 641698 641688 0 0 640949 640877 641656 641678 641678 641778 0 0 0 0 0 641824 0 0 0 0 0 641505 0 641738 641790 0 641029 640969 0 0 640783 640773 0 0 640779 0 
634708 634720 634691 634780 634771 634635 634695 634852 634836 634834 634793 634878 634890 634857 634859 634846 634817 634694 634699 634714 634861 634899 634882 634878 634603 634608 634643 634674 634915 634923 634737 634931 634932 634875 634595 634946 634898 634624 634717 634981 634984 634949 634919 634899 634496 634520 634556 634596 634673 634959 634474 634540 634736 634731 634438 634451 634448 634485 634466 634535 634638 635040 634419 634549 634527 634592 635041 635030 635038 635026 635034 634935 634346 635076 635084 635086 635049 635048 634418 634396 634525 634676 634693 635103 634405 634399 634418 634660 635111 635086 635056 634309 634352 634359 634434 635115 634908 634362 634331 634366 634378 634452 634166 634163 634194 634362 634414 634499 634637 635059 635075 634171 634075 634156 634170 634432 634482 635032 634996 634954 634417 634420 634409 634378 634186 634080 633943 634181 
0 644188 644239 0 0 644407 0 0 643984 643918 0 643924 643894 643921 0 643918 0 0 0 0 0 643861 0 643858 0 0 0 644362 0 0 0 0 643768 0 0 0 0 0 0 0 0 0 0 0 0 0 644680 0 0 0 0 644728 0 0 644645 0 0 0 0 0 0 0 0 0 644796 644680 0 0 0 0 0 0 644537 0 0 0 0 0 644931 644916 644812 644536 0 0 644936 0 0 644584 643225 0 0 0 0 644885 0 0 0 643336 644852 644850 0 644824 0 0 0 0 0 644749 0 0 0 0 0 0 0 644764 644698 0 0 0 0 0 0 0 0 0 643189 0 
642569 642576 642586 642528 642537 642642 642601 642504 642508 642486 642503 642488 642478 642487 642473 642486 642491 642614 642609 642606 642507 642467 642474 642466 642674 642669 642653 642634 642451 642443 642595 642435 642436 642402 642701 642398 642398 642684 642627 642385 642382 642395 642389 642378 642733 642757 642740 642712 642659 642361 642755 642756 642620 642625 642743 642754 642757 642768 642763 642761 642694 642328 642714 642759 642781 642740 642315 642314 642306 642306 642298 642306 642643 642290 642282 642282 642295 642282 642835 642833 642795 642692 642673 642265 642848 642850 642845 642708 642255 642270 642254 642728 642851 642834 642832 642241 642250 642099 642830 642817 642805 642814 642007 642010 642507 642789 642812 642789 642729 642221 642201 642002 641954 642449 642531 642794 642772 642194 642194 642188 642044 642041 642052 642035 641987 641949 641894 642616 
642524 642536 642541 642488 642497 642597 642561 642464 642468 642446 642463 642448 642438 642447 642433 642446 642451 642574 642569 642566 642467 642427 642434 642426 642629 642624 642613 642594 642411 642403 642555 642395 642396 642357 642661 642358 642358 642644 642587 642345 642342 642355 642349 642333 642688 642712 642700 642672 642619 642321 642710 642716 642580 642585 642698 642709 642712 642723 642718 642721 642654 642288 642669 642719 642741 642700 642275 642274 642266 642266 642258 642261 642598 642250 642242 642242 642255 642242 642790 642788 642755 642652 642633 642225 642803 642809 642814 642668 642215 642230 642214 642683 642808 642809 642812 642201 642210 642054 642805 642792 642780 642794 641962 641965 642462 642764 642792 642769 642689 642181 642161 641957 641909 642404 642486 642774 642752 642154 642154 642148 641999 641996 642007 641990 641942 641904 641849 642571 
0 637098 0 0 0 637196 0 0 637154 0 0 637224 637180 637112 0 0 0 0 0 0 0 637182 0 637070 0 0 0 637262 0 0 0 0 637096 0 0 0 0 0 0 0 0 0 0 0 0 0 637400 0 0 0 0 637416 0 0 0 0 0 0 0 0 0 0 0 0 637447 637508 0 0 0 0 0 0 0 0 0 0 0 0 0 0 637419 0 0 0 0 0 0 637574 636758 0 0 0 0 0 0 0 0 636374 637175 637197 0 637297 0 0 0 0 0 637343 0 0 0 0 0 0 0 637257 637309 0 0 0 0 0 0 0 0 0 0 0 
0 643570 0 0 0 643278 0 0 643842 0 0 643891 643957 643926 0 0 0 0 0 0 0 0 0 644010 0 0 0 643338 0 0 0 0 644125 0 0 0 0 0 0 0 0 0 0 0 0 0 642914 0 0 0 0 0 0 0 0 0 0 0 0 0 0 0 0 0 642750 642914 0 0 0 0 0 0 0 0 0 0 0 0 0 0 642694 0 0 0 0 0 0 0 644765 0 0 0 0 0 0 0 0 643098 642206 642250 0 0 0 0 0 0 0 642542 0 0 0 0 0 0 0 0 0 0 0 0 0 0 0 0 0 0 0 0 
644555 644555 644521 644651 644633 644409 644505 644653 644668 644735 644701 644601 644669 644710 644750 644724 644725 644479 644489 644495 644611 644643 644713 644752 644345 644355 644401 644439 644675 644691 644506 644707 644753 644851 644305 644888 644874 644339 644430 644807 644813 644894 644895 644875 644179 644179 644227 644283 644378 644935 644135 644195 644421 644411 644111 644113 644107 644133 644119 644185 644308 644934 644097 644189 644145 644216 644971 644983 644991 644991 644999 644876 644023 644936 644944 644980 645002 644987 643999 643979 644117 644241 644231 644997 643973 643961 643975 644209 644971 645012 644975 643925 643915 643905 643983 644983 644798 644319 643873 643895 643895 643995 644071 644065 643863 643863 643943 644030 644119 644934 644906 644081 643961 643835 643815 643955 643996 644880 644855 644807 644393 644396 644385 644354 644111 643971 643793 643789 
0 644120 644069 644264 0 643901 644045 644243 644279 644383 644339 644175 644265 644342 0 644371 644375 644006 644021 644023 644178 644238 644333 644405 643805 643820 643889 643946 644286 644310 644044 644334 644391 644621 643745 0 644654 643796 643922 0 644493 644618 644681 644693 643556 643556 643628 643712 643852 644758 643490 643580 643895 643880 643454 643457 0 643487 643466 643565 643747 644715 643433 643571 643505 643609 644810 644861 0 644905 644921 644836 643322 644769 0 644853 644913 0 643286 643256 643456 643623 643620 0 643247 0 0 643575 644865 0 644970 643175 643160 643145 643262 0 644783 643766 643097 643130 643130 643280 643394 0 643082 0 0 643330 643452 644955 644919 643409 643229 643040 643010 643220 643279 0 644858 644794 0 0 643907 643850 0 643244 642977 642971 
0 639966 639983 639918 0 640039 639991 639894 639898 639876 639893 639878 639868 639877 0 639876 639881 640004 639999 639996 639897 639857 639864 639856 640071 640066 640043 640024 639841 639833 639985 639825 639826 639799 640091 0 639788 640074 640017 0 639772 639785 639779 639775 640154 640154 640130 640102 640049 639751 640176 640146 640010 640015 640188 640187 0 640177 640184 640151 640084 639718 640195 640149 640171 640130 639705 639704 0 639696 639688 639703 640219 639680 0 639672 639685 0 640213 640227 640167 640082 640063 0 640187 0 0 640098 639645 0 639644 640281 640201 640155 640125 0 639640 639675 640159 640109 640073 640101 639583 0 640083 0 0 640075 640107 639611 639591 639578 639530 640025 640107 640061 640041 0 639584 639578 0 0 639628 639611 0 639525 639470 640190 
0 644003 644054 0 0 644222 0 643787 643799 643733 0 643739 643709 643736 0 643733 643748 0 0 0 643796 643676 643697 643673 0 0 0 644177 643628 643604 0 643580 643583 643502 0 0 643469 0 0 0 643421 643460 643442 643430 0 0 644495 0 0 643358 0 644543 0 0 644593 0 0 644636 0 0 0 643259 0 0 644606 644495 0 643217 0 643193 643169 643214 644497 643145 0 643121 643160 0 644770 644800 644615 644351 644294 0 644777 0 0 644399 643040 0 0 0 644821 644799 0 0 643025 643265 644807 644750 644702 644656 0 0 0 0 0 644583 0 0 0 0 0 644207 0 644636 644566 0 642857 642839 0 0 643124 643109 0 0 643118 0 
0 643686 643754 0 0 643978 0 0 643414 643326 0 643334 643294 643330 0 643326 0 0 0 0 0 643250 0 643246 0 0 0 643918 0 0 0 0 643126 0 0 0 0 0 0 0 0 0 0 0 0 0 644342 0 0 0 0 644406 0 0 644343 0 0 0 0 0 0 0 0 0 644506 644342 0 0 0 0 0 0 644142 0 0 0 0 0 644764 644758 644562 644150 0 0 644816 0 0 644214 642402 0 0 0 0 644875 0 0 0 642494 644863 644870 0 644769 0 0 0 0 0 644675 0 0 0 0 0 0 0 644754 644660 0 0 0 0 0 0 0 0 0 642298 0 
0 644243 644258 644101 0 644426 644318 644029 644041 643975 644024 643981 643951 643978 0 643975 643990 644359 644344 644335 644038 643918 643939 643915 644522 644507 644474 644419 643870 643846 644302 643822 643825 643706 644618 0 643709 644569 644398 0 643663 643702 643684 643634 644627 644771 644735 644653 644494 643600 644693 644783 644377 644392 644585 644654 0 644768 644717 644798 644599 643501 644534 644794 644860 644737 643462 643459 0 643435 643411 643418 644429 643387 0 643363 643402 0 644969 644927 644902 644593 644536 0 645004 0 0 644641 643282 0 643279 644648 644942 644988 645066 0 643265 643193 644944 644990 645002 645020 643133 0 644237 0 0 644946 644704 643180 643120 643118 643082 644135 644309 644980 644912 0 643099 643081 0 0 643052 643037 0 643067 643046 644492 
644307 644307 644273 644403 644385 644161 644257 644443 644443 644487 644453 644403 644471 644485 644513 644487 644477 644231 644241 644247 644413 644445 644503 644527 644097 644107 644153 644191 644477 644493 644269 644509 644555 644641 644057 644663 644663 644091 644205 644609 644615 644669 644681 644689 643931 643931 643979 644035 644141 644737 643887 643947 644211 644201 643863 643865 643859 643885 643871 643937 644071 644771 643849 643941 643897 643979 644821 644831 644847 644847 644863 644767 643775 644799 644815 644863 644869 644863 643751 643731 643869 644043 644033 644897 643725 643713 643727 644011 644869 644903 644887 643677 643667 643657 643735 644903 644791 644071 643625 643647 643647 643747 643823 643817 643615 643615 643695 643793 643921 644903 644903 643833 643713 643587 643567 643707 643759 644903 644887 644863 644181 644187 644165 644127 643863 643723 643545 643541 
0 643371 643322 0 0 643042 0 643225 643325 643674 0 643065 643235 643430 0 643555 643733 0 0 0 643090 643170 643375 643535 0 0 0 643018 643250 643290 0 643330 643445 644157 0 0 644177 0 0 0 643579 643851 644162 644253 0 0 642551 0 0 644202 0 642471 0 0 642321 0 0 642364 0 0 0 643903 0 0 642283 642285 0 644175 0 644315 644347 644541 642101 643947 0 644087 644251 0 642029 641991 642129 642165 642140 0 641964 0 0 642085 644087 0 0 0 641831 641806 0 0 644669 642813 641726 641769 641757 641908 0 0 0 0 0 641820 0 0 0 0 0 641631 0 641808 641735 0 644509 644508 0 0 643001 642913 0 0 641526 0 
0 631848 0 0 0 631750 0 0 631792 0 0 631688 631756 631834 0 0 0 0 0 0 0 0 0 631876 0 0 0 631684 0 0 0 0 0 0 0 0 0 0 0 0 0 0 0 0 0 0 0 0 0 0 0 0 0 0 0 0 0 0 0 0 0 0 0 0 0 0 0 0 0 0 0 0 0 0 0 0 0 0 0 0 631314 0 0 0 0 0 0 0 0 0 0 0 0 0 0 0 0 632495 631358 631284 0 0 0 0 0 0 0 0 0 0 0 0 0 0 0 0 0 0 0 0 0 0 0 0 0 0 0 0 
0 643328 0 0 0 643693 0 0 642988 0 0 642888 642838 642883 0 0 0 0 0 0 0 0 0 642778 0 0 0 0 0 0 0 0 0 0 0 0 0 0 0 0 0 0 0 0 0 0 0 0 0 0 0 0 0 0 0 0 0 0 0 0 0 0 0 0 0 0 0 0 0 0 0 0 0 0 0 0 0 0 0 0 644423 0 0 0 0 0 0 0 0 0 0 0 0 0 0 0 0 0 645002 644908 0 0 0 0 0 0 0 0 0 0 0 0 0 0 0 0 0 0 0 0 0 0 0 0 0 0 0 0 
0 643435 0 0 0 643794 0 0 643095 0 0 642995 642945 642990 0 0 0 0 0 0 0 0 0 642885 0 0 0 0 0 0 0 0 0 0 0 0 0 0 0 0 0 0 0 0 0 0 0 0 0 0 0 0 0 0 0 0 0 0 0 0 0 0 0 0 0 0 0 0 0 0 0 0 0 0 0 0 0 0 0 0 644530 0 0 0 0 0 0 0 0 0 0 0 0 0 0 0 0 0 644968 645055 0 0 0 0 0 0 0 0 0 0 0 0 0 0 0 0 0 0 0 0 0 0 0 0 0 0 0 0 
0 643585 643627 0 0 643851 0 643308 643324 643236 0 643244 643204 643240 0 643236 643256 0 0 0 643320 643160 643188 643156 0 0 0 643828 643096 643064 0 643032 643036 642891 0 0 642873 0 0 0 642820 642872 642848 642795 0 0 644241 0 0 642736 0 644305 0 0 644118 0 0 644349 0 0 0 642604 0 0 644416 644252 0 642548 0 642516 642484 642507 643910 642452 0 642420 642472 0 644617 644573 644472 644060 643984 0 644669 0 0 644124 642312 0 0 0 644606 644721 0 0 642281 642262 644690 644825 644872 644716 0 0 0 0 0 644624 0 0 0 0 0 643518 0 644795 644692 0 642068 642044 0 0 642074 642054 0 0 642066 0 
0 643746 0 0 0 643966 0 0 643550 0 0 643470 643430 643466 0 0 0 0 0 0 0 0 0 643382 0 0 0 644030 0 0 0 0 643262 0 0 0 0 0 0 0 0 0 0 0 0 0 644402 0 0 0 0 0 0 0 0 0 0 0 0 0 0 0 0 0 644618 644478 0 0 0 0 0 0 0 0 0 0 0 0 0 0 644698 0 0 0 0 0 0 0 642538 0 0 0 0 0 0 0 0 642353 644747 644800 0 644886 0 0 0 0 0 644816 0 0 0 0 0 0 0 644852 644784 0 0 0 0 0 0 0 0 0 0 0 
0 643764 643790 643800 0 643640 643712 643608 643660 643824 643909 643520 643600 643702 0 643764 643873 643601 643616 643553 643542 643562 643668 643744 643544 643559 643556 643541 643594 643610 643514 643626 643684 643704 643412 0 643671 643391 643346 0 643612 643662 643644 643632 643439 643295 643295 643307 643322 643560 643373 643247 643295 643280 643481 643412 0 643298 643349 643232 643217 643461 643532 643166 643100 643079 643422 643419 0 643395 643371 643416 643637 643347 0 643323 643362 0 643097 643139 642986 643007 642992 0 643058 0 0 642959 643242 0 643239 643418 643115 643028 642929 0 643227 644558 643052 642941 642869 642875 644767 0 643829 0 0 642800 642824 643140 643080 644774 644719 643931 643757 642815 642749 0 643059 643041 0 0 644417 644462 0 644729 644576 643574 
644222 644174 644188 644222 644204 644076 644124 644078 644118 644233 644288 644014 644082 644160 644210 644197 644264 644050 644060 644018 644024 644056 644137 644181 644012 644022 644020 644010 644088 644096 643992 644104 644139 644139 643924 644117 644117 643910 643880 644091 644085 644111 644099 644091 643942 643846 643846 643854 643864 644043 643898 643814 643846 643836 643970 643924 643918 643848 643882 643804 643794 643977 644004 643760 643716 643702 643951 643949 643933 643933 643917 643947 644074 643901 643885 643885 643911 643885 643714 643742 643640 643654 643644 643851 643688 643676 643642 643622 643831 643861 643829 643928 643726 643668 643602 643803 643821 644709 643684 643610 643562 643566 644837 644834 644202 643530 643562 643516 643532 643763 643723 644842 644806 644270 644154 643526 643482 643709 643709 643697 644599 644593 644615 644641 644837 644811 644696 644032 
0 643143 643177 643047 0 643289 0 642952 642972 642952 642997 642896 642888 642930 0 642940 642973 0 0 0 642946 642854 642892 642888 0 0 0 643259 642822 642806 0 642790 642804 642710 0 0 642689 0 0 0 642654 642693 642674 642638 0 0 643471 0 0 642591 0 643451 0 0 643587 0 0 643485 0 0 0 642492 0 0 643353 643316 0 642450 0 642426 642402 642422 643675 642378 0 642354 642393 0 643351 643379 643266 643232 643210 0 643325 0 0 643200 642273 0 0 0 643363 643305 0 0 642245 643107 643321 643247 643199 643203 0 0 643831 0 0 643130 0 0 642111 643099 0 643777 0 643163 643096 0 642090 642072 0 0 642966 642963 0 0 643051 643669 
642257 642268 642274 642220 642229 642330 642293 642196 642200 642178 642195 642180 642170 642179 642165 642178 642183 642306 642301 642298 642199 642159 642166 642158 642362 642357 642345 642326 642143 642135 642287 642127 642128 642090 642393 642090 642090 642376 642319 642077 642074 642087 642081 642066 642421 642445 642432 642404 642351 642053 642443 642448 642312 642317 642431 642442 642445 642456 642451 642453 642386 642020 642402 642451 642473 642432 642007 642006 641998 641998 641990 641994 642331 641982 641974 641974 641987 641974 642523 642521 642487 642384 642365 641957 642536 642542 642547 642400 641947 641962 641946 642416 642541 642558 642554 641933 641942 641787 642562 642575 642587 642548 641695 641698 642195 642603 642574 642525 642421 641913 641893 641690 641642 642137 642219 642568 642542 641886 641886 641880 641732 641729 641740 641723 641675 641637 641582 642304 
642258 642270 642275 642234 642243 642331 642295 642211 642215 642193 642197 642195 642185 642194 642180 642193 642197 642320 642315 642313 642214 642174 642181 642173 642363 642358 642347 642340 642158 642150 642302 642142 642143 642091 642395 642105 642092 642390 642334 642092 642089 642102 642095 642067 642422 642446 642434 642418 642366 642068 642444 642450 642327 642332 642432 642443 642446 642457 642452 642455 642401 642035 642427 642465 642487 642447 642022 642021 642013 642013 642005 641995 642380 641997 641989 641989 642002 641989 642524 642522 642502 642399 642380 641972 642537 642543 642548 642415 641962 641977 641961 642465 642542 642559 642556 641948 641944 641836 642563 642556 642544 642562 641744 641747 642244 642525 642556 642540 642436 641928 641908 641739 641691 642186 642268 642550 642529 641901 641901 641895 641781 641778 641789 641772 641724 641686 641631 642353 
0 639446 0 0 0 639507 0 0 639426 0 0 639442 639420 639405 0 0 0 0 0 0 0 0 0 639384 0 0 0 639516 0 0 0 0 639378 0 0 0 0 0 0 0 0 0 0 0 0 0 639610 0 0 0 0 0 0 0 0 0 0 0 0 0 0 0 0 0 639663 639646 0 0 0 0 0 0 0 0 0 0 0 0 0 0 639670 0 0 0 0 0 0 0 639209 0 0 0 0 0 0 0 0 639324 639670 639652 0 0 0 0 0 0 0 639670 0 0 0 0 0 0 0 0 0 0 0 0 0 0 0 0 0 0 0 0 
0 642604 642590 642556 0 642702 642654 642700 642660 642520 642458 642758 642696 642618 0 642568 642482 642728 642718 642760 642754 642716 642640 642576 642766 642756 642758 642768 642684 642668 642786 642652 642612 642222 642854 0 642248 642868 642898 0 642546 642434 642278 642174 642836 642932 642932 642924 642914 642270 642880 642964 642932 642942 642808 642854 0 642930 642896 642974 642984 642396 642774 643018 643062 643076 642322 642272 0 642208 642192 642030 642704 642362 0 642304 642234 0 642987 642965 643094 643124 643128 0 642974 0 0 643156 642292 0 642152 642850 642921 642928 643003 0 641952 641880 642900 642935 642947 643021 641840 0 642576 0 0 643068 643214 642134 642142 641830 641806 642508 642624 643001 643051 0 642032 641972 0 0 641786 641776 0 641796 641782 642744 
0 644137 644086 644281 0 643918 644062 644327 644339 644407 644356 644255 644357 644402 0 644407 644392 644023 644038 644047 644270 644318 644417 644465 643822 643837 643906 643963 644366 644390 644080 644414 644483 644638 643762 0 644671 643813 643982 0 644573 644678 644698 644710 643573 643573 643645 643729 643888 644782 643507 643597 643979 643964 643471 643474 0 643504 643483 643582 643783 644807 643450 643588 643522 643645 644894 644921 0 644947 644971 644920 643339 644849 0 644945 644978 0 643303 643273 643480 643715 643700 0 643264 0 0 643667 644954 0 645097 643192 643177 643162 643279 0 644887 643783 643114 643147 643147 643297 643411 0 643099 0 0 643366 643532 645116 645096 643426 643246 643057 643027 643237 643315 0 645005 644917 0 0 643924 643867 0 643261 642994 642988 
0 643896 643845 644040 0 643677 0 644026 644048 644162 644115 643936 644038 644111 0 644138 644151 0 0 0 643951 643999 644116 644174 0 0 0 643722 644047 644071 0 644095 644164 644397 0 0 644430 0 0 0 644254 644387 644457 644465 0 0 643404 0 0 644537 0 643356 0 0 643230 0 0 643263 0 0 0 644488 0 0 643281 643376 0 644615 0 644629 644637 644554 643098 644527 0 644601 644640 0 643062 643032 643235 643396 643381 0 643023 0 0 643348 644580 0 0 0 642936 642921 0 0 644587 643542 642873 642906 642906 643056 0 0 642858 0 0 643097 0 0 644655 643185 0 642816 0 642996 643046 0 644671 644641 0 0 643683 643626 0 0 642753 642747 
0 643552 643580 0 0 643356 0 643360 643440 643701 643797 643232 643368 643524 0 643624 643749 0 0 0 643252 643316 643480 643603 0 0 0 643224 643380 643412 0 643444 643509 643469 0 0 643425 0 0 0 643361 643413 643389 643373 0 0 642896 0 0 643277 0 642832 0 0 643144 0 0 642900 0 0 0 643145 0 0 642636 642608 0 643089 0 643057 643025 643085 643352 642993 0 642961 643013 0 642632 642688 642484 642512 642492 0 642580 0 0 642448 642853 0 0 0 642656 642540 0 0 642833 644609 642572 642424 642328 642336 0 0 0 0 0 642236 0 0 0 644994 0 643744 0 642256 642168 0 642609 642585 0 0 644421 644497 0 0 644558 643268 
0 643408 643434 643420 0 643322 643358 643252 643296 643383 643448 643164 643230 643317 0 643358 643412 643272 643282 643228 643186 643193 643282 643315 643258 643268 643254 643232 643209 643214 643190 643212 643237 643185 643137 0 643152 643116 643066 0 643104 643143 643125 643113 643164 643020 643020 643032 643047 643041 643098 642972 643020 643005 643206 643137 0 643023 643074 642957 642942 642942 643257 642891 642825 642804 642903 642900 0 642876 642852 642897 643362 642828 0 642804 642843 0 642822 642864 642711 642732 642717 0 642783 0 0 642684 642723 0 642720 643143 642840 642753 642654 0 642708 644038 642777 642666 642594 642600 644313 0 643554 0 0 642525 642549 642621 642561 644308 644378 643656 643482 642540 642474 0 642540 642522 0 0 643897 643942 0 644377 644326 643299 
0 641974 642008 0 0 642120 0 641830 641838 641794 0 641798 641778 641796 0 641794 641804 0 0 0 641836 641756 641770 641754 0 0 0 642090 641724 641708 0 641692 641694 641640 0 0 641618 0 0 0 641586 641612 641600 641592 0 0 642272 0 0 641544 0 642234 0 0 642392 0 0 642254 0 0 0 641478 0 0 642062 642082 0 641450 0 641434 641418 641448 642488 641402 0 641386 641412 0 641986 642018 641934 642058 642062 0 641934 0 0 641994 641332 0 0 0 641962 641870 0 0 641322 642084 641878 641778 641706 641762 0 0 0 0 0 641710 0 0 0 0 0 642680 0 641682 641642 0 641210 641198 0 0 641990 641980 0 0 641702 0 
0 643263 643292 643200 0 643348 643288 643131 643147 643116 643150 643091 643093 643118 0 643116 643126 643289 643284 643269 643122 643070 643092 643076 643380 643375 643340 643309 643046 643030 643246 643014 643016 642962 643388 0 642940 643359 643266 0 642908 642934 642922 642914 643487 643463 643427 643387 643310 642866 643509 643443 643247 643252 643545 643532 0 643498 643517 643448 643345 642800 643564 643426 643416 643378 642774 642772 0 642756 642740 642770 643631 642724 0 642708 642734 0 643451 643477 643366 643306 643276 0 643438 0 0 643306 642654 0 642652 643630 643481 643440 643371 0 642644 643233 643460 643399 643363 643341 643265 0 643663 0 0 643292 643252 642586 642546 643255 643267 643636 643684 643321 643275 0 642532 642520 0 0 643139 643141 0 643257 643273 643664 
0 643625 0 0 0 643833 0 0 643434 0 0 643354 643314 643350 0 0 0 0 0 0 0 0 0 643266 0 0 0 643920 0 0 0 0 643146 0 0 0 0 0 0 0 0 0 0 0 0 0 644281 0 0 0 0 0 0 0 0 0 0 0 0 0 0 0 0 0 644508 644362 0 0 0 0 0 0 0 0 0 0 0 0 0 0 644582 0 0 0 0 0 0 0 642422 0 0 0 0 0 0 0 0 642215 644643 644777 0 644808 0 0 0 0 0 644734 0 0 0 0 0 0 0 644880 644798 0 0 0 0 0 0 0 0 0 0 0 
0 641568 0 0 0 641703 0 0 641640 0 0 641587 641557 641577 0 0 0 0 0 0 0 0 0 641514 0 0 0 641826 0 0 0 0 641431 0 0 0 0 0 0 0 0 0 0 0 0 0 642060 0 0 0 0 0 0 0 0 0 0 0 0 0 0 0 0 0 642267 642300 0 0 0 0 0 0 0 0 0 0 0 0 0 0 642393 0 0 0 0 0 0 0 640888 0 0 0 0 0 0 0 0 640242 642250 642346 0 642490 0 0 0 0 0 642574 0 0 0 0 0 0 0 642490 642574 0 0 0 0 0 0 0 0 0 0 0 
644275 644275 644241 644371 644353 644129 644225 644395 644399 644455 644421 644379 644435 644441 644481 644455 644445 644199 644209 644215 644377 644421 644455 644483 644065 644075 644121 644159 644453 644469 644237 644485 644519 644609 644025 644619 644631 644059 644161 644585 644591 644625 644649 644657 643899 643899 643947 644003 644109 644705 643855 643915 644163 644153 643831 643833 643827 643853 643839 643905 644039 644735 643817 643909 643865 643947 644773 644787 644803 644815 644831 644801 643743 644775 644791 644827 644825 644863 643719 643699 643837 644007 644009 644861 643693 643681 643695 643975 644845 644863 644907 643645 643635 643625 643703 644909 644909 644039 643593 643615 643615 643715 643791 643785 643583 643583 643663 643761 643897 644961 644989 643801 643681 643555 643535 643675 643727 645001 645001 644981 644149 644155 644133 644095 643831 643691 643513 643509 
0 643373 643329 0 0 643105 0 643459 643519 643685 0 643331 643467 643603 0 643659 643689 0 0 0 643351 643415 643579 643687 0 0 0 643117 643479 643511 0 643543 643635 644065 0 0 644085 0 0 0 643755 643971 644097 644161 0 0 642717 0 0 644185 0 642653 0 0 642605 0 0 642577 0 0 0 644067 0 0 642529 642643 0 644295 0 644379 644411 644449 642525 644123 0 644251 644371 0 642309 642293 642449 642611 642591 0 642257 0 0 642547 644263 0 0 0 642189 642145 0 0 644673 643307 642105 642101 642077 642229 0 0 0 0 0 642271 0 0 0 0 0 642339 0 642149 642203 0 644755 644753 0 0 643495 643419 0 0 642255 0 
0 643107 643058 0 0 642778 0 643032 643122 643392 0 642872 643042 643227 0 643319 643432 0 0 0 642897 642977 643182 643315 0 0 0 642745 643057 643093 0 643125 643229 643844 0 0 643864 0 0 0 643337 643599 643840 643940 0 0 642287 0 0 643892 0 642207 0 0 642058 0 0 642110 0 0 0 643661 0 0 642010 642058 0 643923 0 644039 644071 644228 641838 643705 0 643845 643999 0 641775 641728 641868 641972 641947 0 641710 0 0 641892 643845 0 0 0 641568 641543 0 0 644456 642501 641463 641515 641493 641635 0 0 0 0 0 641593 0 0 0 0 0 641368 0 641535 641508 0 644403 644497 0 0 642689 642601 0 0 641263 0 
641287 641263 641270 641287 641278 641214 641238 641215 641235 641305 641336 641183 641217 641256 641294 641281 641324 641201 641206 641185 641188 641204 641245 641277 641182 641187 641186 641181 641220 641228 641172 641236 641259 641446 641138 641345 641435 641131 641116 641286 641289 641348 641426 641422 641147 641099 641099 641103 641108 641398 641125 641083 641099 641094 641161 641138 641135 641100 641117 641078 641073 641365 641178 641056 641034 641027 641352 641351 641343 641343 641335 641350 641213 641327 641319 641319 641332 641319 641002 641018 640976 641003 640998 641302 640976 640964 640942 640987 641292 641307 641291 641140 640990 640944 640914 641278 641287 641625 640948 640898 640862 640890 641523 641520 641277 640830 640874 640864 640928 641258 641238 641528 641439 641311 641253 640850 640830 641231 641231 641225 641676 641673 641672 641675 641543 641444 641307 641188 
641345 641321 641328 641345 641336 641272 641296 641273 641293 641363 641394 641241 641275 641314 641352 641339 641382 641259 641264 641243 641246 641262 641303 641335 641240 641245 641244 641239 641278 641286 641230 641294 641317 641506 641196 641403 641495 641189 641174 641344 641347 641406 641484 641482 641205 641157 641157 641161 641166 641458 641183 641141 641157 641152 641219 641196 641193 641158 641175 641136 641131 641425 641236 641114 641073 641083 641412 641411 641403 641403 641395 641410 641271 641387 641379 641379 641392 641379 641035 641051 641009 641061 641056 641362 641009 640997 640975 641039 641352 641367 641351 641177 641023 640977 640947 641338 641347 641683 640981 640931 640895 640923 641564 641561 641335 640863 640907 640897 640961 641318 641298 641569 641473 641369 641311 640883 640863 641291 641291 641285 641736 641733 641730 641733 641584 641478 641341 641221 
0 641281 641288 0 0 641232 0 641233 641253 641323 0 641201 641235 641274 0 641299 641342 0 0 0 641206 641222 641263 641295 0 0 0 641199 641238 641246 0 641254 641277 641456 0 0 641444 0 0 0 641307 641366 641432 641456 0 0 641116 0 0 641420 0 641084 0 0 641179 0 0 641094 0 0 0 641372 0 0 640998 641008 0 641396 0 641408 641408 641456 641231 641360 0 641372 641396 0 640960 640976 640934 640996 640998 0 640934 0 0 640964 641360 0 0 0 640948 640902 0 0 641444 641517 640906 640856 640820 640848 0 0 0 0 0 640822 0 0 0 0 0 641239 0 640808 640788 0 641396 641408 0 0 641558 641546 0 0 641255 0 
0 643141 643160 0 0 643104 0 643033 643065 643159 0 642977 643023 643086 0 643123 643190 0 0 0 642994 642998 643063 643107 0 0 0 643047 643014 643022 0 643030 643065 643283 0 0 643259 0 0 0 643083 643163 643235 643283 0 0 642969 0 0 643211 0 642937 0 0 643093 0 0 642971 0 0 0 643115 0 0 642839 642825 0 643163 0 643187 643187 643283 643197 643091 0 643115 643163 0 642837 642865 642763 642777 642767 0 642811 0 0 642745 643091 0 0 0 642849 642791 0 0 643259 643697 642807 642733 642685 642689 0 0 0 0 0 642639 0 0 0 0 0 643387 0 642649 642605 0 643163 643187 0 0 643697 643709 0 0 643612 0 
644352 644304 644318 644352 644334 644206 644254 644208 644248 644377 644432 644144 644212 644290 644354 644340 644408 644180 644190 644148 644154 644186 644268 644325 644142 644152 644150 644140 644218 644234 644122 644248 644283 644335 644054 644313 644313 644040 644010 644274 644271 644307 644295 644287 644072 643976 643976 643984 643994 644239 644028 643944 643976 643966 644100 644054 644048 643978 644012 643934 643924 644173 644134 643890 643846 643832 644147 644145 644129 644129 644113 644143 644204 644097 644081 644081 644107 644081 643844 643872 643770 643784 643774 644047 643818 643806 643772 643752 644027 644057 644025 644058 643856 643798 643732 643999 644017 644904 643814 643740 643692 643696 644980 644977 644332 643660 643692 643646 643662 643959 643919 644985 644923 644400 644284 643656 643612 643905 643905 643893 644794 644788 644810 644836 645000 644932 644755 644162 
0 643327 643353 643363 0 643241 643277 643171 643223 643355 643417 643083 643163 643265 0 643319 643381 643191 643201 643147 643105 643125 643231 643284 643156 643171 643168 643151 643157 643170 643109 643176 643209 643148 643024 0 643115 643003 642958 0 643067 643106 643088 643076 643051 642907 642907 642919 642934 643004 642985 642859 642907 642892 643093 643024 0 642910 642961 642844 642829 642905 643144 642778 642712 642691 642866 642863 0 642839 642815 642860 643249 642791 0 642767 642806 0 642709 642751 642598 642619 642604 0 642670 0 0 642571 642686 0 642683 643030 642727 642640 642541 0 642671 644003 642664 642553 642481 642487 644330 0 643441 0 0 642412 642436 642584 642524 644320 644389 643543 643369 642427 642361 0 642503 642485 0 0 643862 643919 0 644393 644273 643186 
0 641896 641931 0 0 641651 0 0 641692 641678 0 641496 641558 641633 0 641654 0 0 0 0 0 641501 0 641570 0 0 0 641486 0 0 0 0 641432 0 0 0 0 0 0 0 0 0 0 0 0 0 641076 0 0 0 0 640996 0 0 641386 0 0 0 0 0 0 0 0 0 640751 640716 0 0 0 0 0 0 641646 0 0 0 0 0 0 0 640561 640596 0 0 0 0 0 640516 640865 0 0 0 0 0 0 0 0 642830 640671 640486 0 640376 0 0 0 0 0 640251 0 0 0 0 0 0 0 640276 640166 0 0 0 0 0 0 0 0 0 643775 0 
0 642497 642560 0 0 642728 0 642221 642245 642203 642278 642149 642131 642182 0 642191 642230 0 0 0 642218 642086 642131 642119 0 0 0 642659 642038 642014 0 641990 642005 641997 0 0 641953 0 0 0 641831 641906 641917 641901 0 0 642989 0 0 641805 0 643034 0 0 643223 0 0 643144 0 0 0 641673 0 0 643060 642930 0 641617 0 641585 641553 641613 643402 641521 0 641489 641541 0 643212 643264 643039 642762 642700 0 643186 0 0 642794 641381 0 0 0 643272 643190 0 0 641361 642434 643230 643108 643024 642992 0 0 0 0 0 642894 0 0 0 642359 0 643376 0 642946 642856 0 641137 641113 0 0 642292 642278 0 0 642287 643651 
