645107 645090 0 645076 0 645092 645039 645004 644933 644945 644976 644943 645002 644968 644888 644858 0 644961 644927 644935 644941 644914 644860 644859 644848 644870 0 0 644861 644859 644850 644893 644860 644896 644896 644822 644824 644795 644792 644828 644766 644796 644817 644857 644818 644751 644805 644775 0 644729 0 644789 644753 644817 644787 644778 644811 644754 644795 644815 644779 644767 644787 644727 644709 0 644738 0 644666 644732 644729 644723 644709 644718 644741 644712 644767 644752 644670 644664 644681 0 644690 644651 0 644676 644688 644679 644722 644695 644608 644643 644639 644665 644655 644646 644631 644643 644625 644664 644638 0 644643 644586 0 644632 644662 644662 644644 644595 644607 644616 644607 644607 644628 644543 644573 644576 644573 644586 644607 644616 644562 644600 0 644641 644623 644599 
0 645001 0 644928 0 0 0 0 0 0 0 644905 0 0 0 0 0 0 0 0 0 0 0 0 0 0 0 0 0 0 0 0 0 0 0 0 0 0 0 0 0 0 0 0 0 0 0 0 0 0 0 0 0 0 0 0 0 0 0 0 0 0 0 0 0 0 0 0 0 0 0 0 0 0 0 0 0 0 0 0 644280 0 0 0 0 0 0 0 0 0 0 0 0 0 0 0 644128 0 0 0 0 0 0 644313 0 0 0 0 0 0 0 0 0 0 0 0 0 0 644129 0 0 0 0 0 0 0 0 0 
640874 640857 640879 640863 640878 640857 640859 640834 640784 640804 640812 640801 640826 640817 640754 640734 640798 640807 640802 640803 640805 640796 640796 640804 640728 640766 640758 640778 640784 640773 640770 640789 640778 640799 640794 640788 640777 640704 640738 640786 640757 640752 640759 640777 640764 640768 640780 640700 640666 640648 640698 640760 640770 640759 640749 640746 640757 640738 640758 640763 640751 640747 640755 640764 640692 640624 640678 640658 640654 640686 640708 640728 640723 640726 640740 640724 640747 640750 640666 640650 640628 640644 640694 640692 640704 640712 640716 640713 640732 640723 640714 640732 640730 640747 640692 640674 640640 640624 640624 640626 640588 640698 640701 640682 640696 640702 640712 640712 640706 640722 640672 640666 640648 640636 640614 640524 640616 640630 640700 640675 640689 640692 640674 640693 640702 640705 640699 640691 
0 644892 0 644973 0 0 0 0 0 0 0 644691 0 0 0 0 0 0 0 0 0 0 0 0 0 0 0 0 0 0 0 0 0 0 0 0 0 0 0 0 0 0 0 0 0 0 0 0 0 0 0 0 0 0 0 0 0 0 0 0 0 0 0 0 0 0 0 0 0 0 0 0 0 0 0 0 0 0 0 0 644224 0 0 0 0 0 0 0 0 0 0 0 0 0 0 0 644309 0 0 0 0 0 0 644117 0 0 0 0 0 0 0 0 0 0 0 0 0 0 644044 0 0 0 0 0 0 0 0 0 
644082 644089 644087 644071 644110 644065 644067 644042 644069 644085 644033 644021 644034 644025 644054 644044 644047 644028 643962 644011 644004 644004 644004 644025 644023 644049 644009 644037 644022 643958 643934 643960 643962 644007 644002 643996 643985 644035 643999 643987 643906 643923 643912 643948 643946 643989 644007 643997 643986 644001 643997 643974 643919 643932 643917 643911 643933 643870 643874 643896 643908 643955 643963 643981 643975 643989 644005 643995 643957 643991 643966 643940 643865 643870 643838 643842 643888 643958 643962 643960 643997 643934 643941 643904 643874 643843 643851 643844 643846 643876 643891 643946 643919 643948 643957 643954 643949 643953 643947 643960 643953 643871 643821 643783 643786 643774 643794 643866 643890 643899 643941 643944 643941 643941 643948 643939 643902 643891 643818 643776 643797 643803 643766 643744 643798 643804 643828 643860 
645101 645080 0 645093 0 645125 645033 645036 644870 644882 644986 644969 645051 645012 644825 644795 0 644977 644972 645000 645012 644974 644862 644841 644804 644807 0 0 644798 644873 644876 644964 644931 644925 644939 644814 644847 644732 644729 644765 644732 644822 644843 644928 644889 644733 644787 644757 0 644666 0 644726 644693 644833 644813 644804 644837 644780 644840 644886 644850 644828 644834 644709 644691 0 644675 0 644603 644669 644666 644660 644735 644744 644786 644738 644838 644784 644652 644646 644618 0 644627 644588 0 644702 644714 644705 644793 644766 644604 644625 644628 644649 644637 644628 644613 644625 644607 644646 644594 0 644669 644612 0 644703 644733 644733 644715 644580 644589 644598 644589 644589 644610 644480 644510 644513 644510 644582 644633 644642 644588 644645 0 644712 644694 644670 
0 644926 0 645004 0 0 645017 0 644735 644751 0 644710 0 0 644675 0 0 0 0 0 0 0 0 0 644647 644651 0 0 644639 0 0 0 0 0 0 0 0 644551 644547 644595 644499 0 0 0 0 0 0 0 0 0 0 644543 644484 0 0 0 0 0 0 0 0 0 0 0 644671 0 644475 0 0 644467 644463 0 0 0 644466 644402 0 0 644619 644611 644399 0 644411 644359 0 0 0 0 0 0 0 0 0 0 644599 644587 644567 0 644559 644531 644367 0 0 644234 0 644387 0 644570 0 0 644535 644547 644535 644535 644542 644215 0 644259 644255 644250 0 0 644202 644278 0 0 0 0 
0 643054 0 643096 0 0 643107 643148 642923 642931 0 642975 0 0 642893 0 0 0 642977 0 0 643141 643075 0 642879 642881 0 0 642875 0 0 0 0 0 0 0 643060 642831 642829 642853 642817 0 0 643070 643079 0 0 0 0 0 0 642827 642792 0 0 0 0 0 642849 0 643053 643045 643045 0 642961 0 642793 0 0 642789 642787 0 0 0 642777 642737 0 0 642935 642931 642755 0 642761 642734 0 0 0 0 642889 642997 642870 0 642908 642933 642925 642919 642909 0 642905 642849 642739 0 0 642724 0 642697 642737 642975 0 0 642893 642899 642893 642893 642872 642663 642683 642685 642622 642647 642750 642681 642561 642589 0 642852 642934 642933 
0 643631 0 643611 0 0 643611 0 643802 643766 0 643480 0 0 643794 0 0 0 0 0 0 0 0 0 643742 643747 0 0 643642 0 0 0 0 0 0 0 0 643732 643675 643531 643348 0 0 0 0 0 0 0 0 0 0 643570 643387 0 0 0 0 0 0 0 0 0 0 0 643646 0 643687 0 0 643671 643639 0 0 0 643230 643232 0 0 643620 643616 643656 0 643603 643531 0 0 0 0 0 0 0 0 0 0 643596 643604 643594 0 643590 643616 643602 0 0 643123 0 643128 0 643230 0 0 643572 643584 643578 643578 643592 643564 0 643519 643282 643138 0 0 643094 643089 0 0 0 0 
0 643805 0 643764 0 0 0 0 0 643817 0 643812 0 0 0 0 0 0 0 0 0 0 0 0 0 0 0 0 0 0 0 0 0 0 0 0 0 0 0 0 0 0 0 0 0 0 0 0 0 0 0 0 0 0 0 0 0 0 0 0 0 0 0 0 0 0 0 0 0 0 0 0 0 0 0 0 0 0 0 0 643817 0 0 643740 0 0 0 0 0 0 0 0 0 0 0 0 643668 0 0 643740 0 0 0 643728 0 0 0 0 0 0 0 0 0 0 0 0 0 0 643680 0 0 0 0 0 0 0 0 0 
644908 644925 0 644895 0 644925 644875 644874 644855 644883 644970 644931 644882 644843 644828 644798 0 644975 644790 644851 644869 644816 644720 644737 644759 644882 0 0 644915 644901 644742 644799 644788 644765 644770 644680 644691 644783 644892 644856 644773 644868 644709 644785 644746 644629 644695 644729 0 644669 0 644843 644760 644867 644859 644814 644847 644646 644658 644697 644707 644673 644665 644597 644685 0 644774 0 644786 644816 644847 644797 644781 644658 644604 644604 644695 644622 644646 644640 644669 0 644810 644749 0 644748 644760 644619 644628 644623 644466 644521 644498 644529 644621 644622 644607 644619 644601 644618 644549 0 644715 644658 0 644514 644544 644590 644572 644458 644581 644592 644583 644583 644604 644483 644693 644696 644603 644603 644679 644652 644502 644463 0 644569 644551 644527 
0 0 0 0 0 0 0 0 0 0 0 635553 0 0 0 0 0 0 0 0 0 0 0 0 0 0 0 0 0 0 0 0 0 0 0 0 0 0 0 0 0 0 0 0 0 0 0 0 0 0 0 0 0 0 0 0 0 0 0 0 0 0 0 0 0 0 0 0 0 0 0 0 0 0 0 0 0 0 0 0 634846 0 0 0 0 0 0 0 0 0 0 0 0 0 0 0 0 0 0 0 0 0 0 635281 0 0 0 0 0 0 0 0 0 0 0 0 0 0 635068 0 0 0 0 0 0 0 0 0 
644047 644040 0 644058 0 644060 644062 644085 643914 643916 643947 643943 644093 644090 643884 643864 0 643944 643916 644088 644067 644085 644019 644008 643858 643854 0 0 643824 643838 643844 643973 644022 644052 644057 643990 644002 643816 643778 643778 643714 643796 643811 643983 644008 643936 643972 643878 0 643778 0 643752 643694 643800 643787 643778 643811 643748 643784 643847 643941 643988 643988 643920 643908 0 643766 0 643694 643750 643724 643696 643709 643718 643730 643706 643893 643957 643882 643862 643740 0 643686 643636 0 643676 643688 643679 643802 643897 643849 643864 643866 643880 643872 643866 643856 643824 643836 643804 643718 0 643643 643586 0 643664 643694 643876 643894 643834 643840 643846 643840 643840 643814 643654 643608 643598 643524 643544 643607 643616 643562 643589 0 643767 643825 643849 
644098 644062 0 644122 0 644086 644136 644170 643940 643936 643945 643935 644163 644176 643910 643890 0 643940 643938 644162 644127 644144 644105 644091 643908 643874 0 0 643844 643834 643842 644019 644092 644133 644130 644073 644085 643836 643798 643798 643738 643788 643809 644043 644063 644019 644055 643952 0 643804 0 643772 643714 643796 643779 643770 643803 643746 643806 643881 644011 644047 644055 644003 643991 0 643786 0 643714 643770 643744 643716 643701 643710 643752 643704 643953 644037 643965 643960 643760 0 643706 643656 0 643668 643680 643671 643848 643952 643933 643947 643949 643963 643955 643949 643939 643912 643934 643878 643768 0 643635 643578 0 643698 643728 643931 643949 643917 643923 643929 643923 643923 643902 643680 643628 643618 643544 643556 643599 643608 643554 643611 0 643827 643880 643904 
0 644182 0 644154 0 0 644154 0 644386 644345 0 644062 0 0 644405 0 0 0 0 0 0 0 0 0 644357 644356 0 0 644224 0 0 0 0 0 0 0 0 644380 644288 644113 643930 0 0 0 0 0 0 0 0 0 0 644152 643969 0 0 0 0 0 0 0 0 0 0 0 644261 0 644341 0 0 644325 644270 0 0 0 643773 643783 0 0 644235 644231 644304 0 644235 644142 0 0 0 0 0 0 0 0 0 0 644180 644215 644209 0 644205 644231 644217 0 0 643705 0 643671 0 643773 0 0 644164 644191 644193 644193 644207 644187 0 644173 643864 643720 0 0 643670 643632 0 0 0 0 
642859 642852 0 642850 0 642808 642862 642811 643062 642992 642737 642704 642787 642784 643093 643112 0 642722 642643 642742 642724 642745 642793 642862 643107 643001 0 0 642866 642620 642591 642652 642667 642778 642763 642793 642760 643093 642935 642755 642572 642557 642558 642640 642649 642826 642868 643081 0 643081 0 642794 642611 642578 642548 642539 642572 642495 642511 642550 642586 642694 642718 642802 643039 0 643056 0 642984 643030 642919 642788 642470 642473 642457 642453 642550 642727 643046 643044 643055 0 642885 642788 0 642437 642449 642434 642481 642550 642715 642790 642739 642766 642967 643009 643033 643037 643031 643044 643037 0 642404 642347 0 642367 642397 642541 642595 642739 642963 642993 643025 643025 643032 643019 642905 642882 642506 642362 642368 642377 642317 642316 0 642424 642478 642550 
643877 643884 643882 643866 643905 643860 643862 643837 643910 643938 643911 643876 643829 643820 643895 643885 643965 643906 643805 643806 643808 643799 643799 643830 643864 643937 643945 643961 643954 643872 643797 643792 643781 643802 643797 643791 643780 643888 643935 643917 643856 643851 643786 643780 643767 643794 643824 643838 643827 643839 643921 643930 643869 643858 643848 643845 643856 643765 643761 643766 643754 643750 643758 643778 643816 643815 643893 643883 643893 643915 643914 643912 643822 643777 643743 643751 643750 643753 643803 643801 643843 643882 643901 643888 643881 643811 643815 643764 643735 643726 643717 643758 643733 643750 643798 643795 643790 643791 643788 643793 643755 643878 643799 643781 643723 643705 643715 643715 643709 643725 643782 643785 643782 643782 643781 643715 643862 643863 643797 643737 643788 643791 643725 643696 643705 643708 643702 643694 
644930 644947 0 644917 0 644947 644897 644898 644877 644905 644932 644967 644906 644891 644844 644814 0 644937 644844 644905 644913 644864 644768 644785 644775 644890 0 0 644841 644827 644796 644853 644868 644813 644818 644728 644739 644799 644818 644782 644699 644826 644763 644841 644826 644677 644743 644745 0 644685 0 644769 644686 644793 644817 644808 644841 644700 644712 644751 644787 644721 644713 644645 644727 0 644776 0 644706 644772 644769 644723 644739 644712 644658 644658 644751 644670 644688 644682 644685 0 644730 644675 0 644706 644718 644673 644682 644703 644514 644569 644546 644577 644669 644664 644649 644637 644643 644634 644565 0 644673 644616 0 644568 644598 644670 644652 644506 644625 644634 644625 644625 644622 644499 644613 644616 644529 644529 644637 644646 644556 644517 0 644625 644631 644607 
0 644775 0 644760 0 0 644720 644722 644635 644655 0 644815 0 0 644605 0 0 0 644882 0 0 644702 644606 0 644578 644617 0 0 644635 0 0 0 0 0 0 0 644596 644555 644589 644637 644651 0 0 644819 644760 0 0 0 0 0 0 644611 644625 0 0 0 0 0 644838 0 644793 644608 644592 0 644492 0 644529 0 0 644537 644559 0 0 0 644814 644795 0 0 644466 644462 644479 0 644545 644543 0 0 0 0 644798 644741 644434 0 644450 644464 644456 644450 644440 0 644436 644462 644438 0 0 644763 0 644748 644768 644718 0 0 644424 644430 644424 644424 644438 644375 644467 644481 644551 644611 644770 644767 644707 644720 0 644754 644717 644653 
644929 644903 0 644963 0 644937 644983 645045 644709 644721 644799 644786 645055 645089 644664 644634 0 644789 644789 645067 645013 645101 645017 645001 644643 644646 0 0 644637 644685 644693 644894 645003 645071 645081 644973 644995 644571 644568 644604 644563 644639 644660 644930 645021 644893 644947 644709 0 644505 0 644565 644532 644645 644630 644621 644654 644597 644657 644744 644922 644961 644977 644869 644845 0 644514 0 644442 644508 644505 644499 644552 644561 644603 644555 644840 644929 644806 644740 644457 0 644466 644427 0 644519 644531 644522 644723 644904 644761 644785 644788 644809 644797 644788 644767 644649 644701 644598 644433 0 644486 644429 0 644561 644591 644871 644853 644740 644749 644758 644749 644749 644634 644319 644349 644352 644349 644403 644450 644459 644405 644462 0 644714 644832 644808 
0 644681 0 644727 0 0 644717 644766 644401 644429 0 644627 0 0 644341 0 0 0 644711 0 644803 644755 644604 0 644301 644330 0 0 644318 0 0 0 0 0 0 0 644596 644229 644226 644274 644230 644506 0 644775 644736 0 0 0 0 0 0 644222 644178 0 0 0 0 0 644632 0 644747 644611 644598 0 644352 0 644154 0 0 644146 644142 0 0 0 644560 644508 0 0 644300 644280 644077 0 644090 644038 0 0 0 0 644680 644671 644283 0 644315 644343 644316 644292 644248 0 644228 644201 644021 0 0 644256 0 644490 644530 644636 0 0 644263 644264 644240 644228 644198 643881 643934 643938 643934 644030 644335 644393 644320 644372 0 644617 644643 644530 
0 644723 0 644807 0 0 644839 644913 644569 644567 0 644635 0 0 644509 0 0 0 644639 0 0 645037 644969 0 644481 644485 0 0 644439 0 0 0 0 0 0 0 644935 644385 644381 644369 644275 0 0 644827 644967 0 0 0 0 0 0 644343 644249 0 0 0 0 0 644463 0 644819 644923 644907 0 644769 0 644309 0 0 644301 644297 0 0 0 644391 644327 0 0 644717 644613 644233 0 644245 644193 0 0 0 0 644551 644857 644629 0 644669 644707 644773 644761 644665 0 644561 644421 644201 0 0 644159 0 644335 644375 644835 0 0 644709 644721 644709 644687 644469 644049 644089 644093 644031 644055 644187 644199 644127 644203 0 644539 644761 644751 
0 644696 0 644796 0 0 644844 644890 644558 644574 0 644472 0 0 644498 0 0 0 644476 0 0 644932 645084 0 644470 644474 0 0 644458 0 0 0 0 0 0 0 645094 644374 644370 644388 644268 0 0 644664 644804 0 0 0 0 0 0 644362 644268 0 0 0 0 0 644300 0 644656 644986 645018 0 644758 0 644298 0 0 644290 644286 0 0 0 644228 644164 0 0 644706 644602 644222 0 644234 644182 0 0 0 0 644388 644736 644806 0 644854 644900 644936 644866 644654 0 644550 644410 644190 0 0 643996 0 644172 644212 644788 0 0 644872 644884 644814 644718 644458 644038 644078 644082 644050 644016 644024 644036 643964 644040 0 644376 644640 644762 
644803 644752 0 644842 0 644752 644902 644899 644769 644773 644617 644584 644875 644920 644724 644694 0 644602 644587 644878 644812 644929 645059 645081 644703 644706 0 0 644681 644500 644491 644692 644803 645008 644993 645041 645008 644631 644628 644619 644452 644437 644458 644728 644833 645039 645109 644769 0 644565 0 644609 644489 644458 644428 644419 644452 644395 644455 644542 644722 644918 644942 644995 644919 0 644574 0 644502 644568 644565 644553 644350 644359 644401 644353 644638 644927 644880 644802 644517 0 644526 644487 0 644317 644329 644320 644521 644780 644819 644931 644867 644915 645001 644986 644841 644709 644763 644658 644493 0 644284 644227 0 644359 644389 644807 644795 644841 644953 644962 644947 644887 644694 644379 644409 644412 644367 644242 644248 644257 644203 644260 0 644512 644708 644750 
0 643929 0 643961 0 0 643961 0 644139 644067 0 643777 0 0 644175 0 0 0 0 0 0 0 0 0 644227 644074 0 0 643939 0 0 0 0 0 0 0 0 644179 644008 643828 643645 0 0 0 0 0 0 0 0 0 0 643867 643684 0 0 0 0 0 0 0 0 0 0 0 644107 0 644133 0 0 644113 643997 0 0 0 643566 643530 0 0 644119 644115 644103 0 643963 643861 0 0 0 0 0 0 0 0 0 0 643997 644053 644093 0 644089 644115 644087 0 0 643420 0 643478 0 643580 0 0 643983 644025 644075 644077 644091 644011 0 643965 643579 643435 0 0 643392 643425 0 0 0 0 
0 643989 0 643959 0 0 643959 0 644154 644172 0 643907 0 0 644132 0 0 0 0 0 0 0 0 0 644070 644168 0 0 644076 0 0 0 0 0 0 0 0 644118 644103 643965 643782 0 0 0 0 0 0 0 0 0 0 644004 643821 0 0 0 0 0 0 0 0 0 0 0 643974 0 644094 0 0 644085 644059 0 0 0 643578 643590 0 0 643948 643944 644042 0 644021 643959 0 0 0 0 0 0 0 0 0 0 643938 643932 643922 0 643918 643944 643930 0 0 643557 0 643476 0 643578 0 0 643906 643912 643906 643906 643920 643902 0 643933 643716 643572 0 0 643500 643437 0 0 0 0 
644569 644588 644574 644546 644609 644552 644530 644493 644643 644666 644651 644604 644485 644464 644613 644593 644705 644646 644497 644450 644464 644431 644407 644450 644551 644697 644723 644715 644710 644630 644501 644460 644425 644422 644417 644387 644376 644599 644721 644675 644614 644607 644490 644436 644399 644378 644432 644499 644477 644507 644665 644688 644627 644616 644606 644585 644596 644469 644453 644446 644398 644334 644342 644350 644455 644483 644609 644589 644637 644653 644693 644686 644580 644493 644435 644455 644406 644325 644429 644425 644523 644629 644679 644677 644632 644569 644573 644480 644403 644346 644241 644306 644269 644298 644419 644413 644403 644411 644399 644425 644411 644635 644546 644539 644427 644385 644395 644323 644281 644249 644387 644393 644387 644387 644401 644383 644601 644615 644544 644484 644546 644531 644441 644388 644361 644364 644322 644266 
644546 644565 644551 644523 644586 644529 644507 644470 644607 644643 644628 644581 644462 644441 644577 644557 644682 644623 644474 644427 644441 644408 644384 644427 644515 644661 644684 644692 644671 644589 644478 644437 644402 644399 644394 644364 644353 644563 644669 644634 644573 644568 644467 644413 644376 644355 644409 644463 644441 644471 644629 644647 644586 644575 644565 644562 644573 644446 644430 644423 644375 644311 644319 644327 644419 644447 644573 644553 644585 644617 644639 644645 644539 644470 644412 644432 644383 644302 644393 644389 644487 644575 644625 644623 644603 644528 644532 644457 644380 644323 644218 644283 644246 644275 644383 644377 644367 644375 644363 644389 644375 644606 644517 644498 644404 644362 644372 644300 644258 644226 644351 644357 644351 644351 644365 644347 644547 644561 644527 644467 644505 644508 644418 644365 644338 644341 644299 644243 
0 644214 0 644178 0 0 0 0 0 644311 0 644178 0 0 0 0 0 0 0 0 0 0 0 0 0 0 0 0 644319 0 0 0 0 0 0 0 0 644311 644327 644288 644178 0 0 0 0 0 0 0 0 0 0 644301 644204 0 0 0 0 0 0 0 0 0 0 0 644151 0 0 0 0 644327 644321 0 0 0 0 0 0 0 644151 644175 644311 0 644309 644267 0 0 0 0 0 0 0 0 0 0 644079 644103 644151 0 644175 644223 0 0 0 644028 0 0 0 0 0 0 644055 644079 644103 0 644199 0 0 644291 644127 644038 0 0 0 0 0 0 0 0 
644810 644851 0 644773 0 644827 644729 644706 644753 644833 644968 644905 644714 644675 644708 644678 0 644973 644692 644681 644701 644648 644552 644569 644615 644834 0 0 644949 645077 644668 644653 644620 644597 644602 644512 644523 644687 644900 645032 644987 644902 644635 644617 644578 644461 644527 644537 0 644549 0 645019 644974 645069 644965 644812 644845 644572 644560 644575 644539 644505 644497 644429 644471 0 644702 0 644774 644768 644909 644999 644887 644608 644506 644530 644527 644454 644432 644426 644573 0 644940 644939 0 644962 644936 644569 644482 644455 644298 644353 644330 644361 644417 644408 644393 644405 644387 644426 644405 0 644929 644872 0 644392 644422 644422 644404 644290 644369 644378 644369 644369 644390 644363 644823 644852 644817 644817 644881 644650 644452 644365 0 644401 644383 644359 
644878 644893 0 644840 0 644929 644780 644783 644683 644705 644822 644927 644807 644762 644638 644608 0 644837 645089 644804 644870 644753 644609 644588 644581 644630 0 0 644621 644723 645113 644990 644879 644672 644687 644561 644594 644555 644552 644588 644555 644930 645094 644954 644849 644480 644534 644504 0 644479 0 644549 644516 644693 644867 645003 644985 645031 645055 645071 644952 644612 644588 644456 644438 0 644498 0 644426 644492 644489 644483 644930 645005 645001 644989 645005 644531 644399 644393 644441 0 644450 644411 0 644690 644887 644966 644978 644885 644351 644372 644375 644396 644384 644375 644360 644372 644354 644393 644371 0 644651 644775 0 644888 644918 644848 644663 644327 644336 644345 644336 644336 644357 644293 644333 644336 644333 644405 644868 644903 644849 644860 0 644897 644879 644708 
644879 644860 0 644900 0 644930 644900 644938 644650 644662 644779 644882 644962 644917 644605 644575 0 644794 645012 644959 645025 644908 644764 644743 644582 644587 0 0 644578 644680 644929 645074 645021 644827 644842 644716 644749 644512 644509 644545 644512 644848 644896 645073 644989 644635 644689 644624 0 644446 0 644506 644473 644650 644806 644854 644876 644833 644891 644966 645017 644767 644743 644611 644593 0 644455 0 644383 644449 644446 644440 644784 644797 644837 644791 645013 644686 644554 644548 644398 0 644407 644368 0 644640 644758 644758 644933 644937 644506 644527 644530 644551 644539 644530 644515 644527 644509 644513 644372 0 644602 644654 0 644783 644813 644903 644805 644482 644491 644500 644491 644491 644512 644260 644290 644293 644290 644362 644686 644695 644641 644696 0 644887 644869 644821 
644892 644871 0 644925 0 644943 644937 645007 644661 644673 644790 644883 645031 645046 644616 644586 0 644805 644942 645088 645086 645038 644894 644873 644595 644598 0 0 644589 644691 644846 645047 645133 644957 644972 644846 644879 644523 644520 644556 644523 644792 644813 645078 645096 644765 644819 644661 0 644457 0 644517 644484 644661 644783 644774 644807 644750 644810 644897 645060 644897 644873 644741 644723 0 644466 0 644394 644460 644457 644451 644705 644714 644756 644708 644988 644816 644684 644677 644409 0 644418 644379 0 644641 644684 644675 644876 644977 644636 644657 644660 644681 644669 644660 644645 644596 644638 644550 644385 0 644603 644582 0 644714 644744 644944 644918 644612 644621 644630 644621 644621 644581 644271 644301 644304 644301 644373 644603 644612 644558 644615 0 644862 644905 644881 
644937 644886 0 644976 0 644886 644999 645033 644737 644749 644751 644718 645009 645054 644692 644662 0 644736 644721 645012 644946 645058 645097 645092 644671 644674 0 0 644665 644634 644625 644826 644937 645127 645112 645053 645062 644599 644596 644632 644579 644571 644592 644862 644962 644985 645039 644737 0 644533 0 644593 644553 644592 644562 644553 644586 644529 644589 644676 644856 644972 644996 644959 644882 0 644542 0 644470 644536 644533 644527 644484 644493 644535 644487 644772 644981 644843 644770 644485 0 644494 644455 0 644451 644463 644454 644655 644899 644841 644877 644869 644895 644889 644880 644804 644677 644731 644626 644461 0 644418 644361 0 644493 644523 644867 644849 644825 644841 644850 644841 644840 644662 644347 644377 644380 644377 644376 644382 644391 644337 644394 0 644646 644827 644804 
644816 644785 0 644851 0 644827 644879 644928 644685 644695 644686 644663 644936 644969 644640 644610 0 644681 644666 644957 644891 645006 645062 645007 644619 644622 0 0 644595 644575 644570 644771 644882 645035 645040 645058 645069 644547 644544 644536 644453 644516 644537 644807 644912 645029 645037 644685 0 644481 0 644523 644440 644537 644507 644498 644531 644474 644534 644621 644801 645063 645065 644997 644835 0 644490 0 644418 644484 644481 644475 644429 644438 644480 644432 644717 645022 644796 644718 644433 0 644442 644403 0 644396 644408 644399 644600 644861 644866 644921 644898 644929 644961 644916 644757 644625 644679 644574 644409 0 644363 644306 0 644438 644468 644900 644940 644858 644935 644922 644877 644805 644610 644295 644325 644328 644283 644283 644327 644336 644282 644339 0 644591 644789 644895 
644827 644779 0 644865 0 644779 644911 644926 644665 644677 644644 644611 644902 644947 644620 644590 0 644629 644614 644905 644839 644956 645069 645019 644599 644602 0 0 644593 644527 644518 644719 644830 645027 645012 645091 645077 644527 644524 644555 644473 644464 644485 644755 644860 645041 645031 644665 0 644461 0 644521 644471 644485 644455 644446 644479 644422 644482 644569 644749 645001 645025 645013 644815 0 644470 0 644398 644464 644461 644455 644377 644386 644428 644380 644665 645010 644776 644698 644413 0 644422 644383 0 644344 644356 644347 644548 644799 644887 644933 644923 644949 644941 644874 644737 644605 644659 644554 644389 0 644311 644254 0 644386 644416 644826 644878 644879 644905 644902 644835 644775 644590 644275 644305 644308 644301 644269 644275 644284 644230 644287 0 644539 644727 644833 
0 644411 0 644507 0 0 644555 644603 644283 644299 0 644279 0 0 644223 0 0 0 644353 0 0 644699 644795 0 644195 644199 0 0 644187 0 0 0 0 0 0 0 644839 644099 644095 644121 643979 0 0 644519 644637 0 0 0 0 0 0 644091 643979 0 0 0 0 0 644265 0 644539 644845 644845 0 644483 0 644023 0 0 644015 644011 0 0 0 644229 644173 0 0 644431 644327 643947 0 643959 643907 0 0 0 0 644357 644627 644605 0 644653 644701 644695 644591 644379 0 644275 644135 643915 0 0 643873 0 644225 644245 644677 0 0 644685 644643 644539 644443 644183 643763 643803 643807 643783 643739 643935 644037 644049 644135 0 644375 644579 644709 
0 642824 0 642830 0 0 0 0 0 643207 0 642554 0 0 0 0 0 0 0 0 0 0 0 0 0 0 0 0 0 0 0 0 0 0 0 0 0 643295 0 0 0 0 0 0 0 0 0 0 0 0 0 0 0 0 0 0 0 0 0 0 0 0 0 0 0 0 0 0 0 0 0 0 0 0 0 0 0 0 0 0 643212 0 0 642699 0 0 0 0 0 0 0 0 0 0 0 0 642932 0 0 643101 0 0 0 641654 0 0 0 0 0 0 0 0 0 0 643017 0 0 0 642078 0 0 0 0 0 0 0 0 0 
0 643893 0 643905 0 0 0 0 0 644001 0 643829 0 0 0 0 0 0 0 0 0 0 0 0 0 0 0 0 643985 0 0 0 0 0 0 0 0 644016 644016 643946 643824 0 0 0 0 0 0 0 0 0 0 643972 643850 0 0 0 0 0 0 0 0 0 0 0 644016 0 0 0 0 644016 644016 0 0 0 0 0 0 0 644016 644016 644016 0 644003 643955 0 0 0 0 0 0 0 0 0 0 644016 644016 644016 0 644016 644016 0 0 0 643674 0 0 0 0 0 0 644016 644016 644016 0 644016 0 0 643979 643780 643684 0 0 0 0 0 0 0 0 
0 644623 0 644611 0 0 0 0 0 644651 0 644583 0 0 0 0 0 0 0 0 0 0 0 0 0 0 0 0 644695 0 0 0 0 0 0 0 0 644601 644672 644709 644639 0 0 0 0 0 0 0 0 0 0 644705 644651 0 0 0 0 0 0 0 0 0 0 0 644529 0 0 0 0 644628 644673 0 0 0 0 0 0 0 644516 644514 644563 0 644672 644649 0 0 0 0 0 0 0 0 0 0 644511 644508 644503 0 644501 644514 0 0 0 644489 0 0 0 0 0 0 644495 644498 644495 0 644502 0 0 644636 644555 644499 0 0 0 0 0 0 0 0 
0 644226 0 644208 0 0 0 0 0 644196 0 644186 0 0 0 0 0 0 0 0 0 0 0 0 0 0 0 0 644240 0 0 0 0 0 0 0 0 644146 644217 644277 644316 0 0 0 0 0 0 0 0 0 0 644264 644303 0 0 0 0 0 0 0 0 0 0 0 644074 0 0 0 0 644173 644220 0 0 0 0 0 0 0 644061 644059 644108 0 644231 644256 0 0 0 0 0 0 0 0 0 0 644056 644053 644048 0 644046 644059 0 0 0 644178 0 0 0 0 0 0 644040 644043 644040 0 644047 0 0 644217 644206 644200 0 0 0 0 0 0 0 0 
0 644914 0 644824 0 0 644764 644767 644704 644788 0 645032 0 0 644659 0 0 0 644947 0 644812 644725 644593 0 644566 644785 0 0 644886 0 0 0 0 0 0 0 644578 644638 644817 644853 644820 645095 0 644840 644757 0 0 0 0 0 0 644814 644781 0 0 0 0 0 644823 0 644800 644582 644572 0 644422 0 644653 0 644691 644719 644754 0 645044 0 644769 644793 0 0 644383 644377 644524 0 644715 644676 0 0 0 0 644745 644718 644335 0 644359 644380 644368 644359 644344 0 644338 644377 644356 0 0 644913 0 644655 644685 644685 0 0 644320 644329 644320 644320 644341 644314 644598 644601 644598 644670 644942 644913 644715 644628 0 644664 644646 644590 
644725 644764 0 644698 0 644776 644650 644665 644554 644600 644719 644824 644689 644656 644509 644479 0 644734 644937 644698 644752 644659 644539 644506 644428 644527 0 0 644518 644620 645001 644860 644773 644590 644605 644503 644536 644450 644449 644485 644452 644827 645007 644836 644755 644424 644464 644374 0 644350 0 644446 644413 644590 644764 644905 644883 644944 644944 644965 644847 644556 644532 644400 644344 0 644395 0 644323 644389 644386 644380 644831 644942 644890 644902 644903 644475 644305 644287 644336 0 644347 644308 0 644587 644785 644903 644890 644807 644295 644316 644319 644340 644326 644305 644266 644254 644248 644263 644218 0 644548 644673 0 644788 644818 644781 644607 644271 644280 644287 644266 644254 644239 644164 644230 644233 644230 644302 644779 644842 644786 644749 0 644821 644839 644652 
0 644732 0 644768 0 0 644776 644800 644564 644600 0 644742 0 0 644504 0 0 0 644866 0 0 644780 644684 0 644452 644522 0 0 644490 0 0 0 0 0 0 0 644650 644404 644418 644420 644326 0 0 644914 644844 0 0 0 0 0 0 644394 644300 0 0 0 0 0 644696 0 644882 644638 644622 0 644498 0 644346 0 0 644338 644334 0 0 0 644624 644584 0 0 644446 644414 644252 0 644282 644230 0 0 0 0 644736 644818 644344 0 644384 644422 644474 644462 644394 0 644362 644344 644172 0 0 644452 0 644544 644584 644798 0 0 644410 644422 644410 644386 644342 644044 644126 644130 644082 644106 644486 644498 644408 644436 0 644674 644722 644678 
0 644674 0 644758 0 0 644790 644846 644532 644518 0 644642 0 0 644472 0 0 0 644788 0 0 644904 644808 0 644444 644444 0 0 644390 0 0 0 0 0 0 0 644774 644348 644344 644320 644226 0 0 644946 644968 0 0 0 0 0 0 644294 644200 0 0 0 0 0 644612 0 644926 644762 644746 0 644648 0 644272 0 0 644264 644260 0 0 0 644540 644476 0 0 644596 644534 644196 0 644208 644154 0 0 0 0 644700 644914 644468 0 644508 644546 644624 644612 644544 0 644482 644384 644164 0 0 644308 0 644484 644524 644872 0 0 644560 644572 644560 644558 644414 644012 644052 644056 643982 644006 644336 644348 644276 644352 0 644670 644818 644782 
644735 644684 0 644774 0 644684 644833 644831 644660 644672 644549 644516 644807 644852 644615 644585 0 644534 644519 644810 644744 644861 644994 645005 644594 644597 0 0 644585 644432 644423 644624 644735 644942 644927 645028 644997 644522 644519 644537 644384 644369 644390 644660 644765 645078 645026 644660 0 644456 0 644513 644415 644390 644360 644351 644384 644327 644387 644474 644654 644967 644991 645072 644810 0 644465 0 644393 644459 644456 644450 644282 644291 644333 644285 644570 645010 644771 644693 644408 0 644417 644378 0 644249 644261 644252 644453 644714 644904 645006 644948 644994 644949 644880 644732 644600 644654 644549 644384 0 644216 644159 0 644291 644321 644742 644878 644920 644961 644910 644841 644780 644585 644270 644300 644303 644285 644174 644180 644189 644135 644192 0 644444 644642 644833 
644824 644773 0 644863 0 644773 644923 644920 644811 644823 644638 644605 644896 644941 644766 644736 0 644623 644608 644899 644833 644950 645058 645113 644745 644748 0 0 644727 644521 644512 644713 644824 645029 645014 645039 645006 644673 644670 644654 644473 644458 644479 644749 644854 645048 645125 644811 0 644607 0 644655 644512 644479 644449 644440 644473 644416 644476 644563 644743 644916 644940 645000 644961 0 644616 0 644544 644610 644607 644601 644371 644380 644422 644374 644659 644925 644922 644844 644559 0 644568 644529 0 644338 644350 644341 644542 644801 644817 644940 644865 644916 645020 645006 644883 644751 644805 644700 644535 0 644305 644248 0 644380 644410 644806 644793 644841 644972 644981 644967 644929 644736 644421 644451 644454 644403 644263 644269 644278 644224 644281 0 644533 644729 644748 
644842 644791 0 644869 0 644791 644871 644796 645001 644917 644656 644623 644772 644745 645042 645032 0 644641 644626 644703 644709 644682 644682 644775 645059 644920 0 0 644785 644539 644530 644661 644628 644691 644676 644658 644625 644987 644854 644674 644491 644476 644497 644625 644586 644667 644757 645059 0 644989 0 644713 644530 644497 644467 644458 644491 644434 644494 644569 644547 644535 644559 644619 644965 0 644944 0 644872 644918 644845 644707 644389 644398 644440 644392 644535 644544 644952 644974 644949 0 644812 644707 0 644356 644368 644359 644490 644463 644436 644559 644484 644535 644835 644896 644939 644991 644961 645022 644937 0 644323 644266 0 644386 644416 644430 644412 644460 644811 644862 644883 644907 644986 644823 644793 644770 644425 644281 644287 644296 644242 644299 0 644409 644391 644367 
642794 642772 642804 642808 642814 642760 642812 642774 642912 642868 642699 642677 642758 642752 642934 642944 642807 642689 642650 642724 642716 642722 642746 642796 642965 642875 642811 642827 642785 642621 642598 642672 642674 642740 642730 642742 642720 642941 642831 642711 642589 642579 642576 642660 642658 642760 642796 642967 643002 642975 642889 642737 642615 642593 642573 642567 642589 642534 642562 642608 642620 642672 642688 642740 642917 642963 642929 642939 642881 642895 642824 642733 642521 642522 642526 642506 642600 642690 642930 642956 642959 642856 642801 642733 642649 642499 642507 642496 642558 642588 642666 642724 642686 642708 642860 642890 642943 642975 642969 642982 642951 642655 642477 642439 642450 642486 642506 642578 642602 642682 642855 642876 642903 642927 642970 642913 642840 642803 642545 642449 642453 642459 642418 642432 642510 642516 642540 642572 
644735 644720 0 644714 0 644684 644702 644627 644930 644848 644587 644554 644603 644576 644975 645005 0 644572 644519 644534 644540 644513 644513 644606 645032 644851 0 0 644716 644470 644459 644492 644459 644522 644507 644489 644456 644998 644785 644605 644422 644407 644426 644456 644417 644498 644588 644978 0 645126 0 644644 644461 644428 644398 644389 644422 644363 644387 644414 644378 644366 644390 644450 644828 0 644983 0 644911 644917 644776 644638 644320 644329 644333 644321 644366 644375 644867 644945 645096 0 644743 644638 0 644287 644299 644290 644321 644294 644267 644390 644315 644366 644666 644747 644906 645030 644984 645071 645068 0 644254 644197 0 644231 644261 644261 644243 644291 644642 644705 644786 644858 645035 644990 644860 644785 644356 644212 644218 644227 644173 644192 0 644240 644222 644198 
644321 644345 644321 644297 644345 644321 644273 644249 644345 644369 644367 644381 644249 644225 644345 644345 644367 644367 644321 644225 644249 644201 644153 644177 644319 644381 644343 644367 644343 644295 644345 644273 644225 644177 644177 644129 644129 644367 644343 644295 644223 644343 644345 644249 644201 644105 644153 644267 644245 644275 644367 644295 644223 644271 644319 644367 644367 644345 644321 644297 644225 644105 644105 644081 644201 644251 644365 644345 644327 644367 644319 644271 644319 644369 644321 644345 644249 644081 644197 644193 644291 644305 644295 644247 644199 644223 644295 644369 644273 644177 643985 644033 644009 644033 644129 644153 644171 644179 644167 644193 644179 644199 644199 644223 644345 644297 644297 644153 644081 643985 644105 644129 644153 644155 644169 644151 644265 644267 644127 644103 644271 644367 644369 644321 644249 644249 644177 644081 
0 643481 0 643493 0 0 0 0 0 643537 0 643417 0 0 0 0 0 0 0 0 0 0 0 0 0 0 0 0 643537 0 0 0 0 0 0 0 0 643537 643537 643537 643448 0 0 0 0 0 0 0 0 0 0 643537 643474 0 0 0 0 0 0 0 0 0 0 0 643537 0 0 0 0 643537 643537 0 0 0 0 0 0 0 643537 643537 643537 0 643537 643512 0 0 0 0 0 0 0 0 0 0 643537 643537 643537 0 643537 643537 0 0 0 643298 0 0 0 0 0 0 643537 643537 643537 0 643537 0 0 643530 643392 643308 0 0 0 0 0 0 0 0 
0 644894 0 644850 0 0 0 0 0 644914 0 644881 0 0 0 0 0 0 0 0 0 0 0 0 0 0 0 0 644994 0 0 0 0 0 0 0 0 644814 644956 645042 645108 0 0 0 0 0 0 0 0 0 0 645042 645108 0 0 0 0 0 0 0 0 0 0 0 644670 0 0 0 0 644868 644962 0 0 0 0 0 0 0 644644 644640 644738 0 644984 645054 0 0 0 0 0 0 0 0 0 0 644634 644628 644618 0 644614 644640 0 0 0 644973 0 0 0 0 0 0 644602 644608 644602 0 644616 0 0 644956 645032 645002 0 0 0 0 0 0 0 0 
644789 644830 0 644752 0 644806 644708 644685 644736 644812 644947 644874 644693 644654 644691 644661 0 644952 644661 644664 644670 644627 644531 644548 644598 644817 0 0 644928 645058 644637 644622 644589 644576 644581 644491 644502 644670 644883 645013 645014 644871 644604 644586 644547 644440 644506 644520 0 644532 0 645000 645001 645094 644934 644781 644814 644541 644529 644544 644508 644484 644476 644408 644454 0 644685 0 644757 644751 644892 645024 644856 644577 644475 644499 644496 644433 644415 644409 644556 0 644925 644970 0 644979 644907 644538 644451 644424 644277 644332 644309 644340 644400 644391 644376 644388 644370 644409 644388 0 644946 644889 0 644361 644391 644391 644373 644269 644352 644361 644352 644352 644373 644346 644808 644881 644844 644844 644896 644619 644421 644334 0 644370 644352 644328 
644787 644838 0 644748 0 644838 644688 644691 644628 644712 644973 644989 644715 644670 644583 644553 0 644988 644866 644709 644765 644661 644517 644496 644490 644709 0 0 644842 644970 644842 644827 644759 644580 644595 644469 644502 644562 644773 644835 644828 645074 644809 644791 644727 644388 644442 644412 0 644424 0 644796 644789 644952 645069 644986 645019 644746 644734 644749 644713 644520 644496 644364 644346 0 644577 0 644647 644643 644724 644742 645001 644782 644680 644704 644701 644439 644307 644301 644448 0 644697 644682 0 644941 644992 644743 644656 644629 644259 644280 644283 644304 644292 644283 644268 644280 644262 644301 644280 0 644903 644916 0 644566 644596 644596 644543 644235 644244 644253 644244 644244 644265 644238 644580 644595 644606 644678 644923 644824 644626 644539 0 644575 644557 644533 
644864 644915 0 644825 0 644915 644765 644768 644705 644787 644929 645023 644792 644747 644660 644630 0 644944 645052 644789 644855 644738 644594 644573 644567 644726 0 0 644728 644830 645058 644969 644864 644657 644672 644546 644579 644637 644659 644695 644662 645029 645025 644933 644834 644465 644519 644489 0 644501 0 644656 644623 644800 644974 645081 645072 644962 644950 644965 644911 644597 644573 644441 644423 0 644594 0 644533 644599 644596 644590 645010 644996 644896 644920 644917 644516 644384 644378 644523 0 644557 644518 0 644797 644969 644957 644872 644843 644336 644357 644360 644381 644369 644360 644345 644357 644339 644378 644357 0 644758 644859 0 644782 644812 644806 644648 644312 644321 644330 644321 644321 644342 644315 644440 644443 644440 644512 644910 644919 644840 644755 0 644791 644773 644683 
644830 644881 0 644791 0 644881 644731 644734 644671 644755 645009 645049 644758 644713 644626 644596 0 645024 644988 644755 644821 644704 644560 644539 644533 644752 0 0 644820 644924 644966 644915 644825 644623 644638 644512 644545 644605 644751 644789 644756 645101 644933 644879 644793 644431 644485 644455 0 644467 0 644750 644717 644894 645058 645103 645128 644870 644858 644873 644837 644563 644539 644407 644389 0 644620 0 644625 644679 644690 644684 645048 644906 644804 644828 644825 644482 644350 644344 644491 0 644651 644612 0 644891 645027 644867 644780 644753 644302 644323 644326 644347 644335 644326 644311 644323 644305 644344 644323 0 644852 644923 0 644690 644720 644720 644609 644278 644287 644296 644287 644287 644308 644281 644534 644537 644534 644606 644946 644941 644750 644663 0 644699 644681 644629 
644652 644691 0 644625 0 644703 644577 644592 644481 644527 644646 644751 644616 644583 644436 644406 0 644661 644868 644625 644679 644586 644466 644433 644355 644454 0 0 644445 644547 644952 644787 644700 644517 644532 644430 644463 644377 644376 644412 644379 644754 644979 644763 644682 644360 644391 644301 0 644277 0 644373 644340 644517 644691 644844 644811 645003 644975 644923 644781 644492 644468 644336 644271 0 644322 0 644250 644316 644313 644307 644769 645001 644957 644969 644853 644411 644232 644214 644263 0 644274 644235 0 644514 644718 644970 644929 644745 644231 644252 644255 644276 644253 644232 644193 644181 644175 644190 644145 0 644475 644604 0 644855 644885 644718 644543 644207 644216 644214 644193 644181 644166 644091 644157 644160 644157 644229 644727 644909 644853 644816 0 644888 644811 644588 
0 640198 0 640214 0 0 640206 640219 640128 640120 0 640170 0 0 640113 0 0 0 640240 0 0 640233 640209 0 640116 640083 0 0 640056 0 0 0 0 0 0 0 640216 640070 640033 640021 639974 0 0 640240 640240 0 0 0 0 0 0 640008 639961 0 0 0 0 0 640240 0 640240 640234 640226 0 640128 0 640039 0 0 640025 640000 0 0 0 640240 640218 0 0 640115 640101 640032 0 639975 639938 0 0 0 0 640240 640240 640207 0 640203 640198 640146 640131 640102 0 640088 640077 640046 0 0 640002 0 640200 640220 640240 0 0 640142 640133 640118 640106 640077 639998 639936 639925 639852 639864 640050 640146 640122 640158 0 640240 640240 640240 
644811 644780 0 644834 0 644828 644816 644815 644710 644690 644681 644740 644823 644784 644695 644685 0 644686 644883 644798 644844 644757 644661 644678 644702 644641 0 0 644590 644576 644867 644886 644823 644706 644711 644621 644632 644630 644567 644531 644448 644693 644874 644872 644789 644570 644636 644710 0 644564 0 644518 644435 644542 644648 644747 644736 644845 644897 644934 644850 644614 644606 644538 644652 0 644573 0 644501 644567 644522 644472 644674 644809 644851 644803 644902 644563 644627 644621 644516 0 644485 644424 0 644493 644633 644770 644909 644782 644407 644462 644439 644470 644562 644583 644588 644600 644582 644599 644492 0 644456 644523 0 644797 644827 644745 644607 644399 644522 644549 644564 644564 644585 644378 644408 644411 644278 644278 644612 644707 644653 644710 0 644854 644802 644622 
0 644628 0 644664 0 0 644672 644722 644480 644476 0 644600 0 0 644420 0 0 0 644786 0 0 644780 644684 0 644368 644400 0 0 644348 0 0 0 0 0 0 0 644674 644300 644296 644278 644184 0 0 644836 644844 0 0 0 0 0 0 644252 644158 0 0 0 0 0 644688 0 644888 644664 644648 0 644518 0 644224 0 0 644216 644212 0 0 0 644616 644576 0 0 644466 644404 644148 0 644160 644108 0 0 0 0 644728 644878 644370 0 644410 644448 644518 644482 644414 0 644352 644260 644088 0 0 644334 0 644536 644576 644852 0 0 644456 644466 644430 644406 644284 643960 644004 644008 643940 643964 644440 644452 644380 644428 0 644692 644818 644704 
0 644471 0 644567 0 0 644615 644663 644371 644355 0 644375 0 0 644327 0 0 0 644411 0 0 644759 644855 0 644299 644281 0 0 644227 0 0 0 0 0 0 0 644903 644203 644181 644157 644039 0 0 644599 644735 0 0 0 0 0 0 644131 644037 0 0 0 0 0 644235 0 644591 644951 644951 0 644587 0 644127 0 0 644119 644115 0 0 0 644163 644099 0 0 644535 644431 644051 0 644063 643991 0 0 0 0 644323 644671 644813 0 644861 644905 644795 644695 644483 0 644379 644239 644019 0 0 643931 0 644107 644147 644723 0 0 644835 644751 644643 644547 644287 643867 643907 643911 643819 643799 643959 643971 643899 643975 0 644311 644575 644909 
0 644562 0 644654 0 0 644686 644754 644406 644414 0 644428 0 0 644346 0 0 0 644450 0 0 644850 644932 0 644318 644322 0 0 644286 0 0 0 0 0 0 0 644994 644222 644218 644216 644122 0 0 644638 644778 0 0 0 0 0 0 644190 644096 0 0 0 0 0 644274 0 644630 645036 645038 0 644606 0 644146 0 0 644138 644134 0 0 0 644202 644138 0 0 644554 644450 644070 0 644082 644030 0 0 0 0 644362 644710 644828 0 644868 644906 644822 644714 644502 0 644398 644258 644038 0 0 643970 0 644146 644186 644762 0 0 644850 644770 644662 644566 644306 643886 643926 643930 643878 643890 643998 644010 643938 644014 0 644350 644614 644914 
644673 644622 0 644712 0 644622 644772 644769 644633 644643 644487 644454 644745 644790 644588 644558 0 644472 644457 644748 644682 644799 644943 644961 644567 644570 0 0 644551 644370 644361 644562 644673 644880 644865 644991 644958 644495 644492 644499 644322 644307 644328 644598 644703 645069 645003 644633 0 644429 0 644479 644361 644328 644298 644289 644322 644265 644325 644412 644592 644940 644964 645091 644783 0 644438 0 644366 644432 644429 644423 644220 644229 644271 644223 644508 645016 644744 644666 644381 0 644390 644351 0 644187 644199 644190 644391 644652 644968 645088 645016 645067 644945 644864 644705 644573 644627 644522 644357 0 644154 644097 0 644229 644259 644691 644884 644992 644969 644906 644825 644753 644558 644243 644273 644276 644249 644112 644118 644127 644073 644130 0 644382 644580 644839 
0 644304 0 644364 0 0 0 0 0 644388 0 644192 0 0 0 0 0 0 0 0 0 0 0 0 0 0 0 0 644300 0 0 0 0 0 0 0 0 644419 644346 644226 644104 0 0 0 0 0 0 0 0 0 0 644252 644130 0 0 0 0 0 0 0 0 0 0 0 644553 0 0 0 0 644374 644340 0 0 0 0 0 0 0 644540 644536 644381 0 644318 644248 0 0 0 0 0 0 0 0 0 0 644514 644532 644527 0 644523 644476 0 0 0 643954 0 0 0 0 0 0 644510 644522 644519 0 644500 0 0 644274 644060 643964 0 0 0 0 0 0 0 0 
644161 644161 644171 644151 644203 644127 644155 644117 644270 644242 644107 644073 644101 644095 644285 644295 644209 644097 644017 644067 644059 644065 644089 644139 644294 644243 644201 644219 644188 644031 643987 644015 644017 644083 644073 644085 644063 644292 644211 644121 643999 643989 643965 644003 644001 644103 644139 644272 644307 644322 644259 644140 644025 644003 643983 643975 643997 643923 643929 643951 643963 644015 644031 644073 644222 644310 644287 644297 644253 644265 644196 644126 643931 643911 643893 643895 643943 644023 644235 644261 644306 644228 644173 644114 644048 643909 643917 643885 643901 643931 643951 644033 643983 644017 644168 644195 644248 644276 644270 644283 644276 644051 643887 643849 643839 643829 643849 643921 643935 643967 644160 644181 644208 644232 644271 644260 644212 644175 643955 643859 643863 643867 643807 643799 643853 643859 643883 643905 
0 643379 0 643349 0 0 643349 0 643589 643543 0 643271 0 0 643621 0 0 0 0 0 0 0 0 0 643635 643568 0 0 643447 0 0 0 0 0 0 0 0 643661 643516 643336 643153 0 0 0 0 0 0 0 0 0 0 643375 643192 0 0 0 0 0 0 0 0 0 0 0 643491 0 643661 0 0 643617 643501 0 0 0 642968 642980 0 0 643517 643553 643643 0 643467 643369 0 0 0 0 0 0 0 0 0 0 643383 643437 643529 0 643541 643567 643553 0 0 642928 0 642866 0 642968 0 0 643367 643409 643463 643505 643543 643525 0 643483 643087 642943 0 0 642868 642827 0 0 0 0 
644006 644013 644011 643995 644034 643989 643991 643966 644083 644079 644039 644005 643958 643949 644098 644108 644093 644034 643934 643935 643937 643928 643928 643959 644105 644104 644083 644103 644070 643964 643926 643921 643910 643931 643926 643920 643909 644129 644093 644009 643912 643967 643915 643909 643896 643923 643953 644083 644118 644151 644143 644022 643925 643938 643952 643973 643984 643894 643890 643895 643883 643879 643887 643906 644033 644145 644148 644158 644135 644149 644078 644008 643926 643906 643872 643880 643879 643881 644046 644072 644167 644110 644055 643996 643930 643867 643907 643893 643864 643855 643797 643862 643825 643854 643979 644006 644059 644103 644085 644120 644085 643933 643844 643837 643852 643834 643844 643844 643837 643805 643971 643992 644019 644043 644108 644045 644094 644057 643842 643782 643868 643919 643854 643825 643834 643837 643831 643822 
0 644053 0 644023 0 0 644023 643960 644263 644239 0 644005 0 0 644308 0 0 0 643828 0 643873 643870 643894 0 644335 644302 0 0 644281 0 0 0 0 0 0 0 643849 644383 644350 644198 644015 643972 0 643789 643774 0 0 0 0 0 0 644237 644054 0 0 0 0 0 643696 0 643723 643771 643795 0 644185 0 644414 0 644456 644428 644359 0 643903 0 643642 643654 0 0 644216 644252 644363 0 644336 644231 0 0 0 0 643642 643663 643675 0 643723 643774 644059 644128 644229 0 644239 644265 644251 0 0 643790 0 643540 643570 643642 0 0 644047 644098 644165 644201 644241 644223 644419 644370 643949 643805 643811 643738 643564 643501 0 643573 643591 643606 
0 644344 0 644332 0 0 0 0 0 644464 0 644297 0 0 0 0 0 0 0 0 0 0 0 0 0 0 0 0 644419 0 0 0 0 0 0 0 0 644532 644465 644345 644223 0 0 0 0 0 0 0 0 0 0 644371 644249 0 0 0 0 0 0 0 0 0 0 0 644448 0 0 0 0 644527 644459 0 0 0 0 0 0 0 644448 644447 644496 0 644437 644367 0 0 0 0 0 0 0 0 0 0 644367 644419 644436 0 644434 644447 0 0 0 644073 0 0 0 0 0 0 644351 644393 644419 0 644435 0 0 644431 644179 644083 0 0 0 0 0 0 0 0 
0 644906 0 644870 0 0 0 0 0 645038 0 644890 0 0 0 0 0 0 0 0 0 0 0 0 0 0 0 0 645094 0 0 0 0 0 0 0 0 645028 645140 645070 644948 0 0 0 0 0 0 0 0 0 0 645096 644974 0 0 0 0 0 0 0 0 0 0 0 644884 0 0 0 0 645082 645166 0 0 0 0 0 0 0 644858 644854 644952 0 645152 645092 0 0 0 0 0 0 0 0 0 0 644838 644842 644832 0 644828 644854 0 0 0 644798 0 0 0 0 0 0 644816 644822 644816 0 644830 0 0 645076 644904 644808 0 0 0 0 0 0 0 0 
643761 643787 0 643727 0 643727 643707 643645 643881 643911 643847 643777 643629 643599 643881 643881 0 643837 643617 643571 643587 643545 643521 643595 643845 643935 0 0 643981 643913 643613 643567 643521 643539 643529 643493 643471 643911 643983 644003 643959 643775 643591 643531 643481 643487 643571 643773 0 643881 0 644029 643985 643926 643817 643715 643737 643549 643529 643527 643467 643399 643415 643443 643665 0 643935 0 643983 643959 644007 644048 643765 643579 643493 643521 643471 643393 643665 643701 643911 0 644031 644060 0 643869 643799 643553 643453 643387 643273 643379 643317 643363 643557 643593 643665 643737 643701 643773 643818 0 643836 643809 0 643405 643425 643353 643305 643289 643521 643557 643593 643629 643737 643796 644031 644048 643868 643760 643786 643607 643475 643399 0 643387 643339 643275 
0 644814 0 644736 0 0 644692 644669 644636 644720 0 644918 0 0 644591 0 0 0 644845 0 644698 644611 644515 0 644498 644717 0 0 644852 0 0 0 0 0 0 0 644486 644570 644783 644891 644854 645015 0 644726 644643 0 0 0 0 0 0 644852 644831 0 0 0 0 0 644773 0 644704 644468 644460 0 644354 0 644585 0 644657 644651 644768 0 645044 0 644719 644743 0 0 644315 644309 644456 0 644753 644726 0 0 0 0 644695 644636 644261 0 644291 644312 644300 644291 644276 0 644270 644309 644288 0 0 644929 0 644605 644635 644599 0 0 644252 644261 644252 644252 644273 644246 644636 644651 644648 644684 645002 644863 644665 644578 0 644614 644596 644476 
644701 644752 0 644662 0 644752 644602 644605 644542 644618 644829 644900 644629 644584 644497 644467 0 644844 644917 644626 644692 644575 644431 644410 644404 644603 0 0 644630 644732 645011 644812 644701 644494 644509 644383 644416 644468 644561 644597 644564 644939 645033 644776 644671 644302 644356 644326 0 644338 0 644558 644525 644702 644876 645027 644994 645027 644999 644953 644782 644434 644410 644278 644260 0 644471 0 644435 644499 644498 644492 644954 645055 644969 644993 644865 644353 644221 644215 644354 0 644459 644420 0 644699 644903 645024 644925 644722 644173 644194 644197 644218 644206 644197 644182 644194 644176 644215 644194 0 644660 644789 0 644855 644885 644683 644485 644149 644158 644167 644158 644158 644179 644152 644342 644345 644342 644414 644912 645055 644907 644828 0 644864 644781 644530 
0 642884 0 642850 0 0 0 0 0 642757 0 642905 0 0 0 0 0 0 0 0 0 0 0 0 0 0 0 0 642701 0 0 0 0 0 0 0 0 642657 642655 642679 642657 0 0 0 0 0 0 0 0 0 0 642653 642631 0 0 0 0 0 0 0 0 0 0 0 642539 0 0 0 0 642615 642613 0 0 0 643100 643100 0 0 642513 642521 642581 0 642587 642561 0 0 0 0 0 0 0 0 0 0 642467 642473 642487 0 642495 642545 642536 0 0 642807 0 0 0 642797 0 0 642423 642441 642447 0 642509 642484 0 642511 642509 642557 0 0 643077 0 0 0 0 0 
0 643903 0 643846 0 0 0 0 0 643783 0 643943 0 0 0 0 0 0 0 0 0 0 0 0 0 0 0 0 643744 0 0 0 0 0 0 0 0 643683 643698 643722 643700 0 0 0 0 0 0 0 0 0 0 643696 643674 0 0 0 0 0 0 0 0 0 0 0 643530 0 0 0 0 643658 643656 0 0 0 644094 644103 0 0 643504 643512 643598 0 643630 643604 0 0 0 0 0 0 0 0 0 0 643458 643464 643478 0 643486 643526 643505 0 0 643850 0 0 0 643788 0 0 643414 643432 643438 0 643490 643436 0 643554 643552 643600 0 0 644089 0 0 0 0 0 
644781 644750 0 644816 0 644798 644844 644879 644680 644660 644651 644710 644887 644872 644665 644655 0 644656 644853 644886 644908 644845 644749 644766 644666 644611 0 0 644560 644546 644837 644914 644911 644794 644799 644709 644720 644594 644537 644501 644418 644663 644826 644936 644877 644658 644724 644732 0 644528 0 644488 644405 644512 644618 644717 644706 644763 644823 644908 644938 644702 644694 644626 644740 0 644537 0 644465 644531 644492 644442 644644 644727 644769 644721 644966 644651 644709 644703 644480 0 644455 644394 0 644463 644603 644688 644889 644870 644495 644550 644527 644558 644650 644671 644670 644658 644664 644621 644456 0 644426 644493 0 644727 644757 644833 644695 644487 644610 644637 644646 644646 644643 644342 644372 644375 644248 644248 644582 644625 644571 644628 0 644866 644872 644710 
644787 644750 0 644822 0 644756 644850 644895 644591 644603 644621 644588 644879 644924 644546 644516 0 644606 644591 644882 644816 644933 645033 644963 644525 644528 0 0 644519 644504 644495 644696 644807 645004 644999 645064 645075 644453 644450 644486 644424 644441 644462 644732 644837 645058 644981 644591 0 644387 0 644447 644406 644462 644432 644423 644456 644399 644459 644546 644726 645061 645085 645089 644741 0 644396 0 644324 644390 644387 644381 644354 644363 644405 644357 644642 645120 644702 644624 644339 0 644348 644309 0 644321 644333 644324 644525 644786 644970 645010 645001 645027 644902 644822 644663 644531 644585 644480 644315 0 644288 644231 0 644363 644393 644825 644996 644957 644914 644863 644783 644711 644516 644201 644231 644234 644231 644244 644252 644261 644207 644264 0 644516 644714 644951 
0 643818 0 643878 0 0 0 0 0 643902 0 643706 0 0 0 0 0 0 0 0 0 0 0 0 0 0 0 0 643814 0 0 0 0 0 0 0 0 643982 643860 643740 643618 0 0 0 0 0 0 0 0 0 0 643766 643644 0 0 0 0 0 0 0 0 0 0 0 644121 0 0 0 0 643934 643854 0 0 0 0 0 0 0 644126 644120 643982 0 643832 643762 0 0 0 0 0 0 0 0 0 0 644086 644116 644126 0 644120 644078 0 0 0 643468 0 0 0 0 0 0 644094 644112 644126 0 644102 0 0 643838 643574 643478 0 0 0 0 0 0 0 0 
0 643777 0 643837 0 0 0 0 0 643861 0 643665 0 0 0 0 0 0 0 0 0 0 0 0 0 0 0 0 643773 0 0 0 0 0 0 0 0 643961 643819 643699 643577 0 0 0 0 0 0 0 0 0 0 643725 643603 0 0 0 0 0 0 0 0 0 0 0 644059 0 0 0 0 643907 643813 0 0 0 0 0 0 0 644085 644102 643981 0 643791 643721 0 0 0 0 0 0 0 0 0 0 643984 644033 644101 0 644103 644077 0 0 0 643427 0 0 0 0 0 0 643968 644010 644059 0 644096 0 0 643819 643533 643437 0 0 0 0 0 0 0 0 
0 0 0 0 0 0 0 0 0 0 0 0 0 0 0 0 0 0 0 0 0 0 0 0 0 0 0 0 0 0 0 0 0 0 0 0 0 0 0 0 0 0 0 0 0 0 0 0 0 0 0 0 0 0 0 0 0 0 0 0 0 0 0 0 0 0 0 0 0 0 0 0 0 0 0 0 0 0 0 0 644931 0 0 0 0 0 0 0 0 0 0 0 0 0 0 0 0 0 0 0 0 0 0 0 0 0 0 0 0 0 0 0 0 0 0 0 0 0 643906 0 0 0 0 0 0 0 0 0 
644766 644780 644776 644744 644822 644732 644736 644686 644920 644912 644834 644764 644670 644652 644950 644970 644942 644824 644622 644624 644628 644610 644610 644672 644964 644962 644992 644962 644966 644862 644606 644596 644574 644616 644606 644594 644572 645012 645012 644952 644842 644760 644584 644572 644546 644600 644660 644918 644925 644964 645042 644978 644868 644846 644790 644702 644724 644542 644534 644544 644520 644512 644528 644568 644820 644943 645039 645029 645085 645054 645042 644986 644738 644566 644498 644514 644512 644518 644845 644863 644983 645098 645044 644986 644902 644752 644748 644540 644482 644464 644446 644528 644478 644512 644712 644766 644840 644868 644850 644885 644871 644908 644730 644692 644458 644422 644442 644442 644430 644462 644696 644738 644792 644820 644861 644843 645090 645083 644798 644702 644706 644594 644462 644404 644422 644428 644416 644400 
0 643873 0 643861 0 0 0 0 0 643993 0 643833 0 0 0 0 0 0 0 0 0 0 0 0 0 0 0 0 644013 0 0 0 0 0 0 0 0 644000 644055 644011 643914 0 0 0 0 0 0 0 0 0 0 644037 643940 0 0 0 0 0 0 0 0 0 0 0 643928 0 0 0 0 644027 644074 0 0 0 0 0 0 0 643915 643913 643962 0 644085 644055 0 0 0 0 0 0 0 0 0 0 643904 643907 643902 0 643900 643913 0 0 0 643764 0 0 0 0 0 0 643887 643897 643894 0 643901 0 0 644059 643870 643774 0 0 0 0 0 0 0 0 
0 643572 0 643584 0 0 0 0 0 643680 0 643508 0 0 0 0 0 0 0 0 0 0 0 0 0 0 0 0 0 0 0 0 0 0 0 0 0 0 0 0 0 0 0 0 0 0 0 0 0 0 0 0 0 0 0 0 0 0 0 0 0 0 0 0 0 0 0 0 0 0 0 0 0 0 0 0 0 0 0 0 643696 0 0 643696 0 0 0 0 0 0 0 0 0 0 0 0 643696 0 0 643696 0 0 0 643438 0 0 0 0 0 0 0 0 0 0 0 0 0 0 643556 0 0 0 0 0 0 0 0 0 
643953 643972 643958 643930 643993 643936 643914 643877 644016 644050 644035 643988 643869 643848 644001 643991 644089 644030 643881 643834 643848 643815 643791 643834 643958 644067 644123 644099 644114 644080 643885 643844 643809 643806 643801 643771 643760 644006 644113 644125 644136 644011 643874 643820 643783 643762 643816 643908 643909 643948 644063 644138 644149 644090 644032 643969 643980 643853 643837 643830 643782 643718 643726 643734 643850 643936 644023 644013 644071 644057 644116 644160 644006 643877 643819 643839 643790 643709 643837 643847 643968 644084 644127 644162 644190 644091 644023 643864 643787 643730 643625 643690 643653 643682 643796 643805 643824 643852 643834 643871 643877 644193 644104 644061 643811 643769 643779 643707 643665 643633 643768 643783 643792 643804 643847 643849 644088 644113 644148 644094 644020 643915 643825 643772 643745 643748 643706 643650 
644657 644708 0 644618 0 644708 644558 644561 644498 644582 644843 644868 644585 644540 644453 644423 0 644858 644744 644582 644644 644531 644387 644366 644360 644579 0 0 644714 644960 644720 644697 644634 644450 644465 644339 644372 644432 644645 644825 644972 644948 644687 644661 644598 644258 644312 644282 0 644294 0 644786 644933 645002 644993 644864 644897 644624 644612 644627 644591 644390 644366 644234 644216 0 644447 0 644519 644513 644654 644792 644939 644660 644558 644582 644579 644309 644177 644171 644318 0 644687 644790 0 645094 644990 644621 644534 644507 644129 644150 644153 644174 644162 644153 644138 644150 644132 644171 644150 0 645068 645068 0 644444 644474 644474 644418 644105 644114 644123 644114 644114 644135 644108 644570 644645 644763 644835 644981 644702 644504 644417 0 644453 644435 644407 
644769 644820 0 644730 0 644806 644670 644673 644610 644694 644947 644934 644693 644652 644565 644535 0 644952 644861 644668 644714 644627 644499 644478 644472 644691 0 0 644826 645008 644883 644778 644693 644562 644577 644451 644484 644544 644757 644887 644868 645031 644850 644742 644659 644370 644424 644394 0 644406 0 644848 644829 644988 645056 645009 645002 644787 644775 644790 644720 644484 644476 644346 644328 0 644559 0 644631 644625 644764 644796 645080 644823 644721 644745 644742 644421 644289 644283 644430 0 644749 644724 0 644939 645065 644784 644697 644650 644241 644262 644265 644286 644274 644265 644250 644262 644244 644283 644262 0 644902 644969 0 644607 644637 644615 644477 644217 644226 644235 644226 644226 644247 644220 644632 644649 644646 644718 645036 644865 644667 644580 0 644616 644598 644492 
644679 644730 0 644640 0 644730 644580 644583 644520 644599 644752 644855 644607 644562 644475 644445 0 644767 644895 644604 644670 644553 644409 644388 644382 644558 0 0 644551 644653 644991 644790 644679 644472 644487 644361 644394 644449 644482 644518 644485 644860 645024 644754 644649 644280 644334 644304 0 644316 0 644479 644446 644623 644797 644950 644917 645073 645021 644940 644760 644412 644388 644256 644238 0 644426 0 644356 644422 644419 644413 644875 645104 645046 645078 644844 644331 644199 644193 644335 0 644380 644341 0 644620 644824 645110 644953 644700 644151 644172 644175 644196 644184 644175 644160 644172 644154 644193 644172 0 644581 644710 0 644956 644986 644661 644463 644127 644136 644145 644136 644136 644157 644130 644263 644266 644263 644335 644833 645077 645011 644929 0 644939 644772 644508 
0 640212 0 640254 0 0 640246 640259 640142 640134 0 640169 0 0 640127 0 0 0 640241 0 0 640265 640249 0 640132 640097 0 0 640070 0 0 0 0 0 0 0 640256 640084 640047 640035 639988 0 0 640265 640265 0 0 0 0 0 0 640022 639975 0 0 0 0 0 640241 0 640265 640265 640265 0 640168 0 640053 0 0 640039 640014 0 0 0 640241 640215 0 0 640155 640141 640046 0 639989 639952 0 0 0 0 640265 640265 640247 0 640243 640238 640186 640171 640142 0 640128 640117 640062 0 0 640001 0 640219 640239 640265 0 0 640182 640173 640158 640146 640117 640012 639950 639939 639866 639878 640049 640145 640115 640153 0 640265 640265 640265 
0 644561 0 644645 0 0 644677 644733 644379 644395 0 644529 0 0 644319 0 0 0 644743 0 0 644809 644761 0 644291 644295 0 0 644277 0 0 0 0 0 0 0 644729 644195 644191 644207 644113 0 0 644847 644873 0 0 0 0 0 0 644181 644087 0 0 0 0 0 644697 0 644899 644717 644701 0 644513 0 644119 0 0 644111 644107 0 0 0 644625 644561 0 0 644461 644381 644043 0 644055 644003 0 0 0 0 644785 644955 644423 0 644463 644501 644539 644525 644409 0 644329 644231 644011 0 0 644263 0 644569 644609 644929 0 0 644475 644487 644473 644449 644261 643859 643899 643903 643869 643893 644393 644433 644361 644437 0 644755 644947 644757 
0 644422 0 644534 0 0 644590 644618 644260 644276 0 644198 0 0 644200 0 0 0 644202 0 0 644658 644830 0 644172 644176 0 0 644164 0 0 0 0 0 0 0 644866 644076 644072 644120 644010 0 0 644390 644530 0 0 0 0 0 0 644068 644000 0 0 0 0 0 644026 0 644382 644846 644878 0 644460 0 644000 0 0 643992 643988 0 0 0 643954 643890 0 0 644408 644304 643924 0 643936 643884 0 0 0 0 644114 644462 645100 0 645092 645054 644676 644568 644356 0 644252 644112 643892 0 0 643722 0 643898 643938 644514 0 0 644708 644624 644516 644420 644160 643740 643780 643784 643780 643742 643750 643762 643690 643766 0 644102 644366 644718 
644639 644588 0 644678 0 644588 644738 644735 644604 644614 644453 644420 644711 644756 644559 644529 0 644438 644423 644714 644648 644765 644909 644930 644538 644541 0 0 644522 644336 644327 644528 644639 644846 644831 644957 644924 644466 644463 644470 644288 644273 644294 644564 644669 645038 644974 644604 0 644400 0 644450 644327 644294 644264 644255 644288 644231 644291 644378 644558 644906 644930 645062 644754 0 644409 0 644337 644403 644400 644394 644186 644195 644237 644189 644474 644987 644715 644637 644352 0 644361 644322 0 644153 644165 644156 644357 644618 645009 645132 645057 645108 644916 644835 644676 644544 644598 644493 644328 0 644120 644063 0 644195 644225 644657 644855 645033 644940 644877 644796 644724 644529 644214 644244 644247 644220 644078 644084 644093 644039 644096 0 644348 644546 644810 
0 644286 0 644394 0 0 644446 644480 644184 644200 0 644104 0 0 644124 0 0 0 644108 0 0 644548 644686 0 644096 644100 0 0 644076 0 0 0 0 0 0 0 644726 644000 643996 644006 643870 0 0 644296 644436 0 0 0 0 0 0 643980 643870 0 0 0 0 0 643932 0 644288 644738 644754 0 644384 0 643924 0 0 643916 643912 0 0 0 643860 643796 0 0 644332 644228 643848 0 643860 643808 0 0 0 0 644020 644368 644908 0 644926 644902 644600 644492 644280 0 644176 644036 643816 0 0 643628 0 643804 643844 644420 0 0 644632 644548 644440 644344 644084 643664 643704 643708 643668 643610 643656 643668 643596 643672 0 644008 644272 644624 
0 644328 0 644436 0 0 644500 644522 644232 644248 0 644138 0 0 644172 0 0 0 644142 0 0 644590 644734 0 644144 644148 0 0 644124 0 0 0 0 0 0 0 644768 644048 644044 644054 643912 0 0 644330 644470 0 0 0 0 0 0 644028 643930 0 0 0 0 0 643966 0 644322 644780 644796 0 644432 0 643972 0 0 643964 643960 0 0 0 643894 643830 0 0 644380 644276 643896 0 643908 643856 0 0 0 0 644054 644402 644882 0 644914 644936 644648 644540 644328 0 644224 644084 643864 0 0 643662 0 643838 643878 644454 0 0 644680 644596 644488 644392 644132 643712 643752 643756 643716 643652 643690 643702 643630 643706 0 644042 644306 644658 
0 643659 0 643719 0 0 0 0 0 643736 0 643547 0 0 0 0 0 0 0 0 0 0 0 0 0 0 0 0 643655 0 0 0 0 0 0 0 0 643764 643679 643581 643459 0 0 0 0 0 0 0 0 0 0 643607 643485 0 0 0 0 0 0 0 0 0 0 0 643932 0 0 0 0 643716 643664 0 0 0 0 0 0 0 643932 643908 643764 0 643641 643582 0 0 0 0 0 0 0 0 0 0 643996 643980 643932 0 643908 643860 0 0 0 643309 0 0 0 0 0 0 644011 644004 643980 0 643884 0 0 643620 643415 643319 0 0 0 0 0 0 0 0 
0 644209 0 644269 0 0 0 0 0 644293 0 644097 0 0 0 0 0 0 0 0 0 0 0 0 0 0 0 0 644205 0 0 0 0 0 0 0 0 644339 644251 644131 644009 0 0 0 0 0 0 0 0 0 0 644157 644035 0 0 0 0 0 0 0 0 0 0 0 644501 0 0 0 0 644291 644240 0 0 0 0 0 0 0 644501 644483 644339 0 644217 644153 0 0 0 0 0 0 0 0 0 0 644500 644507 644501 0 644483 644435 0 0 0 643859 0 0 0 0 0 0 644504 644507 644507 0 644459 0 0 644195 643965 643869 0 0 0 0 0 0 0 0 
0 0 0 0 0 0 0 0 0 0 0 642941 0 0 0 0 0 0 0 0 0 0 0 0 0 0 0 0 0 0 0 0 0 0 0 0 0 0 0 0 0 0 0 0 0 0 0 0 0 0 0 0 0 0 0 0 0 0 0 0 0 0 0 0 0 0 0 0 0 0 0 0 0 0 0 0 0 0 0 0 643133 0 0 0 0 0 0 0 0 0 0 0 0 0 0 0 643159 0 0 0 0 0 0 642738 0 0 0 0 0 0 0 0 0 0 0 0 0 0 642743 0 0 0 0 0 0 0 0 0 
641701 641667 0 641727 0 641667 641743 641717 641807 641751 641577 641555 641701 641695 641837 641857 0 641567 641557 641667 641659 641665 641689 641739 641899 641753 0 0 641663 641499 641493 641603 641617 641683 641673 641685 641663 641851 641709 641589 641467 641457 641471 641603 641601 641703 641739 641927 0 641943 0 641615 641493 641471 641451 641445 641467 641429 641469 641527 641563 641615 641631 641683 641875 0 641841 0 641793 641797 641703 641611 641399 641405 641433 641401 641543 641633 641901 641941 641927 0 641681 641611 0 641377 641385 641379 641489 641531 641609 641667 641629 641651 641803 641845 641927 641991 641967 642001 642014 0 641355 641317 0 641405 641425 641521 641545 641625 641799 641829 641871 641907 642001 641990 641759 641709 641423 641327 641331 641337 641301 641339 0 641459 641483 641515 
0 644112 0 644172 0 0 0 0 0 644196 0 644000 0 0 0 0 0 0 0 0 0 0 0 0 0 0 0 0 644108 0 0 0 0 0 0 0 0 644296 644154 644034 643912 0 0 0 0 0 0 0 0 0 0 644060 643938 0 0 0 0 0 0 0 0 0 0 0 644406 0 0 0 0 644242 644148 0 0 0 0 0 0 0 644432 644456 644322 0 644126 644056 0 0 0 0 0 0 0 0 0 0 644370 644400 644456 0 644456 644418 0 0 0 643762 0 0 0 0 0 0 644378 644396 644426 0 644442 0 0 644154 643868 643772 0 0 0 0 0 0 0 0 
0 644015 0 644075 0 0 0 0 0 644099 0 643903 0 0 0 0 0 0 0 0 0 0 0 0 0 0 0 0 0 0 0 0 0 0 0 0 0 0 0 0 0 0 0 0 0 0 0 0 0 0 0 0 0 0 0 0 0 0 0 0 0 0 0 0 0 0 0 0 0 0 0 0 0 0 0 0 0 0 0 0 644257 0 0 643959 0 0 0 0 0 0 0 0 0 0 0 0 644306 0 0 644353 0 0 0 643665 0 0 0 0 0 0 0 0 0 0 0 0 0 0 643771 0 0 0 0 0 0 0 0 0 
0 644324 0 644276 0 0 0 0 0 644564 0 644074 0 0 0 0 0 0 0 0 0 0 0 0 0 0 0 0 644344 0 0 0 0 0 0 0 0 644814 644459 644159 643854 0 0 0 0 0 0 0 0 0 0 644224 643919 0 0 0 0 0 0 0 0 0 0 0 644466 0 0 0 0 644679 644444 0 0 0 643659 643659 0 0 644531 644661 644960 0 644389 644214 0 0 0 0 0 0 0 0 0 0 644196 644331 644596 0 644702 644855 645034 0 0 643479 0 0 0 643521 0 0 644156 644261 644396 0 644795 644964 0 644459 643744 643504 0 0 643439 0 0 0 0 0 
644811 644825 644821 644789 644867 644777 644781 644731 644943 644957 644879 644809 644715 644697 644919 644899 644987 644869 644667 644669 644673 644655 644655 644717 644857 644991 645039 645007 645013 644945 644651 644641 644619 644661 644651 644639 644617 644905 645039 645035 645047 644807 644629 644617 644591 644645 644705 644805 644783 644813 644971 645061 645073 644965 644849 644747 644769 644587 644579 644589 644565 644557 644573 644613 644761 644789 644915 644895 644963 644959 645053 645105 644797 644611 644543 644559 644557 644563 644735 644731 644829 644989 645075 645135 645131 644957 644831 644585 644527 644509 644491 644573 644523 644557 644725 644719 644709 644717 644705 644731 644717 645137 644959 644897 644503 644467 644487 644487 644475 644507 644693 644699 644693 644693 644707 644689 644997 645047 645027 644931 644825 644639 644507 644449 644467 644473 644461 644445 
644664 644715 0 644625 0 644715 644565 644568 644505 644589 644850 644865 644592 644547 644460 644430 0 644865 644663 644585 644641 644538 644394 644373 644367 644586 0 0 644721 644967 644639 644624 644591 644457 644472 644346 644379 644439 644652 644832 645010 644873 644606 644588 644549 644265 644319 644289 0 644301 0 644793 644971 645009 644936 644783 644816 644543 644531 644546 644510 644397 644373 644241 644223 0 644454 0 644526 644520 644661 644799 644858 644579 644477 644501 644498 644316 644184 644178 644325 0 644694 644799 0 645108 644909 644540 644453 644426 644136 644157 644160 644181 644169 644160 644145 644157 644139 644178 644157 0 645110 645018 0 644363 644393 644393 644375 644112 644121 644130 644121 644121 644142 644115 644577 644652 644837 644909 644900 644621 644423 644336 0 644372 644354 644330 
0 0 0 0 0 0 0 0 0 0 0 634075 0 0 0 0 0 0 0 0 0 0 0 0 0 0 0 0 0 0 0 0 0 0 0 0 0 0 0 0 0 0 0 0 0 0 0 0 0 0 0 0 0 0 0 0 0 0 0 0 0 0 0 0 0 0 0 0 0 0 0 0 0 0 0 0 0 0 0 0 633181 0 0 0 0 0 0 0 0 0 0 0 0 0 0 0 0 0 0 0 0 0 0 634297 0 0 0 0 0 0 0 0 0 0 0 0 0 0 633803 0 0 0 0 0 0 0 0 0 
645009 645026 645004 644996 645005 645026 644976 644977 644956 644960 644999 645034 644985 644970 644941 644931 644945 645004 645081 644984 645006 644967 644919 644912 644910 644935 644919 644935 644932 644966 645113 645046 645009 644940 644945 644903 644914 644910 644909 644921 644910 645035 645124 645034 644999 644876 644894 644884 644873 644888 644895 644908 644897 644956 645014 645065 645054 645145 645125 645096 645036 644920 644912 644868 644862 644876 644891 644881 644867 644889 644888 644886 645040 645133 645143 645159 645064 644893 644849 644847 644872 644856 644875 644862 644856 644955 645023 645146 645103 645016 644833 644840 644841 644848 644844 644841 644836 644840 644834 644847 644840 644853 644942 644985 645173 645155 645147 645003 644937 644825 644828 644831 644828 644828 644835 644826 644836 644837 644836 644860 645026 645119 645151 645146 645109 645106 645040 644952 
0 644245 0 644295 0 0 644225 0 643895 643915 0 644285 0 0 643820 0 0 0 0 0 0 0 0 0 643785 643790 0 0 643775 0 0 0 0 0 0 0 0 643665 643660 643720 643665 0 0 0 0 0 0 0 0 0 0 643655 643600 0 0 0 0 0 0 0 0 0 0 0 643657 0 643570 0 0 643560 643555 0 0 0 644909 644861 0 0 643592 643582 643475 0 643490 643425 0 0 0 0 0 0 0 0 0 0 643567 643552 643527 0 643517 643580 643435 0 0 644040 0 644976 0 644362 0 0 643487 643502 643487 643487 643522 643245 0 643300 643295 643415 0 0 644806 644901 0 0 0 0 
0 640203 0 640221 0 0 640213 640226 640133 640125 0 640187 0 0 640118 0 0 0 640294 0 0 640240 640216 0 640123 640088 0 0 640061 0 0 0 0 0 0 0 640223 640075 640038 640026 639979 0 0 640283 640272 0 0 0 0 0 0 640013 639966 0 0 0 0 0 640338 0 640297 640241 640233 0 640135 0 640044 0 0 640030 640005 0 0 0 640349 640325 0 0 640122 640108 640037 0 639980 639943 0 0 0 0 640340 640301 640214 0 640210 640205 640153 640138 640109 0 640095 640084 640053 0 0 640054 0 640331 640349 640300 0 0 640149 640140 640125 640113 640084 640003 639941 639930 639857 639869 640119 640253 640251 640289 0 640349 640325 640285 
0 642819 0 642855 0 0 0 0 0 642687 0 642835 0 0 0 0 0 0 0 0 0 0 0 0 0 0 0 0 642631 0 0 0 0 0 0 0 0 642587 642585 642609 642587 0 0 0 0 0 0 0 0 0 0 642583 642561 0 0 0 0 0 0 0 0 0 0 0 642739 0 0 0 0 642545 642543 0 0 0 642957 642933 0 0 642713 642685 642511 0 642517 642491 0 0 0 0 0 0 0 0 0 0 642775 642745 642687 0 642659 642605 642495 0 0 642717 0 0 0 643037 0 0 642745 642749 642719 0 642628 642419 0 642441 642439 642487 0 0 642909 0 0 0 0 0 
644184 644175 0 644205 0 644231 644205 644268 643965 643989 644129 644192 644292 644307 643920 643890 0 644139 644219 644339 644332 644353 644334 644253 643887 643926 0 0 643941 644063 644155 644289 644363 644337 644352 644346 644379 643839 643872 643932 643899 644119 644133 644313 644383 644325 644259 643929 0 643761 0 643893 643860 644031 644113 644107 644129 644091 644131 644189 644309 644451 644433 644349 644043 0 643794 0 643746 643800 643821 643827 644061 644067 644095 644063 644253 644424 644004 643938 643725 0 643794 643755 0 643993 644047 644041 644175 644349 644294 644291 644306 644315 644169 644100 643965 643857 643899 643818 643677 0 643956 643943 0 644067 644087 644375 644495 644270 644181 644130 644061 644001 643842 643575 643677 643680 643677 643749 643981 643999 643963 644001 0 644169 644301 644465 
644592 644541 0 644631 0 644541 644691 644688 644516 644528 644406 644373 644664 644709 644471 644441 0 644391 644376 644667 644601 644718 644862 644865 644450 644453 0 0 644443 644289 644280 644481 644592 644799 644784 644910 644877 644378 644375 644394 644241 644226 644247 644517 644622 644973 644895 644516 0 644312 0 644371 644280 644247 644217 644208 644241 644184 644244 644331 644511 644859 644883 645013 644666 0 644321 0 644249 644315 644312 644306 644139 644148 644190 644142 644427 644940 644627 644549 644264 0 644273 644234 0 644106 644118 644109 644310 644571 645096 645081 645086 645075 644828 644747 644588 644456 644510 644405 644240 0 644073 644016 0 644148 644178 644610 644808 645120 644852 644789 644708 644636 644441 644126 644156 644159 644141 644031 644037 644046 643992 644049 0 644301 644499 644763 
0 644724 0 644784 0 0 0 0 0 644808 0 644612 0 0 0 0 0 0 0 0 0 0 0 0 0 0 0 0 644720 0 0 0 0 0 0 0 0 644839 644764 644646 644524 0 0 0 0 0 0 0 0 0 0 644672 644550 0 0 0 0 0 0 0 0 0 0 0 645007 0 0 0 0 644791 644743 0 0 0 0 0 0 0 645007 644983 644793 0 644719 644667 0 0 0 0 0 0 0 0 0 0 645079 645055 645007 0 644957 644887 0 0 0 644374 0 0 0 0 0 0 645097 645079 645055 0 644911 0 0 644695 644480 644384 0 0 0 0 0 0 0 0 
0 644495 0 644555 0 0 0 0 0 644579 0 644383 0 0 0 0 0 0 0 0 0 0 0 0 0 0 0 0 644491 0 0 0 0 0 0 0 0 644623 644537 644417 644295 0 0 0 0 0 0 0 0 0 0 644443 644321 0 0 0 0 0 0 0 0 0 0 0 644793 0 0 0 0 644577 644529 0 0 0 0 0 0 0 644789 644737 644547 0 644505 644439 0 0 0 0 0 0 0 0 0 0 644842 644836 644763 0 644711 644641 0 0 0 644145 0 0 0 0 0 0 644855 644848 644836 0 644665 0 0 644477 644251 644155 0 0 0 0 0 0 0 0 
0 643756 0 643816 0 0 0 0 0 643840 0 643644 0 0 0 0 0 0 0 0 0 0 0 0 0 0 0 0 643752 0 0 0 0 0 0 0 0 643893 643798 643678 643556 0 0 0 0 0 0 0 0 0 0 643704 643582 0 0 0 0 0 0 0 0 0 0 0 644043 0 0 0 0 643845 643785 0 0 0 0 0 0 0 644043 644031 643893 0 643762 643700 0 0 0 0 0 0 0 0 0 0 644032 644047 644043 0 644031 643989 0 0 0 643406 0 0 0 0 0 0 644036 644045 644048 0 644013 0 0 643749 643512 643416 0 0 0 0 0 0 0 0 
0 643854 0 643896 0 0 643916 0 643924 643884 0 643774 0 0 643939 0 0 0 0 0 0 0 0 0 643982 643873 0 0 643804 0 0 0 0 0 0 0 0 643934 643827 643743 643646 0 0 0 0 0 0 0 0 0 0 643756 643659 0 0 0 0 0 0 0 0 0 0 0 644030 0 643917 0 0 643883 643812 0 0 0 643749 643721 0 0 644043 644045 643932 0 643789 643730 0 0 0 0 0 0 0 0 0 0 644008 644035 644056 0 644038 644003 643948 0 0 643571 0 643735 0 643873 0 0 644000 644021 644048 644064 644015 643898 0 643791 643576 643516 0 0 643659 643702 0 0 0 0 
0 634076 0 634178 0 0 0 0 0 634286 0 633796 0 0 0 0 0 0 0 0 0 0 0 0 0 0 0 0 0 0 0 0 0 0 0 0 0 634536 0 0 0 0 0 0 0 0 0 0 0 0 0 0 0 0 0 0 0 0 0 0 0 0 0 0 0 0 0 0 0 0 0 0 0 0 0 0 0 0 0 0 634710 0 0 633936 0 0 0 0 0 0 0 0 0 0 0 0 634742 0 0 634855 0 0 0 633201 0 0 0 0 0 0 0 0 0 0 634867 0 0 0 633466 0 0 0 0 0 0 0 0 0 
0 644170 0 644132 0 0 0 0 0 644414 0 643924 0 0 0 0 0 0 0 0 0 0 0 0 0 0 0 0 644194 0 0 0 0 0 0 0 0 644662 644309 644009 643704 0 0 0 0 0 0 0 0 0 0 644074 643769 0 0 0 0 0 0 0 0 0 0 0 644322 0 0 0 0 644529 644294 0 0 0 643495 643505 0 0 644383 644485 644776 0 644239 644064 0 0 0 0 0 0 0 0 0 0 644052 644187 644422 0 644524 644677 644868 0 0 643329 0 0 0 643377 0 0 644012 644117 644252 0 644617 644974 0 644305 643594 643354 0 0 643289 0 0 0 0 0 
0 644525 0 644471 0 0 644459 0 644735 644723 0 644501 0 0 644780 0 0 0 0 0 0 0 0 0 644788 644798 0 0 644794 0 0 0 0 0 0 0 0 644860 644863 644801 644658 0 0 0 0 0 0 0 0 0 0 644840 644697 0 0 0 0 0 0 0 0 0 0 0 644584 0 644910 0 0 644925 644914 0 0 0 644102 644126 0 0 644610 644668 644847 0 644939 644871 0 0 0 0 0 0 0 0 0 0 644423 644504 644632 0 644651 644701 644705 0 0 644433 0 643988 0 644018 0 0 644399 644462 644532 644592 644665 644663 645025 644992 644592 644448 0 644245 644048 643961 0 0 0 0 
0 644169 0 644079 0 0 0 0 0 644499 0 644129 0 0 0 0 0 0 0 0 0 0 0 0 0 0 0 0 0 0 0 0 0 0 0 0 0 644717 0 0 0 0 0 0 0 0 0 0 0 0 0 0 0 0 0 0 0 0 0 0 0 0 0 0 0 0 0 0 0 0 0 0 0 0 0 0 0 0 0 0 644579 0 0 644864 0 0 0 0 0 0 0 0 0 0 0 0 644265 0 0 644334 0 0 0 644153 0 0 0 0 0 0 0 0 0 0 644274 0 0 645028 644446 644206 0 0 0 0 0 0 0 0 
0 643553 0 643511 0 0 0 0 0 643585 0 643569 0 0 0 0 0 0 0 0 0 0 0 0 0 0 0 0 643665 0 0 0 0 0 0 0 0 643535 643642 643726 643777 0 0 0 0 0 0 0 0 0 0 643713 643790 0 0 0 0 0 0 0 0 0 0 0 643379 0 0 0 0 643586 643657 0 0 0 0 0 0 0 643366 643376 643497 0 643680 643739 0 0 0 0 0 0 0 0 0 0 643325 643334 643353 0 643363 643400 0 0 0 643702 0 0 0 0 0 0 643297 643312 643321 0 643376 0 0 643678 643884 643854 0 0 0 0 0 0 0 0 
0 636025 0 635977 0 0 635945 635929 635905 635961 0 636073 0 0 635875 0 0 0 636001 0 0 635881 635831 0 635813 635959 0 0 636049 0 0 0 0 0 0 0 635809 635861 636003 636123 636241 0 0 635929 635881 0 0 0 0 0 0 636097 636219 0 0 0 0 0 636001 0 635905 635785 635785 0 635717 0 635871 0 0 635915 636009 0 0 0 636001 636025 0 0 635691 635687 635785 0 636031 636101 0 0 0 0 635953 635857 635659 0 635675 635689 635681 635675 635665 0 635661 635687 635673 0 0 636241 0 635977 635977 635833 0 0 635649 635655 635649 635649 635663 635645 635953 636003 636289 636361 636193 636097 636049 636001 0 635929 635857 635761 
0 644395 0 644287 0 0 644223 644201 644175 644287 0 644555 0 0 644115 0 0 0 644475 0 0 644133 643989 0 643991 644283 0 0 644463 0 0 0 0 0 0 0 643955 644087 644371 644589 644621 0 0 644315 644197 0 0 0 0 0 0 644537 644595 0 0 0 0 0 644409 0 644283 643943 643927 0 643799 0 644107 0 0 644195 644383 0 0 0 644373 644413 0 0 643747 643739 643935 0 644405 644449 0 0 0 0 644309 644187 643649 0 643689 643727 643727 643715 643695 0 643687 643739 643711 0 0 644765 0 644273 644293 644139 0 0 643663 643675 643663 643663 643691 643655 644249 644325 644413 644445 644801 644565 644385 644279 0 644231 644147 643983 
644661 644702 0 644624 0 644678 644580 644557 644626 644684 644819 644806 644565 644526 644581 644551 0 644824 644733 644540 644586 644499 644403 644420 644488 644707 0 0 644766 644774 644789 644650 644565 644448 644453 644363 644374 644560 644739 644729 644646 644869 644800 644614 644531 644312 644378 644410 0 644422 0 644716 644633 644740 644846 644885 644874 644821 644777 644724 644592 644356 644348 644280 644344 0 644575 0 644613 644641 644698 644670 644872 644857 644795 644831 644644 644305 644305 644299 644446 0 644659 644620 0 644691 644831 644868 644707 644524 644149 644204 644181 644212 644290 644281 644266 644278 644260 644299 644278 0 644654 644721 0 644711 644741 644487 644349 644141 644242 644251 644242 644242 644263 644236 644542 644545 644476 644476 644810 644939 644771 644684 0 644686 644548 644364 
0 643048 0 642988 0 0 0 0 0 642961 0 643133 0 0 0 0 0 0 0 0 0 0 0 0 0 0 0 0 642929 0 0 0 0 0 0 0 0 642861 642883 642907 642885 0 0 0 0 0 0 0 0 0 0 642881 642859 0 0 0 0 0 0 0 0 0 0 0 642715 0 0 0 0 642843 642841 0 0 0 643282 643314 0 0 642689 642690 642785 0 642815 642789 0 0 0 0 0 0 0 0 0 0 642643 642649 642663 0 642664 642690 642676 0 0 643035 0 0 0 642973 0 0 642599 642617 642623 0 642666 642648 0 642739 642737 642785 0 0 643411 0 0 0 0 0 
0 644125 0 644071 0 0 643995 0 643775 643839 0 644225 0 0 643700 0 0 0 0 0 0 0 0 0 643597 643730 0 0 643717 0 0 0 0 0 0 0 0 643589 643602 643662 643607 0 0 0 0 0 0 0 0 0 0 643597 643542 0 0 0 0 0 0 0 0 0 0 0 643477 0 643510 0 0 643502 643497 0 0 0 644762 644790 0 0 643412 643398 643399 0 643432 643367 0 0 0 0 0 0 0 0 0 0 643387 643372 643347 0 643333 643350 643247 0 0 643982 0 644876 0 644182 0 0 643307 643322 643307 643307 643314 643125 0 643242 643237 643357 0 0 644950 644969 0 0 0 0 
645002 644995 644997 645013 644974 645019 645017 645042 644925 644929 644968 645003 645050 645035 644910 644900 644914 644973 645074 645049 645071 645032 644984 644977 644903 644904 644888 644904 644901 644935 645082 645087 645074 645005 645010 644968 644979 644879 644878 644890 644879 645004 645093 645099 645064 644941 644959 644925 644890 644857 644864 644877 644866 644925 644983 645034 645023 645114 645118 645113 645101 644985 644977 644933 644927 644845 644860 644850 644836 644858 644857 644855 645009 645102 645136 645128 645129 644958 644914 644912 644841 644825 644844 644831 644825 644924 644992 645115 645144 645081 644898 644905 644906 644913 644909 644906 644901 644905 644899 644888 644833 644822 644911 644954 645108 645138 645148 645068 645002 644890 644893 644896 644893 644893 644900 644795 644805 644806 644805 644829 644995 645088 645086 645105 645174 645171 645105 645017 
0 640113 0 640155 0 0 640169 640182 640043 640035 0 640097 0 0 640028 0 0 0 640204 0 0 640196 640172 0 640033 639998 0 0 639971 0 0 0 0 0 0 0 640179 639985 639948 639936 639889 0 0 640239 640228 0 0 0 0 0 0 639923 639876 0 0 0 0 0 640248 0 640253 640197 640189 0 640091 0 639954 0 0 639940 639915 0 0 0 640254 640224 0 0 640078 640064 639947 0 639890 639853 0 0 0 0 640296 640257 640170 0 640166 640161 640109 640094 640065 0 640051 640040 639963 0 0 639964 0 640228 640248 640256 0 0 640105 640096 640081 640069 640040 639913 639851 639840 639767 639779 640029 640158 640124 640162 0 640300 640281 640241 
0 639982 0 640024 0 0 640040 640077 639912 639904 0 639966 0 0 639897 0 0 0 640073 0 0 640137 640113 0 639902 639867 0 0 639840 0 0 0 0 0 0 0 640120 639854 639817 639805 639758 0 0 640134 640169 0 0 0 0 0 0 639792 639745 0 0 0 0 0 640092 0 640172 640138 640130 0 640032 0 639823 0 0 639809 639784 0 0 0 640092 640068 0 0 640019 639983 639816 0 639759 639722 0 0 0 0 640140 640198 640111 0 640107 640102 640050 640035 640006 0 639970 639911 639832 0 0 639833 0 640116 640116 640197 0 0 640046 640037 640022 640010 639935 639782 639720 639709 639636 639648 639898 639996 640038 640076 0 640164 640210 640182 
0 640281 0 640323 0 0 640315 640328 640211 640203 0 640265 0 0 640196 0 0 0 640340 0 0 640342 640318 0 640201 640166 0 0 640139 0 0 0 0 0 0 0 640325 640153 640116 640104 640057 0 0 640364 640364 0 0 0 0 0 0 640091 640044 0 0 0 0 0 640286 0 640364 640343 640335 0 640237 0 640122 0 0 640108 640083 0 0 0 640250 640218 0 0 640224 640210 640115 0 640058 640021 0 0 0 0 640306 640364 640316 0 640312 640307 640255 640240 640211 0 640197 640186 640131 0 0 640100 0 640222 640242 640364 0 0 640251 640242 640227 640215 640186 640081 640019 640008 639935 639947 640148 640154 640118 640156 0 640276 640336 640364 
