645095 645095 645059 645083 645069 0 0 0 0 645075 0 0 0 645037 0 0 645069 645053 0 0 645007 0 0 645013 0 0 0 0 0 0 0 0 0 644933 0 644957 0 0 644915 0 644883 0 0 0 644843 0 0 644857 644869 0 0 644831 0 0 644819 0 0 0 0 0 0 0 0 0 644687 0 0 0 0 0 0 0 0 644651 0 0 0 0 0 0 0 0 0 0 0 644533 0 0 644529 0 644511 0 0 0 0 0 0 0 0 0 0 0 0 0 0 644421 0 0 0 0 0 0 644401 0 0 0 0 0 0 644335 0 644377 0 0 0 644329 0 644343 
641782 641804 641746 641770 641786 0 0 0 0 641770 0 0 0 641732 0 0 641804 641804 0 0 641702 0 0 641796 0 0 0 0 0 0 0 0 0 641804 0 641804 0 0 641746 0 641786 0 0 0 641530 0 0 641736 641796 0 0 641758 0 0 641770 0 0 0 0 0 0 0 0 0 641382 0 0 0 0 0 0 0 0 641338 0 0 0 0 0 0 0 0 0 0 0 641228 0 0 641224 0 641206 0 0 0 0 0 0 0 0 0 0 0 0 0 0 641116 0 0 0 0 0 0 641136 0 0 0 0 0 0 641030 0 641136 0 0 0 641024 0 641150 
642171 642225 642135 642169 642263 0 0 0 0 642207 0 0 0 642245 0 0 642245 642219 0 0 642227 0 0 642253 0 0 0 0 0 0 0 0 0 642217 0 642229 0 0 642291 0 642263 0 0 0 641951 0 0 642291 642253 0 0 642291 0 0 642279 0 0 0 0 0 0 0 0 0 641953 0 0 0 0 0 0 0 0 641763 0 0 0 0 0 0 0 0 0 0 0 641799 0 0 641697 0 641749 0 0 0 0 0 0 0 0 0 0 0 0 0 0 641687 0 0 0 0 0 0 641711 0 0 0 0 0 0 641601 0 641711 0 0 0 641595 0 641725 
641514 641514 641514 641514 641482 0 0 0 0 641500 0 0 0 641462 0 0 641500 641514 0 0 641456 0 0 641492 0 0 0 0 0 0 0 0 0 641514 0 641514 0 0 641442 0 641482 0 0 0 641312 0 0 641432 641492 0 0 641454 0 0 641466 0 0 0 0 0 0 0 0 0 641150 0 0 0 0 0 0 0 0 641118 0 0 0 0 0 0 0 0 0 0 0 640996 0 0 640992 0 640974 0 0 0 0 0 0 0 0 0 0 0 0 0 0 640846 0 0 0 0 0 0 640832 0 0 0 0 0 0 640798 0 640832 0 0 0 640792 0 640846 
645065 645119 645033 645067 645153 0 0 0 0 645105 0 0 0 645107 0 0 645119 645069 0 0 645077 0 0 645079 0 0 0 0 0 0 0 0 0 644947 0 644983 0 0 645005 0 644965 0 0 0 644849 0 0 644947 644935 0 0 644921 0 0 644909 0 0 0 0 0 0 0 0 0 644757 0 0 0 0 0 0 0 0 644661 0 0 0 0 0 0 0 0 0 0 0 644603 0 0 644591 0 644581 0 0 0 0 0 0 0 0 0 0 0 0 0 0 644491 0 0 0 0 0 0 644491 0 0 0 0 0 0 644405 0 644467 0 0 0 644399 0 644433 
638627 638652 638573 638602 638652 638663 0 638575 638582 638606 0 0 638493 638606 0 638630 638663 638649 638582 0 638582 638663 638663 638625 638566 0 638601 638577 638486 0 0 0 0 638529 638552 638553 0 638553 638577 0 638505 638313 638303 0 638366 638390 0 638529 638481 638288 0 638481 638390 0 638457 638206 638342 0 0 0 0 638211 638179 0 638318 0 0 0 0 0 638318 0 638126 638174 638198 0 0 0 0 638013 638042 638053 638002 0 0 638318 638006 0 638078 0 638102 0 0 0 0 638030 0 637957 0 0 638652 0 637895 0 0 638606 0 637886 637958 0 0 638663 638663 638649 0 637832 637824 637802 637910 638534 0 638649 637837 0 638462 638486 0 638601 
642801 642747 642765 642767 642709 642741 642808 642814 642727 642729 642783 642807 642745 642691 642631 642663 642692 642694 642725 642693 642673 642645 642654 642636 642717 642687 642608 642614 642647 642653 642615 642621 642548 642576 642604 642588 642609 642550 642538 642500 642506 642625 642645 642629 642625 642617 642577 642480 642492 642615 642559 642454 642553 642545 642442 642599 642559 642515 642549 642575 642332 642634 642618 642535 642485 642618 642605 642621 642471 642477 642443 642575 642463 642511 642483 642461 642527 642556 642449 642419 642433 642505 642369 642353 642375 642331 642347 642341 642385 642343 642367 642099 642317 642309 642325 642317 642087 642381 642285 642265 642063 642075 642378 642357 642235 642075 642025 642235 642233 642215 642209 642015 642024 642040 642309 642205 642221 642193 642189 642025 642001 642000 642261 642183 642031 642043 641983 641966 
645119 645065 645075 645083 645027 645071 0 645133 645037 645045 0 0 645019 645007 0 644969 645021 645023 645061 0 644983 644975 644983 644965 645057 0 644937 644943 644909 0 0 0 0 644905 644933 644917 0 644879 644867 0 644835 644803 644823 0 644827 644831 0 644809 644821 644781 0 644783 644767 0 644771 644729 644749 0 0 0 0 644799 644755 0 644663 0 0 0 0 0 644621 0 644583 644631 644603 0 0 0 0 644539 644553 644635 644489 0 0 644509 644467 0 644505 0 644487 0 0 0 0 644437 0 644501 0 0 644381 0 644483 0 0 644391 0 644355 644353 0 0 644345 644353 644369 0 644325 644341 644313 644309 644311 0 644329 644381 0 644281 644305 0 644295 
643441 643441 643513 643489 643441 643417 0 643465 643513 643489 0 0 643513 643479 0 643417 643393 643369 643345 0 643497 643375 643383 643345 643345 0 643321 643297 643513 0 0 0 0 643249 643273 643273 0 643273 643267 0 643225 643513 643513 0 643513 643513 0 643209 643201 643513 0 643183 643473 0 643171 643513 643503 0 0 0 0 643513 643513 0 643441 0 0 0 0 0 643399 0 643513 643513 643501 0 0 0 0 643513 643513 643513 643513 0 0 643287 643513 0 643513 0 643481 0 0 0 0 643503 0 643513 0 0 642805 0 643513 0 0 642863 0 643513 643491 0 0 642745 642753 642769 0 643513 643513 643513 643495 642873 0 642729 643513 0 642915 642915 0 642695 
645092 645096 645112 645112 645058 0 0 0 0 645088 0 0 0 645050 0 0 645028 645028 0 0 645044 0 0 644972 0 0 0 0 0 0 0 0 0 644908 0 644924 0 0 644874 0 644842 0 0 0 644922 0 0 644816 644828 0 0 644790 0 0 644778 0 0 0 0 0 0 0 0 0 644758 0 0 0 0 0 0 0 0 644726 0 0 0 0 0 0 0 0 0 0 0 644604 0 0 644600 0 644582 0 0 0 0 0 0 0 0 0 0 0 0 0 0 644434 0 0 0 0 0 0 644360 0 0 0 0 0 0 644406 0 644336 0 0 0 644400 0 644302 
642602 642575 642625 642608 642556 642566 642635 642629 642606 642589 642612 642638 642647 642570 642517 642539 642541 642542 642552 642621 642579 642518 642522 642502 642560 642612 642476 642467 642592 642595 642582 642585 642458 642424 642450 642442 642579 642423 642429 642410 642377 642539 642549 642547 642551 642553 642539 642376 642358 642528 642536 642339 642521 642529 642321 642502 642512 642496 642477 642496 642242 642549 642517 642476 642469 642541 642530 642538 642450 642453 642448 642486 642429 642453 642439 642445 642462 642479 642422 642407 642414 642460 642382 642374 642385 642392 642371 642368 642390 642369 642381 642251 642356 642352 642360 642356 642239 642388 642340 642330 642233 642245 642382 642376 642315 642262 642208 642315 642314 642305 642302 642203 642207 642215 642368 642300 642308 642294 642292 642291 642243 642195 642328 642289 642278 642290 642252 642155 
645124 645074 645030 645044 645036 645080 0 645106 644992 645006 0 645088 644974 644968 644958 644954 645040 645042 645071 0 644938 644984 645002 644984 645064 0 644956 644962 644864 0 0 0 644896 644924 644952 644936 0 644898 644886 644848 644854 644758 644778 0 644782 644786 0 644828 644840 644736 0 644802 644722 0 644790 644684 644704 0 644634 0 644680 644742 644701 0 644618 0 0 0 644580 0 644576 644646 644538 644586 644558 0 0 0 0 644494 644508 644584 644444 0 0 644464 644422 0 644460 0 644442 644426 0 0 0 644392 0 644452 0 0 644390 644366 644426 644428 644310 644352 644364 644310 644308 0 0 644354 644372 644388 0 644280 644296 644268 644264 644266 644266 644348 644332 0 644236 644260 0 644314 
644366 644296 644510 644451 644201 0 0 0 0 644366 0 0 644659 644271 0 644116 644126 644131 0 0 644304 0 644031 643986 0 0 643916 643931 644503 0 0 0 0 643836 0 643866 0 643771 643741 0 643661 644406 644426 0 644454 644449 0 643596 643626 644348 0 643531 644289 0 643501 644188 644271 0 0 0 0 644317 644205 0 644068 0 0 0 0 0 643963 0 0 643988 643918 0 0 0 0 643710 643760 643902 643623 0 0 643683 643578 0 643673 0 643628 0 0 0 0 0 0 643598 0 0 0 0 643566 0 0 642731 0 643298 643293 0 0 642436 642456 0 0 0 0 0 643183 642840 0 642396 0 0 0 642993 0 642311 
645055 645109 645105 645125 645115 0 0 0 0 645149 0 0 0 645131 0 0 645067 645031 0 0 645115 0 0 645019 0 0 0 0 0 0 0 0 0 644909 0 644945 0 0 644933 0 644899 0 0 0 644921 0 0 644875 644875 0 0 644849 0 0 644837 0 0 0 0 0 0 0 0 0 644795 0 0 0 0 0 0 0 0 644731 0 0 0 0 0 0 0 0 0 0 0 644641 0 0 644635 0 644619 0 0 0 0 0 0 0 0 0 0 0 0 0 0 644515 0 0 0 0 0 0 644419 0 0 0 0 0 0 644443 0 644395 0 0 0 644437 0 644361 
644971 645025 644973 645007 645063 645019 0 644941 645011 645045 0 644947 644885 645083 645123 645121 645045 644995 644905 0 645065 645115 645083 645005 644889 0 644985 644931 644947 0 0 0 645075 644873 644893 644909 0 644947 645007 645027 644895 644717 644697 0 644789 644833 0 644969 644861 644691 0 644899 644897 0 644863 644599 644819 0 644649 0 644859 644601 644569 0 644831 0 0 0 644791 0 644789 644535 644553 644601 644677 0 0 0 0 644405 644439 644443 644407 0 0 644677 644429 0 644535 0 644601 644591 0 0 0 644507 0 644347 0 0 644555 644555 644285 644323 644523 644565 644529 644301 644447 0 0 644519 644551 644567 0 644235 644219 644199 644395 644479 644479 644527 644227 0 644449 644473 0 644493 
643961 644015 643987 643997 644053 0 0 0 0 644035 0 0 0 644073 0 644111 644035 644009 0 0 644079 0 644073 644043 0 0 0 0 0 0 0 0 0 644007 0 644019 0 0 644093 0 644053 0 0 0 644019 0 0 644103 644043 0 0 644081 0 0 644069 0 0 0 0 0 0 0 0 0 644121 0 0 0 0 0 0 0 0 644023 0 0 0 0 0 0 0 0 0 0 0 644083 0 0 644053 0 644095 0 0 0 0 0 0 0 0 0 0 0 643875 0 0 643683 0 644011 644085 0 0 0 643669 0 0 0 0 0 0 643669 0 643669 0 0 0 643711 0 643683 
645057 645107 645011 645045 645107 0 0 0 0 645059 0 0 0 645057 0 0 645127 645119 0 0 645027 0 0 645097 0 0 0 0 0 0 0 0 0 644997 0 645025 0 0 645027 0 644977 0 0 0 644819 0 0 644969 644953 0 0 644943 0 0 644929 0 0 0 0 0 0 0 0 0 644707 0 0 0 0 0 0 0 0 644627 0 0 0 0 0 0 0 0 0 0 0 644553 0 0 644531 0 644531 0 0 0 0 0 0 0 0 0 0 0 0 0 0 644441 0 0 0 0 0 0 644495 0 0 0 0 0 0 644355 0 644489 0 0 0 644349 0 644455 
0 0 0 0 0 0 0 0 0 0 0 0 0 0 0 0 0 645007 0 0 0 0 0 0 0 0 0 0 0 0 0 0 0 0 0 0 0 0 0 0 0 0 0 0 0 0 0 0 0 0 0 0 0 0 0 0 0 0 0 0 0 0 0 0 0 0 0 0 0 0 0 0 0 0 0 0 0 0 0 0 0 0 0 0 0 0 0 0 0 0 0 0 0 0 0 0 0 0 0 0 0 0 0 0 0 0 0 0 0 0 0 0 643602 0 0 0 0 0 0 643281 0 643622 0 0 0 0 0 0 
641742 641742 641814 641790 641742 641718 0 641766 641814 641790 0 0 641886 641790 0 641766 641694 641670 641646 0 641814 641718 641694 641646 641646 0 641622 641598 641910 0 0 0 0 641550 641574 641574 0 641574 641598 0 641526 642078 642078 0 642030 642006 0 641550 641502 642102 0 641502 642006 0 641478 642174 642054 0 0 0 0 642126 642174 0 642078 0 0 0 0 0 642078 0 642198 642198 642198 0 0 0 0 642198 642198 642198 642198 0 0 642078 642198 0 642198 0 642198 0 0 0 0 642198 0 642198 0 0 641742 0 642198 0 0 641790 0 642198 642198 0 0 641718 641694 641670 0 642198 642198 642198 642198 641862 0 641670 642198 0 641934 641910 0 641622 
644725 644752 644810 644791 644749 644725 644712 644724 644829 644806 644662 644754 644863 644787 644698 644742 644710 644677 644616 644889 644808 644699 644691 644658 644600 644898 644632 644609 644892 644895 644858 644861 644602 644556 644578 644586 644855 644579 644585 644554 644533 644803 644793 644819 644839 644853 644839 644532 644514 644790 644829 644495 644821 644815 644477 644744 644812 644785 644769 644774 644386 644733 644725 644776 644755 644713 644699 644719 644741 644747 644713 644712 644715 644745 644739 644731 644682 644693 644722 644593 644622 644641 644582 644620 644677 644601 644593 644614 644660 644639 644663 644166 644500 644574 644594 644602 644142 644540 644562 644567 644130 644154 644483 644516 644537 644188 644080 644469 644524 644517 644511 644070 644078 644094 644441 644412 644404 644382 644478 644246 644150 644054 644420 644485 644301 644313 644168 644020 
639744 639798 639806 639804 639816 0 0 0 0 639840 0 0 0 639840 0 0 639792 639756 0 0 639852 0 0 639768 0 0 0 0 0 0 0 0 0 639694 0 639718 0 0 639744 0 639708 0 0 0 639742 0 0 639720 639696 0 0 639696 0 0 639684 0 0 0 0 0 0 0 0 0 639732 0 0 0 0 0 0 0 0 639650 0 0 0 0 0 0 0 0 0 0 0 639732 0 0 639612 0 639624 0 0 0 0 0 0 0 0 0 0 0 0 0 0 639840 0 0 0 0 0 0 639792 0 0 0 0 0 0 639840 0 639780 0 0 0 639816 0 639756 
642924 642924 642924 642924 642924 642924 0 642924 642924 642924 0 0 642924 642924 0 642924 642924 642924 642924 0 642924 642924 642924 642924 642924 0 642900 642876 642924 0 0 0 0 642828 642852 642852 0 642852 642876 0 642804 642924 642924 0 642924 642924 0 642828 642780 642924 0 642780 642924 0 642756 642924 642924 0 0 0 0 642924 642924 0 642906 0 0 0 0 0 642864 0 642924 642924 642924 0 0 0 0 642924 642924 642924 642924 0 0 642752 642924 0 642924 0 642924 0 0 0 0 642924 0 642924 0 0 642342 0 642924 0 0 642352 0 642891 642924 0 0 642306 642338 642378 0 642843 642843 642819 642913 642338 0 642338 642867 0 642380 642380 0 642328 
645001 645055 644955 644989 645093 0 0 0 0 645027 0 0 0 645065 0 645091 645101 645071 0 0 645047 0 645139 645081 0 0 0 0 0 0 0 0 0 644949 0 644985 0 0 645075 0 644971 0 0 0 644771 0 0 645025 644937 0 0 644975 0 0 644939 0 0 0 0 0 0 0 0 0 644755 0 0 0 0 0 0 0 0 644583 0 0 0 0 0 0 0 0 0 0 0 644601 0 0 644517 0 644573 0 0 0 0 0 0 0 0 0 0 0 644267 0 0 644489 0 644283 644429 0 0 0 644549 0 0 0 0 0 0 644403 0 644545 0 0 0 644397 0 644511 
645023 645043 644971 644995 645043 0 0 0 0 644995 0 0 0 644993 0 0 645091 645091 0 0 644963 0 0 645091 0 0 0 0 0 0 0 0 0 645035 0 645059 0 0 645061 0 645011 0 0 0 644755 0 0 645003 644987 0 0 644977 0 0 644963 0 0 0 0 0 0 0 0 0 644643 0 0 0 0 0 0 0 0 644563 0 0 0 0 0 0 0 0 0 0 0 644489 0 0 644467 0 644467 0 0 0 0 0 0 0 0 0 0 0 0 0 0 644377 0 0 0 0 0 0 644459 0 0 0 0 0 0 644291 0 644459 0 0 0 644285 0 644473 
645045 645012 644965 644982 644974 645042 0 645010 644930 644944 0 0 644901 644906 0 644892 645040 645090 645114 0 644876 644946 645002 645058 645106 0 645042 645048 644802 0 0 0 0 645010 645038 645022 0 644984 644972 0 644940 644696 644707 0 644720 644724 0 644914 644926 644674 0 644888 644660 0 644876 644612 644642 0 0 0 0 644648 644608 0 644556 0 0 0 0 0 644514 0 644476 644524 644496 0 0 0 0 644421 644440 644485 644382 0 0 644402 644360 0 644398 0 644380 0 0 0 0 644330 0 644373 0 0 644328 0 644337 0 0 644290 0 644248 644246 0 0 644316 644372 644436 0 644218 644226 644200 644202 644204 0 644396 644253 0 644174 644198 0 644400 
644954 645006 645052 645038 644969 644978 644936 644948 645069 645035 644886 644978 645090 644997 644891 644935 644939 644930 644840 645125 645015 644893 644901 644883 644824 645131 644855 644861 645091 645097 645047 645053 644795 644808 644828 644835 645041 644797 644785 644747 644753 644981 644961 645013 645044 645048 645020 644727 644739 644955 645014 644701 644984 645000 644689 644863 644966 644934 644896 644923 644579 644865 644833 644894 644880 644833 644807 644839 644842 644848 644838 644799 644800 644848 644820 644832 644751 644765 644786 644669 644703 644707 644671 644690 644712 644726 644684 644678 644722 644680 644704 644359 644579 644646 644662 644654 644335 644611 644622 644602 644323 644347 644549 644587 644572 644381 644273 644565 644570 644552 644546 644263 644271 644287 644507 644499 644483 644463 644526 644439 644343 644247 644491 644520 644486 644487 644361 644213 
644929 644975 644883 644917 644980 0 0 0 0 644937 0 0 644795 644920 0 644906 645033 645040 0 0 644890 0 645016 645065 0 0 645075 645074 644810 0 0 0 0 645038 0 645063 0 645064 645046 0 645023 644627 644607 0 644689 644723 0 645005 645004 644601 0 644979 644674 0 644967 644509 644656 0 0 0 0 644511 644479 0 644570 0 0 0 0 0 644528 0 0 644499 644510 0 0 0 0 644315 644349 644353 644317 0 0 644416 644329 0 644404 0 644394 0 0 0 0 0 0 644257 0 0 0 0 644195 0 0 644304 0 644205 644260 0 0 644330 644386 0 0 0 0 0 644216 644218 0 644406 0 0 0 644212 0 644444 
644915 644959 644869 644902 644958 0 0 0 0 644919 0 0 0 644900 0 644898 645015 645028 0 0 644873 0 644996 645053 0 0 0 645074 0 0 0 0 0 645038 0 645063 0 645058 645052 0 645017 0 0 0 644673 0 0 645013 644998 0 0 644979 0 0 644961 0 0 0 0 0 0 0 0 0 644562 0 0 0 0 0 0 0 0 644483 644491 0 0 0 0 0 0 0 0 0 0 644408 0 0 644382 0 644385 0 0 0 0 0 0 0 0 0 0 0 644181 0 0 644296 0 644189 644246 0 0 644322 644378 0 0 0 0 0 644200 644210 0 644402 0 0 0 644204 0 644446 
644434 644461 644555 644524 644480 0 0 0 0 644543 0 0 644651 644559 0 644488 644399 644350 0 0 644594 0 644415 644331 0 0 644297 644246 644715 0 0 0 0 644169 0 644211 0 644230 644263 0 644156 644530 644520 0 644614 644660 0 644176 644115 644493 0 644125 644651 0 644091 644375 644602 0 0 0 0 644424 644360 0 644495 0 0 0 0 0 644432 0 0 644328 644386 0 0 0 0 644086 644127 644177 644063 0 0 644264 644074 0 644199 0 644231 0 0 0 0 0 0 644009 0 0 0 0 644002 0 0 643657 0 643890 644022 0 0 643480 643492 0 0 0 0 0 643952 643744 0 643456 0 0 0 643860 0 643405 
644895 644949 644993 644979 644983 644919 644877 644889 645031 645017 644827 644919 645049 645031 644929 644973 644921 644871 644781 645101 645053 644931 644935 644881 644765 645119 644861 644807 645151 645151 645103 645109 644833 644749 644769 644785 645097 644815 644823 644785 644767 644959 644939 644991 645031 645075 645095 644765 644737 644933 645089 644739 645059 645075 644719 644841 645037 645009 644891 644901 644617 644843 644811 644941 644955 644811 644785 644817 644917 644923 644913 644777 644795 644843 644893 644907 644729 644743 644861 644647 644681 644685 644649 644713 644787 644801 644671 644725 644773 644755 644779 644397 644557 644661 644693 644725 644373 644589 644677 644677 644361 644385 644527 644565 644647 644419 644311 644543 644645 644627 644621 644301 644309 644325 644485 644477 644461 644441 644601 644477 644381 644285 644469 644595 644569 644567 644399 644251 
644526 644575 644624 644610 644594 644548 644508 644520 644652 644633 644458 644550 644668 644652 644623 644647 644537 644500 644412 644711 644679 644596 644556 644493 644396 644720 644471 644432 644740 644737 644750 644747 644527 644379 644400 644409 644753 644428 644470 644479 644378 644622 644602 644642 644663 644685 644723 644427 644349 644608 644750 644368 644717 644743 644338 644528 644678 644710 644569 644586 644311 644530 644498 644606 644683 644498 644472 644504 644664 644665 644662 644464 644473 644521 644571 644659 644416 644430 644552 644334 644368 644372 644336 644384 644517 644606 644351 644390 644440 644461 644485 644303 644244 644334 644362 644402 644279 644276 644346 644424 644267 644291 644214 644252 644397 644325 644217 644227 644336 644375 644372 644207 644215 644231 644172 644164 644148 644128 644286 644383 644287 644191 644156 644347 644439 644449 644305 644157 
644567 644594 644652 644633 644613 644567 644555 644567 644671 644652 644505 644597 644698 644671 644640 644666 644556 644519 644459 644724 644698 644615 644575 644512 644443 644733 644490 644451 644753 644750 644763 644760 644544 644398 644420 644428 644766 644447 644489 644496 644397 644638 644628 644654 644674 644696 644734 644446 644368 644615 644759 644387 644728 644752 644357 644533 644689 644719 644558 644575 644328 644547 644515 644595 644692 644515 644489 644521 644651 644654 644671 644477 644462 644510 644560 644646 644429 644447 644541 644340 644369 644389 644329 644373 644506 644615 644340 644379 644429 644450 644474 644297 644247 644323 644351 644391 644273 644287 644335 644411 644261 644285 644231 644263 644384 644319 644211 644216 644325 644362 644359 644201 644209 644225 644189 644159 644151 644129 644275 644371 644281 644185 644167 644334 644425 644437 644299 644151 
644666 644720 644620 644654 644758 644738 0 644612 644658 644692 0 644594 644532 644730 644822 644792 644788 644786 644742 0 644712 644834 644826 644842 644726 0 644846 644816 644594 0 0 0 644916 644806 644802 644818 0 644856 644892 644916 644852 644364 644344 0 644436 644480 0 644902 644842 644338 0 644880 644544 0 644868 644246 644466 0 644296 0 644916 644248 644216 0 644486 0 0 0 644438 0 644486 644182 644200 644248 644324 0 0 0 0 644052 644086 644090 644054 0 0 644486 644076 0 644182 0 644248 644492 0 0 0 644154 0 643994 0 0 644456 644432 643932 643970 644174 644418 644454 643948 644094 0 0 644444 644500 644564 0 643882 643866 643846 644042 644332 644332 644524 643874 0 644302 644326 0 644560 
0 0 0 0 0 0 0 0 0 0 0 0 0 0 0 0 0 638745 0 0 0 0 0 0 0 0 0 0 0 0 0 0 0 638829 0 0 0 0 0 0 0 0 0 0 0 0 0 0 0 0 0 0 0 0 0 0 0 0 0 0 0 0 0 0 0 0 0 0 0 0 0 0 0 0 0 0 0 0 0 0 0 0 0 0 0 0 0 0 0 0 0 0 0 0 0 0 0 0 0 0 0 0 0 0 0 0 0 0 0 0 0 0 638721 0 0 0 0 0 0 638553 0 638745 0 0 0 638505 0 0 
635437 635437 635365 635389 635409 635461 0 635413 635365 635379 0 0 635293 635341 0 635327 635475 635509 635533 0 635311 635381 635437 635515 635533 0 635533 635555 635237 0 0 0 0 635555 635555 635555 0 635523 635487 0 635527 635101 635101 0 635149 635159 0 635477 635537 635077 0 635499 635095 0 635511 635005 635077 0 0 0 0 635053 635005 0 634991 0 0 0 0 0 634949 0 634909 634957 634931 0 0 0 0 634813 634837 634885 634789 0 0 634837 634789 0 634833 0 634815 0 0 0 0 634765 0 634765 0 0 634763 0 634789 0 0 634725 0 634669 634681 0 0 634751 634807 634871 0 634621 634621 634597 634637 634639 0 634831 634645 0 634609 634633 0 634891 
643981 644008 643922 643951 644027 0 0 0 0 643970 0 0 0 643970 0 0 644066 644070 0 0 643940 0 0 644099 0 0 0 0 0 0 0 0 0 644099 0 644105 0 0 644093 0 644122 0 0 0 643722 0 0 644083 644117 0 0 644105 0 0 644117 0 0 0 0 0 0 0 0 0 643620 0 0 0 0 0 0 0 0 643532 0 0 0 0 0 0 0 0 0 0 0 643466 0 0 643451 0 643444 0 0 0 0 0 0 0 0 0 0 0 0 0 0 643354 0 0 0 0 0 0 643436 0 0 0 0 0 0 643268 0 643453 0 0 0 643262 0 643491 
644762 644789 644775 644780 644808 644786 644736 644747 644794 644799 644734 644750 644742 644818 644828 644837 644775 644738 644681 644768 644821 644834 644794 644731 644672 644753 644709 644670 644773 644770 644807 644804 644756 644617 644639 644647 644810 644666 644708 644708 644616 644658 644648 644674 644694 644716 644754 644665 644587 644645 644777 644606 644748 644763 644576 644599 644709 644733 644624 644629 644540 644599 644584 644649 644703 644579 644565 644585 644689 644695 644661 644560 644545 644593 644638 644679 644512 644531 644624 644423 644452 644478 644412 644456 644589 644549 644423 644462 644512 644533 644557 644296 644330 644406 644434 644474 644296 644370 644418 644490 644260 644260 644324 644346 644460 644270 644234 644299 644408 644440 644434 644224 644232 644248 644282 644242 644234 644212 644358 644243 644208 644208 644250 644408 644249 644261 644201 644174 
639155 639209 639181 639191 639247 0 0 0 0 639229 0 0 0 639267 0 639305 639229 639203 0 0 639273 0 639267 639237 0 0 0 639211 0 0 0 0 0 639201 0 639213 0 639251 639287 0 639247 0 0 0 639213 0 0 639297 639237 0 0 639275 0 0 639263 0 0 0 0 0 0 0 0 0 639329 0 0 0 0 0 0 0 0 639217 639269 0 0 0 0 0 0 0 0 0 0 639483 0 0 639247 0 639289 0 0 0 0 0 0 0 0 0 0 0 639069 0 0 639883 0 639205 639279 0 0 639929 639897 0 0 0 0 0 639275 639897 0 639897 0 0 0 639855 0 639883 
643778 643805 643719 643748 643824 0 0 0 0 643767 0 0 0 643778 0 0 643863 643867 0 0 643754 0 0 643896 0 0 0 0 0 0 0 0 0 643890 0 643896 0 0 643915 0 643913 0 0 0 643519 0 0 643911 643908 0 0 643915 0 0 643915 0 0 0 0 0 0 0 0 0 643454 0 0 0 0 0 0 0 0 643329 0 0 0 0 0 0 0 0 0 0 0 643300 0 0 643248 0 643274 0 0 0 0 0 0 0 0 0 0 0 0 0 0 643188 0 0 0 0 0 0 643270 0 0 0 0 0 0 643102 0 643287 0 0 0 643096 0 643325 
642319 642319 642247 642271 642319 642343 0 642295 642247 642271 0 642271 642175 642271 642319 642295 642359 642371 642383 0 642247 642343 642359 642383 642383 0 642383 642383 642151 0 0 0 642383 642383 642383 642383 0 642383 642383 642383 642383 641983 641983 0 642031 642055 0 642383 642383 641959 0 642383 642055 0 642383 641887 642007 0 641887 0 642383 641935 641887 0 641983 0 0 0 641935 0 641983 641839 641791 641839 641863 0 0 0 0 641695 641719 641767 641671 0 0 641983 641671 0 641743 0 641767 641951 0 0 0 641695 0 641647 0 0 641915 641891 641671 641623 641671 641877 641913 641551 641623 0 0 641903 641951 642003 0 641503 641503 641479 641575 641791 641791 641963 641527 0 641761 641785 0 641989 
644833 644879 644787 644821 644882 0 0 0 0 644834 0 0 0 644834 0 0 644930 644948 0 0 644810 0 0 644978 0 0 0 0 0 0 0 0 0 645057 0 645049 0 0 645026 0 645064 0 0 0 644593 0 0 645064 645064 0 0 645064 0 0 645054 0 0 0 0 0 0 0 0 0 644536 0 0 0 0 0 0 0 0 644402 0 0 0 0 0 0 0 0 0 0 0 644382 0 0 644306 0 644330 0 0 0 0 0 0 0 0 0 0 0 0 0 0 644270 0 0 0 0 0 0 644352 0 0 0 0 0 0 644184 0 644376 0 0 0 644178 0 644438 
644278 644305 644399 644368 644259 0 0 0 0 644358 0 0 644499 644301 0 644208 644214 644194 0 0 644328 0 644157 644130 0 0 644088 644090 644505 0 0 0 0 644013 0 644052 0 644001 643983 0 643935 644713 644703 0 644724 644676 0 643896 643914 644700 0 643857 644580 0 643839 644628 644649 0 0 0 0 644655 644613 0 644554 0 0 0 0 0 644491 0 0 644572 644534 0 0 0 0 644339 644380 644430 644316 0 0 644323 644324 0 644387 0 644360 0 0 0 0 0 0 644262 0 0 0 0 644255 0 0 643377 0 644143 644159 0 0 643200 643212 0 0 0 0 0 644093 643464 0 643176 0 0 0 643599 0 643125 
643996 643951 644159 644089 643859 0 0 0 0 644024 0 0 644355 643929 0 643774 643784 643777 0 0 643974 0 643689 643644 0 0 643574 643587 644269 0 0 0 0 643479 0 643523 0 643429 643399 0 643319 644685 644705 0 644602 644517 0 643254 643284 644687 0 643189 644357 0 643159 644673 644504 0 0 0 0 644641 644649 0 644368 0 0 0 0 0 644263 0 0 644590 644472 0 0 0 0 644501 644551 644577 644415 0 0 643983 644389 0 644465 0 644374 0 0 0 0 0 0 644382 0 0 0 0 644253 0 0 642389 0 644101 644105 0 0 642094 642114 0 0 0 0 0 643995 642534 0 642054 0 0 0 642759 0 641969 
644800 644800 644872 644848 644776 644776 644802 644814 644872 644842 644752 644844 644944 644804 644698 644742 644746 644728 644704 644944 644822 644700 644708 644690 644690 644968 644662 644656 644940 644946 644872 644878 644602 644608 644632 644632 644866 644604 644592 644554 644560 645110 645110 645110 645088 645054 644978 644534 644546 645110 644924 644508 644990 644910 644496 645040 645066 644988 645040 645064 644386 645074 645040 645044 645004 645042 645016 645048 644992 644998 644962 644992 644944 644992 644970 644982 644944 644968 644936 644848 644872 644916 644824 644840 644862 644850 644824 644828 644872 644830 644854 644166 644752 644796 644812 644804 644142 644800 644772 644752 644130 644154 644758 644776 644722 644188 644080 644704 644720 644702 644696 644070 644078 644094 644716 644656 644656 644632 644676 644246 644150 644054 644680 644670 644360 644336 644168 644020 
0 0 0 0 0 0 0 0 0 0 0 0 0 0 0 0 0 642833 0 0 0 0 0 0 0 0 0 0 0 0 0 0 0 642535 0 0 0 0 0 0 0 0 0 0 643651 0 0 0 0 0 0 0 0 0 0 0 0 0 0 0 0 0 0 0 0 0 0 0 0 0 0 0 0 0 0 0 0 0 0 0 0 0 0 0 0 0 0 0 0 0 643019 0 0 0 0 0 0 0 0 0 0 0 0 0 0 0 0 0 0 0 0 0 641264 0 0 0 0 0 0 641684 0 641204 0 0 0 641909 0 0 
644296 644323 644417 644386 644328 0 0 0 0 644402 0 0 644517 644378 0 644285 644258 644212 0 0 644405 0 644234 644186 0 0 644150 644108 644578 0 0 0 0 644031 0 644073 0 644074 644060 0 644004 644631 644621 0 644691 644684 0 643973 643970 644594 0 643934 644615 0 643916 644476 644660 0 0 0 0 644525 644461 0 644531 0 0 0 0 0 644468 0 0 644429 644441 0 0 0 0 644187 644228 644278 644164 0 0 644300 644175 0 644286 0 644267 0 0 0 0 0 0 644110 0 0 0 0 644103 0 0 643454 0 643991 644066 0 0 643277 643289 0 0 0 0 0 644000 643541 0 643253 0 0 0 643676 0 643202 
643347 643401 643445 643431 643439 643371 643329 643341 643483 643469 643279 643371 643501 643487 643433 643463 643373 643323 643233 643553 643511 643415 643391 643333 643217 643571 643313 643259 643607 643605 643583 643583 643337 643201 643221 643237 643583 643271 643295 643289 643223 643621 643601 643629 643645 643665 643679 643247 643189 643619 643654 643199 643679 643647 643175 643586 643679 643674 643636 643634 643121 643553 643556 643674 643671 643544 643530 643550 643676 643679 643650 643546 643588 643612 643654 643671 643522 643524 643642 643488 643510 643490 643502 643554 643618 643594 643524 643566 643594 643594 643606 643167 643446 643526 643546 643570 643143 643454 643546 643567 643149 643173 643380 643442 643552 643202 643112 643456 643534 643542 643539 643107 643099 643095 643386 643391 643375 643355 643510 643267 643195 643075 643383 643526 643360 643336 643216 643034 
641735 641735 641699 641711 641735 0 0 0 0 641711 0 0 0 641711 0 0 641759 641771 0 0 641699 0 0 641783 0 0 0 0 0 0 0 0 0 641831 0 641819 0 0 641807 0 641843 0 0 0 641591 0 0 641831 641848 0 0 641848 0 0 641848 0 0 0 0 0 0 0 0 0 641561 0 0 0 0 0 0 0 0 641495 0 0 0 0 0 0 0 0 0 0 0 641407 0 0 641447 0 641459 0 0 0 0 0 0 0 0 0 0 0 0 0 0 641151 0 0 0 0 0 0 641185 0 0 0 0 0 0 641101 0 641197 0 0 0 641119 0 641235 
642277 642324 642231 642265 642328 0 0 0 0 642280 0 0 0 642280 0 0 642376 642393 0 0 642256 0 0 642424 0 0 0 0 0 0 0 0 0 642512 0 642494 0 0 642472 0 642544 0 0 0 642038 0 0 642520 642556 0 0 642556 0 0 642556 0 0 0 0 0 0 0 0 0 641992 0 0 0 0 0 0 0 0 641848 0 0 0 0 0 0 0 0 0 0 0 641992 0 0 641752 0 641776 0 0 0 0 0 0 0 0 0 0 0 0 0 0 642280 0 0 0 0 0 0 642376 0 0 0 0 0 0 642208 0 642400 0 0 0 642160 0 642448 
644186 644225 644405 644345 644175 0 0 0 0 644329 0 0 644571 644254 0 644099 644089 644045 0 0 644299 0 644014 643955 0 0 643887 643865 644587 0 0 0 0 643745 0 643805 0 643747 643724 0 643635 644957 644951 0 644898 644828 0 643579 643595 644949 0 643514 644684 0 643483 644788 644851 0 0 0 0 644793 644713 0 644711 0 0 0 0 0 644606 0 0 644673 644641 0 0 0 0 644303 644377 644398 644257 0 0 644326 644257 0 644387 0 644351 0 0 0 0 0 0 644158 0 0 0 0 644003 0 0 642714 0 643957 644016 0 0 642419 642439 0 0 0 0 0 643906 642859 0 642379 0 0 0 643084 0 642294 
644428 644455 644513 644494 644474 644428 644413 644425 644532 644513 644363 644455 644553 644532 644503 644527 644417 644380 644317 644579 644559 644476 644436 644373 644301 644571 644351 644312 644591 644588 644618 644615 644407 644259 644281 644289 644621 644308 644350 644359 644258 644476 644466 644492 644512 644534 644572 644307 644229 644463 644599 644248 644566 644592 644218 644417 644527 644559 644442 644447 644191 644404 644396 644467 644532 644384 644370 644390 644513 644514 644511 644385 644394 644418 644456 644508 644361 644364 644449 644320 644337 644330 644321 644353 644438 644455 644332 644359 644385 644406 644418 644123 644275 644327 644343 644371 644099 644291 644339 644393 644087 644111 644220 644279 644378 644145 644037 644256 644341 644368 644365 644027 644035 644051 644226 644199 644191 644169 644315 644203 644107 644011 644207 644352 644228 644240 644125 643977 
642614 642614 642554 642578 642614 0 0 0 0 642578 0 0 0 642578 0 642586 642638 642650 0 0 642554 0 642638 642662 0 0 0 0 0 0 0 0 0 642710 0 642698 0 0 642686 0 642722 0 0 0 642338 0 0 642702 642734 0 0 642734 0 0 642738 0 0 0 0 0 0 0 0 0 642250 0 0 0 0 0 0 0 0 642146 0 0 0 0 0 0 0 0 0 0 0 642096 0 0 642050 0 642074 0 0 0 0 0 0 0 0 0 0 0 641978 0 0 641984 0 641858 641930 0 0 0 642030 0 0 0 0 0 0 641898 0 642042 0 0 0 641892 0 642080 
643960 643987 644081 644050 644005 0 0 0 0 644069 0 0 644170 644077 0 644037 643925 643876 0 0 644113 0 643933 643857 0 0 643823 643772 644234 0 0 0 0 643695 0 643737 0 643753 643789 0 643681 644245 644235 0 644281 644279 0 643717 643641 644208 0 643645 644285 0 643609 644090 644287 0 0 0 0 644139 644075 0 644257 0 0 0 0 0 644236 0 0 644043 644093 0 0 0 0 643801 643842 643892 643778 0 0 644180 643789 0 643913 0 643949 0 0 0 0 0 0 643724 0 0 0 0 643717 0 0 643784 0 643605 643733 0 0 643607 643619 0 0 0 0 0 643661 643871 0 643583 0 0 0 643955 0 643532 
644687 644741 644785 644771 644779 644711 644669 644681 644823 644809 644619 644711 644835 644847 644843 644861 644713 644663 644573 644887 644877 644807 644751 644673 644557 644881 644653 644599 644921 644915 644965 644959 644747 644541 644561 644577 644971 644615 644675 644699 644563 644859 644839 644867 644883 644903 644955 644637 644529 644849 644981 644567 644967 644981 644531 644757 644937 644981 644807 644817 644531 644759 644727 644857 644981 644727 644701 644733 644949 644949 644981 644693 644711 644759 644835 644949 644645 644659 644821 644563 644597 644601 644565 644629 644799 644981 644587 644641 644693 644735 644759 644481 644473 644577 644609 644665 644457 644505 644601 644709 644445 644469 644443 644481 644685 644503 644395 644459 644605 644661 644661 644385 644393 644409 644401 644393 644377 644357 644553 644561 644465 644369 644385 644637 644621 644621 644483 644335 
642077 642118 642031 642061 642133 0 0 0 0 642080 0 0 0 642085 0 0 642176 642187 0 0 642061 0 0 642228 0 0 0 0 0 0 0 0 0 642306 0 642288 0 0 642277 0 642349 0 0 0 641832 0 0 642325 642372 0 0 642373 0 0 642397 0 0 0 0 0 0 0 0 0 641797 0 0 0 0 0 0 0 0 641642 0 0 0 0 0 0 0 0 0 0 0 641797 0 0 641557 0 641581 0 0 0 0 0 0 0 0 0 0 0 0 0 0 642085 0 0 0 0 0 0 642181 0 0 0 0 0 0 642013 0 642205 0 0 0 641965 0 642253 
643814 643798 643920 643879 643779 0 0 0 0 643860 0 0 644033 643841 0 643786 643716 643693 0 0 643874 0 643697 643640 0 0 643602 643581 644029 0 0 0 0 643514 0 643544 0 643525 643543 0 643455 644312 644321 0 644228 644182 0 643466 643424 644349 0 643405 644150 0 643375 644417 644237 0 0 0 0 644373 644405 0 644242 0 0 0 0 0 644221 0 0 644373 644380 0 0 0 0 644180 644214 644273 644134 0 0 644165 644123 0 644214 0 644229 0 0 0 0 0 0 644105 0 0 0 0 644098 0 0 643533 0 643947 644018 0 0 643364 643376 0 0 0 0 0 643948 643628 0 643340 0 0 0 643727 0 643281 
643999 644134 644244 644209 644207 0 0 0 0 644300 0 0 644384 644351 0 644238 644060 643939 0 0 644414 0 644111 643952 0 0 643898 643779 644633 0 0 0 0 643634 0 643724 0 643793 643854 0 643667 644825 644775 0 644844 644838 0 643714 643592 644792 0 643635 644846 0 643569 644574 644969 0 0 0 0 644579 644499 0 644862 0 0 0 0 0 644757 0 0 644579 644717 0 0 0 0 644089 644174 644184 644094 0 0 644477 644149 0 644392 0 644455 0 0 0 0 0 0 643944 0 0 0 0 643789 0 0 642856 0 643829 644115 0 0 642561 642581 0 0 0 0 0 644000 643001 0 642521 0 0 0 643226 0 642436 
643371 643425 643469 643455 643463 643395 643353 643365 643507 643493 643303 643395 643525 643531 643518 643545 643397 643347 643257 643577 643561 643491 643435 643357 643241 643593 643337 643283 643633 643627 643655 643649 643422 643225 643245 643261 643661 643299 643359 643374 643247 643607 643587 643627 643655 643663 643703 643321 643213 643593 643711 643251 643727 643706 643215 643537 643697 643745 643587 643585 643206 643515 643507 643625 643718 643495 643481 643501 643699 643699 643697 643497 643539 643563 643627 643694 643473 643475 643625 643439 643461 643441 643453 643505 643627 643641 643475 643517 643545 643587 643599 643252 643396 643477 643497 643541 643228 643405 643501 643579 643234 643258 643331 643393 643564 643287 643197 643382 643517 643554 643551 643192 643184 643180 643324 643316 643300 643280 643476 643352 643280 643160 643308 643538 643431 643419 643301 643119 
644308 644360 644442 644416 644369 644320 0 644307 644473 644442 0 0 644534 644411 0 644318 644298 644248 644145 0 644438 644255 644267 644229 644121 0 644193 644145 644615 0 0 0 0 644066 644098 644110 0 644111 644093 0 644045 644846 644826 0 644794 644768 0 644006 644013 644880 0 643967 644690 0 643949 644946 644807 0 644990 0 0 644841 644915 0 644750 0 0 0 0 0 644687 644893 644905 644953 644949 0 0 0 0 644751 644797 644797 644741 0 0 644519 644759 0 644862 0 644823 0 0 0 0 644772 0 644669 0 0 643400 0 644584 644633 0 643487 0 644575 644646 0 0 643310 643322 643346 0 644485 644469 644437 644580 643574 643430 643286 644489 0 643745 643709 0 643235 
644209 644263 644307 644293 644301 644233 644191 644203 644345 644331 644141 644233 644363 644362 644343 644357 644235 644185 644095 644415 644389 644306 644266 644195 644079 644433 644175 644121 644473 644467 644472 644469 644247 644063 644083 644099 644475 644137 644180 644199 644085 644544 644524 644540 644544 644551 644563 644137 644051 644528 644554 644078 644593 644561 644048 644436 644603 644619 644486 644496 644031 644438 644406 644536 644646 644406 644380 644412 644603 644600 644667 644372 644390 644438 644506 644608 644324 644338 644487 644242 644276 644280 644244 644308 644452 644723 644266 644320 644372 644396 644420 644455 644152 644256 644288 644337 644431 644184 644280 644363 644419 644443 644122 644160 644342 644477 644369 644138 644271 644316 644319 644359 644367 644383 644080 644072 644056 644036 644221 644535 644439 644343 644064 644296 644648 644624 644457 644309 
638746 638746 638674 638698 638746 638770 0 638722 638674 638698 0 638698 638602 638698 638746 638722 638794 638818 638842 0 638674 638770 638794 638842 638842 0 638866 638890 638578 0 0 0 638842 638938 638914 638914 0 638914 638890 638890 638960 638410 638410 0 638458 638482 0 638938 638972 638386 0 638972 638482 0 638984 638314 638434 0 638314 0 639008 638362 638314 0 638410 0 0 0 638362 0 638410 638266 638218 638266 638290 0 0 0 0 638122 638146 638194 638098 0 0 638372 638098 0 638170 0 638194 638334 0 0 0 638122 0 638074 0 0 638298 638274 638098 638050 638098 638260 638296 637978 638050 0 0 638286 638342 638406 0 637930 637930 637906 638002 638174 638174 638366 637954 0 638144 638168 0 638428 
644056 643944 644194 644109 643849 0 0 0 0 644014 0 0 644405 643919 0 643764 643774 643779 0 0 643964 0 643679 643634 0 0 643564 643579 644259 0 0 0 0 643484 0 643514 0 643419 643389 0 643309 644834 644879 0 644654 644544 0 643244 643274 644899 0 643179 644384 0 643149 644938 644579 0 0 0 0 644989 644957 0 644484 0 0 0 0 0 644379 0 0 644714 644642 0 0 0 0 644475 644518 644668 644359 0 0 644099 644304 0 644399 0 644354 0 0 0 0 0 0 644366 0 0 0 0 644296 0 0 642379 0 644024 644019 0 0 642084 642104 0 0 0 0 0 643909 642524 0 642044 0 0 0 642749 0 641959 
643941 643839 644076 643996 643744 0 0 0 0 643909 0 0 644286 643814 0 643659 643669 643672 0 0 643859 0 643574 643529 0 0 643459 643474 644154 0 0 0 0 643376 0 643409 0 643314 643284 0 643204 644709 644749 0 644549 644439 0 643139 643169 644761 0 643074 644279 0 643044 644863 644474 0 0 0 0 644858 644892 0 644368 0 0 0 0 0 644263 0 0 644752 644638 0 0 0 0 644545 644587 644749 644435 0 0 643983 644388 0 644483 0 644438 0 0 0 0 0 0 644440 0 0 0 0 644390 0 0 642274 0 644107 644103 0 0 641979 641999 0 0 0 0 0 643993 642419 0 641939 0 0 0 642644 0 641854 
644703 644746 644801 644785 644747 644719 644685 644697 644819 644795 644635 644727 644857 644795 644707 644751 644699 644671 644589 644891 644819 644709 644699 644651 644573 644915 644627 644603 644915 644915 644881 644887 644611 644550 644572 644579 644875 644579 644601 644563 644531 645072 645053 645052 645035 645011 644987 644543 644507 645094 644933 644507 644999 644919 644483 645036 645059 644997 645068 645088 644395 645036 645006 645092 645039 645006 644980 645012 645080 645086 644997 644972 644972 645020 645044 645070 644924 644938 645020 644842 644876 644880 644842 644876 644952 644885 644852 644876 644924 644920 644944 644175 644752 644828 644852 644876 644151 644784 644828 644842 644139 644163 644722 644760 644812 644197 644089 644729 644804 644792 644786 644079 644087 644103 644680 644672 644656 644636 644756 644255 644159 644063 644664 644760 644369 644345 644177 644029 
0 0 0 0 0 0 0 0 0 0 0 0 0 0 0 0 0 643881 0 0 0 0 0 0 0 0 0 0 0 0 0 0 0 643577 0 0 0 0 0 0 0 0 0 0 644655 0 0 0 0 0 0 0 0 0 0 0 0 0 0 0 0 0 0 0 644739 0 0 0 0 0 0 0 0 644385 0 0 0 0 0 0 0 0 0 0 0 644374 0 0 644190 0 644301 0 0 0 0 0 0 0 0 0 0 0 0 0 0 0 0 0 0 0 0 0 642642 0 0 0 0 0 0 643062 0 642582 0 0 0 643285 0 0 
642100 642093 642136 642124 642074 642084 642112 642112 642124 642107 642088 642124 642172 642088 642035 642057 642059 642053 642033 642161 642097 642036 642040 642012 642033 642176 641986 641977 642156 642159 642122 642125 641968 641934 641960 641952 642119 641933 641939 641920 641887 642268 642268 642255 642235 642213 642175 641886 641868 642278 642148 641849 642181 642141 641831 642242 642220 642180 642231 642250 641752 642266 642242 642230 642201 642254 642242 642254 642204 642207 642180 642218 642183 642207 642193 642199 642194 642206 642176 642146 642158 642182 642134 642128 642139 642124 642125 642122 642144 642123 642135 641769 642097 642106 642114 642110 641757 642122 642094 642084 641751 641763 642094 642110 642069 641780 641726 642044 642068 642059 642056 641721 641725 641726 642073 642001 642001 641977 642033 641809 641761 641706 642025 642043 641866 641854 641770 641665 
642024 642006 642056 642039 641987 641997 642036 642036 642037 642020 642012 642048 642096 642001 641948 641970 641972 641966 641957 642074 642010 641949 641953 641925 641957 642089 641899 641890 642069 642072 642035 642038 641881 641847 641873 641865 642032 641846 641852 641833 641800 642184 642192 642168 642148 642126 642088 641799 641781 642197 642061 641762 642094 642054 641744 642240 642133 642093 642218 642213 641665 642216 642240 642193 642114 642228 642240 642228 642143 642146 642093 642264 642264 642242 642204 642138 642286 642276 642211 642238 642249 642274 642217 642209 642220 642037 642206 642203 642225 642204 642216 641682 642185 642187 642195 642191 641670 642214 642175 642165 641664 641676 642186 642202 642150 641693 641639 642121 642149 642140 642137 641634 641638 641639 642161 642082 642089 642064 642110 641722 641674 641619 642113 642124 641779 641767 641683 641578 
642098 642098 642159 642146 642098 642074 642116 642122 642159 642146 642066 642146 642195 642146 642098 642122 642050 642026 642002 642195 642159 642074 642050 642002 642002 642207 641978 641954 642207 642207 642195 642195 642002 641906 641930 641930 642195 641930 641954 641954 641882 642291 642291 642279 642267 642255 642243 641906 641858 642279 642231 641858 642255 642231 641834 642243 642279 642267 642243 642255 641786 642267 642243 642255 642291 642249 642235 642255 642267 642267 642291 642219 642195 642219 642231 642267 642195 642207 642219 642147 642159 642183 642135 642147 642195 642291 642135 642147 642171 642171 642183 642098 642099 642123 642135 642147 642074 642123 642123 642147 642098 642122 642085 642111 642135 642146 642068 642075 642111 642123 642123 642063 642050 642026 642087 642050 642050 642026 642087 642183 642140 642026 642063 642111 642219 642207 642149 641978 
642660 642714 642758 642744 642752 642684 642642 642654 642796 642782 642592 642684 642814 642820 642827 642834 642686 642636 642546 642866 642850 642780 642724 642646 642530 642884 642626 642572 642924 642918 642944 642938 642731 642514 642534 642550 642950 642588 642648 642683 642536 643017 642997 643013 643006 643002 643030 642610 642502 643003 643036 642540 643066 643045 642504 642947 643083 643114 642997 642995 642515 642925 642917 643035 643152 642905 642891 642911 643123 643117 643173 642907 642949 642973 643037 643128 642883 642885 643035 642849 642871 642851 642863 642915 643037 643229 642885 642927 642955 642997 643009 642783 642807 642887 642907 642951 642759 642815 642911 643003 642765 642789 642741 642803 642994 642818 642728 642817 642927 642980 642983 642723 642715 642711 642747 642775 642759 642751 642899 642883 642811 642691 642755 642972 642976 642952 642832 642650 
644580 644634 644678 644664 644672 644604 644562 644574 644716 644702 644512 644604 644734 644740 644706 644730 644606 644556 644466 644786 644770 644682 644644 644566 644450 644804 644546 644492 644844 644838 644850 644850 644610 644434 644454 644470 644850 644508 644562 644562 644456 644950 644930 644934 644926 644922 644946 644514 644422 644972 644922 644460 644970 644922 644424 644910 645004 644994 644960 644970 644394 644912 644880 645010 645042 644880 644854 644886 645072 645072 645042 644846 644864 644912 644988 645072 644798 644812 644974 644716 644750 644754 644718 644782 644928 645038 644740 644794 644846 644880 644904 644328 644626 644730 644762 644818 644304 644658 644754 644832 644292 644316 644596 644634 644808 644350 644242 644612 644758 644784 644784 644232 644240 644256 644554 644546 644530 644510 644706 644408 644312 644216 644538 644760 644522 644498 644330 644182 
643465 643573 643697 643657 643649 0 0 0 0 643733 0 0 643845 643809 0 643784 643493 643381 0 0 643881 0 643569 643389 0 0 643337 643217 644077 0 0 0 0 643077 0 643161 0 643237 643355 0 643109 644344 644304 0 644301 644281 0 643240 643029 644356 0 643105 644380 0 643021 644198 644465 0 0 0 0 644191 644138 0 644547 0 0 0 0 0 644568 0 0 644181 644345 0 0 0 0 643717 643797 643829 643709 0 0 644434 643753 0 644001 0 644128 0 0 0 0 0 0 643577 0 0 0 0 643441 0 0 642873 0 643437 643763 0 0 642578 642598 0 0 0 0 0 643637 643018 0 642538 0 0 0 643243 0 642453 
643994 643980 644107 644066 643942 643950 0 644013 644078 644032 0 0 644215 643994 0 643920 643888 643878 643841 0 644024 643854 643850 643808 643829 0 643768 643762 644190 0 0 0 0 643700 643739 643724 0 643686 643686 0 643618 644491 644497 0 644408 644352 0 643604 643592 644516 0 643554 644288 0 643530 644592 644390 0 644564 0 0 644517 644577 0 644356 0 0 0 0 0 644314 644617 644573 644597 644536 0 0 0 0 644470 644509 644561 644429 0 0 644202 644411 0 644485 0 644479 0 0 0 0 644393 0 644393 0 0 643295 0 644337 644357 0 643378 0 644239 644273 0 0 643205 643217 643224 0 644179 644185 644149 644205 643469 643325 643181 644213 0 643622 643586 0 643126 
644088 644093 644201 644165 644086 0 0 0 0 644165 0 0 644309 644148 0 644079 644021 643985 0 0 644181 0 644004 643947 0 0 643909 643877 644336 0 0 0 0 643805 0 643841 0 643832 643845 0 643762 644563 644563 0 644515 644489 0 643763 643731 644587 0 643712 644447 0 643682 644659 644522 0 0 0 0 644576 644640 0 644489 0 0 0 0 0 644447 0 644718 644703 644665 0 0 0 0 644595 644631 644670 644559 0 0 644335 644559 0 644660 0 644661 0 0 0 0 644578 0 644518 0 0 0 0 644450 0 0 643370 0 644379 644463 0 0 643193 643205 0 0 0 0 0 644394 643457 0 643169 0 0 0 643592 0 643118 
0 0 0 0 0 0 0 0 0 0 0 0 0 0 0 0 0 643633 0 0 0 0 0 0 0 0 0 0 0 0 0 0 0 643333 0 0 0 0 0 0 0 0 0 0 644531 0 0 0 0 0 0 0 0 0 0 0 0 0 0 0 0 0 0 0 644412 0 0 0 0 0 0 0 0 644849 0 0 0 0 0 0 0 0 0 0 0 644027 0 0 644665 0 644630 0 0 0 0 0 0 0 0 0 0 0 0 0 0 0 0 0 0 0 0 0 642046 0 0 0 0 0 0 642466 0 641986 0 0 0 642691 0 0 
644364 644419 644511 644482 644436 0 0 0 0 644501 0 0 0 644498 0 644437 644357 644308 0 0 644531 0 644354 644289 0 0 0 644204 0 0 0 0 0 644127 0 644169 0 644182 644200 0 644112 0 0 0 644853 0 0 644123 644073 0 0 644062 0 0 644032 0 0 0 0 0 0 0 0 0 644869 0 0 0 0 0 0 0 0 645073 645103 0 0 0 0 0 0 0 0 0 0 644638 0 0 644942 0 644957 0 0 0 0 0 0 0 0 0 0 0 644633 0 0 643606 0 644635 644746 0 0 643429 643441 0 0 0 0 0 644676 643693 0 643405 0 0 0 643828 0 643354 
644333 644387 644431 644417 644425 644357 644315 644327 644469 644455 644265 644357 644487 644493 644497 644507 644359 644309 644219 644539 644523 644453 644397 644319 644203 644557 644299 644245 644597 644591 644617 644611 644401 644187 644207 644223 644623 644261 644321 644353 644209 644703 644683 644687 644679 644675 644703 644283 644175 644725 644708 644213 644739 644715 644177 644672 644757 644784 644722 644720 644185 644650 644642 644760 644835 644630 644616 644636 644845 644842 644856 644619 644637 644685 644761 644850 644571 644585 644747 644489 644523 644527 644491 644555 644725 644912 644513 644567 644619 644661 644685 644402 644399 644503 644535 644591 644378 644431 644527 644640 644366 644390 644369 644407 644619 644424 644316 644385 644531 644593 644596 644306 644314 644330 644327 644319 644303 644283 644479 644482 644386 644290 644311 644573 644596 644572 644404 644256 
644579 644556 644642 644613 644528 644535 644561 644573 644623 644594 644511 644603 644722 644556 644450 644494 644498 644487 644465 644696 644574 644452 644460 644442 644449 644723 644414 644411 644692 644698 644624 644630 644354 644368 644394 644386 644618 644356 644344 644306 644312 644902 644912 644874 644842 644806 644730 644286 644298 644927 644676 644260 644742 644662 644248 644983 644820 644740 644958 644953 644138 644927 644967 644926 644782 644931 644941 644937 644838 644844 644740 645005 645004 644982 644924 644828 645027 645007 644926 644971 644989 644995 644934 644937 644922 644628 644923 644925 644956 644914 644926 643918 644872 644892 644909 644901 643894 644924 644869 644849 643882 643906 644862 644900 644819 643940 643832 644807 644817 644799 644793 643822 643830 643846 644820 644768 644776 644750 644773 643998 643902 643806 644804 644767 644112 644088 643920 643772 
644661 644625 644724 644691 644587 644607 644643 644655 644687 644653 644593 644685 644804 644615 644509 644553 644557 644559 644547 644761 644633 644511 644519 644501 644531 644791 644473 644479 644751 644757 644683 644689 644413 644441 644469 644453 644677 644415 644403 644365 644371 644981 644994 644949 644909 644865 644789 644345 644357 645007 644735 644319 644801 644721 644307 645091 644879 644799 645049 645039 644197 645011 645075 644999 644841 645027 645049 645033 644899 644905 644799 645131 645091 645091 645021 644889 645131 645121 645029 645038 645057 645087 644997 644981 645003 644687 644975 644969 645013 644971 644995 643977 644939 644937 644953 644945 643953 644991 644913 644893 643941 643965 644929 644967 644863 643999 643891 644863 644861 644843 644837 643881 643889 643905 644887 644833 644843 644817 644817 644057 643961 643865 644871 644811 644171 644147 643979 643831 
643464 643518 643562 643548 643556 643488 643446 643458 643600 643586 643396 643488 643618 643603 643526 643560 643490 643440 643350 643670 643624 643515 643507 643450 643334 643688 643430 643376 643728 643722 643685 643688 643430 643318 643338 643354 643682 643392 643401 643382 643340 643834 643814 643818 643810 643806 643786 643348 643306 643856 643747 643311 643804 643740 643293 643884 643867 643815 643934 643920 643214 643814 643854 643960 643860 643830 643828 643836 643913 643916 643839 643868 643934 643934 643962 643908 643868 643858 643957 643848 643870 643848 643862 643914 643944 643783 643884 643926 643954 643942 643952 643260 643806 643886 643906 643929 643236 643814 643910 643903 643242 643266 643740 643802 643888 643295 643205 643816 643887 643878 643875 643200 643192 643188 643746 643774 643758 643750 643865 643360 643288 643168 643754 643862 643453 643429 643309 643127 
643788 643741 643888 643840 643684 0 0 0 0 643783 0 0 644004 643726 0 643633 643639 643642 0 0 643753 0 643582 643555 0 0 643513 643522 643930 0 0 0 0 643465 0 643483 0 643426 643408 0 643360 644275 644292 0 644167 644101 0 643321 643339 644314 0 643282 644005 0 643264 644436 644122 0 0 0 0 644347 644427 0 644065 0 0 0 0 0 644002 0 0 644449 644335 0 0 0 0 644640 644636 644602 644620 0 0 643834 644587 0 644522 0 644447 0 0 0 0 0 0 644640 0 0 0 0 644597 0 0 642802 0 644456 644453 0 0 642625 642637 0 0 0 0 0 644387 642889 0 642601 0 0 0 643024 0 642550 
643844 643725 643975 643890 643630 0 0 0 0 643795 0 0 644190 643700 0 643545 643555 643560 0 0 643745 0 643460 643415 0 0 643345 643360 644040 0 0 0 0 643265 0 643295 0 643200 643170 0 643090 644497 644544 0 644365 644279 0 643025 643055 644538 0 642960 644119 0 642930 644692 644266 0 0 0 0 644609 644705 0 644147 0 0 0 0 0 644042 0 0 644643 644477 0 0 0 0 644693 644733 644830 644573 0 0 643762 644518 0 644612 0 644525 0 0 0 0 0 0 644587 0 0 0 0 644498 0 0 642160 0 644238 644233 0 0 641865 641885 0 0 0 0 0 644123 642305 0 641825 0 0 0 642530 0 641740 
644114 644041 644191 644140 643984 0 0 0 0 644083 0 0 644323 644026 0 643933 643939 643942 0 0 644053 0 643882 643855 0 0 643813 643822 644230 0 0 0 0 643765 0 643783 0 643726 643708 0 643660 644575 644605 0 644467 644401 0 643621 643639 644614 0 643582 644305 0 643564 644748 644422 0 0 0 0 644707 644767 0 644365 0 0 0 0 0 644302 0 0 644697 644607 0 0 0 0 644631 644652 644758 644556 0 0 644134 644523 0 644580 0 644553 0 0 0 0 0 0 644566 0 0 0 0 644603 0 0 643102 0 644355 644352 0 0 642925 642937 0 0 0 0 0 644286 643189 0 642901 0 0 0 643324 0 642850 
643099 643093 643211 643174 643057 0 0 0 0 643147 0 0 0 643109 0 643035 643003 642988 0 0 643139 0 642965 642923 0 0 0 642876 0 0 0 0 0 642809 0 642839 0 642801 642801 0 642733 0 0 0 643523 0 0 642719 642707 0 0 642669 0 0 642645 0 0 0 0 0 0 0 0 0 643479 0 0 0 0 0 0 0 0 643807 643719 0 0 0 0 0 0 0 643974 0 0 643325 643963 0 643921 0 643843 0 0 0 0 0 0 0 0 0 0 0 643928 0 0 642493 0 643818 643849 0 0 642339 642335 0 0 0 0 0 643788 642587 0 642299 0 0 0 642701 0 642241 
643920 643972 644018 644004 643972 643944 643902 643914 644044 644020 643852 643944 644074 644020 643972 643996 643924 643896 643806 644116 644044 643948 643924 643876 643790 644140 643852 643828 644140 644140 644116 644116 643876 643774 643794 643804 644116 643804 643828 643828 643756 644290 644270 644274 644260 644236 644212 643780 643732 644312 644188 643732 644236 644188 643708 644364 644284 644260 644404 644376 643660 644270 644334 644380 644308 644286 644308 644292 644356 644356 644308 644396 644500 644452 644428 644356 644444 644410 644452 644547 644540 644448 644561 644589 644500 644308 644577 644589 644548 644548 644524 643971 644499 644565 644577 644589 643947 644513 644565 644589 643953 643977 644439 644501 644577 644006 643916 644485 644553 644565 644565 643911 643903 643899 644427 644419 644403 644383 644511 644071 643999 643879 644411 644553 644164 644140 644020 643838 
644439 644493 644535 644523 644531 644463 644421 644433 644573 644561 644371 644463 644555 644599 644570 644600 644465 644415 644325 644607 644627 644549 644503 644425 644309 644613 644405 644351 644653 644647 644677 644674 644474 644293 644313 644329 644680 644367 644423 644426 644315 644675 644655 644671 644675 644683 644720 644380 644281 644685 644717 644319 644738 644710 644283 644679 644741 644749 644729 644725 644258 644631 644649 644765 644770 644635 644623 644641 644799 644802 644729 644639 644681 644705 644769 644794 644615 644617 644767 644581 644603 644583 644595 644647 644756 644617 644617 644659 644687 644724 644736 644041 644539 644619 644639 644683 644017 644547 644643 644705 644005 644029 644473 644535 644690 644063 643955 644536 644659 644680 644677 643945 643953 643969 644478 644470 644454 644434 644630 644095 644023 643929 644462 644664 644173 644161 644029 643895 
0 0 0 0 0 0 0 0 0 0 0 0 0 0 0 0 0 643692 0 0 0 0 0 0 0 0 0 0 0 0 0 0 0 643387 0 0 0 0 0 0 0 0 0 0 644180 0 0 0 0 0 0 0 0 0 0 0 0 0 0 0 0 0 0 0 644316 0 0 0 0 0 0 0 0 643841 0 0 0 0 0 0 0 0 0 0 0 644134 0 0 643661 0 643797 0 0 0 0 0 0 0 0 0 0 0 0 0 0 0 0 0 0 0 0 0 642733 0 0 0 0 0 0 643047 0 642673 0 0 0 643201 0 0 
642293 642314 642378 642359 642302 0 0 0 0 642362 0 0 0 642330 0 642268 642266 642242 0 0 642348 0 642234 642216 0 0 0 642170 0 0 0 0 0 642122 0 642146 0 642130 642118 0 642086 0 0 0 642602 0 0 642060 642072 0 0 642034 0 0 642022 0 0 0 0 0 0 0 0 0 642556 0 0 0 0 0 0 0 0 642794 642736 0 0 0 0 0 0 0 642891 0 0 642402 642894 0 642878 0 642812 0 0 0 0 0 0 0 0 0 0 0 642830 0 0 641714 0 642756 642802 0 0 641596 641604 0 0 0 0 0 642752 641772 0 641580 0 0 0 641862 0 641546 
643456 643510 643554 643540 643547 643480 643438 643450 643592 643578 643388 643480 643610 643587 643510 643544 643482 643432 643342 643662 643608 643499 643491 643442 643326 643680 643422 643368 643715 643714 643669 643672 643414 643310 643330 643346 643666 643379 643385 643366 643331 643826 643806 643810 643802 643798 643770 643332 643298 643848 643731 643295 643788 643724 643277 643900 643851 643799 643950 643912 643198 643806 643870 643952 643844 643822 643844 643828 643897 643900 643823 643932 644046 643998 643994 643892 643980 643946 644013 644077 644075 643984 644091 644143 644048 643767 644113 644155 644123 644104 644080 643244 644035 644115 644135 644150 643220 644043 644134 644124 643226 643250 643969 644031 644109 643279 643189 644032 644108 644099 644096 643184 643176 643172 643974 643966 643950 643930 644085 643344 643272 643152 643958 644083 643437 643413 643293 643111 
0 0 0 0 0 0 0 0 0 0 0 0 0 0 0 0 0 643645 0 0 0 0 0 0 0 0 0 0 0 0 0 0 0 643344 0 0 0 0 0 0 0 0 0 0 644540 0 0 0 0 0 0 0 0 0 0 0 0 0 0 0 0 0 0 0 644391 0 0 0 0 0 0 0 0 644885 0 0 0 0 0 0 0 0 0 0 0 644006 0 0 644865 0 644795 0 0 0 0 0 0 0 0 0 0 0 0 0 0 0 0 0 0 0 0 0 642011 0 0 0 0 0 0 642431 0 641951 0 0 0 642656 0 0 
641803 641830 641888 641869 641849 641803 641806 641812 641907 641888 641757 641839 641927 641899 641822 641856 641792 641755 641698 641953 641920 641811 641803 641748 641690 641962 641726 641687 641982 641979 641956 641959 641726 641634 641656 641664 641953 641683 641697 641678 641633 642035 642025 642027 642023 642021 642009 641644 641604 642046 641982 641607 642015 641974 641589 642072 642054 642014 642097 642078 641510 642025 642057 642098 642034 642033 642044 642036 642064 642067 641992 642088 642145 642121 642125 642058 642112 642095 642132 642049 642078 642092 642038 642082 642143 641880 642049 642088 642138 642129 642141 641291 641956 642032 642060 642092 641267 641996 642044 642066 641255 641279 641977 641972 642039 641313 641205 641925 642014 642017 642014 641195 641203 641219 641908 641868 641860 641838 641968 641358 641275 641179 641876 641988 641436 641424 641292 641145 
0 0 0 0 0 0 0 0 0 0 0 0 0 0 0 0 0 643438 0 0 0 0 0 0 0 0 0 0 0 0 0 0 0 643133 0 0 0 0 0 0 0 0 0 0 644363 0 0 0 0 0 0 0 0 0 0 0 0 0 0 0 0 0 0 0 644533 0 0 0 0 0 0 0 0 644679 0 0 0 0 0 0 0 0 0 0 0 644176 0 0 644717 0 644789 0 0 0 0 0 0 0 0 0 0 0 0 0 0 0 0 0 0 0 0 0 642183 0 0 0 0 0 0 642603 0 642123 0 0 0 642828 0 0 
644425 644479 644451 644461 644517 644471 0 644395 644489 644499 0 644401 644367 644537 644595 644575 644473 644423 644333 0 644543 644567 644511 644433 644317 0 644413 644359 644429 0 0 0 644521 644301 644321 644337 0 644375 644435 644473 644323 644199 644179 0 644271 644315 0 644397 644289 644173 0 644327 644379 0 644291 644081 644301 0 644131 0 644305 644083 644051 0 644339 0 0 0 644281 0 644381 644017 644035 644083 644159 0 0 0 0 643887 643921 643925 643889 0 0 644493 643911 0 644017 0 644083 645127 0 0 0 643989 0 643829 0 0 645099 645099 643767 643805 644023 645109 645071 643783 643929 0 0 645061 645069 645077 0 643717 643701 643681 643877 645051 645047 645045 643709 0 645009 645033 0 645011 
642834 642835 642919 642892 642816 642814 642837 642843 642902 642873 642788 642870 642983 642854 642777 642811 642777 642766 642729 642975 642875 642766 642758 642725 642721 643002 642699 642690 642982 642985 642936 642939 642681 642647 642673 642665 642933 642646 642652 642633 642600 643097 643093 643081 643061 643039 643001 642599 642581 643110 642974 642562 643007 642967 642544 643140 643046 643006 643131 643126 642465 643093 643125 643106 643027 643101 643112 643104 643056 643059 643006 643156 643179 643155 643117 643051 643180 643163 643124 643235 643228 643182 643252 643220 643135 642950 643241 643214 643188 643167 643155 642511 643286 643246 643230 643202 642487 643254 643234 643176 642493 642517 643178 643266 643185 642546 642456 643257 643232 643199 643196 642451 642443 642439 643250 643242 643238 643228 643234 642611 642539 642419 643242 643207 642692 642680 642560 642378 
642625 642653 642711 642692 642652 642626 642607 642619 642730 642709 642557 642649 642775 642690 642613 642647 642613 642578 642511 642801 642711 642602 642594 642561 642495 642822 642535 642510 642818 642821 642772 642775 642517 642457 642479 642487 642769 642482 642488 642469 642436 642965 642955 642957 642943 642923 642873 642435 642417 642976 642834 642398 642891 642827 642380 643002 642952 642902 643027 643008 642301 642937 642977 643012 642933 642941 642951 642947 642962 642965 642912 643015 643075 643051 643023 642957 643039 643017 643030 643097 643090 643031 643122 643126 643041 642856 643133 643120 643094 643073 643061 642347 643112 643152 643136 643108 642323 643115 643140 643082 642329 642353 643017 643115 643091 642382 642292 643105 643126 643105 643102 642287 642279 642275 643059 643072 643064 643054 643104 642447 642375 642255 643067 643101 642540 642516 642396 642214 
642413 642467 642511 642497 642488 642437 642395 642407 642549 642533 642345 642437 642567 642526 642449 642483 642437 642389 642299 642619 642547 642438 642430 642393 642283 642637 642371 642325 642654 642657 642608 642611 642353 642267 642287 642303 642605 642318 642324 642305 642272 642783 642763 642767 642759 642751 642709 642271 642249 642805 642670 642234 642727 642663 642216 642857 642790 642738 642907 642869 642137 642763 642827 642898 642783 642779 642801 642785 642836 642839 642762 642889 643003 642955 642933 642831 642937 642903 642952 643047 643033 642941 643085 643110 642987 642706 643107 643114 643064 643043 643019 642183 643029 643108 643124 643102 642159 643037 643110 643076 642165 642189 642963 643025 643085 642218 642128 643039 643084 643075 643072 642123 642115 642111 642969 642997 642981 642973 643062 642283 642211 642091 642977 643059 642376 642352 642232 642050 
644084 644165 644231 644210 644222 0 0 0 0 644267 0 0 644315 644292 0 644225 644123 644048 0 0 644325 0 644148 644063 0 0 644033 643952 644480 0 0 0 0 643865 0 643919 0 643976 643994 0 643898 644639 644609 0 644603 644597 0 643913 643847 644672 0 643856 644597 0 643826 644750 644688 0 0 0 0 644609 644705 0 644657 0 0 0 0 0 644594 0 644969 644897 644903 0 0 0 0 645015 645014 644876 645028 0 0 644426 645061 0 645086 0 645037 0 0 0 0 645136 0 644938 0 0 0 0 644845 0 0 643394 0 644869 645032 0 0 643217 643229 0 0 0 0 0 644962 643481 0 643193 0 0 0 643616 0 643142 
641480 641507 641493 641498 641526 641504 641459 641465 641512 641517 641458 641468 641485 641536 641565 641555 641517 641504 641447 641511 641539 641552 641536 641497 641439 641508 641475 641436 641528 641525 641550 641547 641541 641383 641405 641413 641553 641432 641474 641493 641382 641497 641487 641501 641509 641519 641545 641431 641353 641496 641560 641372 641551 641567 641342 641486 641536 641564 641511 641504 641325 641463 641471 641524 641567 641459 641458 641462 641562 641559 641588 641478 641511 641511 641537 641567 641478 641473 641542 641485 641490 641468 641498 641518 641555 641644 641509 641524 641526 641547 641547 641831 641488 641516 641520 641536 641831 641480 641528 641562 641839 641839 641437 641480 641565 641844 641816 641505 641542 641563 641566 641806 641837 641831 641464 641496 641488 641490 641540 641837 641790 641837 641480 641567 641830 641830 641784 641796 
643727 643682 643822 643776 643625 0 0 0 0 643724 0 0 643946 643667 0 643574 643580 643583 0 0 643694 0 643523 643496 0 0 643454 643463 643871 0 0 0 0 643406 0 643424 0 643367 643349 0 643301 644210 644230 0 644108 644042 0 643262 643280 644248 0 643223 643946 0 643205 644376 644063 0 0 0 0 644286 644366 0 644006 0 0 0 0 0 643943 0 0 644390 644276 0 0 0 0 644655 644620 644543 644620 0 0 643775 644592 0 644489 0 644390 0 0 0 0 0 0 644631 0 0 0 0 644600 0 0 642743 0 644472 644469 0 0 642566 642578 0 0 0 0 0 644403 642830 0 642542 0 0 0 642965 0 642491 
643745 643799 643843 643829 643819 643769 643727 643739 643881 643867 643677 643769 643899 643863 643786 643820 643771 643721 643631 643951 643884 643775 643767 643723 643615 643969 643699 643657 643987 643987 643945 643948 643690 643599 643619 643635 643942 643651 643661 643642 643603 644115 644095 644099 644091 644083 644046 643608 643579 644137 644007 643571 644064 644000 643553 644189 644127 644075 644239 644201 643474 644095 644159 644227 644120 644111 644133 644117 644173 644176 644099 644221 644335 644287 644270 644168 644269 644235 644289 644331 644341 644273 644357 644395 644324 644043 644379 644395 644395 644380 644356 643520 644331 644393 644395 644391 643496 644321 644395 644365 643502 643526 644235 644321 644362 643555 643465 644341 644385 644364 644361 643460 643452 643448 644271 644286 644270 644250 644369 643620 643548 643428 644278 644360 643713 643689 643569 643387 
644449 644503 644547 644533 644541 644473 644431 644443 644585 644571 644381 644473 644567 644608 644583 644603 644475 644425 644335 644619 644635 644552 644512 644435 644319 644625 644415 644361 644665 644659 644682 644679 644487 644303 644323 644339 644685 644377 644426 644439 644325 644687 644667 644683 644687 644695 644725 644383 644291 644697 644727 644324 644743 644725 644293 644713 644752 644763 644763 644737 644271 644643 644683 644777 644785 644647 644657 644653 644811 644811 644743 644721 644811 644787 644825 644809 644745 644723 644842 644737 644771 644727 644739 644803 644879 644631 644761 644815 644843 644873 644873 644053 644647 644751 644783 644838 644029 644679 644775 644861 644017 644041 644617 644655 644837 644075 643967 644633 644772 644813 644813 643957 643965 643981 644575 644567 644551 644531 644722 644109 644037 643941 644559 644787 644187 644175 644043 643907 
643836 643863 643777 643806 643882 643884 0 643797 643796 643825 0 0 643697 643844 0 643887 643888 643852 643795 0 643823 643932 643907 643845 643787 0 643823 643784 643716 0 0 0 0 643731 643753 643761 0 643780 643822 0 643730 643517 643507 0 643577 643611 0 643779 643701 643492 0 643720 643643 0 643690 643410 643580 0 0 0 0 643435 643395 0 643587 0 0 0 0 0 643608 0 643339 643387 643437 0 0 0 0 643217 643246 643272 643206 0 0 643664 643217 0 643306 0 643351 0 0 0 0 643268 0 643164 0 0 644195 0 643145 0 0 644147 0 643093 643202 0 0 644205 644210 644179 0 643036 643028 643006 643152 644075 0 644187 643044 0 643994 644018 0 644139 
643579 643633 643629 643639 643671 643603 0 643573 643667 643677 0 643579 643613 643715 643749 643753 643605 643555 643465 0 643721 643699 643643 643565 643449 0 643545 643491 643699 0 0 0 643653 643433 643453 643469 0 643507 643567 643605 643455 643637 643617 0 643661 643681 0 643529 643421 643635 0 643459 643745 0 643423 643615 643715 0 643665 0 643437 643569 643585 0 643777 0 0 0 643767 0 643819 643599 643665 643665 643717 0 0 0 0 643613 643623 643579 643639 0 0 643931 643661 0 643695 0 643737 644281 0 0 0 643715 0 643603 0 0 644301 644325 643517 643603 643773 644325 644265 643653 643727 0 0 644255 644253 644209 0 643635 643619 643623 643723 644325 644287 644229 643603 0 644303 644303 0 644181 
643448 643340 643540 643472 643264 0 0 0 0 643396 0 0 0 643320 0 0 643204 643208 0 0 643356 0 0 643092 0 0 0 0 0 0 0 0 0 642972 0 642996 0 0 642896 0 642832 0 0 0 643908 0 0 642780 642804 0 0 642728 0 0 642704 0 0 0 0 0 0 0 0 0 643772 0 0 0 0 0 0 0 0 644284 0 0 0 0 0 0 0 0 0 0 0 643464 0 0 644416 0 644284 0 0 0 0 0 0 0 0 0 0 0 644874 0 0 642088 0 644396 644392 0 0 0 641868 0 0 0 0 0 0 642204 0 641820 0 0 0 642384 0 641752 
644123 644107 644230 644189 644060 644075 0 644139 644205 644159 0 0 644339 644102 0 644009 644015 644003 643971 0 644129 643946 643958 643931 643955 0 643889 643889 644306 0 0 0 0 643824 643862 643851 0 643802 643784 0 643736 644622 644627 0 644535 644477 0 643697 643715 644659 0 643658 644381 0 643640 644761 644498 0 644737 0 0 644675 644753 0 644441 0 0 0 0 0 644378 644785 644785 644761 644677 0 0 0 0 644835 644845 644807 644807 0 0 644210 644793 0 644770 0 644695 0 0 0 0 644742 0 644789 0 0 643091 0 644716 644753 0 643178 0 644632 644642 0 0 643001 643013 643037 0 644569 644573 644537 644576 643265 643121 642977 644609 0 643436 643400 0 642926 
643393 643420 643478 643459 643439 643393 643396 643402 643497 643478 643347 643429 643542 643497 643478 643492 643382 643345 643288 643568 643524 643441 643401 643338 643280 643589 643316 643277 643609 643606 643607 643604 643382 643224 643246 643254 643610 643273 643315 643334 643223 643746 643736 643726 643710 643696 643698 643272 643194 643769 643689 643213 643728 643696 643183 643831 643761 643765 643856 643825 643166 643760 643816 643845 643816 643780 643803 643783 643859 643856 643837 643871 643952 643904 643906 643864 643919 643890 643935 644022 644003 643933 644059 644055 643996 643893 644070 644061 644015 644036 644012 643416 644096 644100 644081 644073 643392 644064 644112 644099 643398 643422 643977 644076 644126 643451 643361 644100 644138 644147 644150 643356 643348 643344 644072 644043 644035 644013 644148 643516 643444 643324 644051 644163 643609 643585 643465 643283 
642475 642475 642509 642509 642475 0 0 0 0 642509 0 0 0 642509 0 0 642427 642403 0 0 642509 0 0 642379 0 0 0 0 0 0 0 0 0 642283 0 642307 0 0 642331 0 642259 0 0 0 642389 0 0 642283 642235 0 0 642235 0 0 642211 0 0 0 0 0 0 0 0 0 642341 0 0 0 0 0 0 0 0 642197 0 0 0 0 0 0 0 0 0 0 0 642341 0 0 642101 0 642125 0 0 0 0 0 0 0 0 0 0 0 0 0 0 642493 0 0 0 0 0 0 642397 0 0 0 0 0 0 642479 0 642373 0 0 0 642508 0 642339 
644399 644453 644377 644411 644491 644447 0 644369 644415 644449 0 644351 644289 644487 644569 644549 644473 644447 644357 0 644469 644543 644511 644457 644341 0 644437 644383 644351 0 0 0 644545 644325 644345 644361 0 644399 644459 644497 644347 644121 644101 0 644193 644237 0 644421 644313 644095 0 644351 644301 0 644315 644003 644223 0 644053 0 644329 644005 643973 0 644261 0 0 0 644203 0 644303 643939 643957 644005 644081 0 0 0 0 643809 643843 643847 643811 0 0 644415 643833 0 643939 0 644005 645101 0 0 0 643911 0 643751 0 0 645121 645121 643689 643727 643945 645097 645101 643705 643851 0 0 645091 645121 645101 0 643639 643623 643603 643799 645025 645027 645121 643631 0 644931 644955 0 645073 
643120 643228 643316 643288 643238 0 0 0 0 643353 0 0 0 643304 0 0 643161 643072 0 0 643343 0 0 643060 0 0 0 0 0 0 0 0 0 642828 0 642900 0 0 642890 0 642806 0 0 0 643812 0 0 642779 642772 0 0 642716 0 0 642686 0 0 0 0 0 0 0 0 0 643787 0 0 0 0 0 0 0 0 644204 0 0 0 0 0 0 0 0 0 0 0 643556 0 0 644376 0 644277 0 0 0 0 0 0 0 0 0 0 0 644194 0 0 642380 0 644541 644508 0 0 0 642167 0 0 0 0 0 0 642503 0 642119 0 0 0 642662 0 642044 
643416 643524 643612 643584 643600 0 0 0 0 643660 0 0 0 643731 0 0 643468 643368 0 0 643784 0 0 643388 0 0 0 0 0 0 0 0 0 643124 0 643196 0 0 643357 0 643168 0 0 0 644108 0 0 643250 643100 0 0 643161 0 0 643101 0 0 0 0 0 0 0 0 0 644258 0 0 0 0 0 0 0 0 644489 0 0 0 0 0 0 0 0 0 0 0 644026 0 0 644611 0 644643 0 0 0 0 0 0 0 0 0 0 0 644253 0 0 642650 0 644416 644628 0 0 0 642430 0 0 0 0 0 0 642766 0 642382 0 0 0 642946 0 642314 
643673 643727 643771 643757 643765 643697 643655 643667 643809 643795 643605 643697 643827 643830 643803 643825 643699 643649 643559 643879 643857 643774 643734 643659 643543 643897 643639 643585 643937 643931 643940 643937 643707 643527 643547 643563 643943 643601 643648 643659 643549 644043 644023 644027 644019 644015 644031 643605 643515 644065 644022 643546 644061 644017 643516 644110 644094 644092 644160 644129 643491 644023 644080 644169 644137 644039 644054 644045 644190 644189 644116 644070 644112 644136 644196 644185 644046 644048 644189 644012 644034 644014 644026 644078 644178 644060 644048 644090 644118 644146 644158 643537 643965 644050 644070 644111 643513 643978 644074 644135 643519 643543 643904 643966 644120 643572 643482 643951 644081 644110 644107 643477 643469 643465 643893 643885 643869 643849 644038 643637 643565 643445 643877 644094 643730 643706 643586 643404 
643647 643701 643745 643731 643734 643671 643629 643641 643783 643769 643579 643671 643801 643792 643767 643787 643673 643623 643533 643853 643819 643736 643696 643633 643517 643871 643611 643559 643904 643901 643902 643899 643671 643501 643521 643537 643905 643568 643610 643623 643518 644017 643997 644001 643993 643989 643993 643567 643489 644039 643984 643508 644023 643981 643478 644086 644056 644056 644136 644103 643455 643997 644056 644140 644101 644013 644030 644019 644154 644151 644080 644046 644088 644112 644160 644149 644022 644024 644153 643988 644010 643990 644002 644054 644142 644024 644024 644063 644089 644110 644122 643501 643941 644026 644046 644075 643477 643954 644043 644101 643483 643507 643880 643942 644086 643536 643446 643927 644045 644076 644073 643441 643433 643429 643869 643861 643845 643825 644002 643601 643529 643409 643853 644060 643694 643670 643550 643368 
642622 642703 642733 642724 642760 0 0 0 0 642781 0 0 0 642838 0 642871 642685 642622 0 0 642871 0 642742 642649 0 0 0 642562 0 0 0 0 0 642478 0 642532 0 642589 642676 0 642511 0 0 0 642883 0 0 642622 642460 0 0 642517 0 0 642463 0 0 0 0 0 0 0 0 0 643057 0 0 0 0 0 0 0 0 642889 642967 0 0 0 0 0 0 0 0 0 0 643288 0 0 642860 0 642947 0 0 0 0 0 0 0 0 0 0 0 642521 0 0 643732 0 642605 642788 0 0 643655 643636 0 0 0 0 0 642734 643804 0 643612 0 0 0 643840 0 643564 
0 0 0 0 0 0 0 0 0 0 0 0 0 0 0 0 0 641881 0 0 0 0 0 0 0 0 0 0 0 0 0 0 0 0 0 0 0 0 0 0 0 0 0 0 0 0 0 0 0 0 0 0 0 0 0 0 0 0 0 0 0 0 0 0 0 0 0 0 0 0 0 0 0 0 0 0 0 0 0 0 0 0 0 0 0 0 0 0 0 0 0 0 0 0 0 0 0 0 0 0 0 0 0 0 0 0 0 0 0 0 0 0 642810 0 0 0 0 0 0 642390 0 642870 0 0 0 0 0 0 
634792 634900 634736 634792 634976 634924 0 634696 634812 634868 0 0 634596 634944 0 635056 635012 634996 634880 0 634920 635116 635088 635080 634848 0 635084 635000 634732 0 0 0 0 634932 634948 634980 0 635056 635152 0 635000 634356 634316 0 634476 634552 0 635124 634956 634316 0 635032 634680 0 634984 634168 634548 0 0 0 0 634148 634108 0 634636 0 0 0 0 0 634720 0 634124 634196 634336 0 0 0 0 633876 633932 633916 633892 0 0 634944 633936 0 634112 0 634232 0 0 0 0 634080 0 633784 0 0 636088 0 633648 0 0 636026 0 633740 633996 0 0 636088 636156 636198 0 633632 633600 633572 633916 635904 0 636192 633604 0 635800 635836 0 636218 
643626 643599 643685 643656 643580 643578 643631 643637 643666 643637 643582 643664 643765 643618 643541 643575 643541 643530 643523 643739 643639 643530 643522 643489 643515 643766 643463 643454 643746 643749 643700 643703 643445 643411 643437 643429 643697 643410 643416 643397 643364 643945 643955 643917 643885 643851 643801 643363 643345 643970 643762 643326 643819 643755 643308 644052 643882 643830 644027 644010 643229 643995 644051 643990 643875 644015 644038 644018 643928 643931 643854 644106 644123 644075 644025 643923 644154 644125 644044 644245 644216 644168 644256 644212 644079 643798 644245 644206 644156 644135 644111 643275 644320 644262 644234 644194 643251 644298 644250 644168 643257 643281 644212 644322 644189 643310 643220 644267 644260 644215 644212 643215 643207 643203 644302 644228 644236 644210 644256 643375 643303 643183 644268 644235 643468 643444 643324 643142 
642954 642954 643026 643002 642954 642930 0 642970 643026 643002 0 0 643098 643002 0 642978 642906 642882 642858 0 643026 642930 642906 642858 642846 0 642834 642810 643122 0 0 0 0 642762 642786 642786 0 642786 642810 0 642738 643290 643290 0 643242 643218 0 642762 642714 643314 0 642714 643218 0 642690 643386 643266 0 0 0 0 643326 643386 0 643290 0 0 0 0 0 643290 0 643482 643434 643410 0 0 0 0 643554 643554 643504 643554 0 0 643290 643554 0 643530 0 643506 0 0 0 0 643554 0 643554 0 0 642954 0 643490 0 0 643002 0 643554 643554 0 0 642930 642906 642882 0 643554 643554 643550 643554 643074 0 642882 643554 0 643146 643122 0 642834 
642781 642781 642853 642829 642781 642757 0 642779 642853 642829 0 0 642925 642829 0 642805 642733 642709 642671 0 642853 642757 642733 642685 642655 0 642661 642637 642949 0 0 0 0 642589 642613 642613 0 642613 642637 0 642565 643117 643117 0 643069 643045 0 642589 642541 643141 0 642541 643045 0 642517 643213 643093 0 0 0 0 643135 643199 0 643117 0 0 0 0 0 643117 0 643309 643261 643237 0 0 0 0 643405 643381 643313 643429 0 0 643117 643429 0 643357 0 643333 0 0 0 0 643405 0 643453 0 0 642781 0 643347 0 0 642829 0 643523 643477 0 0 642757 642733 642709 0 643523 643523 643513 643523 642901 0 642709 643523 0 642973 642949 0 642661 
642486 642486 642558 642534 642486 642462 0 642502 642558 642534 0 0 642630 642534 0 642510 642438 642414 642390 0 642558 642462 642438 642390 642378 0 642366 642342 642654 0 0 0 0 642294 642318 642318 0 642318 642342 0 642270 642822 642822 0 642774 642750 0 642294 642246 642846 0 642246 642750 0 642222 642918 642798 0 0 0 0 642858 642918 0 642822 0 0 0 0 0 642822 0 643014 642966 642942 0 0 0 0 643110 643086 643036 643134 0 0 642822 643134 0 643062 0 643038 0 0 0 0 643110 0 643158 0 0 642486 0 643070 0 0 642534 0 643254 643182 0 0 642462 642438 642414 0 643278 643278 643268 643230 642606 0 642414 643278 0 642678 642654 0 642366 
643776 643857 643923 643902 643914 0 0 0 0 643959 0 0 0 644016 0 644011 643815 643740 0 0 644061 0 643872 643755 0 0 0 643644 0 0 0 0 0 643557 0 643611 0 643668 643752 0 643590 0 0 0 644295 0 0 643685 643539 0 0 643596 0 0 643542 0 0 0 0 0 0 0 0 0 644472 0 0 0 0 0 0 0 0 644589 644631 0 0 0 0 0 0 0 0 0 0 644327 0 0 644778 0 644797 0 0 0 0 0 0 0 0 0 0 0 644619 0 0 643295 0 644892 645002 0 0 643118 643130 0 0 0 0 0 645023 643382 0 643094 0 0 0 643517 0 643043 
0 0 0 0 0 0 0 0 0 0 0 0 0 0 0 0 0 642843 0 0 0 0 0 0 0 0 0 0 0 0 0 0 0 0 0 0 0 0 0 0 0 0 0 0 0 0 0 0 0 0 0 0 0 0 0 0 0 0 0 0 0 0 0 0 0 0 0 0 0 0 0 0 0 0 0 0 0 0 0 0 0 0 0 0 0 0 0 0 0 0 0 0 0 0 0 0 0 0 0 0 0 0 0 0 0 0 0 0 0 0 0 0 644480 0 0 0 0 0 0 644060 0 644540 0 0 0 0 0 0 
642437 642518 642548 642539 642575 642485 0 642416 642605 642596 0 0 642596 642653 0 642686 642500 642437 642314 0 642686 642629 642557 642464 642290 0 642446 642377 642749 0 0 0 0 642291 642321 642345 0 642402 642491 0 642324 642824 642794 0 642812 642818 0 642435 642273 642845 0 642330 642914 0 642276 642887 642917 0 642962 0 0 642770 642842 0 643034 0 0 0 0 0 643097 642911 642968 643010 643064 0 0 0 0 642794 642833 642815 642809 0 0 643265 642842 0 642965 0 643052 0 0 0 0 642947 0 642731 0 0 643528 0 642626 642707 0 643566 0 642710 642893 0 0 643534 643484 643418 0 642635 642611 642593 642839 643652 643630 643460 642611 0 643679 643655 0 643398 
0 0 0 0 0 0 0 0 0 0 0 0 0 0 0 0 0 642667 0 0 0 0 0 0 0 0 0 0 0 0 0 0 0 0 0 0 0 0 0 0 0 0 0 0 0 0 0 0 0 0 0 0 0 0 0 0 0 0 0 0 0 0 0 0 0 0 0 0 0 0 0 0 0 0 0 0 0 0 0 0 0 0 0 0 0 0 0 0 0 0 0 0 0 0 0 0 0 0 0 0 0 0 0 0 0 0 0 0 0 0 0 0 643646 0 0 0 0 0 0 643226 0 643706 0 0 0 0 0 0 
642737 642737 642809 642785 642737 642713 0 642753 642809 642785 0 0 642881 642785 0 642761 642689 642665 642641 0 642809 642713 642689 642641 642629 0 642617 642593 642905 0 0 0 0 642545 642569 642569 0 642569 642593 0 642521 643073 643073 0 643025 643001 0 642545 642497 643097 0 642497 643001 0 642473 643169 643049 0 0 0 0 643109 643169 0 643073 0 0 0 0 0 643073 0 643265 643217 643193 0 0 0 0 643361 643337 643287 643385 0 0 643073 643385 0 643313 0 643289 0 0 0 0 643361 0 643409 0 0 642737 0 643321 0 0 642785 0 643505 643433 0 0 642713 642689 642665 0 643553 643553 643573 643481 642857 0 642665 643529 0 642929 642905 0 642617 
643460 643514 643558 643544 643552 643484 643442 643454 643596 643582 643392 643484 643614 643620 643610 643630 643486 643436 643346 643666 643650 643579 643524 643446 643330 643684 643426 643372 643724 643718 643744 643738 643514 643314 643334 643350 643748 643388 643448 643466 643336 643830 643810 643814 643806 643802 643830 643410 643302 643852 643827 643340 643866 643824 643304 643904 643884 643899 643954 643916 643298 643810 643874 643956 643944 643826 643848 643832 643997 643994 643923 643936 644050 644002 644030 643992 643984 643950 644064 644094 644080 643988 644144 644160 644134 643867 644166 644172 644128 644170 644146 643344 644138 644204 644188 644196 643320 644132 644228 644237 643326 643350 644022 644134 644258 643379 643289 644131 644258 644284 644281 643284 643276 643272 644073 644065 644049 644029 644225 643444 643372 643252 644057 644282 643537 643513 643393 643211 
642466 642466 642538 642514 642466 642442 0 642490 642538 642514 0 0 642610 642514 0 642490 642418 642394 642370 0 642538 642442 642418 642370 642370 0 642346 642322 642618 0 0 0 0 642274 642298 642298 0 642298 642322 0 642250 642486 642486 0 642534 642558 0 642274 642226 642462 0 642226 642558 0 642202 642390 642510 0 0 0 0 642438 642390 0 642486 0 0 0 0 0 642486 0 642294 642342 642366 0 0 0 0 642198 642222 642270 642174 0 0 642486 642174 0 642246 0 642270 0 0 0 0 642198 0 642150 0 0 642462 0 642174 0 0 642514 0 642054 642126 0 0 642402 642410 642394 0 642006 642006 641982 642078 642578 0 642386 642030 0 642618 642618 0 642346 
0 0 0 0 0 0 0 0 0 0 0 0 0 0 0 0 0 639856 0 0 0 0 0 0 0 0 0 0 0 0 0 0 0 639854 0 0 0 0 0 0 0 0 0 0 0 0 0 0 0 0 0 0 0 0 0 0 0 0 0 0 0 0 0 0 0 0 0 0 0 0 0 0 0 0 0 0 0 0 0 0 0 0 0 0 0 0 0 0 0 0 0 0 0 0 0 0 0 0 0 0 0 0 0 0 0 0 0 0 0 0 0 0 640520 0 0 0 0 0 0 640520 0 640520 0 0 0 640505 0 0 
642491 642545 642589 642575 642583 642515 642473 642485 642627 642613 642423 642515 642615 642651 642661 642665 642517 642467 642377 642667 642681 642611 642555 642477 642361 642673 642457 642403 642713 642707 642745 642739 642565 642345 642365 642381 642751 642419 642479 642517 642367 642735 642715 642731 642735 642743 642783 642441 642333 642745 642801 642371 642807 642815 642335 642761 642801 642845 642811 642785 642349 642691 642731 642825 642875 642695 642705 642701 642889 642883 642896 642769 642811 642835 642875 642899 642745 642747 642897 642711 642733 642713 642725 642777 642899 642952 642747 642789 642817 642859 642871 642929 642669 642749 642769 642813 642905 642677 642773 642865 642947 642971 642603 642665 642859 642990 642936 642668 642789 642843 642849 642941 642901 642857 642609 642602 642586 642566 642761 643051 643045 642877 642594 642839 643066 643054 643060 642822 
644368 644422 644322 644356 644460 0 0 0 0 644394 0 0 0 644432 0 0 644480 644454 0 0 644414 0 0 644488 0 0 0 0 0 0 0 0 0 644414 0 644450 0 0 644538 0 644436 0 0 0 644138 0 0 644510 644402 0 0 644440 0 0 644404 0 0 0 0 0 0 0 0 0 644206 0 0 0 0 0 0 0 0 643950 0 0 0 0 0 0 0 0 0 0 0 644360 0 0 643884 0 643950 0 0 0 0 0 0 0 0 0 0 0 0 0 0 645024 0 0 0 0 0 0 645096 0 0 0 0 0 0 644938 0 645096 0 0 0 644900 0 645110 
