641536 641522 641519 641554 641548 641513 641517 641505 641498 641497 641476 641472 641469 641494 641473 641462 641486 641436 641447 641449 641439 641424 641456 641439 641437 641462 641426 641408 641433 641401 641446 641401 641387 641410 641393 641383 641404 641399 641410 641365 641376 641365 641360 641364 641343 641309 641353 641377 641363 641371 641363 641374 641371 641358 641364 641352 641353 641349 641305 641352 641360 641328 641338 641326 641335 641333 641334 641341 641317 641327 641318 641266 641304 641295 641306 641316 641309 641298 641220 641257 641306 641301 641284 641292 641291 641239 641238 641272 641275 641292 641268 641275 641276 641266 641269 641270 641262 641182 641213 641289 641269 641270 641248 641255 641255 641205 641234 641211 641245 641242 641239 641233 641237 641248 641156 641177 641208 641245 641236 641235 641233 641230 641231 641219 641216 641231 641234 641207 
0 644323 0 0 0 0 0 644227 0 0 0 0 0 0 0 0 0 0 0 0 0 0 0 644095 0 0 0 644111 0 0 644095 0 0 0 0 644037 644025 0 0 0 0 0 0 643999 0 0 643949 0 0 0 0 0 0 0 0 0 0 0 0 0 0 0 0 643947 0 0 0 0 0 0 0 0 0 0 0 0 0 643699 0 0 0 0 0 0 0 0 0 0 0 0 0 0 0 0 0 0 643651 0 0 0 0 0 0 0 0 0 0 0 0 0 0 0 0 0 0 0 0 0 643689 0 0 0 0 0 0 0 0 0 
0 641112 641154 0 641110 641130 641100 641160 641124 641104 641204 641104 0 641008 641138 641088 640992 641204 0 641114 641098 641020 640980 641206 0 0 641124 641088 640930 640994 640972 640898 640884 641218 0 641096 641182 641216 0 640862 0 641168 0 641096 0 0 641146 641182 641194 641194 0 0 0 0 0 641192 0 0 640802 641206 0 0 641144 641108 641048 641158 641218 0 641192 0 0 0 0 641192 0 0 641036 641012 0 0 0 0 641144 0 641096 641110 641122 0 0 0 0 0 641144 0 0 0 641024 0 0 0 0 0 641108 641096 640988 641098 0 0 641146 0 641180 641060 641024 0 641074 0 0 0 641218 0 0 0 0 641084 641060 0 0 0 
640657 640643 640640 640701 640693 640634 640648 640648 640619 640616 640597 640593 640590 640641 640594 640583 640643 640557 640568 640570 640560 640545 640583 640582 640582 640583 640547 640529 640618 640522 640569 640590 640589 640555 640514 640504 640523 640520 640531 640554 640497 640486 640481 640485 640537 640544 640449 640496 640494 640502 640506 640495 640492 640503 640509 640473 640474 640470 640524 640495 640481 640449 640459 640447 640456 640429 640479 640462 640438 640448 640439 640362 640400 640416 640427 640437 640430 640419 640316 640353 640437 640446 640405 640413 640412 640335 640334 640368 640371 640437 640389 640396 640397 640387 640390 640391 640383 640278 640309 640410 640390 640391 640369 640376 640376 640301 640330 640307 640341 640338 640360 640354 640358 640369 640252 640273 640304 640376 640381 640356 640354 640351 640352 640340 640337 640352 640355 640303 
0 644722 644692 0 644747 644704 644717 644681 644698 644689 644606 644694 0 644746 644672 644698 644738 644526 0 644672 644676 644718 644755 644549 0 0 644650 644662 644701 644703 644755 644697 644684 644474 0 644636 644503 644428 0 644697 0 644456 0 644598 0 0 644431 644449 644409 644425 0 0 0 0 0 644382 0 0 644667 644375 0 0 644450 644498 644586 644367 644322 0 644312 0 0 0 0 644268 0 0 644534 644512 0 0 0 0 644342 0 644452 644275 644249 0 0 0 0 0 644326 0 0 0 644440 0 0 0 0 0 644342 644380 644426 644231 0 0 644215 0 644180 644379 644390 0 644181 0 0 0 644126 0 0 0 0 644327 644345 0 0 0 
0 644535 0 0 0 644533 0 644425 644527 644372 644412 0 0 0 644494 644482 0 644292 0 644456 644436 0 0 644245 0 0 644409 644374 0 0 644372 0 0 644158 0 644316 644140 644123 0 0 0 644180 0 644259 0 0 644026 644059 0 644041 0 0 0 0 0 0 0 0 0 643984 0 0 644133 644133 644220 643930 0 0 643971 0 0 0 0 643905 0 0 0 644145 0 0 0 0 0 0 644040 643792 643753 0 0 0 0 0 0 0 0 0 644025 0 0 0 0 0 0 643932 644040 0 0 0 643702 0 643773 643902 643950 0 0 0 0 0 643636 0 0 0 0 0 643851 0 0 0 
0 639693 639741 0 639807 639693 639861 639874 639645 639849 639704 639549 0 639431 639593 639501 639391 639664 0 639497 639451 639309 639287 639812 0 0 639438 639348 639254 639213 639247 639138 639121 639734 0 639287 639776 639663 0 638994 0 639485 0 639268 0 0 639702 639749 639747 639755 0 0 0 0 0 639544 0 0 638844 639725 0 0 639386 639266 639095 639682 639658 0 639509 0 0 0 0 639487 0 0 639033 638950 0 0 0 0 639332 0 639195 639588 639587 0 0 0 0 0 639324 0 0 0 638950 0 0 0 0 0 639188 639159 638835 639554 0 0 639594 0 639395 639029 638925 0 639479 0 0 0 639560 0 0 0 0 639087 639012 0 0 0 
0 644848 0 0 0 0 0 644848 0 0 0 0 0 0 0 0 0 0 0 0 0 0 0 644848 0 0 0 644848 0 0 644842 0 0 0 0 644848 644836 0 0 0 0 0 0 644848 0 0 644764 0 0 0 0 0 0 0 0 0 0 0 0 0 0 0 0 644848 0 0 0 0 0 0 0 0 0 0 0 0 0 644738 0 0 0 0 0 0 0 0 0 0 0 0 0 0 0 0 0 0 644762 0 0 0 0 0 0 0 0 0 0 0 0 0 0 0 0 0 0 0 0 0 644496 0 0 0 0 0 0 0 0 0 
0 642478 0 0 0 642473 0 642354 642467 642304 642369 0 0 0 642435 642426 0 642289 0 642400 642380 0 0 642222 0 0 642354 642318 0 0 642319 0 0 642176 0 642268 642128 642166 0 0 0 642219 0 642230 0 0 642016 642074 0 642074 0 0 0 0 0 0 0 0 0 642048 0 0 642178 642154 642172 641964 0 0 642081 0 0 0 0 642037 0 0 0 642098 0 0 0 0 0 0 642084 641824 641810 0 0 0 0 0 0 0 0 0 642026 0 0 0 0 0 0 642012 642012 0 0 0 641800 0 641949 641968 641976 0 0 0 0 0 641828 0 0 0 0 0 641934 0 0 0 
0 644211 0 0 0 0 0 644211 0 644211 644211 0 0 0 0 0 0 0 0 0 0 0 0 644191 0 0 0 644211 0 0 644211 0 0 0 0 644211 644169 0 0 0 0 0 0 644211 0 0 644135 0 0 0 0 0 0 0 0 0 0 0 0 0 0 0 0 644133 0 0 0 0 0 0 0 0 0 0 0 0 0 644211 0 0 0 0 0 0 0 0 0 0 0 0 0 0 0 0 0 0 644173 0 0 0 0 0 0 0 0 0 0 0 0 0 0 0 0 0 0 0 0 0 643761 0 0 0 0 0 0 0 0 0 
0 640394 0 0 0 0 0 640416 0 0 640769 0 0 0 0 0 0 0 0 0 0 0 0 640620 0 0 0 640368 0 0 639840 0 0 0 0 640370 640451 0 0 0 0 0 0 640425 0 0 640261 0 0 0 0 0 0 0 0 0 0 0 0 0 0 0 0 640316 0 0 0 0 0 0 0 0 0 0 0 0 0 639953 0 0 0 0 0 0 0 0 0 0 0 0 0 0 0 0 0 0 639996 0 0 0 0 0 0 0 0 0 0 0 0 0 0 0 0 0 0 0 0 0 639609 0 0 0 0 0 0 0 0 0 
0 644655 644593 0 644483 644653 644401 644445 644695 644367 644507 644763 0 644679 644717 644769 644647 644427 0 644743 644743 644701 644669 644313 0 0 644717 644681 644475 644653 644653 644485 644431 644279 0 644631 644195 644281 0 644433 0 644501 0 644593 0 0 644047 644141 644137 644153 0 0 0 0 0 644317 0 0 644313 644125 0 0 644521 644517 644535 644007 644053 0 644177 0 0 0 0 644089 0 0 644483 644461 0 0 0 0 644359 0 644447 643819 643817 0 0 0 0 0 644327 0 0 0 644389 0 0 0 0 0 644307 644359 644375 643751 0 0 643749 0 643961 644331 644339 0 643653 0 0 0 643661 0 0 0 0 644239 644275 0 0 0 
641974 642000 641979 641906 641914 642009 641873 641905 642029 641857 641936 642027 642024 641989 642028 642017 641981 641896 641907 642004 641994 641965 641951 641839 641849 641886 641981 641963 641956 641940 641941 641928 641927 641822 641853 641938 641780 641823 641834 641892 641907 641920 641915 641919 641875 641882 641706 641753 641751 641759 641763 641798 641795 641770 641776 641848 641884 641904 641862 641752 641784 641883 641893 641881 641890 641686 641746 641765 641813 641882 641873 641619 641657 641791 641802 641871 641864 641853 641573 641610 641694 641713 641839 641847 641846 641592 641591 641625 641628 641704 641728 641806 641831 641821 641824 641825 641817 641535 641566 641713 641800 641825 641803 641810 641810 641558 641587 641564 641598 641595 641770 641788 641792 641803 641509 641530 641561 641633 641648 641731 641764 641761 641786 641774 641771 641786 641789 641560 
0 644867 644759 0 644763 644831 644653 644607 644867 644575 644587 644883 0 645019 644839 644891 645029 644427 0 644839 644825 644789 644905 644343 0 0 644773 644725 644935 644697 644853 644919 644867 644227 0 644625 644203 644183 0 644825 0 644407 0 644549 0 0 644051 644095 644039 644071 0 0 0 0 0 644187 0 0 644705 643995 0 0 644395 644397 644433 643923 643923 0 644047 0 0 0 0 643959 0 0 644329 644285 0 0 0 0 644179 0 644257 643739 643687 0 0 0 0 0 644147 0 0 0 644141 0 0 0 0 0 644085 644113 644113 643651 0 0 643619 0 643831 644025 644041 0 643551 0 0 0 643531 0 0 0 0 643969 643957 0 0 0 
0 644704 0 0 0 0 0 644608 0 644560 644614 0 0 0 644744 644736 0 0 0 644736 644724 0 0 644492 0 0 644702 644690 0 0 644670 0 0 0 0 644652 644422 0 0 0 0 0 0 644614 0 0 644346 0 0 0 0 0 0 0 0 0 0 0 0 0 0 0 0 644526 644604 0 0 0 0 0 0 0 0 0 0 0 0 644566 0 0 0 0 0 0 0 0 0 0 0 0 0 0 0 0 0 0 644482 0 0 0 0 0 0 0 644504 0 0 0 0 0 644236 0 0 0 0 0 0 0 644086 0 0 0 0 0 0 0 0 0 
0 642574 0 0 0 0 0 642478 0 642430 642550 0 0 0 642622 642634 0 0 0 642634 642634 0 0 642478 0 0 642634 642634 0 0 642622 0 0 0 0 642634 642430 0 0 0 0 0 0 642634 0 0 642358 0 0 0 0 0 0 0 0 0 0 0 0 0 0 0 0 642634 642634 0 0 0 0 0 0 0 0 0 0 0 0 642634 0 0 0 0 0 0 0 0 0 0 0 0 0 0 0 0 0 0 642634 0 0 0 0 0 0 0 642634 0 0 0 0 0 642598 0 0 0 0 0 0 0 642502 0 0 0 0 0 0 0 0 0 
0 639149 639044 0 639011 639122 638870 638858 639173 638786 638915 639287 0 639430 639194 639314 639446 638795 0 639275 639291 639248 639362 638660 0 0 639252 639200 639342 639179 639320 639411 639351 638597 0 639125 638507 638588 0 639351 0 638870 0 639068 0 0 638321 638426 638408 638432 0 0 0 0 0 638639 0 0 639230 638399 0 0 638942 638954 638981 638249 638369 0 638534 0 0 0 0 638468 0 0 638903 638870 0 0 0 0 638780 0 638849 638015 638000 0 0 0 0 0 638756 0 0 0 638762 0 0 0 0 0 638720 638741 638741 637925 0 0 637997 0 638396 638675 638687 0 637802 0 0 0 638075 0 0 0 0 638633 638624 0 0 0 
0 644209 0 0 0 0 0 644270 0 644118 644511 0 0 0 644310 644183 0 644707 0 644248 644178 0 0 644600 0 0 644243 644093 0 0 643773 0 0 644689 0 644098 644583 644632 0 0 0 644626 0 644193 0 0 644485 644590 0 644572 0 0 0 0 0 0 0 0 0 644515 0 0 644555 644437 643858 644461 0 0 644434 0 0 0 0 644368 0 0 0 643683 0 0 0 0 0 0 644318 644323 644284 0 0 0 0 0 0 0 0 0 643983 0 0 0 0 0 0 644210 643658 0 0 0 644233 0 644182 644072 644012 0 0 0 0 0 644071 0 0 0 0 0 644021 0 0 0 
644846 644838 644880 644806 644822 644856 644800 644872 644850 644792 644966 644819 644825 644723 644864 644791 644707 645037 645024 644817 644789 644675 644647 645004 645038 645030 644815 644755 644656 644625 644627 644601 644599 645011 644994 644757 644978 645000 645011 644529 644977 644966 644938 644795 644495 644509 644907 644954 644952 644960 644955 644953 644947 644933 644945 644933 644947 644927 644469 644933 644925 644910 644916 644868 644661 644887 644885 644887 644863 644907 644848 644820 644858 644819 644841 644885 644665 644591 644744 644811 644841 644819 644822 644838 644821 644793 644779 644823 644829 644801 644753 644791 644806 644786 644792 644788 644711 644736 644767 644783 644779 644793 644750 644764 644581 644759 644747 644725 644745 644739 644719 644720 644695 644706 644710 644729 644719 644719 644689 644699 644707 644701 644716 644692 644686 644716 644692 644693 
0 642514 0 0 0 0 0 642418 0 642370 642490 0 0 0 642562 642574 0 0 0 642574 642574 0 0 642418 0 0 642574 642574 0 0 642574 0 0 0 0 642574 642370 0 0 0 0 0 0 642574 0 0 642298 0 0 0 0 0 0 0 0 0 0 0 0 0 0 0 0 642574 642574 0 0 0 0 0 0 0 0 0 0 0 0 642574 0 0 0 0 0 0 0 0 0 0 0 0 0 0 0 0 0 0 642574 0 0 0 0 0 0 0 642574 0 0 0 0 0 642538 0 0 0 0 0 0 0 642442 0 0 0 0 0 0 0 0 0 
0 644645 0 0 0 0 0 644566 0 644502 644592 0 0 0 644712 644753 0 0 0 644760 644776 0 0 644470 0 0 644772 644768 0 0 644715 0 0 0 0 644738 644400 0 0 0 0 0 0 644700 0 0 644324 0 0 0 0 0 0 0 0 0 0 0 0 0 0 0 0 644612 644690 0 0 0 0 0 0 0 0 0 0 0 0 644652 0 0 0 0 0 0 0 0 0 0 0 0 0 0 0 0 0 0 644568 0 0 0 0 0 0 0 644590 0 0 0 0 0 644214 0 0 0 0 0 0 0 644064 0 0 0 0 0 0 0 0 0 
0 644734 644694 0 644556 644742 644480 644546 644790 644448 644536 644886 0 644764 644812 644934 644732 644376 0 644908 644964 645122 644996 644292 0 0 644912 645032 644536 645044 645052 644616 644516 644176 0 645028 644152 644132 0 644760 0 644380 0 644952 0 0 644000 644044 643988 644020 0 0 0 0 0 644136 0 0 644640 643944 0 0 644464 644704 644856 643872 643872 0 643996 0 0 0 0 643908 0 0 644752 644708 0 0 0 0 644248 0 644660 643688 643636 0 0 0 0 0 644216 0 0 0 644564 0 0 0 0 0 644392 644516 644536 643600 0 0 643568 0 643780 644448 644464 0 643500 0 0 0 643480 0 0 0 0 644392 644380 0 0 0 
0 641790 641751 0 641732 641781 641677 641677 641802 641645 641708 641822 0 641870 641811 641824 641865 641668 0 641811 641813 641834 641860 641611 0 0 641800 641806 641828 641835 641858 641824 641811 641594 0 641793 641552 641595 0 641824 0 641703 0 641774 0 0 641478 641525 641523 641531 0 0 0 0 0 641620 0 0 641794 641524 0 0 641700 641724 641793 641458 641518 0 641585 0 0 0 0 641563 0 0 641779 641792 0 0 0 0 641646 0 641701 641364 641363 0 0 0 0 0 641638 0 0 0 641744 0 0 0 0 0 641646 641665 641773 641330 0 0 641370 0 641543 641679 641719 0 641281 0 0 0 641420 0 0 0 0 641641 641662 0 0 0 
0 0 0 0 0 0 0 0 0 0 0 0 0 0 0 0 0 0 0 0 0 0 0 644185 0 0 0 643724 0 0 0 0 0 0 0 0 644076 0 0 0 0 0 0 0 0 0 643898 0 0 0 0 0 0 0 0 0 0 0 0 0 0 0 0 643844 0 0 0 0 0 0 0 0 0 0 0 0 0 0 0 0 0 0 0 0 0 0 0 0 0 0 0 0 0 0 0 0 643582 0 0 0 0 0 0 0 0 0 0 0 0 0 0 0 0 0 0 0 0 0 643456 0 0 0 0 0 0 0 0 0 
644855 644835 644889 644862 644878 644853 644868 644928 644835 644872 644975 644791 644797 644695 644837 644763 644679 645032 645029 644789 644761 644647 644619 645060 645080 645050 644787 644727 644629 644597 644599 644573 644571 645053 644979 644729 645047 644991 645013 644501 644945 644923 644896 644767 644467 644481 644985 645020 644990 645006 644978 644941 644935 644956 644968 644897 644899 644885 644441 644956 644913 644849 644869 644826 644633 644956 644908 644875 644827 644847 644806 644898 644922 644783 644805 644825 644637 644563 644834 644876 644876 644842 644761 644777 644775 644864 644838 644882 644888 644824 644729 644743 644745 644725 644731 644733 644674 644814 644836 644771 644731 644733 644689 644703 644553 644820 644806 644784 644804 644798 644671 644659 644653 644664 644770 644788 644778 644754 644712 644663 644659 644653 644655 644631 644625 644655 644650 644752 
0 641246 641246 0 641246 641246 641222 641246 641246 641198 641246 641246 0 641246 641246 641246 641246 641246 0 641246 641246 641246 641246 641246 0 641246 641246 641246 641246 641246 641246 641246 641246 641196 0 641246 641198 641150 0 641246 0 641178 0 641246 0 641246 641126 641154 641126 641142 0 0 0 0 0 641104 0 0 641246 641104 0 0 641172 641220 641246 641068 641044 0 641034 0 0 0 0 640990 0 0 641246 641246 0 0 0 0 641064 0 641174 640976 640950 0 0 0 0 0 641048 0 0 0 641246 0 0 0 0 0 641064 641102 641246 640932 0 0 640916 0 640902 641130 641210 0 640882 0 0 0 640848 0 0 0 0 641054 641096 0 0 0 
0 642467 0 0 0 0 0 642371 0 642323 642443 0 0 0 642515 642553 0 0 0 642553 642553 0 0 642371 0 0 642553 642553 0 0 642553 0 0 0 0 642553 642323 0 0 0 0 0 0 642553 0 0 642251 0 0 0 0 0 0 0 0 0 0 0 0 0 0 0 0 642553 642553 0 0 0 0 0 0 0 0 0 0 0 0 642553 0 0 0 0 0 0 0 0 0 0 0 0 0 0 0 0 0 0 642553 0 0 0 0 0 0 0 642553 0 0 0 0 0 642491 0 0 0 0 0 0 0 642395 0 0 0 0 0 0 0 0 0 
0 0 0 0 0 0 0 0 0 0 0 0 0 0 0 0 0 0 0 0 0 0 0 0 0 0 0 638221 0 0 0 0 0 0 0 0 0 0 0 0 0 0 0 0 0 0 0 0 0 0 0 0 0 0 0 0 0 0 0 0 0 0 0 0 0 0 0 0 0 0 0 0 0 0 0 0 0 0 0 0 0 0 0 0 0 0 0 0 0 0 0 0 0 0 0 0 0 0 0 0 0 0 0 0 0 0 0 0 0 0 0 0 0 0 0 0 0 0 0 0 0 0 0 0 0 0 0 0 
0 644777 644691 0 644711 644741 644587 644539 644751 644507 644519 644715 0 644907 644695 644677 644939 644359 0 644625 644585 644525 644677 644275 0 0 644533 644461 645069 644433 644621 644999 645031 644159 0 644361 644135 644115 0 644855 0 644263 0 644285 0 0 643983 644027 643971 644003 0 0 0 0 0 644097 0 0 644773 643927 0 0 644181 644133 644169 643855 643855 0 643957 0 0 0 0 643869 0 0 644065 644021 0 0 0 0 643965 0 643993 643671 643619 0 0 0 0 0 643933 0 0 0 643877 0 0 0 0 0 643821 643849 643849 643583 0 0 643551 0 643715 643761 643777 0 643483 0 0 0 643463 0 0 0 0 643705 643693 0 0 0 
0 644679 644577 0 644533 644649 644441 644425 644685 644389 644405 644773 0 644767 644681 644829 644735 644245 0 644777 644833 645059 644993 644161 0 0 644781 644901 644539 645111 645045 644619 644519 644045 0 644897 644021 644001 0 644763 0 644249 0 644821 0 0 643869 643913 643857 643889 0 0 0 0 0 644005 0 0 644643 643813 0 0 644333 644573 644853 643741 643741 0 643865 0 0 0 0 643777 0 0 644749 644705 0 0 0 0 644117 0 644529 643557 643505 0 0 0 0 0 644085 0 0 0 644561 0 0 0 0 0 644261 644385 644533 643469 0 0 643437 0 643649 644445 644461 0 643369 0 0 0 643349 0 0 0 0 644337 644377 0 0 0 
0 638667 0 0 0 0 0 638571 0 0 0 0 0 0 0 0 0 0 0 0 0 0 0 638571 0 0 0 638835 0 0 638852 0 0 0 0 638852 638523 0 0 0 0 0 0 638852 0 0 638451 0 0 0 0 0 0 0 0 0 0 0 0 0 0 0 0 638835 0 0 0 0 0 0 0 0 0 0 0 0 0 638714 0 0 0 0 0 0 0 0 0 0 0 0 0 0 0 0 0 0 638738 0 0 0 0 0 0 0 0 0 0 0 0 0 0 0 0 0 0 0 0 0 638595 0 0 0 0 0 0 0 0 0 
0 644653 644545 0 644565 644617 644441 644393 644653 644361 644373 644741 0 644933 644649 644775 644961 644213 0 644723 644727 644679 644831 644129 0 0 644675 644615 644985 644587 644775 645057 645005 644013 0 644515 643989 643969 0 644969 0 644217 0 644439 0 0 643837 643881 643825 643857 0 0 0 0 0 643973 0 0 644909 643781 0 0 644279 644287 644323 643709 643709 0 643833 0 0 0 0 643745 0 0 644219 644175 0 0 0 0 644063 0 644147 643525 643473 0 0 0 0 0 644031 0 0 0 644031 0 0 0 0 0 643975 644003 644003 643437 0 0 643405 0 643617 643915 643931 0 643337 0 0 0 643317 0 0 0 0 643859 643847 0 0 0 
0 644555 644447 0 644467 644519 644343 644295 644555 644263 644275 644641 0 644833 644551 644649 644865 644115 0 644597 644581 644521 644673 644031 0 0 644529 644457 644967 644429 644617 645029 645077 643915 0 644357 643891 643871 0 644909 0 644119 0 644281 0 0 643739 643783 643727 643759 0 0 0 0 0 643875 0 0 644969 643683 0 0 644153 644129 644165 643611 643611 0 643735 0 0 0 0 643647 0 0 644061 644017 0 0 0 0 643937 0 643989 643427 643375 0 0 0 0 0 643905 0 0 0 643873 0 0 0 0 0 643817 643845 643845 643339 0 0 643307 0 643519 643757 643773 0 643239 0 0 0 643219 0 0 0 0 643701 643689 0 0 0 
0 643717 0 0 0 0 0 643790 0 643604 643997 0 0 0 643818 643725 0 644117 0 643790 643744 0 0 644048 0 0 643809 643707 0 0 643411 0 0 644161 0 643736 643975 644150 0 0 0 644116 0 643801 0 0 643801 644020 0 644076 0 0 0 0 0 0 0 0 0 644091 0 0 644085 643969 643592 643895 0 0 644068 0 0 0 0 644012 0 0 0 643489 0 0 0 0 0 0 643942 643657 643692 0 0 0 0 0 0 0 0 0 643675 0 0 0 0 0 0 643906 643480 0 0 0 643771 0 643868 643812 643722 0 0 0 0 0 643817 0 0 0 0 0 643795 0 0 0 
644838 644819 644872 644774 644790 644837 644780 644840 644819 644784 644958 644775 644781 644679 644821 644747 644663 645038 645016 644773 644745 644631 644603 644972 645012 644998 644771 644711 644613 644581 644583 644557 644555 645054 645086 644713 644970 645062 645078 644485 645041 645016 644949 644751 644451 644465 644903 645015 645026 645042 645014 645012 645006 644992 645004 645005 645007 644960 644425 644992 644984 644957 644971 644875 644617 644981 644944 644946 644935 644955 644843 644861 644947 644891 644913 644933 644621 644547 644737 644901 644912 644878 644869 644885 644874 644889 644863 644907 644913 644860 644836 644851 644853 644833 644839 644841 644667 644741 644861 644842 644839 644841 644797 644811 644537 644845 644831 644809 644829 644823 644779 644767 644712 644695 644795 644813 644803 644790 644748 644771 644767 644761 644763 644739 644733 644763 644715 644777 
0 644879 0 0 0 0 0 644783 0 0 0 0 0 0 0 0 0 0 0 0 0 0 0 644757 0 0 0 645011 0 0 645011 0 0 0 0 645011 644687 0 0 0 0 0 0 645011 0 0 644611 0 0 0 0 0 0 0 0 0 0 0 0 0 0 0 0 644927 0 0 0 0 0 0 0 0 0 0 0 0 0 644881 0 0 0 0 0 0 0 0 0 0 0 0 0 0 0 0 0 0 644861 0 0 0 0 0 0 0 0 0 0 0 0 0 0 0 0 0 0 0 0 0 644351 0 0 0 0 0 0 0 0 0 
0 0 0 0 0 0 0 0 0 0 0 0 0 0 0 0 0 0 0 0 0 0 0 644084 0 0 0 643617 0 0 0 0 0 0 0 0 644135 0 0 0 0 0 0 0 0 0 643967 0 0 0 0 0 0 0 0 0 0 0 0 0 0 0 0 643703 0 0 0 0 0 0 0 0 0 0 0 0 0 0 0 0 0 0 0 0 0 0 0 0 0 0 0 0 0 0 0 0 643445 0 0 0 0 0 0 0 0 0 0 0 0 0 0 0 0 0 0 0 0 0 643281 0 0 0 0 0 0 0 0 0 
0 644047 0 0 0 0 0 644108 0 643956 644373 0 0 0 644100 643949 0 644573 0 644014 643944 0 0 644438 0 0 644009 643859 0 0 643539 0 0 644679 0 643864 644421 644794 0 0 0 644640 0 643959 0 0 644323 644556 0 644674 0 0 0 0 0 0 0 0 0 644663 0 0 644567 644269 643624 644569 0 0 644582 0 0 0 0 644516 0 0 0 643449 0 0 0 0 0 0 644324 644419 644432 0 0 0 0 0 0 0 0 0 643749 0 0 0 0 0 0 644286 643424 0 0 0 644381 0 644278 644148 643874 0 0 0 0 0 644191 0 0 0 0 0 644097 0 0 0 
644821 644813 644855 644781 644797 644831 644775 644847 644824 644767 644941 644780 644786 644684 644826 644752 644668 645021 644999 644778 644750 644636 644608 644979 645019 645005 644776 644716 644618 644586 644588 644562 644560 645062 645063 644718 644953 645069 645080 644490 645045 645022 644955 644756 644456 644470 644885 644999 645021 645029 645025 645023 645017 645003 645015 645003 645016 644966 644430 645003 644995 644966 644971 644880 644622 644956 644955 644957 644933 644964 644848 644843 644927 644889 644911 644942 644626 644552 644719 644880 644911 644889 644878 644894 644876 644862 644849 644893 644898 644871 644823 644860 644862 644842 644848 644843 644672 644723 644836 644853 644848 644850 644806 644820 644542 644828 644817 644795 644815 644809 644788 644776 644718 644700 644779 644799 644789 644789 644759 644769 644776 644770 644772 644748 644742 644772 644721 644763 
0 644573 644465 0 644485 644537 644361 644313 644573 644281 644293 644661 0 644837 644569 644717 644853 644133 0 644665 644721 644827 644959 644049 0 0 644669 644743 644855 644735 644923 644943 644869 643933 0 644663 643909 643889 0 645041 0 644137 0 644587 0 0 643757 643801 643745 643777 0 0 0 0 0 643893 0 0 644979 643701 0 0 644221 644415 644471 643629 643629 0 643753 0 0 0 0 643665 0 0 644367 644323 0 0 0 0 644005 0 644295 643445 643393 0 0 0 0 0 643973 0 0 0 644179 0 0 0 0 0 644103 644151 644151 643357 0 0 643325 0 643537 644063 644079 0 643257 0 0 0 643237 0 0 0 0 644007 643995 0 0 0 
644795 644823 644829 644707 644723 644841 644689 644761 644871 644681 644915 644911 644917 644815 644921 644895 644799 644995 644973 644921 644904 644790 644762 644893 644945 644943 644930 644870 644713 644740 644742 644705 644691 644964 644995 644872 644867 644965 644976 644644 645050 645075 645092 644910 644610 644613 644799 644895 644893 644901 644893 644915 644909 644883 644895 644967 645017 645083 644584 644871 644887 645051 645072 645029 644776 644828 644835 644849 644897 645013 645001 644753 644799 644853 644875 644991 644780 644706 644633 644752 644779 644769 644975 644991 644988 644734 644717 644761 644767 644751 644751 644861 644959 644950 644956 644955 644826 644637 644708 644745 644849 644899 644914 644928 644696 644699 644685 644663 644683 644677 644789 644884 644862 644854 644649 644667 644657 644657 644639 644733 644777 644771 644880 644856 644850 644880 644859 644631 
0 643766 0 0 0 0 0 643643 0 643443 644020 0 0 0 643921 643832 0 644150 0 643897 643861 0 0 643933 0 0 643926 643824 0 0 643528 0 0 644096 0 643853 643846 644149 0 0 0 644281 0 643948 0 0 643672 643913 0 643977 0 0 0 0 0 0 0 0 0 644006 0 0 644254 644136 643709 643796 0 0 644137 0 0 0 0 644071 0 0 0 643606 0 0 0 0 0 0 644121 643558 643593 0 0 0 0 0 0 0 0 0 643824 0 0 0 0 0 0 644085 643629 0 0 0 643632 0 643971 643991 643893 0 0 0 0 0 643710 0 0 0 0 0 643974 0 0 0 
644604 644620 644638 644527 644543 644638 644509 644581 644656 644501 644722 644684 644690 644588 644694 644692 644572 644762 644751 644718 644714 644636 644596 644686 644724 644735 644740 644704 644486 644586 644588 644502 644464 644741 644761 644718 644649 644742 644753 644478 644792 644805 644838 644750 644456 644410 644579 644672 644670 644678 644682 644717 644714 644689 644695 644744 644769 644837 644418 644671 644703 644792 644826 644812 644622 644605 644665 644684 644709 644767 644796 644522 644576 644687 644698 644756 644625 644552 644424 644529 644613 644632 644772 644780 644791 644511 644510 644544 644547 644623 644636 644691 644764 644766 644769 644758 644636 644414 644485 644632 644685 644710 644748 644755 644535 644477 644506 644483 644517 644514 644652 644697 644661 644650 644428 644449 644480 644552 644537 644608 644640 644634 644731 644707 644680 644707 644662 644479 
0 637967 0 0 0 0 0 637953 0 0 0 0 0 0 0 0 0 0 0 0 0 0 0 637981 0 0 0 638111 0 0 638019 0 0 0 0 638125 637957 0 0 0 0 0 0 638125 0 0 637921 0 0 0 0 0 0 0 0 0 0 0 0 0 0 0 0 638113 0 0 0 0 0 0 0 0 0 0 0 0 0 638075 0 0 0 0 0 0 0 0 0 0 0 0 0 0 0 0 0 0 638087 0 0 0 0 0 0 0 0 0 0 0 0 0 0 0 0 0 0 0 0 0 637993 0 0 0 0 0 0 0 0 0 
642987 643009 642970 642959 642951 643000 642896 642896 643021 642864 642927 643067 643064 643115 643032 643093 643123 642887 642898 643080 643105 643162 643176 642830 642840 642877 643092 643122 643136 643163 643186 643188 643169 642813 642844 643121 642771 642814 642825 643235 642899 642924 642991 643102 643252 643127 642697 642744 642742 642750 642754 642789 642786 642761 642767 642839 642876 642980 643206 642743 642775 642923 642969 643040 643097 642677 642737 642756 642804 642886 643056 642610 642648 642782 642793 642875 643071 643060 642564 642601 642685 642704 642915 642923 643029 642583 642582 642616 642619 642695 642719 642798 642907 643004 643007 643032 643024 642526 642557 642704 642792 642829 642962 642993 643017 642549 642578 642555 642589 642586 642762 642995 642999 643010 642500 642521 642552 642624 642639 642722 642756 642753 642921 642981 642978 642993 642996 642551 
0 644613 644571 0 644605 644595 644561 644531 644601 644521 644485 644621 0 644716 644587 644637 644724 644405 0 644611 644627 644633 644697 644399 0 644421 644601 644589 644749 644604 644681 644777 644778 644329 0 644551 644335 644295 0 644765 0 644371 0 644513 0 644823 644259 644281 644253 644269 0 0 0 0 0 644273 0 0 644795 644225 0 0 644389 644425 644472 644195 644177 0 644203 0 0 0 0 644159 0 0 644420 644398 0 0 0 0 644281 0 644367 644103 644077 0 0 0 0 0 644265 0 0 0 644326 0 0 0 0 0 644269 644295 644312 644059 0 0 644043 0 644083 644268 644276 0 644009 0 0 0 643981 0 0 0 0 644235 644234 0 0 0 
0 0 0 0 0 0 0 0 0 0 0 0 0 0 0 0 0 0 0 0 0 0 0 643975 0 0 0 643526 0 0 0 0 0 0 0 0 644058 0 0 0 0 0 0 0 0 0 644098 0 0 0 0 0 0 0 0 0 0 0 0 0 0 0 0 643580 0 0 0 0 0 0 0 0 0 0 0 0 0 0 0 0 0 0 0 0 0 0 0 0 0 0 0 0 0 0 0 0 643336 0 0 0 0 0 0 0 0 0 0 0 0 0 0 0 0 0 0 0 0 0 643140 0 0 0 0 0 0 0 0 0 
0 643408 0 0 0 0 0 643541 0 643485 643680 0 0 0 643509 643420 0 643800 0 643485 643463 0 0 643791 0 0 643528 643474 0 0 643202 0 0 643870 0 643527 643848 643835 0 0 0 643801 0 643584 0 0 643830 643903 0 643879 0 0 0 0 0 0 0 0 0 643796 0 0 643774 643738 643479 643900 0 0 643643 0 0 0 0 643577 0 0 0 643446 0 0 0 0 0 0 643727 643760 643745 0 0 0 0 0 0 0 0 0 643602 0 0 0 0 0 0 643649 643479 0 0 0 643694 0 643433 643655 643659 0 0 0 0 0 643400 0 0 0 0 0 643604 0 0 0 
0 643070 643166 0 643111 643106 643187 643259 643075 643243 643338 642987 0 642795 643079 642931 642763 643498 0 642983 642927 642699 642643 643523 0 0 642979 642859 642663 642599 642603 642551 642547 643663 0 642863 643615 643726 0 642407 0 643511 0 642939 0 0 643541 643723 643799 643771 0 0 0 0 0 643674 0 0 642287 643795 0 0 643427 643187 642671 643765 643711 0 643604 0 0 0 0 643560 0 0 642679 642531 0 0 0 0 643447 0 643231 643565 643671 0 0 0 0 0 643431 0 0 0 642771 0 0 0 0 0 643303 643293 642511 643551 0 0 643693 0 643429 643151 642871 0 643457 0 0 0 643515 0 0 0 0 643197 643143 0 0 0 
0 643670 0 0 0 0 0 643803 0 643705 643966 0 0 0 643771 643668 0 644086 0 643733 643687 0 0 644077 0 0 643752 643650 0 0 643354 0 0 644152 0 643679 644092 644155 0 0 0 644101 0 643760 0 0 643956 644143 0 644175 0 0 0 0 0 0 0 0 0 644132 0 0 644066 643934 643535 644080 0 0 643979 0 0 0 0 643913 0 0 0 643432 0 0 0 0 0 0 643921 643838 643873 0 0 0 0 0 0 0 0 0 643634 0 0 0 0 0 0 643875 643439 0 0 0 643870 0 643769 643807 643687 0 0 0 0 0 643736 0 0 0 0 0 643758 0 0 0 
644719 644699 644753 644727 644743 644717 644781 644817 644699 644785 644839 644655 644661 644559 644701 644627 644543 644919 644897 644653 644625 644511 644483 644949 644965 644915 644651 644591 644493 644461 644463 644437 644435 644993 644962 644593 644971 644992 644981 644365 644907 644882 644815 644631 644331 644345 644914 645002 645040 645032 645038 644989 644986 645009 645015 644943 644930 644826 644305 645027 644969 644883 644837 644741 644497 644984 644965 644931 644883 644894 644713 644859 644965 644839 644861 644881 644501 644427 644748 644916 644981 644899 644817 644833 644740 644886 644925 644949 644946 644881 644785 644799 644801 644761 644762 644725 644547 644751 644864 644827 644787 644789 644745 644750 644417 644872 644910 644888 644908 644902 644727 644690 644578 644567 644825 644852 644882 644859 644769 644719 644715 644709 644711 644687 644675 644702 644581 644856 
644774 644754 644808 644746 644762 644772 644751 644812 644754 644743 644894 644710 644716 644614 644756 644682 644598 644962 644951 644708 644680 644566 644538 644944 644973 644970 644706 644646 644548 644516 644518 644492 644490 645000 645005 644648 644921 645035 645024 644420 644950 644925 644858 644686 644386 644400 644851 644948 644998 644990 645023 645048 645045 645032 645038 645002 644973 644869 644360 645026 645025 644926 644880 644784 644552 644919 644985 644987 644939 644953 644756 644794 644900 644895 644917 644937 644556 644482 644695 644851 644952 644919 644873 644889 644783 644821 644870 644884 644881 644901 644841 644855 644857 644808 644805 644768 644596 644686 644799 644883 644843 644845 644801 644809 644472 644807 644858 644836 644856 644850 644783 644733 644621 644610 644760 644787 644830 644830 644789 644775 644771 644765 644767 644743 644734 644761 644624 644804 
644692 644684 644726 644639 644655 644702 644621 644693 644696 644613 644812 644676 644682 644580 644710 644660 644564 644892 644870 644686 644670 644579 644551 644825 644877 644875 644696 644659 644502 644529 644531 644470 644456 644931 644978 644661 644799 644995 644979 644433 644940 644926 644864 644699 644399 644378 644731 644853 644923 644913 644959 645020 645023 645000 644994 644995 644970 644886 644373 644970 645025 644947 644908 644823 644565 644843 644973 644987 644964 644972 644791 644689 644825 644920 644942 644983 644569 644495 644565 644776 644917 644907 644946 644959 644845 644743 644795 644809 644806 644889 644854 644892 644930 644876 644873 644836 644615 644569 644723 644883 644880 644894 644909 644887 644485 644732 644823 644801 644821 644815 644820 644801 644665 644643 644685 644712 644795 644795 644777 644800 644808 644802 644864 644851 644818 644839 644671 644769 
644688 644680 644722 644672 644688 644698 644689 644761 644692 644681 644808 644672 644678 644576 644706 644649 644560 644888 644866 644675 644647 644533 644505 644893 644910 644872 644673 644613 644498 644483 644485 644459 644452 644956 644949 644615 644867 644967 644956 644387 644918 644905 644853 644653 644353 644367 644799 644916 644966 644958 645002 644992 644995 645008 645002 644966 644941 644866 644327 645013 644990 644918 644877 644777 644519 644887 644974 644952 644928 644943 644745 644757 644868 644884 644906 644946 644523 644449 644633 644819 644953 644908 644903 644915 644780 644789 644838 644852 644849 644890 644818 644856 644887 644805 644802 644765 644569 644637 644767 644848 644844 644858 644831 644816 644439 644775 644859 644837 644857 644851 644784 644730 644618 644597 644728 644755 644831 644831 644778 644764 644772 644766 644797 644773 644747 644768 644621 644805 
644751 644743 644785 644735 644751 644761 644741 644801 644743 644733 644871 644699 644705 644603 644745 644671 644587 644951 644929 644697 644669 644555 644527 644933 644973 644935 644695 644635 644537 644505 644507 644481 644479 645002 644995 644637 644919 645013 645002 644409 644952 644927 644860 644675 644375 644389 644851 644951 645001 644993 645025 645028 645024 645034 645042 645006 644975 644871 644349 645030 645002 644928 644882 644786 644541 644922 644986 644964 644940 644957 644758 644797 644903 644896 644918 644938 644545 644471 644685 644854 644954 644920 644874 644890 644785 644824 644873 644887 644884 644902 644830 644856 644858 644810 644807 644770 644591 644689 644802 644860 644844 644846 644802 644813 644461 644810 644860 644838 644858 644852 644784 644735 644623 644612 644763 644790 644832 644832 644790 644776 644772 644766 644768 644744 644738 644765 644626 644806 
0 643695 643707 0 643495 643731 643427 643571 643743 643411 643879 643668 0 643476 643760 643612 643444 644039 0 643664 643608 643380 643324 643835 0 0 643660 643540 643344 643280 643284 643232 643228 644047 0 643544 643783 644187 0 643088 0 644192 0 643620 0 0 643647 643891 644043 644011 0 0 0 0 0 644329 0 0 642968 644137 0 0 644108 643868 643352 643871 644183 0 644317 0 0 0 0 644273 0 0 643360 643212 0 0 0 0 644216 0 643912 643671 643787 0 0 0 0 0 644200 0 0 0 643452 0 0 0 0 0 644072 644008 643192 643661 0 0 643887 0 644185 643836 643552 0 643567 0 0 0 643987 0 0 0 0 643966 643870 0 0 0 
644782 644774 644816 644729 644745 644792 644711 644783 644786 644703 644902 644766 644772 644670 644800 644750 644654 644982 644960 644776 644749 644635 644607 644915 644967 644965 644775 644715 644592 644585 644587 644560 644546 645021 645057 644717 644889 645074 645063 644489 645026 645013 644954 644755 644455 644468 644821 644943 645002 644994 645026 645048 645042 645016 645028 645029 645043 644976 644429 645004 645020 645017 644992 644879 644621 644923 644968 644982 644959 645003 644847 644779 644904 644915 644937 644981 644625 644551 644655 644855 644912 644902 644941 644957 644896 644825 644850 644888 644885 644884 644849 644887 644925 644906 644912 644881 644671 644659 644803 644878 644875 644889 644870 644884 644541 644811 644818 644796 644816 644810 644815 644840 644721 644699 644764 644791 644790 644790 644772 644795 644803 644797 644836 644812 644806 644836 644727 644764 
644732 644760 644766 644644 644660 644778 644626 644698 644808 644618 644852 644860 644866 644764 644858 644879 644748 644932 644910 644905 644889 644787 644759 644830 644882 644880 644915 644867 644650 644737 644739 644689 644640 644919 644950 644869 644804 644920 644931 644641 645005 645030 645080 644907 644607 644597 644736 644848 644848 644856 644860 644895 644892 644867 644873 644945 644982 645085 644581 644849 644873 645029 645074 645030 644773 644783 644821 644835 644883 644992 644999 644694 644754 644839 644861 644977 644777 644703 644570 644707 644765 644755 645008 645024 645003 644689 644688 644722 644725 644737 644737 644847 644992 644978 644981 644970 644823 644574 644663 644731 644835 644885 644960 644967 644693 644655 644671 644649 644669 644663 644775 644909 644867 644851 644606 644627 644643 644643 644625 644719 644763 644757 644926 644902 644892 644919 644870 644617 
0 644401 644293 0 644313 644365 644189 644141 644401 644109 644121 644489 0 644681 644397 644545 644713 643961 0 644493 644549 644637 644785 643877 0 0 644497 644569 644813 644545 644733 644925 644929 643761 0 644473 643737 643717 0 645021 0 643965 0 644397 0 0 643585 643629 643573 643605 0 0 0 0 0 643721 0 0 645103 643529 0 0 644049 644241 644281 643457 643457 0 643581 0 0 0 0 643493 0 0 644177 644133 0 0 0 0 643833 0 644105 643273 643221 0 0 0 0 0 643801 0 0 0 643989 0 0 0 0 0 643929 643961 643961 643185 0 0 643153 0 643365 643873 643889 0 643085 0 0 0 643065 0 0 0 0 643817 643805 0 0 0 
0 643835 0 0 0 0 0 644112 0 643974 644185 0 0 0 643840 643655 0 644385 0 643720 643650 0 0 644442 0 0 643715 643565 0 0 643245 0 0 644623 0 643570 644439 644690 0 0 0 644380 0 643665 0 0 644341 644574 0 644700 0 0 0 0 0 0 0 0 0 644857 0 0 644275 643975 643330 644597 0 0 644580 0 0 0 0 644498 0 0 0 643155 0 0 0 0 0 0 644030 644443 644600 0 0 0 0 0 0 0 0 0 643455 0 0 0 0 0 0 644186 643130 0 0 0 644609 0 644218 643960 643580 0 0 0 0 0 644311 0 0 0 0 0 644005 0 0 0 
642438 642418 642472 642399 642415 642436 642405 642465 642418 642409 642558 642374 642380 642278 642420 642346 642262 642638 642616 642372 642344 642230 642202 642597 642637 642623 642370 642310 642212 642180 642182 642156 642154 642691 642724 642312 642595 642749 642727 642084 642662 642636 642550 642350 642050 642064 642563 642649 642713 642697 642749 642799 642805 642795 642783 642758 642708 642572 642024 642771 642815 642662 642594 642474 642216 642663 642803 642815 642778 642712 642442 642557 642661 642778 642778 642730 642220 642146 642469 642635 642779 642803 642682 642682 642496 642611 642673 642665 642659 642803 642787 642754 642682 642546 642540 642490 642266 642485 642603 642809 642754 642730 642610 642568 642136 642619 642719 642707 642731 642731 642734 642468 642316 642294 642597 642615 642707 642765 642756 642742 642728 642725 642634 642562 642502 642520 642322 642719 
644710 644738 644744 644622 644638 644756 644604 644676 644786 644596 644830 644838 644844 644742 644836 644823 644726 644910 644888 644849 644833 644731 644703 644808 644860 644858 644859 644811 644628 644681 644683 644633 644618 644914 644993 644813 644782 644975 644962 644585 645030 645052 645027 644851 644551 644541 644714 644836 644903 644895 644931 644966 644963 644938 644944 645016 645053 645049 644525 644920 644945 645100 645071 644975 644717 644824 644893 644907 644955 645063 644943 644672 644805 644911 644933 645049 644721 644647 644548 644756 644837 644827 645046 645062 644997 644726 644759 644789 644786 644809 644809 644919 645030 645015 645018 644985 644767 644552 644704 644803 644907 644957 644998 645004 644637 644712 644743 644721 644741 644735 644847 644946 644817 644795 644665 644692 644715 644715 644697 644791 644835 644829 644964 644940 644929 644956 644823 644689 
0 643615 0 0 0 0 0 643460 0 643260 643845 0 0 0 643860 643841 0 643975 0 643906 643882 0 0 643750 0 0 643947 643845 0 0 643549 0 0 643925 0 643874 643663 644008 0 0 0 644234 0 643969 0 0 643489 643742 0 643820 0 0 0 0 0 0 0 0 0 643869 0 0 644283 644157 643730 643641 0 0 644074 0 0 0 0 644010 0 0 0 643627 0 0 0 0 0 0 644160 643399 643456 0 0 0 0 0 0 0 0 0 643845 0 0 0 0 0 0 644152 643650 0 0 0 643535 0 643938 644058 643920 0 0 0 0 0 643607 0 0 0 0 0 644041 0 0 0 
0 0 0 0 0 0 0 0 0 0 0 0 0 0 0 0 0 0 0 0 0 0 0 643423 0 0 0 643944 0 0 0 0 0 0 0 0 643314 0 0 0 0 0 0 0 0 0 643136 0 0 0 0 0 0 0 0 0 0 0 0 0 0 0 0 644102 0 0 0 0 0 0 0 0 0 0 0 0 0 0 0 0 0 0 0 0 0 0 0 0 0 0 0 0 0 0 0 0 643868 0 0 0 0 0 0 0 0 0 0 0 0 0 0 0 0 0 0 0 0 0 642828 0 0 0 0 0 0 0 0 0 
0 642570 0 0 0 0 0 642506 0 642428 642578 0 0 0 642650 642690 0 0 0 642698 642722 0 0 642506 0 0 642722 642770 0 0 642718 0 0 0 0 642794 642458 0 0 0 0 0 0 642794 0 0 642386 0 0 0 0 0 0 0 0 0 0 0 0 0 0 0 0 642770 642880 0 0 0 0 0 0 0 0 0 0 0 0 642880 0 0 0 0 0 0 0 0 0 0 0 0 0 0 0 0 0 0 642880 0 0 0 0 0 0 0 642880 0 0 0 0 0 642626 0 0 0 0 0 0 0 642530 0 0 0 0 0 0 0 0 0 
0 643472 0 0 0 0 0 643605 0 643549 643774 0 0 0 643573 643484 0 643914 0 643549 643507 0 0 643905 0 0 643572 643470 0 0 643174 0 0 644016 0 643499 643962 644049 0 0 0 643983 0 643594 0 0 643996 644043 0 644085 0 0 0 0 0 0 0 0 0 644050 0 0 643968 643792 643355 644122 0 0 643903 0 0 0 0 643837 0 0 0 643252 0 0 0 0 0 0 643825 644058 644081 0 0 0 0 0 0 0 0 0 643480 0 0 0 0 0 0 643813 643275 0 0 0 644006 0 643693 643719 643555 0 0 0 0 0 643660 0 0 0 0 0 643700 0 0 0 
0 643614 643698 0 643608 643650 643548 643692 643621 643532 643870 643533 0 643341 643625 643477 643309 644030 0 643529 643473 643245 643189 643956 0 0 643525 643405 643209 643145 643149 643097 643093 644160 0 643409 643904 644212 0 642953 0 644047 0 643485 0 0 643768 644012 644126 644110 0 0 0 0 0 644210 0 0 642833 644220 0 0 643957 643733 643217 643968 644270 0 644210 0 0 0 0 644166 0 0 643225 643077 0 0 0 0 644055 0 643763 643772 643870 0 0 0 0 0 644039 0 0 0 643317 0 0 0 0 0 643911 643835 643057 643744 0 0 643982 0 644037 643663 643417 0 643650 0 0 0 644074 0 0 0 0 643805 643697 0 0 0 
644701 644681 644735 644661 644677 644699 644667 644727 644681 644660 644821 644637 644643 644541 644683 644609 644525 644901 644879 644635 644607 644493 644465 644859 644899 644885 644633 644573 644475 644443 644445 644419 644417 644953 644987 644575 644846 645011 644989 644347 644925 644899 644813 644613 644313 644327 644778 644900 644975 644959 645011 645061 645067 645057 645045 645021 644971 644835 644287 645033 645085 644925 644857 644737 644479 644890 645087 645098 645062 644975 644705 644736 644876 645025 645047 644997 644483 644409 644612 644826 645063 645037 644957 644949 644759 644790 644864 644868 644862 645019 644971 644985 644965 644809 644803 644753 644529 644616 644770 645001 644973 644975 644885 644831 644399 644786 644935 644910 644968 644965 644913 644731 644579 644557 644740 644770 644913 644949 644907 644905 644901 644895 644897 644842 644765 644783 644585 644924 
0 643747 0 0 0 0 0 643738 0 643538 644025 0 0 0 643812 643675 0 644225 0 643740 643694 0 0 644068 0 0 643759 643657 0 0 643361 0 0 644319 0 643686 644003 644458 0 0 0 644352 0 643781 0 0 643833 644138 0 644288 0 0 0 0 0 0 0 0 0 644503 0 0 644295 644067 643542 644113 0 0 644770 0 0 0 0 644730 0 0 0 643401 0 0 0 0 0 0 644146 643863 644048 0 0 0 0 0 0 0 0 0 643701 0 0 0 0 0 0 644326 643376 0 0 0 644373 0 644574 644148 643826 0 0 0 0 0 644469 0 0 0 0 0 644233 0 0 0 
644751 644767 644785 644676 644692 644785 644658 644730 644803 644650 644871 644796 644802 644700 644841 644768 644684 644951 644929 644794 644766 644652 644624 644862 644914 644911 644792 644732 644633 644602 644604 644578 644576 644946 644998 644734 644836 644992 644981 644506 645015 645026 644960 644772 644472 644486 644768 644871 644921 644913 644957 645008 645002 644977 644988 645035 645038 644971 644446 644964 644980 645028 644982 644886 644638 644842 644929 644942 644966 645058 644858 644717 644823 644922 644944 645036 644642 644568 644602 644774 644873 644863 644973 644989 644885 644744 644793 644807 644804 644845 644832 644918 644957 644910 644907 644870 644688 644606 644722 644838 644906 644944 644901 644915 644558 644730 644779 644757 644777 644771 644846 644835 644723 644712 644683 644710 644751 644751 644733 644802 644834 644828 644867 644843 644837 644867 644726 644725 
644690 644718 644724 644602 644618 644736 644584 644656 644766 644576 644810 644818 644824 644722 644816 644838 644706 644890 644868 644864 644884 644890 644826 644788 644840 644838 644910 644934 644608 644877 644842 644648 644598 644831 644862 644972 644762 644827 644843 644708 644917 644942 645009 645010 644710 644556 644694 644762 644755 644768 644755 644777 644771 644745 644757 644829 644879 644998 644648 644733 644749 644925 644987 645071 644913 644695 644697 644711 644759 644875 645087 644628 644663 644715 644737 644853 644917 644843 644528 644617 644641 644631 644885 644901 645060 644601 644579 644623 644629 644613 644613 644723 644869 645017 645023 645061 644963 644532 644575 644607 644711 644761 644945 644995 644833 644561 644547 644525 644545 644539 644651 644988 644971 644982 644511 644529 644519 644519 644501 644595 644639 644633 644875 644959 644954 644984 644968 644493 
644634 644614 644668 644642 644658 644632 644719 644744 644614 644747 644754 644570 644576 644474 644616 644542 644458 644774 644785 644568 644540 644426 644398 644861 644823 644812 644566 644506 644408 644376 644378 644352 644350 644796 644731 644508 644885 644749 644760 644280 644690 644667 644638 644546 644246 644260 644919 644858 644820 644828 644776 644702 644696 644718 644730 644658 644660 644627 644220 644754 644674 644610 644616 644568 644412 644863 644670 644636 644588 644608 644548 644940 644870 644544 644566 644586 644416 644342 644967 644895 644709 644604 644522 644538 644521 644913 644863 644871 644877 644586 644490 644504 644506 644486 644492 644488 644420 644929 644923 644532 644492 644494 644450 644464 644332 644915 644795 644809 644757 644751 644432 644420 644395 644406 644903 644921 644803 644587 644474 644424 644420 644414 644416 644392 644386 644416 644392 644741 
644644 644624 644678 644652 644668 644642 644730 644754 644624 644759 644764 644580 644586 644484 644626 644552 644468 644844 644822 644578 644550 644436 644408 644886 644890 644840 644576 644516 644418 644386 644388 644362 644360 644944 644930 644518 644945 644966 644944 644290 644868 644842 644756 644556 644256 644270 644985 644999 645038 645022 645016 644955 644952 644975 644981 644909 644898 644778 644230 645005 644941 644849 644800 644680 644422 645061 644937 644903 644855 644860 644648 644944 645083 644811 644833 644849 644426 644352 644820 645034 644977 644871 644789 644801 644702 644998 645038 645072 645069 644853 644757 644771 644773 644727 644730 644696 644472 644824 644978 644799 644759 644761 644717 644716 644342 644994 645029 645007 645026 645020 644699 644658 644522 644500 644948 644975 645001 644855 644741 644691 644687 644681 644683 644659 644641 644668 644528 644975 
0 643679 0 0 0 0 0 643644 0 643444 643969 0 0 0 643780 643655 0 644169 0 643720 643674 0 0 643974 0 0 643739 643637 0 0 643341 0 0 644227 0 643666 643909 644378 0 0 0 644320 0 643761 0 0 643739 644044 0 644194 0 0 0 0 0 0 0 0 0 644409 0 0 644275 644047 643522 644019 0 0 644704 0 0 0 0 644802 0 0 0 643399 0 0 0 0 0 0 644126 643769 643954 0 0 0 0 0 0 0 0 0 643695 0 0 0 0 0 0 644306 643374 0 0 0 644279 0 644678 644128 643820 0 0 0 0 0 644537 0 0 0 0 0 644213 0 0 0 
644689 644706 644723 644601 644617 644724 644583 644655 644718 644575 644809 644680 644686 644584 644726 644652 644568 644889 644867 644678 644650 644536 644508 644787 644839 644837 644676 644616 644518 644486 644488 644462 644460 644893 644975 644618 644761 644963 644941 644390 644962 644942 644856 644656 644356 644370 644693 644815 644891 644875 644939 645013 645016 644993 644985 645046 645008 644878 644330 644961 645027 644968 644900 644780 644522 644805 645017 645046 645083 645018 644748 644651 644791 645077 645088 645030 644526 644452 644527 644741 644973 645009 644990 644982 644802 644705 644779 644783 644777 644991 644991 645054 644998 644852 644846 644796 644572 644531 644685 644985 645042 645046 644918 644874 644442 644701 644840 644815 644877 644880 644982 644774 644622 644600 644655 644685 644818 644897 644879 644962 644970 644964 644959 644875 644806 644826 644628 644857 
644729 644757 644763 644641 644657 644775 644623 644695 644805 644615 644849 644816 644822 644720 644850 644789 644704 644929 644907 644815 644787 644673 644645 644827 644879 644877 644813 644753 644642 644623 644625 644599 644596 644928 644993 644755 644801 644975 644964 644527 645034 645052 644993 644793 644493 644507 644733 644853 644903 644895 644939 645000 645003 644980 644974 645046 645057 645009 644467 644950 644997 645065 645020 644917 644659 644824 644945 644959 645007 645090 644885 644691 644805 644963 644985 645095 644663 644589 644567 644756 644889 644879 645045 645060 644923 644726 644775 644789 644786 644861 644861 644971 645029 644948 644945 644908 644709 644571 644704 644855 644959 645004 644973 644959 644579 644712 644795 644773 644793 644787 644899 644873 644759 644737 644665 644692 644767 644767 644749 644843 644887 644881 644939 644915 644890 644911 644764 644741 
0 642191 642197 0 642091 642209 642057 642129 642239 642049 642257 642291 0 642195 642289 642311 642179 642257 0 642337 642357 642387 642311 642185 0 0 642383 642419 642081 642433 642339 642121 642071 642209 0 642469 642137 642233 0 642193 0 642329 0 642473 0 0 642065 642137 642161 642161 0 0 0 0 0 642281 0 0 642133 642185 0 0 642377 642449 642565 642089 642209 0 642281 0 0 0 0 642281 0 0 642593 642612 0 0 0 0 642377 0 642473 641993 642017 0 0 0 0 0 642377 0 0 0 642615 0 0 0 0 0 642449 642473 642583 641969 0 0 642065 0 642305 642545 642615 0 641921 0 0 0 642209 0 0 0 0 642497 642545 0 0 0 
0 638547 0 0 0 0 0 638485 0 0 0 0 0 0 0 0 0 0 0 0 0 0 0 638563 0 0 0 638775 0 0 638695 0 0 0 0 638825 638515 0 0 0 0 0 0 638851 0 0 638443 0 0 0 0 0 0 0 0 0 0 0 0 0 0 0 0 638827 0 0 0 0 0 0 0 0 0 0 0 0 0 638885 0 0 0 0 0 0 0 0 0 0 0 0 0 0 0 0 0 0 638909 0 0 0 0 0 0 0 0 0 0 0 0 0 0 0 0 0 0 0 0 0 638587 0 0 0 0 0 0 0 0 0 
642112 642092 642146 642098 642114 642110 642152 642188 642092 642180 642193 642048 642054 641952 642088 642020 641936 642189 642200 642040 642014 641904 641876 642242 642216 642217 642027 641973 641886 641854 641856 641830 641828 642189 642146 641962 642255 642154 642165 641758 642105 642082 642053 641981 641724 641738 642289 642228 642190 642198 642166 642129 642126 642137 642143 642093 642082 642042 641698 642155 642115 642033 642031 641983 641866 642233 642113 642096 642058 642044 641963 642310 642240 642036 642047 642033 641856 641795 642360 642265 642133 642080 641977 641985 641936 642283 642246 642244 642247 642071 642021 642004 641969 641911 641914 641903 641835 642334 642293 642044 641998 641987 641905 641900 641766 642285 642206 642219 642181 642178 641968 641842 641810 641821 642296 642293 642216 642072 642015 641976 641962 641959 641900 641852 641825 641852 641807 642179 
644518 644498 644552 644526 644542 644516 644604 644628 644498 644644 644638 644454 644460 644358 644500 644426 644342 644718 644696 644452 644424 644310 644282 644760 644764 644714 644450 644390 644292 644260 644262 644236 644234 644818 644804 644392 644830 644840 644818 644164 644742 644716 644630 644430 644130 644144 644906 644884 644912 644896 644891 644830 644827 644850 644856 644784 644773 644652 644104 644880 644816 644724 644674 644554 644296 644970 644826 644797 644749 644735 644522 644973 645004 644713 644735 644724 644300 644226 644885 645050 644870 644773 644668 644676 644576 645027 645055 645041 645038 644755 644659 644673 644660 644602 644605 644570 644346 644894 645019 644701 644661 644663 644596 644591 644216 645035 645003 645028 644966 644963 644601 644533 644396 644374 645013 645031 645025 644757 644643 644593 644589 644583 644585 644543 644516 644543 644402 644971 
644632 644612 644666 644640 644656 644630 644681 644741 644612 644685 644752 644568 644574 644472 644614 644540 644456 644832 644810 644566 644538 644424 644396 644873 644878 644828 644564 644504 644406 644374 644376 644350 644348 644932 644918 644506 644871 644954 644932 644278 644856 644830 644744 644544 644244 644258 644828 644925 644989 644973 645018 644984 644987 645012 645006 644934 644897 644766 644218 645029 644998 644850 644788 644668 644410 644939 645036 645017 644969 644887 644636 644786 644926 644938 644958 644898 644414 644340 644662 644876 645051 644998 644858 644850 644690 644840 644903 644917 644912 644980 644884 644898 644866 644732 644729 644684 644460 644666 644820 644926 644886 644888 644786 644743 644330 644836 644955 644930 644992 644991 644826 644657 644510 644488 644790 644820 644933 644945 644868 644818 644814 644808 644810 644743 644674 644695 644516 644956 
644620 644600 644654 644627 644643 644618 644633 644693 644600 644637 644740 644556 644562 644460 644602 644528 644444 644820 644798 644554 644526 644412 644384 644825 644865 644816 644552 644492 644394 644362 644364 644338 644336 644919 644906 644494 644823 644942 644920 644266 644844 644818 644732 644532 644232 644246 644767 644877 644941 644925 644977 644984 644987 645011 645005 644934 644890 644754 644206 644993 644998 644844 644776 644656 644398 644879 645035 645017 644969 644887 644624 644725 644865 644991 644980 644898 644402 644328 644601 644815 645015 645059 644858 644850 644678 644779 644853 644857 644851 645041 644946 644960 644866 644728 644722 644672 644448 644605 644759 644988 644948 644944 644786 644743 644318 644775 644906 644881 644943 644946 644888 644650 644498 644476 644729 644759 644884 644971 644929 644880 644876 644870 644839 644743 644674 644695 644504 644933 
0 643577 643589 0 643377 643613 643309 643453 643673 643293 643761 643770 0 643578 643773 643786 643546 643921 0 643838 643832 643606 643550 643717 0 0 643884 643766 643357 643506 643510 643406 643330 643929 0 643770 643665 644069 0 643314 0 644205 0 643846 0 0 643529 643773 643925 643893 0 0 0 0 0 644257 0 0 643194 644065 0 0 644282 644094 643578 643753 644129 0 644263 0 0 0 0 644219 0 0 643586 643438 0 0 0 0 644454 0 644138 643553 643701 0 0 0 0 0 644438 0 0 0 643678 0 0 0 0 0 644362 644282 643418 643545 0 0 643833 0 644179 644082 643778 0 643453 0 0 0 643933 0 0 0 0 644256 644150 0 0 0 
644694 644722 644728 644606 644622 644740 644588 644660 644770 644580 644814 644821 644827 644725 644820 644805 644709 644894 644872 644831 644815 644713 644685 644792 644844 644842 644841 644793 644612 644663 644665 644615 644601 644898 644980 644795 644766 644965 644946 644567 645014 645036 645009 644833 644533 644523 644698 644820 644893 644880 644929 644984 644981 644956 644962 645034 645047 645031 644507 644938 644965 645095 645053 644957 644699 644810 644913 644927 644975 645081 644925 644656 644795 644931 644953 645069 644703 644629 644532 644746 644857 644847 645064 645080 644979 644710 644765 644779 644776 644829 644829 644939 645048 645013 645010 644973 644749 644536 644690 644823 644927 644977 645016 645020 644619 644702 644763 644741 644761 644755 644867 644938 644799 644777 644655 644682 644735 644735 644717 644811 644855 644849 644982 644958 644945 644972 644805 644709 
0 643237 0 0 0 0 0 643082 0 642882 643467 0 0 0 643482 643537 0 643617 0 643602 643652 0 0 643392 0 0 643717 643807 0 0 643585 0 0 643567 0 643910 643305 643608 0 0 0 643862 0 644005 0 0 643131 643384 0 643436 0 0 0 0 0 0 0 0 0 643465 0 0 643979 644139 643838 643255 0 0 643670 0 0 0 0 643604 0 0 0 643735 0 0 0 0 0 0 644198 643017 643052 0 0 0 0 0 0 0 0 0 643973 0 0 0 0 0 0 644162 643758 0 0 0 643131 0 643532 644140 644048 0 0 0 0 0 643211 0 0 0 0 0 644123 0 0 0 
0 643318 0 0 0 0 0 643451 0 643395 643604 0 0 0 643419 643330 0 643724 0 643395 643373 0 0 643715 0 0 643438 643384 0 0 643112 0 0 643782 0 643437 643772 643765 0 0 0 643731 0 643508 0 0 643814 643815 0 643809 0 0 0 0 0 0 0 0 0 643744 0 0 643704 643650 643389 643844 0 0 643591 0 0 0 0 643525 0 0 0 643358 0 0 0 0 0 0 643657 643852 643833 0 0 0 0 0 0 0 0 0 643526 0 0 0 0 0 0 643597 643365 0 0 0 643702 0 643381 643599 643571 0 0 0 0 0 643348 0 0 0 0 0 643552 0 0 0 
0 643242 0 0 0 0 0 643375 0 643319 643544 0 0 0 643343 643254 0 643744 0 643319 643297 0 0 643705 0 0 643362 643268 0 0 642972 0 0 643864 0 643297 643784 643921 0 0 0 643831 0 643392 0 0 643830 643891 0 643933 0 0 0 0 0 0 0 0 0 643994 0 0 643816 643668 643153 643972 0 0 643911 0 0 0 0 643861 0 0 0 643050 0 0 0 0 0 0 643701 643930 644037 0 0 0 0 0 0 0 0 0 643326 0 0 0 0 0 0 643785 643073 0 0 0 644020 0 643717 643659 643431 0 0 0 0 0 643684 0 0 0 0 0 643674 0 0 0 
644574 644554 644608 644582 644598 644572 644660 644684 644554 644700 644694 644510 644516 644414 644556 644482 644398 644774 644752 644508 644480 644366 644338 644816 644820 644770 644506 644446 644348 644316 644318 644292 644290 644874 644860 644448 644886 644890 644874 644220 644798 644772 644686 644486 644186 644200 644945 644940 644962 644952 644950 644893 644890 644913 644919 644847 644828 644708 644160 644943 644869 644781 644730 644610 644352 645021 644865 644831 644783 644798 644578 644963 645039 644739 644761 644781 644356 644282 644864 645038 644905 644799 644717 644733 644632 645017 645053 645059 645056 644781 644685 644699 644701 644663 644660 644623 644402 644868 645009 644727 644687 644689 644645 644654 644272 645018 645022 645012 644984 644978 644627 644588 644452 644430 644984 645010 645006 644783 644669 644619 644615 644609 644611 644587 644579 644606 644458 644968 
642371 642351 642405 642379 642395 642369 642447 642481 642351 642475 642460 642307 642313 642211 642353 642279 642195 642500 642489 642305 642277 642163 642135 642557 642547 642510 642294 642240 642145 642113 642115 642089 642087 642574 642543 642229 642594 642573 642562 642017 642488 642463 642396 642248 641983 641997 642632 642621 642635 642627 642631 642570 642567 642590 642596 642524 642511 642407 641957 642620 642556 642464 642418 642322 642133 642664 642566 642537 642489 642475 642294 642625 642681 642467 642478 642464 642123 642062 642563 642670 642600 642533 642408 642416 642321 642652 642679 642691 642688 642524 642452 642435 642400 642342 642343 642306 642134 642565 642642 642485 642429 642418 642336 642331 642033 642650 642663 642652 642648 642645 642399 642271 642159 642148 642627 642642 642649 642539 642468 642407 642393 642390 642331 642283 642256 642283 642162 642636 
644684 644664 644718 644621 644637 644682 644614 644686 644664 644606 644804 644620 644626 644524 644666 644592 644508 644884 644862 644618 644590 644476 644448 644818 644859 644845 644616 644556 644458 644426 644428 644402 644400 644913 644970 644558 644792 644971 644949 644330 644908 644882 644796 644596 644296 644310 644724 644846 644922 644906 644970 645021 645027 645017 645005 645004 644954 644818 644270 644992 645049 644908 644840 644720 644462 644836 645056 645073 645060 644958 644688 644682 644822 645072 645071 644980 644466 644392 644558 644772 645023 645067 644948 644932 644742 644736 644810 644814 644808 645051 645026 645040 644957 644792 644786 644736 644512 644562 644716 645033 645028 645023 644876 644814 644382 644732 644890 644864 644927 644930 644968 644714 644562 644540 644686 644716 644868 644968 644939 644960 644956 644950 644930 644834 644748 644766 644568 644917 
644022 644038 644056 643958 643974 644056 643964 644024 644050 643968 644142 644030 644036 643934 644064 644014 643918 644222 644200 644040 644024 643946 643906 644156 644196 644182 644050 644014 643856 643920 643898 643824 643810 644250 644308 644028 644154 644308 644286 643788 644294 644280 644218 644066 643766 643732 644122 644208 644272 644256 644308 644358 644364 644354 644342 644378 644340 644240 643728 644330 644381 644318 644262 644178 643980 644222 644383 644400 644424 644356 644158 644116 644220 644446 644435 644377 643996 643922 644028 644194 644363 644416 644361 644353 644212 644170 644232 644224 644218 644425 644473 644442 644369 644262 644256 644218 644042 644044 644162 644452 644448 644423 644325 644284 643912 644178 644290 644277 644315 644318 644478 644220 644092 644070 644156 644174 644280 644424 644435 644482 644480 644477 644366 644306 644254 644260 644098 644317 
644609 644637 644643 644521 644537 644655 644503 644575 644673 644495 644729 644677 644683 644581 644711 644651 644565 644809 644787 644677 644649 644535 644507 644707 644759 644757 644675 644615 644503 644485 644487 644461 644457 644813 644895 644617 644681 644883 644861 644389 644917 644927 644855 644655 644355 644369 644613 644735 644811 644795 644859 644933 644939 644917 644905 644977 644963 644877 644329 644881 644961 644965 644899 644779 644521 644725 644962 644991 645039 645003 644747 644571 644711 645061 645050 645025 644525 644451 644447 644661 644918 644995 645007 644991 644801 644625 644699 644703 644697 644992 644995 645081 645022 644851 644845 644795 644571 644451 644605 644989 645077 645086 644935 644873 644441 644621 644779 644753 644822 644825 645021 644773 644621 644599 644575 644605 644759 644901 644883 644977 645009 645003 644995 644897 644807 644825 644627 644812 
0 643613 643625 0 643413 643649 643345 643489 643709 643329 643797 643758 0 643566 643807 643736 643534 643957 0 643788 643744 643517 643461 643753 0 0 643796 643677 643391 643417 643421 643356 643318 643965 0 643681 643701 644091 0 643225 0 644239 0 643757 0 0 643565 643809 643947 643929 0 0 0 0 0 644233 0 0 643105 644041 0 0 644232 644005 643489 643789 644135 0 644269 0 0 0 0 644225 0 0 643497 643349 0 0 0 0 644348 0 644049 643589 643691 0 0 0 0 0 644354 0 0 0 643589 0 0 0 0 0 644217 644131 643329 643565 0 0 643839 0 644185 643959 643689 0 643471 0 0 0 643939 0 0 0 0 644127 643993 0 0 0 
644586 644614 644620 644498 644514 644632 644480 644552 644662 644472 644706 644714 644720 644618 644712 644734 644602 644786 644764 644760 644780 644786 644722 644684 644736 644734 644806 644830 644504 644784 644738 644544 644494 644778 644843 644868 644658 644825 644814 644604 644884 644907 644936 644906 644606 644452 644590 644703 644753 644745 644789 644826 644823 644798 644804 644876 644907 644947 644544 644780 644804 644956 644958 644994 644820 644674 644752 644766 644814 644923 644998 644548 644655 644770 644792 644908 644824 644750 644424 644606 644696 644686 644940 644956 645029 644576 644619 644639 644636 644668 644668 644778 644924 645054 645051 645050 644870 644428 644554 644662 644766 644816 645000 645043 644740 644562 644602 644580 644600 644594 644706 645027 644915 644898 644515 644542 644574 644574 644556 644650 644694 644688 644930 645014 645016 645043 644918 644548 
644619 644647 644653 644531 644547 644665 644513 644585 644695 644505 644739 644747 644753 644651 644745 644767 644635 644819 644797 644793 644813 644831 644767 644717 644769 644767 644839 644875 644537 644793 644783 644577 644527 644808 644873 644913 644691 644855 644844 644649 644914 644937 644966 644951 644651 644485 644623 644733 644783 644775 644809 644844 644841 644815 644822 644894 644931 644977 644589 644798 644819 644978 644988 645036 644829 644704 644767 644781 644829 644941 645043 644579 644685 644785 644807 644923 644833 644759 644457 644636 644711 644701 644955 644971 645071 644606 644637 644669 644666 644683 644683 644793 644939 645084 645087 645068 644879 644461 644584 644677 644781 644831 645027 645073 644749 644592 644617 644595 644615 644609 644721 645027 644921 644907 644545 644572 644589 644589 644571 644665 644709 644703 644945 645017 645010 645037 644924 644563 
644648 644676 644682 644560 644576 644694 644542 644614 644724 644534 644768 644776 644782 644680 644774 644796 644664 644848 644826 644822 644842 644849 644785 644746 644798 644796 644868 644893 644566 644834 644801 644606 644556 644851 644916 644931 644720 644886 644887 644667 644957 644980 645000 644969 644669 644514 644652 644774 644814 644818 644815 644837 644831 644805 644817 644889 644939 645020 644607 644793 644809 644985 645031 645057 644870 644747 644757 644771 644819 644935 645061 644610 644720 644775 644797 644913 644874 644800 644486 644673 644701 644691 644945 644961 645103 644649 644639 644683 644689 644673 644673 644783 644929 645078 645084 645117 644920 644490 644627 644667 644771 644821 645006 645056 644790 644621 644607 644585 644605 644599 644711 645047 644970 644948 644571 644589 644579 644579 644561 644655 644699 644693 644935 645019 645013 645043 644976 644553 
0 0 0 0 0 0 0 0 0 0 0 0 0 0 0 0 0 0 0 0 0 0 0 643468 0 0 0 643719 0 0 0 0 0 0 0 0 643381 0 0 0 0 0 0 0 0 0 643207 0 0 0 0 0 0 0 0 0 0 0 0 0 0 0 0 643937 0 0 0 0 0 0 0 0 0 0 0 0 0 0 0 0 0 0 0 0 0 0 0 0 0 0 0 0 0 0 0 0 644127 0 0 0 0 0 0 0 0 0 0 0 0 0 0 0 0 0 0 0 0 0 642913 0 0 0 0 0 0 0 0 0 
644589 644569 644623 644597 644613 644587 644675 644699 644569 644715 644709 644525 644531 644429 644571 644497 644413 644762 644761 644523 644495 644381 644353 644829 644811 644782 644521 644461 644363 644331 644333 644307 644305 644784 644712 644463 644886 644724 644746 644235 644678 644655 644626 644501 644201 644215 644956 644859 644796 644812 644748 644674 644668 644690 644702 644630 644632 644615 644175 644726 644646 644582 644602 644556 644367 644882 644642 644608 644560 644580 644536 645013 644896 644516 644538 644558 644371 644297 645077 644946 644682 644576 644494 644510 644508 644982 644908 644904 644910 644558 644462 644476 644478 644458 644464 644466 644406 645067 645002 644504 644464 644466 644422 644436 644287 644986 644828 644854 644778 644772 644404 644392 644383 644394 645014 644996 644848 644560 644446 644396 644392 644386 644388 644364 644358 644388 644380 644774 
644519 644499 644553 644527 644543 644517 644605 644629 644499 644645 644639 644455 644461 644359 644501 644427 644343 644719 644697 644453 644425 644311 644283 644761 644765 644715 644451 644391 644293 644261 644263 644237 644235 644819 644805 644393 644831 644841 644819 644165 644743 644717 644631 644431 644131 644145 644907 644885 644913 644897 644898 644837 644834 644857 644863 644791 644780 644653 644105 644887 644823 644731 644675 644555 644297 644971 644822 644788 644740 644742 644523 645009 645005 644696 644718 644731 644301 644227 644950 645051 644862 644756 644674 644683 644577 645063 645062 645042 645039 644738 644642 644656 644658 644609 644612 644571 644347 644954 645084 644684 644644 644646 644602 644598 644217 645100 645008 645034 644958 644952 644584 644540 644397 644375 645078 645094 645028 644740 644626 644576 644572 644566 644568 644544 644523 644550 644403 644954 
642349 642341 642383 642333 642349 642359 642351 642411 642347 642355 642446 642303 642309 642207 642349 642275 642191 642486 642475 642301 642273 642159 642131 642495 642509 642484 642298 642239 642141 642109 642111 642085 642083 642536 642529 642233 642482 642547 642536 642013 642492 642467 642400 642252 641979 641993 642448 642509 642547 642539 642571 642572 642575 642588 642582 642546 642515 642411 641953 642582 642586 642468 642422 642326 642137 642504 642612 642605 642581 642505 642298 642427 642497 642603 642592 642516 642127 642066 642365 642472 642604 642645 642476 642468 642325 642454 642491 642493 642490 642654 642628 642593 642484 642350 642347 642310 642138 642367 642444 642649 642599 642562 642404 642361 642037 642452 642531 642518 642556 642559 642593 642275 642163 642152 642429 642444 642521 642641 642620 642595 642587 642584 642457 642361 642292 642313 642166 642558 
644665 644657 644699 644589 644605 644675 644571 644643 644667 644563 644785 644623 644629 644527 644669 644595 644511 644865 644843 644621 644593 644479 644451 644775 644827 644825 644619 644559 644461 644429 644431 644405 644403 644881 644951 644561 644749 644951 644929 644333 644911 644885 644799 644599 644299 644313 644681 644803 644879 644863 644927 645001 645007 644985 644973 644997 644957 644821 644273 644949 645027 644911 644843 644723 644465 644793 645017 645046 645046 644961 644691 644639 644779 645068 645057 644983 644469 644395 644515 644729 644973 645044 644945 644935 644745 644693 644767 644771 644765 645035 645028 645052 644953 644795 644789 644739 644515 644519 644673 645034 645046 645031 644873 644817 644385 644689 644840 644815 644877 644880 644992 644717 644565 644543 644643 644673 644818 644946 644928 644974 644980 644974 644926 644830 644751 644769 644571 644867 
644655 644683 644689 644567 644583 644701 644549 644621 644730 644541 644775 644710 644716 644614 644744 644694 644598 644855 644833 644720 644692 644578 644550 644753 644805 644803 644718 644658 644536 644528 644530 644504 644490 644859 644941 644660 644727 644929 644907 644432 644974 644960 644898 644698 644398 644412 644659 644781 644857 644841 644905 644979 644985 644963 644951 645023 645020 644920 644372 644927 645007 644998 644942 644822 644564 644771 645011 645040 645088 645036 644790 644617 644757 645084 645099 645058 644568 644494 644493 644707 644967 645000 645050 645034 644844 644671 644745 644749 644743 644982 644982 645091 645066 644894 644888 644838 644614 644497 644651 644976 645079 645093 644978 644916 644484 644667 644825 644799 644871 644874 645019 644816 644664 644642 644621 644651 644805 644888 644870 644964 645007 645001 645039 644940 644850 644868 644670 644861 
0 643456 643468 0 643256 643492 643188 643332 643552 643172 643640 643656 0 643464 643652 643696 643432 643800 0 643748 643783 643776 643656 643596 0 0 643835 643872 643236 643722 643680 643316 643216 643808 0 643940 643544 643932 0 643420 0 644084 0 644016 0 0 643408 643652 643788 643772 0 0 0 0 0 644074 0 0 643300 643882 0 0 644192 644200 643794 643630 643954 0 644098 0 0 0 0 644076 0 0 643802 643654 0 0 0 0 644290 0 644308 643432 643532 0 0 0 0 0 644290 0 0 0 643894 0 0 0 0 0 644394 644388 643634 643406 0 0 643666 0 644036 644262 643994 0 643312 0 0 0 643790 0 0 0 0 644386 644296 0 0 0 
0 643254 0 0 0 0 0 643099 0 642899 643484 0 0 0 643499 643554 0 643656 0 643619 643669 0 0 643429 0 0 643734 643784 0 0 643530 0 0 643614 0 643855 643344 643697 0 0 0 643923 0 643950 0 0 643170 643425 0 643509 0 0 0 0 0 0 0 0 0 643600 0 0 644046 644138 643807 643330 0 0 643803 0 0 0 0 643737 0 0 0 643766 0 0 0 0 0 0 644191 643088 643173 0 0 0 0 0 0 0 0 0 644012 0 0 0 0 0 0 644227 643789 0 0 0 643266 0 643665 644177 644087 0 0 0 0 0 643344 0 0 0 0 0 644194 0 0 0 
0 642521 0 0 0 0 0 642425 0 642377 642497 0 0 0 642569 642617 0 0 0 642617 642641 0 0 642425 0 0 642641 642689 0 0 642693 0 0 0 0 642713 642377 0 0 0 0 0 0 642713 0 0 642305 0 0 0 0 0 0 0 0 0 0 0 0 0 0 0 0 642689 642809 0 0 0 0 0 0 0 0 0 0 0 0 642881 0 0 0 0 0 0 0 0 0 0 0 0 0 0 0 0 0 0 642857 0 0 0 0 0 0 0 642893 0 0 0 0 0 642545 0 0 0 0 0 0 0 642449 0 0 0 0 0 0 0 0 0 
0 642820 642923 0 642868 642856 642944 643016 642820 643000 643095 642732 0 642540 642824 642676 642508 643255 0 642728 642672 642444 642388 643280 0 0 642724 642604 642408 642344 642348 642296 642292 643420 0 642608 643372 643431 0 642152 0 643242 0 642684 0 0 643452 643480 643504 643502 0 0 0 0 0 643306 0 0 642032 643434 0 0 643152 642932 642416 643576 643350 0 643236 0 0 0 0 643192 0 0 642424 642276 0 0 0 0 643074 0 642958 643666 643616 0 0 0 0 0 643058 0 0 0 642516 0 0 0 0 0 642930 642920 642256 643668 0 0 643486 0 643056 642804 642616 0 643616 0 0 0 643154 0 0 0 0 642824 642770 0 0 0 
644489 644469 644523 644497 644513 644487 644575 644599 644469 644615 644609 644425 644431 644329 644471 644397 644313 644689 644667 644423 644395 644281 644253 644731 644735 644685 644421 644361 644263 644231 644233 644207 644205 644789 644775 644363 644801 644811 644789 644135 644713 644687 644601 644401 644101 644115 644877 644855 644883 644867 644877 644842 644845 644870 644864 644792 644755 644623 644075 644888 644856 644708 644645 644525 644267 644941 644892 644863 644815 644745 644493 644900 644975 644780 644802 644756 644271 644197 644810 644978 644936 644840 644716 644708 644547 644954 645006 645008 645002 644822 644726 644740 644724 644590 644587 644541 644317 644814 644946 644768 644728 644730 644644 644601 644187 644962 645046 645033 645032 645029 644668 644515 644367 644345 644938 644958 645036 644824 644710 644660 644656 644650 644652 644601 644532 644553 644373 645031 
644509 644489 644543 644517 644533 644507 644595 644619 644489 644635 644629 644445 644451 644349 644491 644417 644333 644709 644687 644443 644415 644301 644273 644751 644755 644705 644441 644381 644283 644251 644253 644227 644225 644809 644795 644383 644821 644831 644809 644155 644733 644707 644621 644421 644121 644135 644897 644875 644903 644887 644903 644869 644872 644897 644891 644819 644779 644643 644095 644915 644883 644733 644665 644545 644287 644961 644895 644866 644818 644772 644513 644957 644995 644775 644797 644783 644291 644217 644855 645035 644939 644835 644737 644735 644567 645011 645070 645035 645029 644817 644721 644735 644729 644617 644611 644561 644337 644859 645003 644763 644723 644725 644665 644628 644207 645019 645072 645091 645035 645031 644663 644539 644387 644365 644983 645013 645088 644819 644705 644655 644651 644645 644647 644612 644559 644580 644393 645033 
0 643387 0 0 0 0 0 643616 0 643608 643713 0 0 0 643440 643303 0 643913 0 643368 643322 0 0 643946 0 0 643387 643285 0 0 642989 0 0 644115 0 643314 644073 644194 0 0 0 643980 0 643409 0 0 644191 644208 0 644262 0 0 0 0 0 0 0 0 0 644381 0 0 643923 643695 643170 644375 0 0 644350 0 0 0 0 644310 0 0 0 643035 0 0 0 0 0 0 643774 644325 644510 0 0 0 0 0 0 0 0 0 643335 0 0 0 0 0 0 643954 643010 0 0 0 644675 0 644142 643776 643460 0 0 0 0 0 644205 0 0 0 0 0 643861 0 0 0 
644507 644487 644541 644515 644531 644505 644593 644617 644487 644633 644627 644443 644449 644347 644489 644415 644331 644707 644685 644441 644413 644299 644271 644749 644753 644703 644439 644379 644281 644249 644251 644225 644223 644807 644793 644381 644819 644826 644807 644153 644731 644705 644619 644419 644119 644133 644876 644873 644898 644885 644886 644851 644854 644879 644873 644801 644764 644641 644093 644897 644865 644717 644663 644543 644285 644952 644903 644884 644836 644754 644511 644894 644973 644812 644829 644765 644289 644215 644771 644972 644955 644872 644725 644717 644565 644948 644991 644993 644990 644854 644758 644772 644733 644599 644596 644559 644335 644775 644929 644800 644760 644762 644653 644610 644205 644941 645031 645018 645032 645035 644700 644524 644385 644363 644894 644921 645021 644856 644742 644692 644688 644682 644682 644610 644541 644562 644391 645036 
0 642038 0 0 0 0 0 642072 0 642040 642154 0 0 0 642088 642062 0 0 0 642088 642084 0 0 642204 0 0 642110 642098 0 0 641994 0 0 0 0 642124 642226 0 0 0 0 0 0 642162 0 0 642230 0 0 0 0 0 0 0 0 0 0 0 0 0 0 0 0 642262 642124 0 0 0 0 0 0 0 0 0 0 0 0 642126 0 0 0 0 0 0 0 0 0 0 0 0 0 0 0 0 0 0 642222 0 0 0 0 0 0 0 642164 0 0 0 0 0 642520 0 0 0 0 0 0 0 642520 0 0 0 0 0 0 0 0 0 
0 643059 0 0 0 0 0 642904 0 642704 643289 0 0 0 643304 643359 0 643411 0 643424 643474 0 0 643186 0 0 643539 643629 0 0 643429 0 0 643369 0 643754 643099 643494 0 0 0 643696 0 643843 0 0 642925 643180 0 643294 0 0 0 0 0 0 0 0 0 643353 0 0 643825 643933 643932 643117 0 0 643532 0 0 0 0 643466 0 0 0 643829 0 0 0 0 0 0 644062 642871 642940 0 0 0 0 0 0 0 0 0 644039 0 0 0 0 0 0 644072 643844 0 0 0 642995 0 643394 644264 644114 0 0 0 0 0 643073 0 0 0 0 0 644247 0 0 0 
0 643510 0 0 0 0 0 643355 0 643155 643740 0 0 0 643755 643810 0 643940 0 643875 643925 0 0 643685 0 0 643990 644080 0 0 643880 0 0 643814 0 644205 643620 643805 0 0 0 644087 0 644300 0 0 643450 643643 0 643649 0 0 0 0 0 0 0 0 0 643616 0 0 644198 644448 644383 643466 0 0 643751 0 0 0 0 643685 0 0 0 644462 0 0 0 0 0 0 644441 643232 643217 0 0 0 0 0 0 0 0 0 644690 0 0 0 0 0 0 644333 644521 0 0 0 643214 0 643589 644517 644735 0 0 0 0 0 643214 0 0 0 0 0 644466 0 0 0 
644563 644591 644597 644475 644491 644609 644457 644529 644639 644449 644683 644691 644697 644595 644689 644711 644579 644763 644741 644737 644757 644787 644711 644661 644713 644711 644783 644819 644481 644821 644739 644521 644471 644700 644731 644869 644635 644701 644712 644593 644786 644811 644878 644907 644607 644429 644567 644631 644629 644637 644633 644655 644649 644623 644635 644707 644757 644867 644533 644611 644627 644803 644856 644952 644929 644564 644575 644589 644637 644753 644980 644497 644535 644593 644615 644731 644969 644930 644401 644488 644519 644509 644763 644779 644953 644470 644457 644501 644506 644491 644491 644601 644747 644919 644925 644968 645050 644405 644444 644485 644589 644639 644835 644897 644920 644436 644425 644403 644423 644417 644529 644973 645054 645065 644387 644407 644397 644397 644379 644473 644517 644511 644753 644873 644939 644933 645051 644371 
0 642588 642672 0 642604 642624 642680 642752 642612 642736 642844 642572 0 642380 642640 642540 642348 643004 0 642592 642548 642327 642271 643016 0 0 642600 642487 642224 642227 642231 642160 642132 643156 0 642491 643108 643202 0 642035 0 643072 0 642567 0 0 643188 643216 643274 643264 0 0 0 0 0 643132 0 0 641915 643228 0 0 643036 642815 642299 643340 643144 0 643062 0 0 0 0 643018 0 0 642307 642159 0 0 0 0 642996 0 642859 643428 643410 0 0 0 0 0 642980 0 0 0 642399 0 0 0 0 0 642871 642861 642139 643466 0 0 643280 0 642906 642741 642499 0 643514 0 0 0 642948 0 0 0 0 642765 642711 0 0 0 
643366 643368 643383 643346 643354 643377 643361 643385 643380 643369 643426 643382 643385 643334 643393 643380 643326 643466 643455 643393 643391 643370 643344 643451 643465 643452 643404 643398 643289 643362 643346 643285 643272 643492 643509 643411 643462 643515 643504 643285 643502 643501 643482 643430 643280 643239 643464 643489 643515 643507 643519 643519 643519 643519 643519 643519 643519 643493 643255 643519 643519 643519 643504 643480 643380 643508 643519 643519 643519 643519 643476 643479 643513 643519 643519 643519 643382 643345 643453 643512 643519 643519 643519 643519 643503 643506 643519 643519 643518 643519 643519 643519 643519 643519 643519 643512 643405 643457 643508 643519 643519 643519 643519 643519 643340 643516 643519 643519 643519 643519 643519 643500 643430 643419 643517 643519 643519 643519 643519 643519 643519 643519 643519 643519 643500 643512 643433 643519 
641790 641782 641824 641774 641790 641800 641828 641864 641794 641856 641881 641774 641780 641678 641808 641758 641662 641921 641910 641784 641768 641671 641643 641942 641944 641919 641787 641750 641600 641621 641623 641568 641554 641971 641964 641739 641977 641982 641971 641525 641933 641920 641877 641758 641491 641476 642015 642004 642018 642010 642018 642007 642010 642023 642017 641981 641956 641888 641465 642029 642021 641933 641899 641832 641643 642047 642039 642022 641998 641958 641804 642030 642064 641976 641987 641969 641633 641572 641968 642075 642059 642006 641953 641945 641831 642057 642094 642084 642081 641997 641949 641956 641957 641856 641853 641816 641644 641970 642047 641970 641950 641951 641910 641867 641543 642055 642122 642121 642107 642104 641920 641781 641669 641658 642032 642047 642124 641998 641941 641916 641914 641911 641912 641867 641798 641819 641672 642105 
644584 644564 644618 644568 644584 644582 644586 644658 644564 644578 644704 644520 644526 644424 644566 644492 644408 644784 644762 644518 644490 644376 644348 644790 644806 644768 644516 644456 644358 644326 644328 644302 644300 644860 644870 644458 644764 644894 644872 644230 644808 644782 644696 644496 644196 644210 644696 644818 644894 644878 644942 644944 644950 644964 644952 644904 644854 644718 644170 644964 644972 644808 644740 644620 644362 644808 645004 644997 644961 644858 644588 644654 644794 644983 644972 644880 644366 644292 644530 644744 644996 645037 644848 644832 644642 644708 644782 644786 644780 645046 645024 644967 644858 644692 644686 644636 644412 644534 644688 645047 644973 644936 644776 644714 644282 644704 644862 644836 644900 644903 644966 644614 644462 644440 644658 644688 644841 645038 644984 644958 644954 644948 644831 644735 644648 644666 644468 644890 
0 0 0 0 0 0 0 0 0 0 0 0 0 0 0 0 0 0 0 0 0 0 0 639739 0 0 0 639250 0 0 0 0 0 0 0 0 639716 0 0 0 0 0 0 0 0 0 639614 0 0 0 0 0 0 0 0 0 0 0 0 0 0 0 0 639496 0 0 0 0 0 0 0 0 0 0 0 0 0 0 0 0 0 0 0 0 0 0 0 0 0 0 0 0 0 0 0 0 639184 0 0 0 0 0 0 0 0 0 0 0 0 0 0 0 0 0 0 0 0 0 640276 0 0 0 0 0 0 0 0 0 
644508 644500 644542 644444 644460 644518 644450 644510 644506 644442 644628 644462 644468 644366 644508 644434 644350 644708 644686 644460 644432 644318 644290 644642 644682 644668 644458 644398 644300 644268 644270 644244 644242 644736 644794 644400 644628 644794 644772 644172 644750 644724 644638 644438 644138 644152 644560 644682 644758 644742 644794 644841 644844 644833 644827 644839 644796 644660 644112 644815 644855 644750 644682 644562 644304 644672 644857 644874 644874 644798 644530 644518 644658 644896 644885 644809 644308 644234 644394 644608 644837 644890 644769 644761 644584 644572 644646 644650 644644 644899 644947 644886 644777 644634 644628 644578 644354 644398 644552 644926 644892 644855 644697 644654 644224 644568 644704 644679 644741 644744 644922 644556 644404 644382 644522 644552 644682 644898 644955 644956 644928 644931 644750 644654 644585 644606 644410 644731 
644523 644539 644557 644440 644456 644557 644422 644494 644575 644414 644643 644555 644561 644459 644589 644527 644443 644723 644701 644553 644525 644411 644383 644626 644678 644676 644551 644491 644381 644361 644363 644337 644335 644732 644809 644493 644600 644802 644780 644265 644819 644805 644731 644531 644231 644245 644532 644654 644730 644714 644778 644849 644852 644829 644823 644878 644865 644753 644205 644799 644863 644843 644775 644655 644397 644644 644853 644882 644913 644879 644623 644490 644630 644935 644924 644890 644401 644327 644366 644580 644809 644886 644862 644854 644677 644544 644618 644622 644616 644895 644962 644955 644870 644727 644721 644671 644447 644370 644524 644934 644961 644936 644790 644747 644317 644540 644676 644651 644713 644716 644991 644649 644497 644475 644494 644524 644654 644870 644921 644995 644997 645000 644843 644747 644678 644699 644503 644703 
642339 642355 642373 642275 642291 642373 642281 642341 642379 642285 642452 642359 642365 642263 642393 642343 642247 642492 642481 642369 642350 642236 642208 642441 642467 642466 642376 642316 642185 642186 642188 642153 642139 642494 642535 642318 642428 642529 642518 642090 642540 642527 642484 642345 642056 642061 642394 642455 642493 642485 642517 642554 642557 642546 642540 642576 642563 642495 642030 642528 642568 642540 642506 642419 642222 642450 642570 642587 642611 642565 642391 642373 642443 642633 642622 642576 642220 642152 642311 642418 642550 642603 642560 642552 642418 642400 642437 642439 642436 642612 642660 642641 642568 642443 642440 642403 642231 642313 642390 642639 642647 642622 642497 642454 642130 642398 642477 642464 642502 642505 642677 642368 642256 642245 642375 642390 642467 642611 642642 642689 642683 642686 642550 642454 642385 642406 642259 642504 
644493 644521 644527 644405 644421 644539 644387 644459 644569 644379 644613 644621 644627 644525 644619 644641 644509 644693 644671 644667 644675 644668 644605 644591 644643 644641 644701 644713 644411 644618 644620 644451 644401 644697 644779 644750 644565 644767 644745 644487 644813 644835 644845 644788 644488 644359 644497 644619 644695 644679 644743 644817 644823 644801 644789 644861 644859 644867 644427 644765 644845 644909 644889 644877 644654 644609 644840 644869 644917 644911 644880 644455 644595 644939 644928 644933 644658 644584 644331 644545 644796 644873 644997 644981 644934 644509 644583 644587 644581 644858 644858 644968 645006 644984 644978 644928 644704 644335 644489 644852 644956 644988 645033 645006 644574 644505 644663 644637 644700 644703 644896 644906 644754 644732 644459 644489 644641 644764 644746 644840 644884 644878 645051 645026 644940 644958 644760 644690 
0 643438 643450 0 643238 643474 643170 643314 643534 643154 643622 643632 0 643440 643634 643660 643408 643782 0 643712 643740 643752 643624 643578 0 0 643792 643840 643218 643774 643656 643280 643192 643790 0 643916 643526 643930 0 643388 0 644066 0 643992 0 0 643390 643634 643786 643754 0 0 0 0 0 644074 0 0 643268 643882 0 0 644156 644168 643848 643614 643944 0 644078 0 0 0 0 644034 0 0 643856 643708 0 0 0 0 644278 0 644284 643414 643532 0 0 0 0 0 644266 0 0 0 643948 0 0 0 0 0 644386 644382 643688 643406 0 0 643648 0 643994 644334 644048 0 643312 0 0 0 643748 0 0 0 0 644428 644368 0 0 0 
0 643485 0 0 0 0 0 643330 0 643130 643715 0 0 0 643730 643785 0 643915 0 643850 643900 0 0 643660 0 0 643965 644055 0 0 643855 0 0 643925 0 644180 643595 644100 0 0 0 644270 0 644275 0 0 643425 643730 0 643880 0 0 0 0 0 0 0 0 0 644043 0 0 644405 644465 644240 643705 0 0 644190 0 0 0 0 644124 0 0 0 644137 0 0 0 0 0 0 644640 643455 643616 0 0 0 0 0 0 0 0 0 644413 0 0 0 0 0 0 644762 644160 0 0 0 643653 0 643974 644832 644538 0 0 0 0 0 643599 0 0 0 0 0 644841 0 0 0 
644560 644588 644594 644472 644488 644606 644454 644526 644636 644446 644680 644688 644694 644592 644686 644708 644576 644754 644738 644734 644754 644784 644708 644658 644705 644708 644780 644816 644478 644817 644736 644518 644468 644732 644797 644866 644630 644779 644768 644590 644838 644861 644890 644904 644604 644426 644560 644657 644707 644699 644743 644796 644793 644768 644774 644846 644861 644901 644530 644750 644774 644910 644912 644960 644859 644628 644722 644736 644784 644893 644980 644503 644609 644740 644762 644878 644863 644789 644398 644560 644666 644656 644910 644926 645007 644530 644579 644593 644590 644638 644638 644748 644894 645032 645029 645039 644909 644395 644508 644632 644736 644786 644982 645037 644779 644516 644572 644550 644570 644564 644676 645046 644934 644923 644469 644496 644544 644544 644526 644620 644664 644658 644900 645019 645051 645072 644937 644518 
644496 644524 644530 644408 644424 644542 644390 644462 644572 644382 644616 644624 644630 644528 644622 644644 644512 644690 644674 644670 644690 644720 644644 644594 644641 644644 644716 644752 644414 644766 644672 644454 644404 644640 644671 644802 644566 644641 644652 644526 644726 644751 644818 644840 644540 644362 644496 644571 644569 644577 644572 644594 644588 644562 644574 644646 644696 644807 644466 644550 644566 644742 644796 644892 644898 644504 644514 644528 644576 644692 644916 644437 644475 644532 644554 644670 644938 644936 644334 644428 644458 644448 644702 644718 644893 644410 644396 644440 644446 644430 644430 644540 644686 644858 644864 644908 645020 644331 644384 644424 644528 644578 644774 644836 644974 644376 644364 644342 644362 644356 644468 644936 645031 645034 644327 644346 644336 644336 644318 644412 644456 644450 644692 644812 644902 644884 645028 644310 
644464 644444 644498 644472 644488 644462 644550 644574 644444 644590 644584 644400 644406 644304 644446 644372 644288 644664 644642 644398 644370 644256 644228 644706 644710 644660 644396 644336 644238 644206 644208 644182 644180 644764 644750 644338 644776 644786 644764 644110 644688 644662 644576 644376 644076 644090 644852 644830 644858 644842 644858 644836 644842 644868 644856 644784 644734 644598 644050 644880 644864 644688 644620 644500 644242 644916 644913 644894 644846 644738 644468 644883 644950 644844 644855 644760 644246 644172 644781 644961 644965 644910 644728 644712 644522 644937 644999 644990 644984 644894 644798 644812 644743 644572 644566 644516 644292 644785 644929 644840 644800 644795 644656 644594 644162 644945 645066 645053 645061 645064 644740 644494 644342 644320 644909 644939 645059 644896 644782 644732 644728 644722 644708 644618 644528 644546 644348 645093 
