643638 643627 643543 643573 643560 643568 643548 643506 643452 643459 643537 643531 643552 643446 643434 643445 643456 643481 643482 643495 643487 643518 643493 643499 643436 643424 643429 643396 643507 643497 643508 643475 643422 643415 643423 643382 643400 643395 643409 643448 643450 643488 643489 643499 643490 643474 643495 643452 643396 643384 643372 643361 643332 643393 643470 643483 643439 643438 643422 643404 643386 643350 643337 643330 643471 643463 643420 643385 643331 643298 643320 643453 643424 643450 643438 643435 643350 643363 643312 643307 643289 643425 643413 643428 643438 643385 643370 643337 643302 643304 643265 643314 643419 643283 643285 643251 643262 643344 643368 643382 643395 643400 643275 643250 643255 643360 643369 643305 643280 643288 643344 643364 643364 643368 643379 643367 643376 643261 643341 643358 643338 643335 643350 643303 643275 643303 643258 643218 
0 644144 643988 644080 644078 644038 644018 643872 643776 0 643980 0 643874 0 0 0 0 643864 643866 643892 643876 643942 643754 643826 643738 643714 0 643680 643916 643916 643750 643682 0 0 643712 643632 643702 0 0 0 0 0 643880 643900 643938 643880 643646 643638 0 0 643610 643584 0 0 643854 643770 643586 643630 0 643590 643614 643566 643536 643562 643842 643518 643510 643514 643528 643498 0 0 643784 0 643734 643602 0 643474 643462 643480 0 643808 643784 643778 643470 643370 0 0 643374 643430 643432 643530 643394 643298 643354 643404 643426 643724 643760 643722 643418 0 643266 643262 0 643716 643242 643242 643238 643656 643700 643686 643686 643694 643666 643258 643222 0 643640 643390 643238 0 643066 643090 0 0 643150 643134 
0 0 624226 0 0 0 624007 624086 0 0 0 0 0 0 0 0 0 0 0 0 0 0 0 0 0 0 0 0 0 0 0 0 0 0 0 0 0 0 0 0 0 0 0 0 0 0 0 0 0 0 0 0 0 0 0 0 0 0 0 0 0 0 0 0 0 0 0 0 0 0 0 0 0 0 0 0 0 0 0 0 0 0 0 0 0 0 0 0 0 0 0 0 0 0 0 0 0 0 0 0 0 0 0 0 0 0 0 0 0 0 0 0 0 0 0 0 0 0 0 623526 0 0 0 0 0 0 0 0 
0 644539 644425 644587 644535 644433 644393 644235 644151 0 644473 0 644335 0 0 0 0 644329 644375 644401 644373 644397 644197 644209 644083 644059 0 644071 644357 644195 644293 644161 0 0 644057 644003 644137 0 0 0 0 0 644285 644325 644447 644145 644221 644115 0 0 643955 643949 0 0 644233 644263 644089 644087 0 644019 643983 643911 643901 644041 644167 644157 644051 643981 643873 643945 0 0 643957 0 644077 644167 0 643937 643835 643825 0 644259 644079 643961 644153 643981 0 0 643815 643819 643941 643969 644115 643777 643781 643909 643857 644067 644115 643887 644087 0 643761 643711 0 644075 644035 643821 643771 643955 644043 644015 644015 643935 643791 644031 644029 0 643839 643941 643973 0 643931 643817 0 0 643727 643647 
0 0 644359 0 644659 0 644505 644149 644065 0 644433 0 644253 0 0 0 0 0 0 0 0 0 0 644123 0 0 0 643985 644315 0 0 0 0 0 0 643917 0 0 0 0 0 0 0 0 0 0 0 0 0 0 643869 643863 0 0 0 0 644003 0 0 643933 0 643825 643815 0 0 0 0 643895 643787 643879 0 0 0 0 0 0 0 0 0 643739 0 0 0 0 644097 0 0 0 643729 643733 643865 0 0 0 643695 0 643815 0 644271 0 0 0 0 0 0 644207 0 0 643685 644087 0 0 0 0 643879 0 643973 0 0 644029 0 0 0 0 0 0 643641 643561 
0 644654 644318 644438 644556 644852 644704 644314 644194 0 644198 0 644766 0 0 0 0 644166 644122 644126 644094 644122 644624 644588 644330 644234 0 644066 644078 644428 644750 644588 0 0 644380 644058 644034 0 0 0 0 0 644006 644046 644276 644240 644652 644542 0 0 644154 644022 0 0 643954 644802 644516 644514 0 644444 644348 644098 643974 643850 644594 644588 644478 644408 644174 643818 0 0 644040 0 644546 644682 0 644364 644204 644126 0 644044 643996 644320 644610 644408 0 0 644242 644204 643686 643690 644572 644204 644204 643630 643578 643876 643948 643872 644626 0 644188 644138 0 643860 644520 644248 644198 643740 643828 643800 643800 643816 644210 644542 644486 0 643708 644432 644464 0 644288 644244 0 0 644154 644074 
0 0 630853 0 0 0 631162 630787 0 0 0 0 0 0 0 0 0 0 0 0 0 0 0 0 0 0 0 0 0 0 0 0 0 0 0 0 0 0 0 0 0 0 0 0 0 0 0 0 0 0 0 0 0 0 0 0 0 0 0 0 0 0 0 0 0 0 0 0 0 0 0 0 0 0 0 0 0 0 0 0 0 0 0 0 0 0 0 0 0 0 0 0 0 0 0 0 0 0 0 0 0 0 0 0 0 0 0 0 0 0 0 0 0 0 0 0 0 0 0 630897 0 0 0 0 0 0 0 0 
0 0 628492 0 0 0 628197 628634 0 0 0 0 0 0 0 0 0 0 0 0 0 0 0 0 0 0 0 0 0 0 0 0 0 0 0 0 0 0 0 0 0 0 0 0 0 0 0 0 0 0 0 0 0 0 0 0 0 0 0 0 0 0 0 0 0 0 0 0 0 0 0 0 0 0 0 0 0 0 0 0 0 0 0 0 0 0 0 0 0 0 0 0 0 0 0 0 0 0 0 0 0 0 0 0 0 0 0 0 0 0 0 0 0 0 0 0 0 0 0 627755 0 0 0 0 0 0 0 0 
0 0 636146 0 635978 0 635828 636164 636212 0 635998 0 635836 0 0 0 0 0 0 0 0 0 0 635994 0 0 0 636228 635986 0 0 0 0 0 0 636208 0 0 0 0 0 0 0 0 0 0 0 0 0 0 636160 636202 0 0 0 0 635874 0 0 636020 0 636164 636202 0 0 0 0 635982 636126 636254 0 0 0 0 0 0 0 0 0 636126 0 0 0 0 635608 0 0 0 636020 636072 636234 0 0 0 636034 0 636132 0 635726 0 0 0 0 0 0 635682 0 0 635928 635622 0 0 0 0 635490 0 635484 0 0 635448 0 0 0 0 0 0 635884 635948 
642165 642140 642252 642124 642084 642065 641997 642266 642248 642269 642052 642036 642073 642224 642257 642269 642269 642265 642206 642160 642144 642014 642146 642200 642214 642214 642219 642222 642040 641886 642017 642128 642188 642193 642201 642188 642245 642241 642233 642239 642142 642074 642004 642024 641958 641861 642016 642153 642186 642176 642164 642161 642142 642165 641978 641944 642140 642176 642160 642170 642176 642142 642137 642161 641872 641984 642121 642151 642123 642145 642165 641884 641767 641803 641827 641884 642128 642141 642104 642099 642127 641828 641804 641769 641947 642086 642124 642115 642094 642096 642079 642079 641928 642075 642077 642051 642025 641744 641780 641724 641856 641861 642067 642042 642035 641736 641866 642083 642072 641676 641720 641706 641706 641714 641684 641852 641885 642053 641660 641759 641775 641784 641871 642041 642041 642057 642050 642010 
0 0 638155 0 638116 0 638068 638119 638095 0 638191 0 638191 0 0 0 0 0 0 0 0 0 0 638143 0 0 0 638071 638179 0 0 0 0 0 0 638059 0 0 0 0 0 0 0 0 0 0 0 0 0 0 638059 638047 0 0 0 0 638143 0 0 638107 0 638047 638035 0 0 0 0 638107 638047 638035 0 0 0 0 0 0 0 0 0 638035 0 0 0 0 638188 0 0 0 638059 638047 638035 0 0 0 638047 0 638059 0 638008 0 0 0 0 0 0 637964 0 0 638071 637904 0 0 0 0 637780 0 638188 0 0 637972 0 0 0 0 0 0 638071 638035 
0 644814 644718 644814 644886 644838 644910 644646 644598 0 644698 644910 644790 0 644598 0 0 644670 644660 644662 644646 644660 644718 644694 644598 644574 644574 644550 644638 644802 644814 644718 644622 644598 644598 644526 644574 644574 644598 0 644596 644624 644602 644622 644796 644754 644790 644694 644574 644550 644526 644502 644478 644554 644576 644910 644694 644670 644670 644622 644574 644502 644478 644524 644826 644790 644694 644622 644502 644478 0 644806 644658 0 644802 644910 644598 644598 644502 644478 0 644750 644706 644706 644814 644694 644646 644598 644526 644502 644442 644444 644782 644526 644502 644414 644388 644654 644666 644610 644910 644910 644526 644478 644398 644658 644730 644598 644550 644598 644642 644628 644628 644634 644634 644774 644696 0 644582 644826 644848 644830 644596 644598 644590 644622 644550 644478 
0 0 644714 0 644786 0 644858 644712 644652 0 644644 0 644962 0 0 0 0 0 0 0 0 0 0 644876 0 0 0 644588 644594 0 0 0 0 0 0 644584 0 0 0 0 0 0 0 0 0 0 0 0 0 0 644632 644566 0 0 0 0 644876 0 0 644804 0 644604 644542 0 0 0 0 644804 644642 644464 0 0 0 0 0 0 0 0 0 644618 0 0 0 0 644962 0 0 0 644708 644684 644398 0 0 0 644684 0 644344 0 644480 0 0 0 0 0 0 644436 0 0 644732 644376 0 0 0 0 644620 0 644884 0 0 644830 0 0 0 0 0 0 644732 644660 
644895 644872 644929 644797 644769 644835 644767 645039 645025 645018 644725 644713 644820 645049 645007 644999 645015 644949 644879 644833 644817 644687 644894 644970 645043 645023 645018 644969 644713 644646 644732 644858 645015 645022 645030 644955 644971 644961 644965 644955 644815 644747 644677 644697 644631 644575 644706 644884 645003 644991 644979 644934 644905 644895 644651 644682 644858 644928 644896 644982 644993 644953 644910 644879 644642 644642 644820 644944 644938 644863 644883 644557 644477 644573 644592 644586 644912 644938 644919 644914 644845 644501 644477 644539 644592 644750 644864 644886 644888 644911 644797 644799 644554 644850 644878 644769 644743 644417 644453 644411 644506 644516 644834 644832 644753 644409 644454 644822 644820 644349 644393 644379 644379 644387 644454 644450 644468 644782 644333 644432 644392 644386 644416 644658 644724 644730 644776 644768 
0 644890 645008 644886 644840 644764 644724 645060 645116 0 644814 644792 644732 0 645124 0 0 645038 644968 644922 644906 644776 644806 644890 645048 645072 645082 645124 644802 644622 644644 644770 644952 645006 645022 645088 645124 645124 645106 0 644904 644836 644766 644786 644720 644620 644618 644796 645016 645040 645040 645058 645044 645006 644740 644594 644770 644840 644808 644916 644996 645020 645034 645068 644570 644554 644732 644878 644982 645052 0 644646 644528 0 644504 644498 644876 644902 644944 644958 0 644590 644566 644484 644504 644662 644776 644850 644900 644928 644986 644964 644466 644862 644890 644958 644932 644506 644542 644480 644418 644428 644846 644844 644942 644498 644366 644786 644832 644438 644482 644468 644468 644476 644386 644362 644380 0 644422 644344 644304 644298 644328 644570 644658 644642 644788 644780 
644949 644923 645091 644980 644913 644797 644757 645079 645054 645112 644908 644875 644765 645006 645090 645140 645118 645132 645062 645016 645000 644870 644839 644923 644986 644986 644996 645022 644896 644655 644677 644803 644934 644944 644960 644978 645086 645092 645105 645124 644998 644930 644860 644880 644814 644653 644651 644829 644930 644930 644930 644948 644934 645049 644834 644627 644803 644873 644841 644898 644910 644910 644924 645019 644603 644587 644765 644860 644872 644996 645019 644740 644561 644561 644537 644531 644814 644840 644834 644848 644985 644684 644659 644517 644537 644695 644795 644788 644790 644818 644937 644939 644499 644752 644780 644909 644883 644600 644636 644549 644451 644461 644736 644734 644893 644592 644399 644724 644722 644532 644576 644562 644562 644570 644419 644395 644413 644684 644516 644377 644337 644331 644361 644603 644640 644661 644678 644670 
642908 642894 642973 642907 642894 642780 642788 642980 643001 643026 642871 642865 642724 642953 643023 643019 643026 642983 642948 642925 642917 642852 642762 642834 642933 642933 642943 642969 642865 642746 642648 642726 642860 642891 642907 642925 642995 642990 643004 642986 642916 642882 642847 642857 642824 642768 642610 642740 642877 642877 642877 642895 642881 642967 642834 642646 642714 642772 642740 642824 642857 642857 642871 642925 642682 642546 642676 642786 642819 642893 642915 642787 642724 642688 642628 642562 642761 642787 642781 642795 642884 642759 642747 642656 642508 642606 642696 642735 642737 642765 642860 642909 642470 642699 642727 642846 642857 642717 642735 642714 642470 642480 642683 642681 642850 642713 642382 642671 642669 642683 642705 642698 642698 642702 642594 642390 642384 642631 642675 642456 642380 642362 642320 642502 642566 642562 642625 642617 
0 0 645060 0 644892 0 644770 645068 645046 0 644932 0 644778 0 0 0 0 645094 0 0 0 644894 0 644936 0 0 0 645012 644920 0 0 0 0 0 0 644970 645036 0 0 0 0 0 0 0 0 644666 0 644842 0 0 644922 644940 0 0 644858 0 644816 644872 0 644890 0 644902 644916 0 0 0 0 644852 644864 644940 0 0 0 0 0 0 0 644832 0 644840 0 0 0 0 644550 0 0 0 644782 644810 644940 0 0 0 644772 644912 644886 0 644660 0 0 0 644728 644726 0 644616 0 644716 644714 644556 0 0 0 0 644432 0 644426 0 0 644390 0 0 0 0 0 0 644670 644662 
0 644640 644760 644748 644666 644526 644534 644658 644622 0 644768 0 644470 0 0 0 0 644780 644841 644822 644814 644749 644508 644580 644554 644554 0 644590 644762 644492 644394 644472 0 0 644528 644546 644654 0 0 0 0 0 644744 644754 644721 644514 644356 644486 0 0 644498 644516 0 0 644731 644392 644460 644486 0 644466 644478 644478 644492 644650 644428 644292 644422 644428 644440 644570 0 0 644451 0 644374 644308 0 644408 644402 644416 0 644656 644564 644402 644254 644352 0 0 644358 644386 644630 644681 644216 644320 644348 644618 644629 644599 644623 644439 644216 0 644304 644302 0 644610 644128 644292 644290 644543 644599 644595 644595 644515 644309 644136 644130 0 644473 644202 644126 0 644066 644216 0 0 644246 644238 
0 644660 644758 644768 644686 644546 644554 644652 644618 0 644799 0 644490 0 0 0 0 644762 644806 644829 644823 644780 644506 644554 644550 644550 0 644586 644793 644512 644414 644470 0 0 644524 644542 644650 0 0 0 0 0 644775 644785 644752 644514 644376 644460 0 0 644494 644512 0 0 644762 644412 644434 644468 0 644462 644474 644474 644488 644646 644448 644312 644396 644424 644436 644566 0 0 644422 0 644394 644328 0 644404 644398 644412 0 644687 644540 644378 644274 644326 0 0 644354 644382 644617 644688 644236 644316 644344 644625 644636 644645 644663 644410 644236 0 644300 644298 0 644641 644148 644288 644286 644593 644633 644606 644582 644486 644280 644156 644150 0 644444 644222 644146 0 644086 644198 0 0 644242 644234 
0 643568 643652 643622 643563 643505 643485 643627 643595 0 643630 0 643489 0 0 0 0 643688 643701 643684 643676 643611 643526 643568 643561 643549 0 643555 643624 643417 643445 643508 0 0 643548 643521 643599 0 0 0 0 0 643606 643616 643583 643392 643432 643521 0 0 643497 643494 0 0 643593 643420 643508 643541 0 643529 643511 643475 643470 643573 643403 643400 643489 643510 643456 643509 0 0 643298 0 643358 643372 0 643488 643437 643432 0 643518 643381 643300 643375 643454 0 0 643427 643429 643542 643595 643356 643408 643410 643532 643543 643476 643494 643268 643332 0 643400 643375 0 643472 643306 643430 643405 643428 643464 643416 643392 643318 643215 643304 643313 0 643273 643290 643275 0 643287 643406 0 0 643383 643343 
0 0 637598 0 637693 0 637537 637348 637240 0 637873 0 637487 0 0 0 0 0 0 0 0 637907 0 637346 0 0 0 637136 637883 0 0 0 0 0 0 637056 637236 0 0 0 0 0 0 0 0 0 0 0 0 0 637008 636990 0 0 0 0 637226 637212 0 637120 0 636952 636930 0 0 0 0 637082 636914 637008 0 0 0 0 0 0 0 0 0 636854 0 0 0 0 637295 0 0 0 636868 636860 637074 0 0 0 636822 0 637284 0 637793 0 0 0 0 0 0 637749 0 636910 636836 637689 0 0 0 0 637199 0 637171 0 0 637157 0 0 0 0 0 0 636792 636676 
0 644629 644605 644521 644531 644670 644594 644661 644624 0 644437 0 644734 0 0 0 0 644575 644541 644509 644493 644399 644769 644749 644667 644631 0 644560 644413 644525 644711 644781 0 0 644680 644556 644544 0 0 0 0 0 644377 644397 644391 644467 644673 644792 0 0 644587 644538 0 0 644351 644683 644775 644774 0 644736 644669 644561 644514 644452 644575 644609 644737 644755 644580 644436 0 0 644387 0 644584 644625 0 644740 644599 644556 0 644309 644365 644494 644571 644667 0 0 644657 644607 644370 644372 644533 644670 644626 644342 644316 644201 644225 644303 644533 0 644662 644613 0 644217 644445 644650 644648 644145 644201 644247 644267 644275 644435 644453 644447 0 644221 644519 644443 0 644383 644539 0 0 644604 644596 
0 0 622829 0 0 0 622755 622841 0 0 0 0 0 0 0 0 0 0 0 0 0 0 0 622975 0 0 0 0 0 0 0 0 0 0 0 622653 0 0 0 0 0 0 0 0 0 0 0 0 0 0 0 0 0 0 0 0 0 0 0 0 0 0 0 0 0 0 0 622797 0 0 0 0 0 0 0 0 0 0 0 0 0 0 0 0 0 0 0 0 0 0 0 0 0 0 0 0 0 0 0 0 0 0 0 0 0 0 0 0 0 0 0 0 0 0 0 0 0 0 0 622477 0 0 0 0 0 0 622579 622535 
0 636673 636685 636619 636606 636692 636636 636756 636774 0 636583 0 636676 0 0 0 0 636695 636660 636637 636629 636564 636713 636755 636808 636808 0 636768 636577 636567 636632 636695 0 0 636821 636766 636758 0 0 0 0 0 636559 636569 636536 636520 636619 636708 0 0 636790 636757 0 0 636546 636607 636695 636730 0 636768 636822 636776 636745 636714 636595 636587 636676 636749 636795 636706 0 0 636470 0 636562 636559 0 636763 636786 636783 0 636471 636459 636540 636562 636641 0 0 636764 636778 636673 636672 636543 636745 636759 636659 636646 636429 636447 636428 636519 0 636737 636736 0 636425 636493 636705 636730 636395 636417 636410 636410 636414 636503 636491 636500 0 636387 636482 636462 0 636474 636595 0 0 636708 636704 
0 641471 641483 641417 641404 641466 641434 641554 641572 0 641381 0 641450 0 0 0 0 641493 641458 641435 641427 641362 641487 641529 641606 641606 0 641588 641375 641365 641406 641469 0 0 641597 641588 641556 0 0 0 0 0 641357 641367 641334 641318 641393 641482 0 0 641612 641569 0 0 641344 641381 641469 641504 0 641542 641596 641588 641545 641536 641369 641353 641450 641523 641593 641506 0 0 641268 0 641336 641333 0 641537 641574 641569 0 641269 641257 641326 641315 641413 0 0 641562 641566 641473 641470 641277 641543 641547 641459 641468 641227 641245 641226 641277 0 641535 641512 0 641223 641189 641479 641526 641193 641215 641208 641208 641212 641277 641197 641191 0 641185 641256 641187 0 641127 641309 0 0 641504 641480 
0 642821 642852 642786 642773 642765 642761 642905 642929 0 642750 642744 642709 0 642923 0 0 642862 642827 642804 642796 642731 642747 642819 642929 642935 642935 642913 642744 642701 642633 642711 642845 642891 642907 642889 642919 642914 642898 0 642795 642761 642726 642736 642703 642677 642595 642725 642907 642909 642889 642865 642841 642846 642713 642631 642699 642757 642725 642809 642887 642865 642841 642851 642667 642531 642661 642771 642851 642819 0 642666 642629 0 642613 642547 642761 642787 642813 642827 0 642638 642626 642641 642493 642591 642681 642735 642769 642797 642786 642833 642455 642731 642759 642772 642783 642596 642614 642595 642455 642465 642715 642713 642776 642592 642367 642671 642701 642562 642584 642577 642577 642581 642579 642375 642369 0 642554 642441 642365 642347 642305 642487 642551 642547 642657 642649 
0 0 632102 0 632112 0 632128 632128 632128 0 631970 0 632128 0 0 0 0 0 0 0 0 0 0 632128 0 0 0 632128 631934 0 0 0 0 0 0 632128 0 0 0 0 0 0 0 0 0 0 0 0 0 0 632128 632116 0 0 0 0 632128 0 0 632128 0 632116 632092 0 0 0 0 632128 632116 632056 0 0 0 0 0 0 0 0 0 632092 0 0 0 0 632128 0 0 0 632128 632116 631990 0 0 0 632116 0 631924 0 631818 0 0 0 0 0 0 631846 0 0 632128 631762 0 0 0 0 632128 0 632128 0 0 632128 0 0 0 0 0 0 632128 632092 
0 0 644316 0 644222 0 644090 644216 644180 0 644332 0 644026 0 0 0 0 0 0 0 0 0 0 644130 0 0 0 644148 644344 0 0 0 0 0 0 644104 0 0 0 0 0 0 0 0 0 0 0 0 0 0 644056 644074 0 0 0 0 644010 0 0 644024 0 644036 644050 0 0 0 0 643986 643998 644128 0 0 0 0 0 0 0 0 0 643974 0 0 0 0 643810 0 0 0 643916 643944 644170 0 0 0 643906 0 644218 0 644272 0 0 0 0 0 0 644236 0 0 643848 644248 0 0 0 0 643879 0 643686 0 0 643758 0 0 0 0 0 0 643804 643796 
0 644345 644081 644237 644427 644317 644615 644007 643899 0 644093 0 644061 0 0 0 0 643957 643959 643985 643969 644055 643921 643993 643933 643895 0 643787 644009 644707 643981 643849 0 0 643881 643759 643795 0 0 0 0 0 643973 643993 644287 644565 643833 643805 0 0 643799 643717 0 0 643947 644265 643753 643797 0 643757 643781 643751 643669 643655 644615 643705 643677 643681 643705 643591 0 0 644369 0 644515 644169 0 643641 643629 643657 0 644441 644395 644475 643701 643537 0 0 643541 643597 643525 643623 643625 643465 643521 643497 643519 644217 644181 644237 643913 0 643433 643429 0 644349 643521 643409 643405 644221 644333 644345 644297 644233 644279 643609 643453 0 644131 644163 643877 0 643253 643257 0 0 643317 643301 
0 643762 643530 643654 643670 643864 643730 643456 643348 0 643538 0 643924 0 0 0 0 643406 643408 643434 643418 643500 643782 643674 643416 643344 0 643236 643458 643592 644008 643818 0 0 643442 643208 643244 0 0 0 0 0 643422 643442 643530 643498 643938 643768 0 0 643256 643166 0 0 643396 643908 643794 643700 0 643576 643420 643204 643118 643104 643692 643810 643786 643614 643242 643040 0 0 643398 0 643710 643928 0 643562 643280 643194 0 643400 643376 643538 643778 643646 0 0 643396 643296 642974 643072 643702 643434 643334 642946 642968 643316 643352 643314 643744 0 643450 643308 0 643308 643550 643518 643514 643248 643292 643278 643278 643286 643492 643584 643530 0 643232 643716 643564 0 643358 643366 0 0 643426 643372 
0 644594 644547 644489 644499 644633 644557 644578 644520 0 644405 0 644697 0 0 0 0 644495 644461 644451 644435 644367 644706 644664 644558 644522 0 644456 644381 644488 644677 644714 0 0 644571 644452 644440 0 0 0 0 0 644345 644365 644359 644435 644664 644703 0 0 644478 644433 0 0 644319 644646 644690 644689 0 644638 644560 644452 644409 644348 644538 644627 644671 644657 644471 644332 0 0 644378 0 644547 644604 0 644631 644490 644447 0 644277 644337 644461 644589 644636 0 0 644548 644498 644266 644268 644551 644557 644517 644238 644212 644169 644193 644294 644551 0 644549 644504 0 644185 644463 644579 644554 644113 644169 644215 644239 644266 644421 644471 644465 0 644212 644527 644461 0 644401 644509 0 0 644532 644492 
0 641392 641404 641338 641325 641431 641355 641475 641493 0 641302 641296 641443 0 641475 0 0 641414 641379 641356 641348 641283 641480 641512 641527 641503 641498 641461 641296 641286 641399 641462 641553 641548 641540 641452 641453 641448 641450 0 641347 641313 641278 641288 641255 641239 641371 641475 641531 641507 641476 641431 641402 641398 641265 641374 641462 641497 641481 641535 641541 641450 641407 641400 641336 641307 641437 641516 641469 641368 0 641218 641189 0 641329 641323 641517 641530 641488 641445 0 641190 641178 641259 641269 641367 641457 641504 641498 641496 641335 641367 641231 641479 641481 641321 641332 641148 641166 641147 641231 641241 641471 641446 641325 641144 641143 641447 641469 641114 641136 641129 641129 641133 641236 641151 641145 0 641106 641217 641141 641123 641081 641263 641327 641323 641425 641414 
0 635184 635196 635130 635117 635111 635109 635267 635278 0 635094 635088 635055 0 635260 0 0 635206 635171 635148 635140 635075 635093 635165 635266 635278 635283 635270 635088 635041 634979 635057 635191 635230 635246 635280 635250 635245 635235 0 635139 635105 635070 635080 635047 634990 634941 635071 635240 635262 635274 635283 635278 635190 635057 634977 635045 635103 635071 635155 635220 635276 635283 635228 635008 634877 635007 635117 635254 635244 0 635005 634892 0 634942 634893 635100 635126 635216 635254 0 634982 634905 634922 634839 634937 635027 635074 635148 635200 635211 635164 634801 635110 635162 635197 635160 634917 634941 634826 634801 634811 635094 635140 635177 634933 634713 635010 635056 634861 634917 634880 634856 634824 634824 634721 634715 0 634773 634782 634711 634693 634651 634833 634897 634893 635012 635076 
0 644464 644476 644410 644397 644503 644427 644547 644539 0 644344 0 644480 0 0 0 0 644486 644450 644416 644400 644306 644518 644584 644573 644549 0 644506 644320 644358 644404 644482 0 0 644586 644492 644499 0 0 0 0 0 644284 644304 644298 644311 644366 644496 0 0 644516 644471 0 0 644258 644402 644470 644528 0 644578 644587 644490 644447 644440 644408 644302 644432 644540 644509 644408 0 0 644261 0 644384 644318 0 644532 644528 644485 0 644216 644250 644331 644264 644362 0 0 644505 644533 644373 644364 644226 644467 644495 644345 644319 644108 644132 644219 644226 0 644451 644449 0 644124 644138 644416 644437 644052 644108 644154 644178 644205 644308 644146 644140 0 644178 644212 644136 0 644076 644258 0 0 644393 644385 
0 0 644879 0 0 0 644684 644972 0 0 0 0 0 0 0 0 0 0 0 0 0 0 0 0 0 0 0 0 0 0 0 0 0 0 0 645082 0 0 0 0 0 0 0 0 0 0 0 0 0 0 0 0 0 0 0 0 0 0 0 0 0 0 0 0 0 0 0 0 0 0 0 0 0 0 0 0 0 0 0 0 0 0 0 0 0 0 0 0 0 0 0 0 0 0 0 0 0 0 0 0 0 0 0 0 0 0 0 0 0 0 0 0 0 0 0 0 0 0 0 644358 0 0 0 0 0 0 644854 0 
0 0 644986 0 644813 0 644670 645006 645054 0 644831 0 644678 0 0 0 0 0 0 0 0 644793 0 644836 0 0 0 645062 644819 0 0 0 0 0 0 645023 645093 0 0 0 0 0 0 0 0 0 0 0 0 0 644975 644993 0 0 0 0 644716 644786 0 644862 0 644955 644969 0 0 0 0 644824 644917 645024 0 0 0 0 0 0 0 0 0 644893 0 0 0 0 644450 0 0 0 644835 644863 644992 0 0 0 644825 0 644938 0 644559 0 0 0 0 0 0 644515 0 644724 644762 644455 0 0 0 0 644332 0 644326 0 0 644290 0 0 0 0 0 0 644718 644715 
0 644358 644526 644432 644348 644232 644192 644528 644588 0 644456 644310 644200 0 644624 0 0 644576 644552 644528 644528 644456 644274 644358 644520 644568 644578 644652 644480 644090 644112 644238 644420 644478 644494 644632 644668 644672 644648 0 644552 644504 644480 644480 644360 644088 644086 644264 644512 644560 644584 644608 644594 644624 644480 644062 644238 644308 644276 644384 644492 644570 644584 644696 644038 644022 644200 644346 644532 644654 0 644216 643996 0 643972 643966 644348 644374 644494 644508 0 644264 644096 643952 643972 644130 644244 644322 644444 644478 644654 644672 643934 644406 644440 644654 644696 644312 644336 643984 643886 643896 644390 644394 644678 644264 643834 644258 644352 644288 644264 644144 644096 644024 643854 643830 643848 0 643976 643812 643772 643766 643796 644038 644126 644110 644308 644330 
0 633526 633646 633634 633552 633412 633420 633612 633631 0 633742 633538 633356 0 633667 0 0 633698 633732 633742 633758 633750 633394 633466 633563 633587 633597 633647 633762 633378 633280 633358 633487 633521 633537 633627 633687 633697 633717 0 633796 633774 633762 633762 633692 633400 633242 633372 633531 633555 633579 633621 633631 633797 633762 633278 633346 633404 633372 633451 633511 633583 633621 633731 633314 633178 633308 633413 633545 633699 0 633550 633356 0 633260 633194 633391 633417 633507 633545 0 633654 633450 633288 633140 633238 633328 633365 633439 633491 633765 633829 633102 633401 633453 633793 633829 633678 633690 633368 633102 633112 633385 633431 633829 633654 633014 633301 633347 633666 633654 633594 633548 633432 633226 633022 633016 0 633414 633088 633012 632994 632952 633134 633193 633194 633303 633367 
644903 644877 645045 644969 644867 644751 644711 645046 645055 645103 644906 644829 644719 645007 645091 645131 645109 645113 645060 645014 644998 644868 644793 644877 644987 644987 644997 645023 644894 644609 644631 644757 644925 644945 644961 644979 645087 645097 645133 645133 644996 644928 644858 644878 644812 644607 644605 644783 644931 644931 644931 644949 644935 645084 644832 644581 644757 644827 644795 644889 644911 644911 644925 645060 644557 644541 644719 644851 644873 645003 645031 644738 644515 644515 644491 644485 644815 644841 644835 644849 645013 644682 644633 644471 644491 644649 644762 644789 644791 644819 644982 644984 644453 644753 644781 644954 644928 644598 644634 644503 644405 644415 644737 644735 644938 644590 644353 644725 644723 644530 644574 644560 644560 644561 644373 644349 644367 644685 644511 644331 644291 644285 644315 644557 644631 644628 644679 644671 
0 641940 642060 642048 641955 641826 641799 642026 642015 0 642062 641917 641737 0 642051 0 0 642112 642136 642116 642108 642043 641776 641878 641947 641935 641945 641959 642056 641697 641629 641722 641887 641905 641921 641903 642035 642045 642101 0 642107 642073 642038 642048 642004 641695 641566 641737 641879 641867 641855 641861 641835 642146 642025 641627 641698 641779 641731 641833 641859 641823 641825 642007 641645 641470 641641 641776 641785 641903 0 641881 641603 0 641564 641495 641720 641759 641747 641749 0 641891 641721 641559 641419 641536 641659 641681 641684 641726 641957 642056 641362 641627 641669 641945 641980 641873 641903 641591 641363 641378 641603 641600 641961 641845 641236 641585 641582 641827 641837 641770 641746 641667 641461 641254 641233 0 641625 641312 641216 641195 641131 641374 641446 641458 641516 641504 
0 639852 640001 639960 639842 639726 639686 639895 639883 0 640080 639804 639694 0 639919 0 0 640005 640063 640097 640113 640084 639749 639797 639815 639827 639837 639875 640108 639584 639606 639713 639751 639773 639789 639843 639927 639937 639969 0 640125 640125 640108 640108 639982 639582 639580 639703 639771 639783 639795 639825 639823 640061 640108 639556 639677 639711 639679 639715 639751 639787 639813 639947 639532 639516 639639 639677 639749 639891 0 639768 639490 0 639466 639460 639643 639669 639711 639737 0 639892 639608 639446 639466 639569 639611 639617 639655 639695 639957 640065 639428 639617 639657 639985 640041 639940 639964 639478 639380 639390 639601 639623 640029 639892 639328 639553 639575 639916 639892 639772 639706 639554 639348 639324 639342 0 639512 639306 639266 639260 639290 639441 639457 639477 639531 639559 
0 0 637382 0 637406 0 637374 637346 637322 0 637406 0 637406 0 0 0 0 637358 0 0 0 637406 0 637370 0 0 0 637298 637406 0 0 0 0 0 0 637286 637310 0 0 0 0 0 637406 0 0 637206 0 637370 0 0 637286 637274 0 0 637406 0 637370 637358 0 637334 0 637274 637262 0 0 0 0 637334 637274 637262 0 0 637110 0 0 0 0 637322 0 637262 0 0 637158 637158 637406 0 0 0 637286 637274 637262 0 0 0 637274 637262 637286 0 637398 0 0 0 637286 637262 0 637326 0 637322 637298 637350 0 0 0 637086 637086 0 637406 0 0 637278 0 0 637406 0 0 0 637298 637262 
0 633703 633809 633811 633729 633589 633597 633739 633751 0 633919 0 633533 0 0 0 0 633837 633883 633905 633921 633957 633557 633617 633683 633707 0 633767 633967 633555 633457 633521 0 0 633657 633747 633807 0 0 0 0 0 634003 633983 633869 633577 633419 633523 0 0 633699 633741 0 0 634029 633455 633497 633543 0 633571 633631 633703 633741 633851 633491 633355 633459 633533 633665 633819 0 0 633533 0 633437 633371 0 633537 633627 633665 0 633855 633627 633465 633317 633389 0 0 633559 633611 633885 633979 633279 633521 633573 633913 633987 633947 633959 633545 633279 0 633505 633551 0 633923 633191 633421 633467 633935 633923 633797 633725 633609 633403 633199 633193 0 633591 633265 633189 0 633129 633273 0 0 633423 633487 
0 643429 643385 643621 643553 643225 643337 643101 643029 0 643587 0 643021 0 0 0 0 643329 643407 643455 643455 643549 642881 642953 642893 642893 0 642965 643503 643373 642937 642809 0 0 642841 642877 643093 0 0 0 0 0 643467 643487 643633 643465 642793 642765 0 0 642781 642817 0 0 643441 643029 642713 642757 0 642717 642741 642741 642769 643055 643221 642665 642637 642641 642665 642925 0 0 643397 0 643137 642885 0 642601 642589 642617 0 643599 643577 643261 642657 642497 0 0 642501 642557 642975 643117 642581 642425 642481 642975 643013 643467 643479 643421 642677 0 642393 642389 0 643507 642429 642369 642365 643423 643491 643597 643615 643523 643137 642469 642409 0 643481 642769 642545 0 642213 642217 0 0 642277 642261 
0 0 643658 0 644073 0 644035 643421 643319 0 643776 0 643335 0 0 0 0 0 0 0 0 643757 0 643250 0 0 0 643217 643698 0 0 0 0 0 0 643133 643297 0 0 0 0 0 0 0 0 644401 0 0 0 0 643035 643064 0 0 0 0 642950 643005 0 642955 0 642985 643004 0 0 0 0 642860 642890 643057 0 0 0 0 0 0 0 0 0 642830 0 0 0 0 642885 0 0 0 642685 642755 643024 0 0 0 642660 643010 643093 0 644000 0 0 0 0 0 0 644194 0 642520 642515 644080 0 0 0 0 643968 0 642575 0 0 643529 0 0 0 0 0 0 642405 642385 
0 642083 641934 641921 641882 642200 641972 641859 641721 0 641753 0 642386 0 0 0 0 641772 641763 641772 641732 641658 642312 642162 641823 641727 0 641577 641651 641765 642452 642366 0 0 641862 641547 641577 0 0 0 0 0 641561 641611 641620 641624 642542 642303 0 0 641619 641496 0 0 641496 642239 642342 642213 0 642051 641841 641553 641436 641391 641915 642514 642399 642108 641610 641319 0 0 641474 0 641942 642311 0 642042 641667 641550 0 641391 641441 641684 642452 642391 0 0 641829 641691 641220 641227 642395 641886 641748 641152 641087 641133 641199 641348 642323 0 641910 641721 0 641161 642245 642167 642027 640987 641121 641206 641254 641306 641615 642239 642266 0 641225 642177 642152 0 642182 642174 0 0 642048 641817 
0 0 632687 0 632529 0 632589 632775 632763 0 632483 0 632759 0 0 0 0 632677 0 0 0 632445 0 632849 0 0 0 632747 632471 0 0 0 0 0 0 632767 632707 0 0 0 0 0 0 0 0 632357 0 632849 0 0 632815 632773 0 0 632409 0 632849 632849 0 632849 0 632811 632773 0 0 0 0 632849 632849 632695 0 0 0 0 0 0 0 632849 0 632849 0 0 0 0 632735 0 0 0 632849 632849 632629 0 0 0 632849 632601 632527 0 632211 0 0 0 632849 632849 0 632167 0 632849 632849 632107 0 0 0 0 632327 0 632735 0 0 632519 0 0 0 0 0 0 632849 632849 
0 633591 633603 633537 633524 633608 633554 633674 633692 0 633501 633495 633632 0 633674 0 0 633613 633578 633555 633547 633482 633668 633680 633726 633714 633709 633684 633495 633430 633620 633668 633716 633728 633728 633694 633664 633659 633649 0 633546 633512 633477 633487 633454 633359 633632 633680 633728 633728 633718 633697 633692 633597 633457 633572 633680 633692 633692 633716 633728 633716 633697 633642 633469 633632 633680 633716 633728 633658 0 633374 633261 0 633445 633560 633728 633728 633728 633728 0 633370 633274 633349 633620 633680 633704 633728 633728 633728 633625 633578 633620 633728 633728 633611 633574 633307 633331 633195 633572 633572 633728 633728 633591 633304 633608 633728 633728 633244 633288 633249 633225 633193 633277 633596 633620 0 633142 633469 633541 633560 633632 633692 633716 633704 633728 633728 
0 633608 633626 633560 633547 633596 633543 633692 633715 0 633524 633513 633620 0 633697 0 0 633636 633601 633578 633570 633505 633656 633668 633716 633728 633728 633726 633518 633423 633608 633656 633704 633716 633716 633735 633699 633694 633672 0 633569 633535 633500 633510 633477 633372 633620 633668 633728 633735 633735 633735 633734 633620 633487 633560 633668 633680 633680 633704 633728 633735 633735 633684 633447 633620 633668 633704 633735 633700 0 633387 633274 0 633423 633543 633716 633716 633735 633735 0 633383 633287 633327 633608 633668 633692 633716 633735 633735 633667 633613 633608 633735 633735 633653 633616 633344 633373 633208 633560 633560 633735 633735 633633 633336 633596 633716 633735 633276 633320 633262 633238 633206 633255 633584 633608 0 633155 633447 633519 633543 633620 633680 633704 633692 633735 633735 
0 0 634309 0 634299 0 634191 634239 634251 0 634315 0 634055 0 0 0 0 0 0 0 0 0 0 634117 0 0 0 634267 634315 0 0 0 0 0 0 634247 0 0 0 0 0 0 0 0 0 0 0 0 0 0 634199 634241 0 0 0 0 633997 0 0 634071 0 634203 634241 0 0 0 0 634033 634165 634315 0 0 0 0 0 0 0 0 0 634165 0 0 0 0 633851 0 0 0 634059 634111 634315 0 0 0 634073 0 634315 0 634315 0 0 0 0 0 0 634315 0 0 633967 634315 0 0 0 0 634141 0 633727 0 0 633907 0 0 0 0 0 0 633923 633987 
0 0 644814 0 644656 0 644575 644887 644941 0 644610 0 644641 0 0 0 0 0 0 0 0 0 0 644778 0 0 0 644974 644598 0 0 0 0 0 0 644975 0 0 0 0 0 0 0 0 0 0 0 0 0 0 644951 644972 0 0 0 0 644679 0 0 644825 0 644953 644963 0 0 0 0 644787 644934 644951 0 0 0 0 0 0 0 0 0 644925 0 0 0 0 644413 0 0 0 644873 644907 644885 0 0 0 644887 0 644792 0 644338 0 0 0 0 0 0 644294 0 0 644770 644234 0 0 0 0 644262 0 644289 0 0 644253 0 0 0 0 0 0 644726 644792 
0 642914 642979 642847 642821 642890 642794 643082 643130 0 642775 642763 642938 0 643117 0 0 642999 642929 642883 642867 642737 643010 643034 643130 643154 643154 643175 642763 642674 642914 643010 643106 643130 643130 643190 643125 643115 643071 0 642865 642797 642727 642747 642681 642626 642938 643034 643154 643178 643190 643202 643203 642967 642701 642818 643034 643058 643058 643106 643154 643202 643203 643117 642698 642938 643034 643106 643202 643162 0 642607 642530 0 642674 642794 643130 643130 643202 643203 0 642551 642527 642578 642914 643034 643082 643130 643190 643202 643096 642953 642914 643190 643202 643068 642981 642467 642503 642465 642818 642818 643190 643203 643027 642459 642890 643130 643178 642399 642443 642429 642429 642437 642506 642866 642914 0 642383 642698 642770 642794 642938 643058 643106 643082 643178 643203 
0 644288 644384 644288 644216 644264 644168 644432 644432 0 644312 644168 644312 0 644432 0 0 644432 644408 644384 644384 644300 644384 644408 644432 644432 644432 644408 644326 644048 644288 644384 644432 644432 644432 644384 644432 644432 644432 0 644408 644360 644290 644310 644216 644000 644312 644408 644432 644408 644384 644360 644336 644432 644264 644192 644408 644432 644432 644432 644432 644360 644336 644384 644072 644312 644408 644432 644360 644336 0 644072 643904 0 644048 644168 644432 644432 644360 644336 0 644114 643952 643952 644288 644408 644432 644432 644384 644360 644336 644420 644288 644384 644360 644336 644364 644030 644066 643856 644192 644192 644384 644336 644360 644022 644264 644432 644408 643962 644006 643992 643952 643880 643880 644240 644288 0 643832 644072 644144 644168 644312 644432 644432 644432 644408 644336 
0 0 643243 0 643212 0 643134 643172 643153 0 643331 0 643138 0 0 0 0 643233 0 0 0 643350 0 643135 0 0 0 643113 643351 0 0 0 0 0 0 643079 643157 0 0 0 0 0 0 0 0 643082 0 643088 0 0 643055 643052 0 0 643382 0 643075 643086 0 643076 0 643033 643028 0 0 0 0 643057 643014 643067 0 0 0 0 0 0 0 643046 0 642990 0 0 0 0 643024 0 0 0 642985 642987 643100 0 0 0 642968 643114 643199 0 643297 0 0 0 642958 642933 0 643275 0 642988 642963 643245 0 0 0 0 642965 0 642962 0 0 642944 0 0 0 0 0 0 642941 642901 
0 643585 643453 643531 643611 643660 643665 643416 643362 0 643459 0 643652 0 0 0 0 643391 643392 643405 643397 643426 643579 643525 643396 643360 0 643306 643404 643656 643703 643597 0 0 643409 643292 643310 0 0 0 0 0 643368 643388 643541 643633 643654 643572 0 0 643316 643271 0 0 643342 643742 643585 643538 0 643476 643398 643290 643247 643240 643694 643622 643567 643495 643309 643208 0 0 643619 0 643715 643747 0 643469 643328 643285 0 643513 643596 643677 643633 643532 0 0 643386 643336 643175 643210 643614 643405 643355 643161 643154 643381 643393 643577 643695 0 643413 643342 0 643421 643600 643452 643427 643337 643405 643511 643547 643563 643666 643632 643571 0 643536 643718 643662 0 643509 643450 0 0 643405 643365 
0 0 638843 0 638843 0 638843 638821 638797 0 638843 0 638843 0 0 0 0 0 0 0 0 0 0 638843 0 0 0 638773 638843 0 0 0 0 0 0 638761 0 0 0 0 0 0 0 0 0 0 0 0 0 0 638761 638749 0 0 0 0 638843 0 0 638809 0 638749 638737 0 0 0 0 638809 638749 638737 0 0 0 0 0 0 0 0 0 638737 0 0 0 0 638843 0 0 0 638761 638749 638737 0 0 0 638749 0 638761 0 638843 0 0 0 0 0 0 638843 0 0 638773 638829 0 0 0 0 638843 0 638843 0 0 638843 0 0 0 0 0 0 638773 638737 
0 0 644804 0 644646 0 644706 644926 644882 0 644600 0 644969 0 0 0 0 0 0 0 0 644562 0 645020 0 0 0 644818 644588 0 0 0 0 0 0 644814 644802 0 0 0 0 0 0 0 0 0 0 0 0 0 644862 644796 0 0 0 0 645060 645095 0 645073 0 644834 644772 0 0 0 0 645092 644872 644694 0 0 0 0 0 0 0 0 0 644848 0 0 0 0 644794 0 0 0 644987 644926 644628 0 0 0 644956 0 644574 0 644328 0 0 0 0 0 0 644284 0 644980 644978 644224 0 0 0 0 644468 0 644670 0 0 644634 0 0 0 0 0 0 644934 644926 
0 641423 641435 641369 641356 641462 641386 641504 641474 0 641333 641327 641526 0 641456 0 0 641445 641410 641387 641379 641314 641561 641543 641508 641484 641479 641434 641327 641317 641536 641579 641558 641529 641521 641420 641434 641429 641431 0 641378 641344 641309 641319 641286 641270 641523 641590 641512 641480 641444 641399 641370 641403 641296 641475 641599 641592 641608 641576 641522 641418 641375 641368 641367 641471 641580 641595 641437 641336 0 641249 641220 0 641376 641463 641594 641581 641456 641413 0 641221 641209 641290 641433 641531 641600 641591 641514 641464 641303 641348 641395 641533 641483 641289 641300 641179 641197 641178 641395 641405 641541 641470 641293 641175 641307 641559 641550 641145 641167 641160 641160 641164 641267 641315 641309 0 641137 641381 641305 641287 641245 641427 641465 641485 641528 641488 
0 0 633253 0 633169 0 633145 633289 633311 0 633217 0 633135 0 0 0 0 0 0 0 0 0 0 633245 0 0 0 633311 633229 0 0 0 0 0 0 633311 0 0 0 0 0 0 0 0 0 0 0 0 0 0 633311 633311 0 0 0 0 633125 0 0 633235 0 633311 633311 0 0 0 0 633197 633311 633311 0 0 0 0 0 0 0 0 0 633311 0 0 0 0 632919 0 0 0 633233 633285 633311 0 0 0 633247 0 633311 0 633157 0 0 0 0 0 0 633121 0 0 633141 633133 0 0 0 0 633001 0 632795 0 0 632867 0 0 0 0 0 0 633097 633161 
0 644550 644562 644496 644483 644589 644513 644633 644651 0 644420 0 644568 0 0 0 0 644572 644526 644492 644476 644382 644606 644670 644685 644685 0 644665 644396 644444 644492 644570 0 0 644698 644654 644635 0 0 0 0 0 644360 644380 644374 644397 644454 644584 0 0 644678 644633 0 0 644334 644490 644558 644616 0 644668 644723 644652 644609 644602 644494 644390 644520 644630 644671 644570 0 0 644330 0 644472 644406 0 644646 644690 644647 0 644292 644336 644417 644352 644450 0 0 644669 644694 644525 644490 644314 644631 644659 644497 644471 644184 644208 644264 644314 0 644615 644613 0 644200 644226 644530 644598 644128 644184 644230 644254 644262 644365 644234 644228 0 644211 644300 644224 0 644164 644346 0 0 644554 644549 
0 0 632954 0 632954 0 632833 632898 632910 0 632954 0 632714 0 0 0 0 0 0 0 0 0 0 632776 0 0 0 632926 632954 0 0 0 0 0 0 632906 0 0 0 0 0 0 0 0 0 0 0 0 0 0 632858 632900 0 0 0 0 632656 0 0 632730 0 632862 632900 0 0 0 0 632692 632824 632954 0 0 0 0 0 0 0 0 0 632824 0 0 0 0 632510 0 0 0 632718 632770 632954 0 0 0 632732 0 632954 0 632949 0 0 0 0 0 0 632913 0 0 632626 632925 0 0 0 0 632639 0 632386 0 0 632501 0 0 0 0 0 0 632582 632646 
0 0 643699 0 643531 0 643483 643771 643819 0 643627 0 643493 0 0 0 0 0 0 0 0 0 0 643651 0 0 0 643867 643651 0 0 0 0 0 0 643891 0 0 0 0 0 0 0 0 0 0 0 0 0 0 643891 643915 0 0 0 0 643531 0 0 643677 0 643915 643927 0 0 0 0 643639 643891 643927 0 0 0 0 0 0 0 0 0 643903 0 0 0 0 643265 0 0 0 643761 643837 643927 0 0 0 643799 0 643891 0 643507 0 0 0 0 0 0 643435 0 0 643645 643459 0 0 0 0 643147 0 643141 0 0 643105 0 0 0 0 0 0 643601 643725 
0 644778 644940 644844 644768 644652 644612 644948 645008 0 644794 0 644620 0 0 0 0 644988 644948 644902 644886 644756 644694 644778 644940 644988 0 645072 644782 644510 644532 644658 0 0 644914 645076 645084 0 0 0 0 0 644746 644766 644700 644508 644506 644684 0 0 645028 645078 0 0 644720 644482 644658 644728 0 644804 644912 645040 645054 645132 644458 644442 644620 644766 645002 645116 0 0 644416 0 644392 644386 0 644794 644964 644978 0 644570 644508 644372 644392 644550 0 0 644888 644948 645098 644972 644354 644850 644910 645070 645012 644486 644522 644404 644306 0 644834 644864 0 644478 644254 644678 644772 644418 644462 644448 644448 644436 644274 644250 644268 0 644388 644232 644192 0 644216 644458 0 0 644728 644800 
0 644238 643974 644130 644320 644388 644524 643900 643792 0 643986 0 644298 0 0 0 0 643850 643852 643878 643862 643948 644158 644118 643860 643788 0 643680 643902 644552 644218 644086 0 0 643886 643652 643688 0 0 0 0 0 643866 643886 644180 644458 644070 644042 0 0 643700 643610 0 0 643840 644502 643990 644034 0 643994 643864 643648 643562 643548 644640 643942 643914 643918 643686 643484 0 0 644308 0 644668 644406 0 643878 643724 643638 0 644296 644334 644496 643938 643774 0 0 643778 643740 643418 643516 643862 643702 643758 643390 643412 644110 644074 644176 644150 0 643670 643666 0 644204 643758 643646 643642 644096 644188 644238 644236 644172 644378 643846 643690 0 644070 644348 644096 0 643490 643494 0 0 643554 643538 
0 642613 642399 642505 642479 642691 642539 642325 642217 0 642407 0 642793 0 0 0 0 642275 642277 642303 642287 642369 642651 642543 642285 642213 0 642105 642327 642401 642859 642687 0 0 642311 642077 642113 0 0 0 0 0 642291 642311 642339 642307 642907 642637 0 0 642125 642035 0 0 642265 642717 642663 642569 0 642445 642289 642073 641987 641973 642501 642951 642701 642483 642111 641909 0 0 642207 0 642519 642765 0 642431 642149 642063 0 642209 642185 642347 642929 642763 0 0 642265 642165 641843 641941 642853 642303 642203 641815 641837 642125 642161 642123 642845 0 642319 642177 0 642117 642677 642547 642405 642057 642101 642087 642087 642095 642301 642693 642681 0 642041 642727 642673 0 642527 642535 0 0 642449 642241 
0 640515 640527 640461 640448 640554 640478 640528 640476 0 640425 0 640618 0 0 0 0 640491 640480 640479 640471 640406 640653 640613 640510 640474 0 640420 640419 640409 640638 640671 0 0 640523 640406 640424 0 0 0 0 0 640401 640411 640378 640362 640671 640660 0 0 640430 640385 0 0 640388 640567 640673 640638 0 640590 640512 640404 640361 640354 640459 640639 640692 640609 640423 640322 0 0 640312 0 640468 640591 0 640583 640442 640399 0 640313 640301 640382 640614 640671 0 0 640500 640450 640289 640338 640595 640519 640469 640275 640286 640271 640289 640270 640571 0 640527 640456 0 640267 640545 640617 640570 640237 640259 640252 640252 640256 640359 640543 640552 0 640229 640534 640514 0 640526 640601 0 0 640570 640488 
0 0 630192 0 0 0 630094 630312 0 0 0 0 0 0 0 0 0 0 0 0 0 0 0 630408 0 0 0 0 0 0 0 0 0 0 0 630234 0 0 0 0 0 0 0 0 0 0 0 0 0 0 0 0 0 0 0 0 0 0 0 0 0 0 0 0 0 0 0 630492 0 0 0 0 0 0 0 0 0 0 0 0 0 0 0 0 0 0 0 0 0 0 0 0 0 0 0 0 0 0 0 0 0 0 0 0 0 0 0 0 0 0 0 0 0 0 0 0 0 0 0 630018 0 0 0 0 0 0 630350 630342 
0 0 644838 0 644680 0 644720 644980 645016 0 644634 0 644762 0 0 0 0 0 0 0 0 0 0 644920 0 0 0 645048 644622 0 0 0 0 0 0 645092 0 0 0 0 0 0 0 0 0 0 0 0 0 0 645128 645108 0 0 0 0 644800 0 0 644946 0 645138 645100 0 0 0 0 644908 645138 645022 0 0 0 0 0 0 0 0 0 645130 0 0 0 0 644534 0 0 0 645030 645092 644956 0 0 0 645054 0 644852 0 644362 0 0 0 0 0 0 644318 0 0 644914 644258 0 0 0 0 644416 0 644410 0 0 644374 0 0 0 0 0 0 644870 644960 
0 0 644943 0 644765 0 644609 644945 645005 0 644807 0 644617 0 0 0 0 0 0 0 0 0 0 644775 0 0 0 645069 644795 0 0 0 0 0 0 645073 0 0 0 0 0 0 0 0 0 0 0 0 0 0 645025 645065 0 0 0 0 644655 0 0 644801 0 645027 645041 0 0 0 0 644763 644989 645111 0 0 0 0 0 0 0 0 0 644965 0 0 0 0 644389 0 0 0 644885 644935 645101 0 0 0 644897 0 645025 0 644535 0 0 0 0 0 0 644491 0 0 644769 644431 0 0 0 0 644271 0 644265 0 0 644229 0 0 0 0 0 0 644725 644787 
639543 639530 639614 639568 639525 639467 639447 639615 639645 639650 639532 639506 639451 639621 639663 639664 639653 639644 639609 639586 639578 639513 639488 639530 639611 639635 639640 639677 639526 639396 639407 639470 639561 639590 639598 639679 639685 639690 639680 639647 639577 639543 639508 639518 639485 639395 639394 639483 639607 639631 639655 639688 639705 639628 639495 639382 639470 639505 639489 639543 639597 639669 639700 639709 639370 639362 639451 639524 639650 639739 639729 639448 639349 639349 639337 639334 639525 639538 639631 639662 639740 639420 639408 639327 639337 639416 639473 639512 639585 639623 639716 639621 639318 639566 639604 639702 639641 639378 639396 639343 639294 639299 639558 639605 639670 639374 639268 639480 639527 639344 639366 639359 639359 639363 639278 639266 639275 639508 639336 639257 639237 639234 639249 639370 639414 639406 639505 639573 
0 644823 644799 644931 644957 644745 644897 644657 644621 0 644927 645015 644617 0 644657 0 0 644779 644841 644865 644865 644889 644547 644583 644553 644553 644563 644589 644867 644937 644577 644511 644501 644511 644527 644545 644653 644663 644707 0 644825 644853 644831 644851 645025 644935 644503 644489 644497 644497 644497 644515 644501 644769 644805 644719 644463 644485 644453 644465 644477 644477 644491 644649 644885 644439 644425 644427 644439 644569 0 645121 644843 0 644819 644671 644381 644407 644401 644415 0 645087 644961 644799 644437 644355 644373 644355 644357 644385 644625 644673 644399 644319 644347 644625 644617 644907 644895 644831 644543 644553 644303 644301 644627 644995 644347 644291 644289 644887 644979 645011 645007 644907 644701 644391 644313 0 644865 644659 644525 644471 644213 644215 644207 644239 644245 644237 
0 0 643523 0 643948 0 643946 643330 643228 0 643637 0 643414 0 0 0 0 643389 0 0 0 643618 0 643267 0 0 0 643122 643559 0 0 0 0 0 0 643042 643164 0 0 0 0 0 0 0 0 644248 0 643122 0 0 642970 642973 0 0 643528 0 643057 643096 0 643018 0 642916 642913 0 0 0 0 642961 642859 642918 0 0 644286 0 0 0 0 642907 0 642799 0 0 644251 644140 642992 0 0 0 642760 642778 642885 0 0 0 642721 642871 642954 0 643853 0 0 0 642657 642628 0 643975 0 642627 642622 643897 0 0 0 644240 644099 0 642682 0 0 643544 0 0 642432 0 0 0 642512 642492 
644981 644994 644910 644940 644999 645011 645077 644909 644879 644874 644880 645018 644947 644903 644861 644860 644871 644872 644861 644862 644854 644861 644912 644930 644913 644889 644884 644847 644850 645128 644927 644894 644889 644894 644902 644845 644839 644834 644836 644851 644829 644843 644832 644842 644929 645129 644890 644883 644887 644887 644869 644836 644819 644808 644819 644998 644870 644881 644865 644871 644877 644855 644824 644793 645106 644858 644851 644852 644858 644785 644795 645036 645107 645175 645097 644974 644829 644842 644839 644846 644776 644960 645096 645163 644857 644816 644825 644816 644817 644831 644752 644753 644838 644798 644812 644738 644725 644870 644864 645065 644910 644915 644790 644789 644730 644914 644812 644784 644783 644860 644906 645019 645047 645051 645114 644834 644795 644764 645024 644993 644901 644874 644745 644746 644742 644758 644761 644757 
0 644069 643805 643961 644151 644219 644355 643731 643623 0 643817 0 644191 0 0 0 0 643681 643683 643709 643693 643779 644047 643949 643691 643619 0 643511 643733 644457 644207 644045 0 0 643717 643483 643519 0 0 0 0 0 643697 643717 644011 644415 644063 643999 0 0 643531 643441 0 0 643671 644431 643973 643951 0 643851 643695 643479 643393 643379 644509 643935 643907 643855 643517 643315 0 0 644305 0 644575 644399 0 643807 643555 643469 0 644121 644303 644465 643931 643767 0 0 643663 643571 643249 643347 643855 643661 643609 643221 643243 643941 643905 644173 644143 0 643645 643567 0 644029 643751 643639 643635 643921 644013 644195 644205 644169 644375 643839 643683 0 644067 644379 644083 0 643483 643487 0 0 643547 643531 
0 644862 644694 644754 644824 644988 644908 644692 644632 0 644634 0 645020 0 0 0 0 644618 644596 644598 644582 644596 644946 644862 644700 644652 0 644568 644574 644770 645082 644982 0 0 644726 644564 644552 0 0 0 0 0 644538 644558 644684 644676 645058 644956 0 0 644612 644546 0 0 644512 645086 644962 644912 0 644836 644728 644584 644522 644460 644870 644994 644962 644874 644622 644444 0 0 644576 0 644888 645082 0 644846 644660 644598 0 644578 644554 644716 644992 644910 0 0 644752 644676 644378 644380 644954 644790 644714 644350 644324 644494 644530 644492 645026 0 644794 644712 0 644486 644902 644846 644818 644426 644470 644456 644456 644464 644670 644922 644868 0 644410 644952 644912 0 644768 644770 0 0 644800 644746 
0 644282 644210 644174 644220 644384 644328 644280 644268 0 644078 644210 644398 0 644232 0 0 644182 644136 644114 644098 644040 644398 644398 644336 644310 644300 644226 644042 644310 644392 644398 644398 644378 644362 644222 644210 644200 644182 0 644072 644052 644006 644026 644080 644264 644342 644398 644366 644318 644270 644204 644170 644102 643980 644398 644398 644398 644398 644398 644386 644242 644180 644118 644386 644278 644360 644398 644280 644102 0 644150 644260 0 644398 644366 644398 644398 644318 644256 0 644046 644190 644352 644252 644290 644356 644386 644348 644324 644036 644038 644214 644348 644324 644008 643982 643914 643926 644224 644262 644272 644348 644300 643992 643954 644138 644322 644342 643870 643938 644044 644092 644172 644378 644158 644128 0 644166 644308 644196 644166 644052 644174 644214 644222 644298 644290 
0 0 643692 0 643608 0 643584 643728 643752 0 643656 0 643656 0 0 0 0 643716 0 0 0 643656 0 643704 0 0 0 643748 643668 0 0 0 0 0 0 643724 643758 0 0 0 0 0 0 0 0 643500 0 643704 0 0 643724 643700 0 0 643668 0 643704 643716 0 643740 0 643700 643676 0 0 0 0 643740 643700 643676 0 0 0 0 0 0 0 643752 0 643676 0 0 0 0 643512 0 0 0 643724 643700 643676 0 0 0 643700 643676 643724 0 643596 0 0 0 643724 643676 0 643560 0 643690 643732 643572 0 0 0 0 643440 0 643388 0 0 643460 0 0 0 0 0 0 643688 643676 
0 643696 643720 643588 643562 643774 643622 643862 643898 0 643516 0 643824 0 0 0 0 643740 643670 643624 643608 643478 643896 643920 643966 643966 0 643930 643504 643484 643800 643896 0 0 643992 643974 643866 0 0 0 0 0 643468 643488 643422 643390 643824 643920 0 0 644022 644004 0 0 643442 643704 643920 643944 0 643992 644040 644042 644026 643870 643584 643824 643920 643992 644080 643948 0 0 643290 0 643560 643680 0 644016 644112 644102 0 643292 643268 643430 643800 643920 0 0 644088 644112 643882 643694 643800 644088 644112 643854 643734 643208 643244 643206 643704 0 644088 644134 0 643200 643776 644016 644064 643140 643184 643170 643170 643178 643384 643752 643800 0 643124 643584 643656 0 643824 643944 0 0 644064 644134 
0 0 633524 0 633524 0 633418 633466 633478 0 633524 0 633282 0 0 0 0 0 0 0 0 0 0 633344 0 0 0 633494 633524 0 0 0 0 0 0 633474 0 0 0 0 0 0 0 0 0 0 0 0 0 0 633426 633468 0 0 0 0 633224 0 0 633298 0 633430 633468 0 0 0 0 633260 633392 633524 0 0 0 0 0 0 0 0 0 633392 0 0 0 0 633078 0 0 0 633286 633338 633524 0 0 0 633300 0 633524 0 633524 0 0 0 0 0 0 633501 0 0 633194 633513 0 0 0 0 633225 0 632954 0 0 633087 0 0 0 0 0 0 633150 633214 
639528 639515 639599 639557 639510 639452 639432 639600 639630 639635 639521 639491 639436 639606 639648 639649 639638 639633 639598 639575 639567 639502 639473 639515 639596 639620 639625 639662 639515 639381 639392 639455 639546 639575 639583 639664 639670 639675 639669 639636 639566 639532 639497 639507 639474 639380 639379 639468 639592 639616 639640 639673 639688 639617 639484 639367 639455 639490 639474 639528 639582 639654 639683 639698 639355 639347 639436 639509 639635 639722 639714 639437 639334 639334 639322 639319 639510 639523 639616 639645 639727 639409 639393 639312 639322 639401 639458 639497 639570 639608 639703 639610 639303 639551 639589 639689 639630 639367 639385 639328 639279 639284 639543 639588 639659 639363 639253 639465 639512 639333 639355 639348 639348 639352 639263 639251 639260 639493 639325 639242 639222 639219 639234 639355 639399 639391 639490 639556 
0 643473 643425 643689 643741 643317 643591 643141 643069 0 643773 0 643061 0 0 0 0 643385 643523 643593 643609 643779 642921 642993 642933 642933 0 643005 643731 643647 642981 642849 0 0 642881 642917 643133 0 0 0 0 0 643709 643729 643963 643739 642833 642805 0 0 642821 642857 0 0 643683 643259 642753 642797 0 642757 642781 642781 642809 643125 643495 642705 642677 642681 642705 642965 0 0 643695 0 643411 643139 0 642641 642629 642657 0 644057 643883 643559 642701 642537 0 0 642541 642597 643093 643347 642625 642465 642521 643121 643251 643923 643911 643719 642907 0 642433 642429 0 643983 642521 642409 642405 643899 643967 644057 644033 643847 643435 642609 642453 0 643811 643043 642819 0 642253 642257 0 0 642317 642301 
0 0 644001 0 644358 0 644338 643786 643672 0 644077 0 643864 0 0 0 0 643895 0 0 0 644020 0 643779 0 0 0 643560 643963 0 0 0 0 0 0 643490 643640 0 0 0 0 0 0 0 0 644454 0 643544 0 0 643466 643427 0 0 643870 0 643479 643534 0 643484 0 643408 643367 0 0 0 0 643389 643381 643406 0 0 644444 0 0 0 0 643339 0 643321 0 0 644515 644428 643414 0 0 0 643214 643284 643381 0 0 0 643189 643339 643348 0 644033 0 0 0 643079 643074 0 644131 0 643049 643044 643917 0 0 0 644442 644307 0 643104 0 0 643758 0 0 642854 0 0 0 642934 642914 
0 0 643374 0 643799 0 643965 643229 643103 0 643488 0 643481 0 0 0 0 643240 0 0 0 643469 0 643334 0 0 0 642975 643410 0 0 0 0 0 0 642925 643015 0 0 0 0 0 0 0 0 644185 0 643193 0 0 642949 642868 0 0 643379 0 643154 643163 0 643085 0 642887 642808 0 0 0 0 643028 642902 642769 0 0 644185 0 0 0 0 642974 0 642842 0 0 644176 644255 643191 0 0 0 642827 642845 642736 0 0 0 642788 642722 642805 0 643712 0 0 0 642746 642695 0 643850 0 642800 642749 643762 0 0 0 644105 644180 0 642881 0 0 643755 0 0 642631 0 0 0 642683 642599 
0 0 644055 0 644133 0 644255 644051 643931 0 643871 0 644643 0 0 0 0 0 0 0 0 0 0 644391 0 0 0 643803 643789 0 0 0 0 0 0 643795 0 0 0 0 0 0 0 0 0 0 0 0 0 0 643891 643759 0 0 0 0 644631 0 0 644339 0 643835 643711 0 0 0 0 644415 643911 643555 0 0 0 0 0 0 0 0 0 643863 0 0 0 0 645013 0 0 0 644171 644019 643423 0 0 0 644095 0 643315 0 643499 0 0 0 0 0 0 643411 0 0 644403 643291 0 0 0 0 643779 0 644825 0 0 644631 0 0 0 0 0 0 644491 644219 
0 644699 644723 644591 644565 644777 644625 644807 644747 0 644519 0 644905 0 0 0 0 644719 644673 644627 644611 644481 644975 644939 644815 644767 0 644683 644507 644487 644945 645011 0 0 644841 644679 644667 0 0 0 0 0 644471 644491 644425 644393 645019 645033 0 0 644727 644661 0 0 644445 644803 645059 645013 0 644951 644843 644699 644637 644575 644587 645047 645097 644989 644737 644559 0 0 644293 0 644605 644851 0 644961 644775 644713 0 644295 644271 644433 644997 645155 0 0 644867 644791 644493 644495 644959 644905 644829 644465 644439 644211 644247 644209 644911 0 644921 644827 0 644203 644859 645077 644983 644143 644187 644173 644173 644181 644387 644855 644873 0 644127 644813 644797 0 644821 645039 0 0 645027 644891 
0 643165 643177 643111 643098 643204 643128 643248 643240 0 643075 643069 643268 0 643222 0 0 643187 643152 643129 643121 643056 643303 643285 643274 643250 643245 643208 643069 643059 643288 643321 643324 643295 643287 643206 643200 643195 643197 0 643120 643086 643051 643061 643028 643012 643325 643332 643278 643254 643230 643186 643157 643169 643038 643217 643345 643334 643350 643342 643288 643205 643162 643154 643109 643302 643364 643361 643224 643123 0 642991 642951 0 643118 643241 643360 643347 643243 643200 0 642963 642951 643032 643264 643357 643390 643373 643300 643251 643090 643114 643226 643319 643270 643076 643086 642921 642939 642885 643226 643236 643327 643257 643080 642917 643138 643395 643358 642887 642909 642902 642902 642883 642986 643146 643140 0 642832 643198 643136 643118 643076 643258 643320 643318 643372 643289 
0 632061 632073 632007 631994 632100 632024 632144 632142 0 631971 631965 632164 0 632124 0 0 632083 632048 632025 632017 631952 632199 632181 632176 632164 632159 632134 631965 631955 632128 632191 632214 632197 632189 632144 632114 632109 632099 0 632016 631982 631947 631957 631924 631908 632103 632204 632192 632180 632168 632147 632142 632059 631934 632103 632191 632226 632210 632232 632202 632166 632147 632092 632005 632039 632169 632237 632185 632108 0 631887 631858 0 632014 632055 632226 632239 632204 632185 0 631859 631847 631928 632001 632099 632189 632213 632238 632212 632075 632028 631963 632231 632231 632061 632024 631817 631835 631816 631963 631973 632223 632242 632041 631813 631875 632159 632204 631783 631805 631798 631798 631802 631905 631883 631877 0 631775 631949 631873 631855 631813 631995 632051 632055 632161 632214 
0 0 644751 0 644593 0 644653 644893 644929 0 644547 0 644881 0 0 0 0 0 0 0 0 0 0 644967 0 0 0 644951 644535 0 0 0 0 0 0 644971 0 0 0 0 0 0 0 0 0 0 0 0 0 0 645019 644977 0 0 0 0 644935 0 0 645049 0 645015 644965 0 0 0 0 645043 645053 644887 0 0 0 0 0 0 0 0 0 645041 0 0 0 0 644669 0 0 0 645111 645107 644821 0 0 0 645111 0 644731 0 644275 0 0 0 0 0 0 644231 0 0 645039 644171 0 0 0 0 644415 0 644545 0 0 644509 0 0 0 0 0 0 644995 645047 
0 0 644485 0 644406 0 644436 644556 644574 0 644341 0 644562 0 0 0 0 0 0 0 0 0 0 644593 0 0 0 644590 644317 0 0 0 0 0 0 644609 0 0 0 0 0 0 0 0 0 0 0 0 0 0 644633 644600 0 0 0 0 644552 0 0 644652 0 644619 644576 0 0 0 0 644624 644638 644537 0 0 0 0 0 0 0 0 0 644614 0 0 0 0 644346 0 0 0 644695 644665 644490 0 0 0 644684 0 644424 0 644129 0 0 0 0 0 0 644121 0 0 644594 644049 0 0 0 0 644297 0 644222 0 0 644294 0 0 0 0 0 0 644550 644587 
0 0 632855 0 632761 0 632629 632821 632857 0 632951 0 632565 0 0 0 0 0 0 0 0 0 0 632675 0 0 0 632897 632999 0 0 0 0 0 0 632889 0 0 0 0 0 0 0 0 0 0 0 0 0 0 632841 632895 0 0 0 0 632555 0 0 632665 0 632857 632907 0 0 0 0 632627 632819 632985 0 0 0 0 0 0 0 0 0 632831 0 0 0 0 632349 0 0 0 632701 632765 633051 0 0 0 632727 0 633129 0 633017 0 0 0 0 0 0 632979 0 0 632597 632993 0 0 0 0 632435 0 632225 0 0 632297 0 0 0 0 0 0 632553 632653 
0 643611 643779 643719 643601 643485 643445 643781 643841 0 643839 0 643453 0 0 0 0 643855 643877 643875 643891 643857 643527 643611 643773 643821 0 643881 643881 643343 643365 643491 0 0 643747 643861 643921 0 0 0 0 0 643881 643881 643741 643341 643339 643517 0 0 643813 643855 0 0 643881 643315 643491 643561 0 643637 643745 643817 643855 643965 643291 643275 643453 643599 643779 643933 0 0 643249 0 643225 643219 0 643627 643741 643779 0 643665 643367 643205 643225 643383 0 0 643673 643725 643999 644073 643187 643635 643687 644027 644073 643713 643737 643237 643139 0 643619 643665 0 643665 643087 643511 643581 643689 643665 643545 643465 643313 643107 643083 643101 0 643271 643065 643025 0 643049 643291 0 0 643537 643601 
0 642368 642222 642260 642264 642470 642324 642148 642040 0 642164 0 642550 0 0 0 0 642098 642100 642126 642110 642126 642474 642366 642108 642036 0 641928 642124 642186 642614 642510 0 0 642134 641900 641936 0 0 0 0 0 642088 642108 642124 642092 642664 642460 0 0 641948 641858 0 0 642062 642502 642486 642392 0 642268 642112 641896 641810 641796 642286 642728 642524 642306 641934 641732 0 0 641992 0 642304 642550 0 642254 641972 641886 0 641994 641970 642132 642754 642594 0 0 642088 641988 641666 641764 642754 642126 642026 641638 641660 641910 641946 641908 642678 0 642142 642000 0 641902 642702 642370 642228 641842 641886 641872 641872 641880 642086 642722 642682 0 641826 642512 642640 0 642530 642584 0 0 642272 642064 
0 635206 635218 635152 635139 635243 635169 635289 635307 0 635116 0 635221 0 0 0 0 635228 635193 635170 635162 635097 635259 635306 635341 635341 0 635321 635110 635100 635145 635223 0 0 635354 635331 635291 0 0 0 0 0 635092 635102 635069 635053 635107 635237 0 0 635355 635334 0 0 635079 635143 635211 635269 0 635319 635373 635353 635334 635279 635146 635043 635173 635283 635372 635295 0 0 635003 0 635113 635059 0 635299 635381 635372 0 635004 634992 635073 635005 635103 0 0 635343 635373 635262 635205 634967 635305 635354 635248 635211 634934 634958 634961 634967 0 635289 635335 0 634950 634879 635183 635251 634878 634934 634943 634943 634947 635050 634887 634881 0 634920 634953 634877 0 634817 634999 0 0 635207 635271 
0 0 636256 0 636098 0 636158 636398 636434 0 636052 0 636284 0 0 0 0 0 0 0 0 0 0 636428 0 0 0 636466 636040 0 0 0 0 0 0 636510 0 0 0 0 0 0 0 0 0 0 0 0 0 0 636558 636540 0 0 0 0 636322 0 0 636468 0 636578 636552 0 0 0 0 636430 636616 636474 0 0 0 0 0 0 0 0 0 636628 0 0 0 0 636056 0 0 0 636552 636620 636408 0 0 0 636590 0 636270 0 635780 0 0 0 0 0 0 635736 0 0 636436 635676 0 0 0 0 635900 0 635932 0 0 635896 0 0 0 0 0 0 636392 636516 
0 0 642775 0 642518 0 642392 642848 642926 0 642699 0 642540 0 0 0 0 0 0 0 0 642680 0 642715 0 0 0 643006 642717 0 0 0 0 0 0 643032 642990 0 0 0 0 0 0 0 0 642172 0 0 0 0 643008 643065 0 0 0 0 642655 642714 0 642800 0 643046 643077 0 0 0 0 642781 643027 643116 0 0 0 0 0 0 0 0 0 643039 0 0 0 0 642402 0 0 0 642938 643000 643149 0 0 0 642981 643157 643072 0 642443 0 0 0 0 0 0 642349 0 642761 642856 642343 0 0 0 0 641935 0 642340 0 0 642106 0 0 0 0 0 0 642834 642950 
0 0 636615 0 636495 0 636447 636651 636675 0 636579 0 636579 0 0 0 0 0 0 0 0 0 0 636627 0 0 0 636699 636591 0 0 0 0 0 0 636711 0 0 0 0 0 0 0 0 0 0 0 0 0 0 636711 636715 0 0 0 0 636627 0 0 636663 0 636715 636703 0 0 0 0 636663 636715 636703 0 0 0 0 0 0 0 0 0 636703 0 0 0 0 636567 0 0 0 636711 636715 636703 0 0 0 636715 0 636711 0 636471 0 0 0 0 0 0 636399 0 0 636699 636423 0 0 0 0 636159 0 636567 0 0 636351 0 0 0 0 0 0 636699 636703 
0 644252 644166 644252 644252 644252 644252 644094 644046 0 644238 0 644238 0 0 0 0 644118 644142 644166 644166 644238 644166 644142 644046 644022 0 643998 644214 644227 644252 644166 0 0 644046 643974 644022 0 0 0 0 0 644214 644214 644252 644203 644238 644142 0 0 643974 643950 0 0 644214 644252 644142 644118 0 644070 644022 643950 643926 643974 644239 644238 644142 644070 643950 643926 0 0 644148 0 644227 644252 0 644046 643950 643926 0 644252 644179 644179 644252 644142 0 0 643974 643950 643926 644022 644252 643974 643950 643926 643974 644250 644252 644100 644252 0 643974 643926 0 644252 644252 644046 643998 644228 644252 644203 644179 644124 644124 644252 644252 0 644076 644239 644252 0 644238 644118 0 0 643998 643926 
0 0 637907 0 637897 0 637789 637837 637849 0 638039 0 637653 0 0 0 0 0 0 0 0 0 0 637715 0 0 0 637865 638075 0 0 0 0 0 0 637845 0 0 0 0 0 0 0 0 0 0 0 0 0 0 637797 637839 0 0 0 0 637595 0 0 637669 0 637801 637839 0 0 0 0 637631 637763 637917 0 0 0 0 0 0 0 0 0 637763 0 0 0 0 637449 0 0 0 637657 637709 637983 0 0 0 637671 0 638085 0 638159 0 0 0 0 0 0 638153 0 0 637565 638159 0 0 0 0 637523 0 637325 0 0 637475 0 0 0 0 0 0 637521 637585 
0 644040 643868 643988 644222 643884 644188 643708 643630 0 643748 0 643628 0 0 0 0 643716 643672 643676 643644 643672 643488 643560 643500 643500 0 643550 643628 644464 643548 643416 0 0 643448 643482 643584 0 0 0 0 0 643556 643596 643944 644642 643400 643372 0 0 643388 643424 0 0 643504 643832 643320 643364 0 643324 643348 643348 643376 643400 644264 643272 643244 643248 643272 643368 0 0 644838 0 644228 643736 0 643208 643196 643224 0 644068 644692 644572 643268 643104 0 0 643108 643164 643236 643240 643192 643032 643088 643180 643128 643708 643684 644946 643480 0 643000 642996 0 643884 643088 642976 642972 643668 643852 644304 644496 644800 644664 643176 643020 0 644864 643812 643444 0 642820 642824 0 0 642884 642868 
0 643302 643219 643248 643271 643353 643325 643182 643128 0 643200 0 643375 0 0 0 0 643157 643158 643171 643163 643177 643328 643291 643162 643126 0 643072 643179 643316 643375 643328 0 0 643175 643058 643076 0 0 0 0 0 643143 643163 643201 643269 643375 643304 0 0 643082 643037 0 0 643117 643375 643304 643280 0 643232 643164 643056 643013 643006 643354 643375 643304 643232 643075 642974 0 0 643219 0 643375 643375 0 643208 643094 643051 0 643183 643208 643289 643375 643304 0 0 643136 643102 642941 642986 643375 643136 643112 642927 642930 643051 643063 643177 643375 0 643136 643088 0 643091 643375 643208 643160 643007 643075 643157 643159 643163 643266 643375 643375 0 643136 643375 643375 0 643375 643280 0 0 643160 643088 
0 644755 644611 644647 644693 644857 644801 644609 644549 0 644551 644683 644937 0 644513 0 0 644535 644513 644515 644499 644513 644863 644779 644617 644569 644559 644485 644491 644663 645001 644899 644717 644659 644643 644481 644469 644459 644463 0 644449 644477 644455 644475 644553 644569 645051 644873 644625 644577 644529 644463 644429 644407 644429 644955 644899 644829 644861 644753 644645 644501 644439 644377 644763 645079 644937 644791 644539 644361 0 644527 644469 0 644781 645027 644789 644763 644577 644515 0 644471 644447 644609 645075 644983 644893 644815 644669 644593 644295 644297 645037 644707 644631 644267 644241 644387 644399 644385 645079 645079 644723 644629 644251 644379 644961 644879 644785 644319 644363 644349 644349 644357 644563 644981 644951 0 644303 644983 644995 644989 644875 644877 644869 644901 644829 644693 
0 0 644658 0 644500 0 644560 644800 644836 0 644454 0 644840 0 0 0 0 644678 0 0 0 644416 0 644874 0 0 0 644868 644442 0 0 0 0 0 0 644894 644804 0 0 0 0 0 0 0 0 644328 0 644968 0 0 644942 644884 0 0 644380 0 644994 644972 0 644992 0 644922 644860 0 0 0 0 645030 644960 644782 0 0 0 0 0 0 0 645050 0 644936 0 0 0 0 644762 0 0 0 645082 645014 644716 0 0 0 645052 644688 644654 0 644182 0 0 0 645136 645050 0 644138 0 645048 645142 644078 0 0 0 0 644322 0 644638 0 0 644602 0 0 0 0 0 0 645098 645112 
0 0 640515 0 640431 0 640407 640551 640575 0 640479 0 640479 0 0 0 0 640539 0 0 0 640479 0 640527 0 0 0 640599 640491 0 0 0 0 0 0 640611 640587 0 0 0 0 0 0 0 0 640323 0 640516 0 0 640611 640623 0 0 640491 0 640503 640538 0 640563 0 640623 640630 0 0 0 0 640557 640623 640630 0 0 0 0 0 0 0 640571 0 640630 0 0 0 0 640370 0 0 0 640611 640623 640630 0 0 0 640623 640630 640611 0 640419 0 0 0 640591 640630 0 640383 0 640513 640560 640395 0 0 0 0 640263 0 640308 0 0 640290 0 0 0 0 0 0 640538 640601 
0 631574 631742 631682 631564 631448 631408 631744 631804 0 631802 631526 631416 0 631840 0 0 631818 631840 631838 631854 631814 631490 631574 631736 631784 631794 631868 631838 631306 631328 631454 631636 631694 631710 631872 631884 631894 631890 0 631904 631862 631838 631838 631704 631304 631302 631480 631728 631776 631824 631878 631888 631946 631838 631278 631454 631524 631492 631600 631708 631840 631878 631976 631254 631238 631416 631562 631802 631956 0 631490 631212 0 631188 631182 631564 631590 631764 631802 0 631622 631330 631168 631188 631346 631460 631538 631684 631748 632022 632030 631150 631646 631710 632050 632078 631670 631694 631200 631102 631112 631630 631688 632090 631622 631050 631474 631568 631646 631622 631502 631428 631276 631070 631046 631064 0 631234 631028 630988 630982 631012 631254 631342 631326 631524 631624 
0 0 643626 0 643789 0 643743 643519 643477 0 643758 0 643488 0 0 0 0 0 0 0 0 0 0 643454 0 0 0 643437 643734 0 0 0 0 0 0 643403 0 0 0 0 0 0 0 0 0 0 0 0 0 0 643368 643376 0 0 0 0 643334 0 0 643336 0 643348 643352 0 0 0 0 643298 643310 643391 0 0 0 0 0 0 0 0 0 643286 0 0 0 0 643308 0 0 0 643228 643256 643424 0 0 0 643218 0 643494 0 643867 0 0 0 0 0 0 643877 0 0 643160 643877 0 0 0 0 643693 0 643184 0 0 643459 0 0 0 0 0 0 643116 643108 
0 644000 643742 643784 643830 644204 643952 643738 643618 0 643592 0 644364 0 0 0 0 643590 643546 643550 643518 643516 644246 644078 643754 643658 0 643490 643498 643676 644492 644318 0 0 643806 643482 643458 0 0 0 0 0 643426 643466 643550 643488 644592 644266 0 0 643578 643446 0 0 643374 644308 644318 644178 0 644026 643810 643522 643398 643274 643876 644720 644394 644102 643598 643242 0 0 643288 0 643912 644404 0 644046 643674 643550 0 643292 643244 643568 644772 644534 0 0 643858 643706 643110 643114 644848 643934 643782 643054 643002 643124 643196 643120 644660 0 643966 643778 0 643108 644976 644278 644090 642988 643076 643048 643048 643064 643476 644934 644986 0 642956 644328 644696 0 645010 644718 0 0 644178 643906 
0 0 644325 0 644246 0 644276 644396 644400 0 644223 0 644416 0 0 0 0 0 0 0 0 644204 0 644433 0 0 0 644351 644217 0 0 0 0 0 0 644337 644355 0 0 0 0 0 0 0 0 0 0 0 0 0 644361 644316 0 0 0 0 644493 644482 0 644492 0 644335 644292 0 0 0 0 644511 644354 644253 0 0 0 0 0 0 0 0 0 644330 0 0 0 0 644437 0 0 0 644431 644381 644220 0 0 0 644400 0 644217 0 644043 0 0 0 0 0 0 644035 0 644565 644501 643963 0 0 0 0 644126 0 644313 0 0 644370 0 0 0 0 0 0 644523 644419 
0 0 644679 0 644521 0 644581 644821 644857 0 644475 0 644861 0 0 0 0 0 0 0 0 0 0 644895 0 0 0 644853 644463 0 0 0 0 0 0 644873 0 0 0 0 0 0 0 0 0 0 0 0 0 0 644921 644867 0 0 0 0 644987 0 0 645013 0 644905 644843 0 0 0 0 645051 644943 644765 0 0 0 0 0 0 0 0 0 644919 0 0 0 0 644791 0 0 0 645061 644997 644699 0 0 0 645035 0 644633 0 644203 0 0 0 0 0 0 644159 0 0 645095 644099 0 0 0 0 644343 0 644667 0 0 644631 0 0 0 0 0 0 645091 645059 
0 0 641510 0 641500 0 641392 641440 641452 0 641642 0 641256 0 0 0 0 0 0 0 0 0 0 641318 0 0 0 641468 641678 0 0 0 0 0 0 641448 0 0 0 0 0 0 0 0 0 0 0 0 0 0 641400 641442 0 0 0 0 641198 0 0 641272 0 641404 641442 0 0 0 0 641234 641366 641520 0 0 0 0 0 0 0 0 0 641366 0 0 0 0 641052 0 0 0 641260 641312 641586 0 0 0 641274 0 641688 0 641788 0 0 0 0 0 0 641756 0 0 641168 641788 0 0 0 0 641092 0 640928 0 0 641050 0 0 0 0 0 0 641124 641188 
0 643170 643122 643386 643438 643014 643318 642838 642766 0 643530 0 642758 0 0 0 0 643082 643222 643314 643346 643606 642618 642690 642630 642630 0 642702 643554 643294 642678 642546 0 0 642578 642614 642830 0 0 0 0 0 643626 643586 643718 643290 642530 642502 0 0 642518 642554 0 0 643678 642962 642450 642494 0 642454 642478 642478 642506 642822 643190 642402 642374 642378 642402 642662 0 0 643106 0 643058 642866 0 642338 642326 642354 0 643910 643342 643018 642398 642234 0 0 642238 642294 642794 643174 642322 642162 642218 642850 643094 644078 644024 643082 642610 0 642130 642126 0 644072 642218 642106 642102 644092 644088 643730 643538 643234 642822 642306 642150 0 643150 642738 642552 0 641950 641954 0 0 642014 641998 
0 643803 643755 644019 644071 643647 643951 643471 643399 0 644115 0 643391 0 0 0 0 643715 643855 643935 643951 644145 643251 643323 643263 643263 0 643335 644099 644183 643311 643179 0 0 643211 643247 643463 0 0 0 0 0 644063 644083 644305 644275 643163 643135 0 0 643151 643187 0 0 644037 643595 643083 643127 0 643087 643111 643111 643139 643455 644027 643035 643007 643011 643035 643295 0 0 644215 0 643947 643499 0 642971 642959 642987 0 644531 644403 644079 643031 642867 0 0 642871 642927 643427 643713 642955 642795 642851 643463 643609 644307 644271 644239 643243 0 642763 642759 0 644443 642851 642739 642735 644311 644427 644631 644565 644367 643955 642939 642783 0 644331 643575 643207 0 642583 642587 0 0 642647 642631 
0 641794 641733 641794 641830 641806 641844 641661 641613 0 641782 0 641782 0 0 0 0 641685 641709 641733 641733 641773 641733 641709 641613 641589 0 641565 641762 641844 641794 641733 0 0 641613 641541 641589 0 0 0 0 0 641744 641754 641830 641844 641782 641709 0 0 641541 641517 0 0 641731 641842 641709 641685 0 641637 641589 641517 641493 641541 641844 641782 641709 641637 641517 641493 0 0 641839 0 641844 641844 0 641613 641517 641493 0 641838 641844 641844 641794 641709 0 0 641541 641517 641493 641580 641794 641541 641517 641493 641528 641772 641776 641815 641842 0 641541 641493 0 641792 641806 641613 641565 641750 641784 641837 641844 641827 641827 641818 641794 0 641803 641844 641844 0 641782 641685 0 0 641565 641493 
0 0 643914 0 644263 0 644233 643699 643585 0 643974 0 643873 0 0 0 0 643808 0 0 0 643917 0 643750 0 0 0 643473 643860 0 0 0 0 0 0 643403 643553 0 0 0 0 0 0 0 0 644349 0 643553 0 0 643379 643340 0 0 643767 0 643488 643543 0 643493 0 643321 643280 0 0 0 0 643398 643302 643319 0 0 644377 0 0 0 0 643348 0 643242 0 0 644410 644329 643423 0 0 0 643223 643261 643278 0 0 0 643198 643236 643245 0 643908 0 0 0 643088 643083 0 644010 0 643058 643053 643792 0 0 0 644393 644294 0 643113 0 0 643749 0 0 642863 0 0 0 642943 642923 
0 0 643651 0 644007 0 644313 643647 643527 0 643531 0 643935 0 0 0 0 0 0 0 0 0 0 643805 0 0 0 643399 643411 0 0 0 0 0 0 643391 0 0 0 0 0 0 0 0 0 0 0 0 0 0 643487 643355 0 0 0 0 643641 0 0 643615 0 643431 643307 0 0 0 0 643569 643463 643151 0 0 0 0 0 0 0 0 0 643415 0 0 0 0 643589 0 0 0 643411 643415 643019 0 0 0 643377 0 642911 0 643467 0 0 0 0 0 0 643667 0 0 643293 643451 0 0 0 0 644885 0 643341 0 0 644133 0 0 0 0 0 0 643205 643189 
0 642285 642121 642177 642199 642387 642259 642047 641939 0 642081 0 642467 0 0 0 0 641997 641999 642025 642009 642043 642373 642265 642007 641935 0 641827 642023 642121 642531 642409 0 0 642033 641799 641835 0 0 0 0 0 641987 642007 642059 642027 642581 642359 0 0 641847 641757 0 0 641961 642437 642385 642291 0 642167 642011 641795 641709 641695 642221 642645 642423 642205 641833 641631 0 0 641927 0 642239 642485 0 642153 641871 641785 0 641929 641905 642067 642671 642493 0 0 641987 641887 641565 641663 642709 642025 641925 641537 641559 641845 641881 641843 642613 0 642041 641899 0 641837 642785 642269 642127 641777 641821 641807 641807 641815 642021 642765 642791 0 641761 642447 642631 0 642685 642561 0 0 642171 641963 
0 0 643832 0 644010 0 644152 643828 643708 0 643712 0 644484 0 0 0 0 0 0 0 0 0 0 644168 0 0 0 643580 643592 0 0 0 0 0 0 643572 0 0 0 0 0 0 0 0 0 0 0 0 0 0 643668 643536 0 0 0 0 644408 0 0 644116 0 643612 643488 0 0 0 0 644192 643688 643332 0 0 0 0 0 0 0 0 0 643640 0 0 0 0 644908 0 0 0 643948 643796 643200 0 0 0 643872 0 643092 0 643396 0 0 0 0 0 0 643308 0 0 644180 643188 0 0 0 0 643676 0 645006 0 0 644528 0 0 0 0 0 0 644268 643996 
644020 644010 643986 643902 643912 644100 643996 644092 644104 644058 643818 643878 644190 644152 644068 644030 644052 643982 643924 643890 643874 643780 644225 644190 644172 644160 644150 644112 643794 643870 644210 644243 644236 644214 644198 644144 644060 644050 644018 643976 643860 643816 643758 643778 643772 643776 644247 644254 644216 644204 644192 644129 644095 643926 643732 644139 644267 644256 644272 644266 644236 644167 644105 644040 643970 644243 644286 644285 644205 644027 644047 643734 643676 643820 643988 644163 644308 644295 644243 644181 644009 643678 643654 643816 644218 644297 644312 644321 644320 644259 643961 643888 644199 644339 644292 643933 643904 643582 643606 643592 644175 644180 644347 644279 643917 643586 644149 644353 644354 643526 643570 643556 643556 643564 643770 644147 644156 644373 643510 644102 644118 644115 644130 644251 644295 644287 644376 644311 
0 643868 643804 644032 644130 643712 644016 643536 643464 0 643902 0 643456 0 0 0 0 643736 643782 643808 643792 643826 643316 643388 643328 643328 0 643400 643782 644292 643376 643244 0 0 643276 643312 643514 0 0 0 0 0 643710 643750 644098 644480 643228 643200 0 0 643216 643252 0 0 643658 643660 643148 643192 0 643152 643176 643176 643204 643462 644092 643100 643072 643076 643100 643334 0 0 644680 0 644056 643564 0 643036 643024 643052 0 644222 644688 644400 643096 642932 0 0 642936 642992 643348 643394 643020 642860 642916 643320 643282 643862 643838 644846 643308 0 642828 642824 0 644038 642916 642804 642800 643822 644006 644458 644650 644850 644492 643004 642848 0 644948 643640 643272 0 642648 642652 0 0 642712 642696 
0 0 627404 0 0 0 628053 627299 0 0 0 0 0 0 0 0 0 0 0 0 0 0 0 0 0 0 0 0 0 0 0 0 0 0 0 0 0 0 0 0 0 0 0 0 0 0 0 0 0 0 0 0 0 0 0 0 0 0 0 0 0 0 0 0 0 0 0 0 0 0 0 0 0 0 0 0 0 0 0 0 0 0 0 0 0 0 0 0 0 0 0 0 0 0 0 0 0 0 0 0 0 0 0 0 0 0 0 0 0 0 0 0 0 0 0 0 0 0 0 628297 0 0 0 0 0 0 0 0 
0 644501 644333 644393 644511 644627 644643 644331 644271 0 644273 0 644659 0 0 0 0 644257 644235 644237 644221 644235 644585 644501 644339 644291 0 644207 644213 644605 644747 644621 0 0 644365 644203 644191 0 0 0 0 0 644177 644197 644371 644511 644773 644595 0 0 644251 644185 0 0 644151 644797 644621 644551 0 644475 644367 644223 644161 644099 644701 644837 644659 644513 644261 644083 0 0 644411 0 644723 644869 0 644485 644299 644237 0 644361 644389 644551 644887 644729 0 0 644391 644315 644017 644019 644925 644429 644353 643989 643963 644229 644241 644327 644973 0 644445 644351 0 644269 644985 644601 644507 644185 644253 644291 644291 644299 644505 645009 644961 0 644245 644927 645039 0 644933 644817 0 0 644551 644415 
0 644549 644381 644441 644559 644675 644669 644379 644319 0 644321 644551 644707 0 644283 0 0 644305 644283 644285 644269 644283 644633 644549 644387 644339 644329 644255 644261 644557 644795 644669 644487 644429 644413 644251 644239 644229 644233 0 644219 644247 644225 644245 644419 644463 644821 644643 644395 644347 644299 644233 644199 644177 644199 644823 644669 644599 644631 644523 644415 644271 644209 644147 644657 644885 644707 644561 644309 644131 0 644421 644363 0 644675 644895 644559 644533 644347 644285 0 644365 644341 644503 644935 644777 644663 644585 644439 644363 644065 644067 644973 644477 644401 644037 644011 644255 644267 644279 644999 644989 644493 644399 644021 644273 645005 644649 644555 644211 644257 644243 644243 644251 644457 645029 644981 0 644197 644883 645055 645055 644957 644837 644781 644797 644599 644463 
0 0 642116 0 642164 0 642224 642042 641934 0 642070 0 642456 0 0 0 0 641992 0 0 0 642032 0 642260 0 0 0 641822 642014 0 0 0 0 0 0 641794 641830 0 0 0 0 0 0 0 0 641992 0 642354 0 0 641842 641752 0 0 641952 0 642380 642286 0 642162 0 641790 641704 0 0 0 0 642200 641828 641626 0 0 641892 0 0 0 0 642148 0 641780 0 0 641870 642032 642660 0 0 0 641982 641882 641560 0 0 0 641920 641532 641554 0 641846 0 0 0 642036 641894 0 641802 0 642264 642122 641742 0 0 0 641780 641986 0 642784 0 0 642412 0 0 642800 0 0 0 642166 641958 
0 643086 643098 643032 643019 643125 643049 643169 643125 0 642996 0 643189 0 0 0 0 643108 643073 643050 643042 642977 643224 643206 643159 643123 0 643069 642990 642980 643209 643242 0 0 643172 643055 643073 0 0 0 0 0 642972 642982 642949 642933 643246 643253 0 0 643079 643034 0 0 642959 643138 643266 643255 0 643239 643161 643053 643010 643003 643030 643278 643285 643258 643072 642971 0 0 642883 0 643039 643162 0 643232 643091 643048 0 642884 642872 642953 643279 643320 0 0 643149 643099 642938 642987 643298 643168 643118 642924 642935 642842 642860 642841 643226 0 643176 643105 0 642838 643300 643290 643219 642808 642830 642823 642823 642827 642930 643298 643304 0 642800 643143 643235 0 643240 643390 0 0 643241 643137 
0 644517 644541 644409 644383 644595 644443 644683 644719 0 644337 644325 644723 0 644683 0 0 644561 644491 644445 644429 644299 644793 644757 644787 644779 644769 644695 644325 644305 644763 644829 644839 644829 644813 644691 644679 644669 644633 0 644427 644359 644289 644309 644243 644211 644837 644851 644835 644787 644739 644673 644639 644529 644263 644621 644877 644855 644887 644875 644855 644711 644649 644587 644405 644901 644915 644913 644749 644571 0 644169 644111 0 644423 644669 644959 644933 644787 644725 0 644113 644089 644251 644903 644985 644967 644985 644879 644803 644505 644507 644911 644917 644841 644477 644451 644029 644065 644027 644797 644787 644933 644839 644461 644021 644847 645049 644995 643961 644005 643991 643991 643999 644205 644843 644861 0 643945 644631 644767 644779 644809 645051 645103 645079 645039 644903 
0 644211 644235 644103 644077 644289 644137 644377 644353 0 644031 644019 644417 0 644317 0 0 644255 644185 644139 644123 643993 644487 644451 644421 644373 644363 644289 644019 643999 644457 644523 644509 644463 644447 644285 644273 644263 644267 0 644121 644053 643983 644003 643937 643905 644531 644545 644429 644381 644333 644267 644233 644199 643957 644315 644571 644549 644581 644545 644449 644305 644243 644181 644099 644595 644609 644583 644343 644165 0 643863 643805 0 644117 644363 644593 644567 644381 644319 0 643807 643783 643945 644597 644679 644661 644619 644473 644397 644099 644101 644635 644511 644435 644071 644045 643723 643759 643721 644491 644481 644527 644433 644055 643715 644623 644683 644589 643655 643699 643685 643685 643693 643899 644599 644647 0 643639 644325 644503 644527 644671 644791 644803 644795 644633 644497 
0 0 644632 0 0 0 644534 644774 0 0 0 0 0 0 0 0 0 0 0 0 0 0 0 0 0 0 0 0 0 0 0 0 0 0 0 644766 0 0 0 0 0 0 0 0 0 0 0 0 0 0 0 0 0 0 0 0 0 0 0 0 0 0 0 0 0 0 0 0 0 0 0 0 0 0 0 0 0 0 0 0 0 0 0 0 0 0 0 0 0 0 0 0 0 0 0 0 0 0 0 0 0 0 0 0 0 0 0 0 0 0 0 0 0 0 0 0 0 0 0 644691 0 0 0 0 0 0 645102 0 
0 0 627309 0 0 0 626592 627384 0 0 0 0 0 0 0 0 0 0 0 0 0 0 0 0 0 0 0 0 0 0 0 0 0 0 0 627696 0 0 0 0 0 0 0 0 0 0 0 0 0 0 0 0 0 0 0 0 0 0 0 0 0 0 0 0 0 0 0 0 0 0 0 0 0 0 0 0 0 0 0 0 0 0 0 0 0 0 0 0 0 0 0 0 0 0 0 0 0 0 0 0 0 0 0 0 0 0 0 0 0 0 0 0 0 0 0 0 0 0 0 625926 0 0 0 0 0 0 627150 627426 
