640094 640082 640041 640022 640008 639943 639895 639887 639875 639813 639946 639931 639920 639860 639824 639828 639933 639905 639908 639847 639833 639915 639918 639878 639855 639836 639845 639896 639875 639802 639777 639771 639762 639697 639872 639892 639813 639835 639801 639752 639742 639861 639867 639872 639861 639837 639801 639786 639781 639736 639722 639737 639698 639853 639857 639862 639849 639844 639846 639842 639822 639732 639659 639832 639834 639836 639817 639760 639747 639746 639682 639650 639609 639641 639808 639732 639733 639687 639679 639650 639658 639622 639584 639825 639829 639797 639797 639797 639783 639774 639724 639686 639679 639664 639652 639635 639620 639564 639815 639773 639799 639774 639787 639778 639726 639697 639571 639552 639469 639450 639795 639761 639775 639775 639767 639770 639782 639777 639753 639732 639676 639644 639649 639629 639552 639487 639500 639756 
0 645132 645080 645042 645038 644932 644884 644892 644916 644844 644890 644860 644862 644886 644862 644840 644864 644832 644862 644860 644856 644828 644834 644802 644804 644790 644832 644790 644772 644770 644768 644780 644786 644724 644772 644808 644720 644740 644744 644766 644770 644750 644762 644772 644720 644720 644720 644714 644728 644710 644706 644736 644706 644734 644742 644752 644726 644716 644716 644682 644714 644678 644676 644692 644692 644670 644680 644638 644636 644658 644650 644634 644624 644664 644644 644606 644632 644636 644620 644610 644626 644626 644598 644624 644632 644610 644586 644592 644612 644618 644590 644586 644596 644590 644590 644580 644574 644582 644604 644562 644626 644576 644598 644554 644546 644560 644548 644534 0 644484 644564 644550 644578 644578 0 644568 644588 644578 644504 644534 644542 644502 644536 644520 644510 0 0 644514 
0 0 645035 644998 0 644915 644867 0 0 0 0 644816 644834 644869 644845 0 0 644804 0 0 0 0 644754 644785 0 644773 0 0 644744 644753 644751 644763 0 0 0 0 644703 644723 644727 0 644753 0 0 0 0 0 644703 644697 0 0 644689 644719 644689 0 0 0 0 0 0 0 0 0 644659 0 0 0 0 0 644619 0 644633 644617 644607 644647 0 644589 0 0 0 0 0 644609 644581 644500 0 644493 644457 0 0 0 0 0 644579 644573 644573 644563 644557 644565 644463 644445 0 0 0 644438 0 0 644531 644517 0 644457 644431 0 0 0 0 0 0 0 0 0 644525 644485 0 644503 644493 0 0 0 
0 0 0 639691 0 639655 639607 0 0 0 0 0 0 0 0 0 0 0 0 0 0 0 0 0 0 639583 0 0 0 0 0 0 0 0 0 0 0 0 0 0 0 0 0 0 0 0 0 0 0 0 0 0 0 0 0 0 0 0 0 0 0 0 639343 0 0 0 0 0 639559 0 0 0 639295 639319 0 0 0 0 0 0 0 639319 639271 0 0 0 0 0 0 0 0 0 0 0 0 0 0 639247 0 0 0 0 0 639691 0 0 639295 639271 0 639089 0 0 0 0 0 0 0 0 0 0 0 0 0 0 639295 0 0 0 
0 0 642980 642971 642981 642940 642932 0 0 0 0 642880 642893 642897 642853 0 0 642878 0 642884 0 0 642855 642875 642892 642873 0 0 642848 642839 642814 642808 0 0 642791 0 642850 642856 642838 0 642779 0 0 0 0 0 642838 642823 642818 0 642759 642774 642735 0 0 0 0 0 0 642779 0 0 642696 642751 0 642755 0 642797 642784 0 642719 642687 642646 642678 0 642769 642770 0 0 0 0 642659 642621 642670 0 642690 642666 0 0 0 0 0 642716 642701 642689 642672 642657 642601 642660 642666 0 0 642706 642697 0 0 642608 642589 0 642459 642640 0 0 0 0 0 0 0 642702 0 642713 642681 0 642666 642589 0 0 0 
0 0 0 641563 0 641563 641552 0 0 0 0 0 0 0 0 0 0 0 0 0 0 0 0 0 0 641540 0 0 0 0 0 0 0 0 0 0 0 0 0 0 0 0 0 0 0 0 0 0 0 0 0 0 0 0 0 0 0 0 0 0 0 0 641420 0 0 0 0 0 641528 0 0 0 641396 641408 0 0 0 0 0 0 0 641408 641384 0 0 0 0 0 0 0 0 0 0 0 0 0 0 641372 0 0 0 0 0 641563 0 0 641396 641384 0 641300 0 0 0 0 0 0 0 0 0 0 0 0 0 0 641396 0 0 0 
0 0 0 642841 0 642841 642841 0 0 0 0 0 0 0 0 0 0 0 0 0 0 0 0 0 0 642804 0 0 0 0 0 0 0 0 0 0 0 0 0 0 0 0 0 0 0 0 0 0 0 0 0 0 0 0 0 0 0 0 0 0 0 0 642712 0 0 0 0 0 642727 0 0 0 642670 642694 0 0 0 0 0 0 0 642694 642646 0 0 0 0 0 0 0 0 0 0 0 0 0 0 642622 0 0 0 0 0 642558 0 0 642665 642646 0 642478 0 0 0 0 0 0 0 0 0 0 0 0 0 0 642646 0 0 0 
0 0 644246 644265 644279 644316 644354 644378 644320 644258 644151 644208 644245 644335 644295 644222 644174 644230 644281 644348 644326 0 644159 644251 644314 644331 644354 0 644200 644323 644318 644300 644261 0 644041 0 644272 644256 644310 644271 644233 0 0 0 0 0 644296 644295 644302 0 644263 644278 644229 644010 0 0 644030 644013 0 644083 644243 644273 644172 643989 0 644041 0 644255 644256 644267 644223 644191 644126 644142 643977 644241 644254 644228 644220 644191 644199 644161 644103 643616 643624 643638 643602 0 0 0 644233 0 644220 644205 644193 644176 644161 644075 643596 643590 0 643943 643980 643983 644185 644218 644112 644093 0 643901 643556 643870 0 643908 0 0 0 0 644030 0 644209 644185 644190 644170 644093 0 0 0 
0 0 644585 644575 644597 644568 644592 644620 644669 644654 644437 644484 644509 644665 644671 644644 644460 644494 644533 644652 644674 0 644445 644503 644552 644569 644614 0 644464 644607 644632 644633 644624 0 644327 0 644510 644496 644570 644614 644604 0 0 0 0 0 644534 644555 644586 0 644584 644599 644560 644296 0 0 644316 644299 0 644369 644483 644587 644521 644275 0 644327 0 644493 644516 644551 644544 644512 644471 644503 644263 644501 644538 644549 644541 644512 644520 644484 644446 644003 644011 643995 643971 0 0 0 644493 0 644541 644526 644514 644497 644482 644426 643983 643947 0 644229 644266 644269 644423 644502 644433 644414 0 644294 643943 644156 0 644194 0 0 0 0 644306 0 644517 644499 644511 644491 644414 0 0 0 
0 0 644930 644892 644936 644878 644926 0 0 645144 0 644710 644760 645072 645142 0 0 644730 0 645046 0 0 644636 644748 644846 644880 0 0 644670 644956 645048 645084 0 0 644496 0 644762 644734 644882 645092 645096 0 0 0 0 0 644810 644852 644914 0 645032 645062 645032 0 0 0 0 0 0 644484 0 0 645002 644416 0 644424 0 644728 644774 0 644976 644960 644950 644990 0 644744 644818 0 0 0 644952 644952 644924 644298 0 644338 644290 0 0 0 0 0 644900 644916 644916 644906 644900 644908 644278 644290 0 0 644326 644308 644588 0 644874 644860 0 644812 644238 0 0 0 0 0 0 0 644354 0 644776 644782 644840 644846 644836 0 0 0 
0 0 644426 644445 644422 644439 644391 644351 644267 644185 644503 644496 644483 644282 644222 644160 644503 644483 644459 644295 644261 0 644489 644459 644411 644387 644345 0 644462 644339 644269 644227 644188 0 644432 0 644400 644422 644363 644198 644160 0 0 0 0 0 644387 644363 644339 0 644228 644213 644156 644413 0 0 644409 644404 0 644413 644409 644291 644099 644392 0 644395 0 644347 644334 644333 644219 644156 644053 644069 644368 644319 644320 644243 644243 644195 644195 644088 644030 643986 643978 643970 643934 0 0 0 644311 0 644266 644243 644219 644195 644171 644002 643940 643922 0 644334 644347 644337 644313 644284 644091 644062 0 643828 643908 644321 0 644335 0 0 0 0 644329 0 644263 644231 644236 644216 644099 0 0 0 
0 0 644932 644970 0 644984 644936 0 0 0 0 645128 645102 644790 644718 0 0 645104 0 0 0 0 645114 645080 0 644982 0 0 645060 644906 644812 644752 0 0 0 0 645008 645028 644980 0 644666 0 0 0 0 0 645008 644984 0 0 644778 644748 644682 0 0 0 0 0 0 0 0 0 644616 0 0 0 0 0 644924 0 644786 644706 644572 644580 0 644894 0 0 0 0 0 644618 644550 644336 0 644376 644328 0 0 0 0 0 644884 644864 644840 644808 644766 644518 644316 644328 0 0 0 644806 0 0 644648 644614 0 644314 644276 0 0 0 0 0 0 0 0 0 644830 644790 0 644808 644686 0 0 0 
0 0 644959 644997 0 645059 645015 0 0 0 0 645119 645133 644869 644797 0 0 645115 0 0 0 0 645055 645109 0 645061 0 0 645055 644985 644891 644831 0 0 0 0 645031 645051 645041 0 644745 0 0 0 0 0 645031 645025 0 0 644857 644827 644761 0 0 0 0 0 0 0 0 0 644695 0 0 0 0 0 644947 0 644865 644785 644651 644659 0 644917 0 0 0 0 0 644697 644629 644313 0 644353 644305 0 0 0 0 0 644907 644901 644897 644873 644845 644597 644293 644305 0 0 0 644727 0 0 644727 644693 0 644393 644253 0 0 0 0 0 0 0 0 0 644853 644813 0 644831 644765 0 0 0 
0 0 644950 644986 0 644976 645024 0 0 0 0 644808 644858 645144 645118 0 0 644828 0 0 0 0 644734 644846 0 644978 0 0 644768 645054 645098 645110 0 0 0 0 644860 644832 644980 0 645066 0 0 0 0 0 644908 644950 0 0 645036 645066 645036 0 0 0 0 0 0 0 0 0 645006 0 0 0 0 0 644872 0 644980 644964 644954 644980 0 644842 0 0 0 0 0 644956 644928 644294 0 644334 644286 0 0 0 0 0 644926 644920 644920 644910 644904 644912 644274 644286 0 0 0 644406 0 0 644878 644864 0 644714 644234 0 0 0 0 0 0 0 0 0 644870 644832 0 644850 644840 0 0 0 
0 0 644879 644860 0 644834 644858 0 0 0 0 644690 644728 644950 644977 0 0 644698 0 0 0 0 644628 644704 0 644800 0 0 644638 644852 644913 644948 0 0 0 0 644694 644678 644790 0 644921 0 0 0 0 0 644730 644760 0 0 644877 644907 644877 0 0 0 0 0 0 0 0 0 644838 0 0 0 0 0 644682 0 644821 644805 644788 644820 0 644652 0 0 0 0 0 644797 644763 644282 0 644309 644274 0 0 0 0 0 644765 644761 644761 644751 644745 644743 644262 644261 0 0 0 644310 0 0 644719 644705 0 644629 644222 0 0 0 0 0 0 0 0 0 644660 644647 0 644691 644681 0 0 0 
0 0 643802 643764 643796 643726 643750 643794 643890 643935 643540 643582 643620 643860 643908 643971 643550 643590 643656 643834 643866 0 643520 643596 643670 643692 643770 0 643530 643744 643814 643851 643881 0 643428 0 643586 643570 643682 643861 643889 0 0 0 0 0 643622 643652 643702 0 643801 643831 643849 643402 0 0 643370 643372 0 643368 643544 643724 643867 643360 0 643320 0 643540 643574 643632 643769 643801 643863 643879 643300 643544 643606 643731 643715 643753 643769 643841 643861 643446 643422 643330 643330 0 0 0 643528 0 643667 643685 643709 643723 643741 643869 643374 643282 0 643232 643234 643204 643412 643534 643787 643797 0 643857 643350 643258 0 643270 0 0 0 0 643226 0 643552 643548 643607 643615 643749 0 0 0 
0 0 644799 644837 644805 644875 644851 644795 644675 644583 644971 644971 644959 644705 644633 644533 644971 644959 644940 644731 644687 0 644971 644947 644921 644892 644807 0 644959 644821 644727 644667 644613 0 644925 0 644923 644935 644875 644633 644581 0 0 0 0 0 644899 644875 644851 0 644693 644663 644597 644901 0 0 644949 644925 0 644957 644935 644803 644531 644901 0 644921 0 644899 644875 644851 644701 644621 644487 644495 644891 644875 644851 644753 644755 644693 644677 644533 644465 644217 644225 644257 644209 0 0 0 644875 0 644779 644755 644731 644707 644676 644433 644197 644209 0 644823 644847 644805 644893 644851 644563 644529 0 644229 644157 644797 0 644825 0 0 0 0 644803 0 644827 644803 644779 644755 644600 0 0 0 
0 0 644944 644982 0 645024 644976 0 0 0 0 645158 645138 644830 644758 0 0 645158 0 0 0 0 645094 645136 0 645022 0 0 645102 644946 644852 644792 0 0 0 0 645054 645074 645020 0 644706 0 0 0 0 0 645054 645042 0 0 644818 644788 644722 0 0 0 0 0 0 0 0 0 644656 0 0 0 0 0 644970 0 644826 644746 644612 644620 0 644940 0 0 0 0 0 644658 644590 644290 0 644330 644282 0 0 0 0 0 644930 644922 644886 644848 644806 644558 644270 644282 0 0 0 644766 0 0 644688 644654 0 644354 644230 0 0 0 0 0 0 0 0 0 644876 644836 0 644854 644726 0 0 0 
0 0 642428 642447 642437 642478 642454 642414 642330 642248 642492 642492 642492 642345 642285 642210 642492 642492 642492 642358 642324 0 642492 642492 642468 642444 642408 0 642492 642396 642332 642290 642251 0 642492 0 642468 642492 642420 642261 642223 0 0 0 0 0 642444 642420 642396 0 642291 642276 642219 642492 0 0 642492 642492 0 642492 642492 642348 642162 642492 0 642492 0 642444 642420 642396 642276 642219 642116 642132 642492 642420 642396 642300 642300 642252 642252 642151 642093 642324 642356 642420 642408 0 0 0 642420 0 642324 642300 642276 642252 642228 642065 642376 642420 0 642492 642492 642492 642468 642396 642154 642125 0 641891 642360 642492 0 642492 0 0 0 0 642492 0 642372 642348 642324 642300 642156 0 0 0 
0 0 644989 644997 645021 645035 645078 0 0 0 0 644867 644917 645073 645018 0 0 644887 0 645073 0 0 644793 644905 644998 645009 0 0 644827 645021 645019 645001 0 0 644653 0 644914 644891 644987 0 644953 0 0 0 0 0 644939 644957 644979 0 644957 644977 644929 0 0 0 0 0 0 644641 0 0 644881 644573 0 644581 0 644857 644879 0 644901 644885 644833 644857 0 644849 644883 0 0 0 0 644857 644809 644346 0 644381 644338 0 0 0 0 0 644847 644841 644841 644831 644825 644785 644326 644333 0 0 644483 644465 0 0 644799 644785 0 644624 644286 0 0 0 0 0 0 0 644511 0 644793 644753 0 644771 644761 0 0 0 
0 0 644639 644639 644663 644666 644690 644713 644737 644741 644511 644568 644605 644737 644745 644691 644534 644590 644631 644737 644745 0 644519 644601 644650 644667 644712 0 644560 644705 644736 644745 644723 0 644401 0 644608 644594 644668 644723 644699 0 0 0 0 0 644632 644653 644684 0 644707 644722 644675 644370 0 0 644390 644373 0 644443 644581 644691 644627 644349 0 644401 0 644591 644614 644649 644667 644635 644579 644603 644337 644599 644636 644672 644664 644635 644643 644603 644555 644003 644011 644039 643995 0 0 0 644591 0 644662 644649 644637 644620 644605 644531 643983 643991 0 644303 644340 644343 644521 644600 644556 644537 0 644387 643943 644230 0 644268 0 0 0 0 644390 0 644611 644603 644632 644614 644537 0 0 0 
0 644859 644889 644927 644883 644941 644893 644837 644717 644625 645131 645109 645059 644747 644675 644575 645131 645089 645011 644773 644729 645097 645127 645071 644973 644939 644849 645059 645085 644863 644769 644709 644655 644497 645037 645075 645031 645053 644937 644675 644623 645015 645027 645037 645013 645033 645007 644967 644905 644779 644735 644705 644639 644999 645007 645017 644991 644981 644983 644975 645027 644859 644573 644957 644959 644939 644993 644951 644949 644959 644743 644663 644529 644537 644909 644919 644945 644805 644821 644735 644719 644575 644507 644311 644319 644351 644303 644861 644925 644931 644903 644899 644887 644851 644803 644765 644723 644475 644291 644303 644891 644841 644865 644823 644859 644873 644605 644571 0 644271 644251 644815 644843 644843 0 644833 644855 644845 644817 644847 644855 644815 644849 644833 644643 0 0 644241 
0 0 644894 644932 0 644946 644898 0 0 0 0 645114 645064 644752 644680 0 0 645094 0 0 0 0 645164 645076 0 644944 0 0 645108 644868 644774 644714 0 0 0 0 645046 645070 644942 0 644628 0 0 0 0 0 645014 644972 0 0 644740 644710 644644 0 0 0 0 0 0 0 0 0 644578 0 0 0 0 0 644972 0 644748 644668 644534 644542 0 644942 0 0 0 0 0 644580 644512 644288 0 644328 644280 0 0 0 0 0 644898 644856 644808 644770 644728 644480 644268 644280 0 0 0 644844 0 0 644610 644576 0 644276 644228 0 0 0 0 0 0 0 0 0 644878 644838 0 644856 644648 0 0 0 
0 0 644876 644914 0 644996 644963 0 0 0 0 645065 645064 644817 644745 0 0 645079 0 0 0 0 645017 645086 0 645003 0 0 645028 644933 644839 644779 0 0 0 0 645023 645040 644990 0 644693 0 0 0 0 0 645023 645005 0 0 644805 644775 644709 0 0 0 0 0 0 0 0 0 644643 0 0 0 0 0 644939 0 644813 644733 644599 644607 0 644909 0 0 0 0 0 644645 644577 644231 0 644271 644223 0 0 0 0 0 644899 644887 644851 644820 644787 644545 644211 644223 0 0 0 644689 0 0 644675 644641 0 644341 644171 0 0 0 0 0 0 0 0 0 644845 644805 0 644823 644711 0 0 0 
0 0 643082 643120 643112 643188 643193 0 0 0 0 643154 643179 643105 643033 0 0 643164 0 643131 0 0 643117 643173 643203 643208 0 0 643134 643182 643111 643067 0 0 643047 0 643161 643159 643189 0 642981 0 0 0 0 0 643173 643174 643169 0 643070 643055 642997 0 0 0 0 0 0 643041 0 0 642931 643007 0 643011 0 643132 643135 0 643062 642998 642887 642895 0 643120 643121 0 0 0 0 642930 642865 642690 0 642766 642730 0 0 0 0 0 643067 643052 643040 643023 643008 642833 642706 642742 0 0 642962 642953 0 0 642933 642904 0 642629 642678 0 0 0 0 0 0 0 642976 0 643064 643032 0 643017 642940 0 0 0 
0 0 0 643713 0 643761 643789 0 0 0 0 0 0 0 0 0 0 0 0 0 0 0 0 0 0 643769 0 0 0 0 0 0 0 0 0 0 0 0 0 0 0 0 0 0 0 0 0 0 0 0 0 0 0 0 0 0 0 0 0 0 0 0 643531 0 0 0 0 0 643615 0 0 0 643483 643507 0 0 0 0 0 0 0 643507 643459 0 0 0 0 0 0 0 0 0 0 0 0 0 0 643435 0 0 0 0 0 643259 0 0 643483 643459 0 643291 0 0 0 0 0 0 0 0 0 0 0 0 0 0 643483 0 0 0 
0 0 644293 644312 644326 644391 644436 644410 644345 644260 644230 644287 644324 644360 644300 644210 644253 644309 644360 644373 644339 0 644238 644330 644400 644395 644416 0 644279 644380 644347 644305 644266 0 644120 0 644358 644335 644372 644276 644238 0 0 0 0 0 644360 644357 644359 0 644300 644291 644234 644089 0 0 644109 644092 0 644162 644322 644310 644177 644068 0 644120 0 644319 644318 644324 644260 644228 644131 644147 644056 644303 644311 644265 644257 644228 644236 644166 644108 643646 643654 643685 643638 0 0 0 644295 0 644257 644242 644230 644213 644198 644080 643626 643637 0 644022 644059 644062 644271 644275 644149 644130 0 643906 643586 643949 0 643987 0 0 0 0 644109 0 644254 644222 644227 644207 644130 0 0 0 
0 0 641050 641088 641068 641150 641150 641118 641046 641026 641288 641270 641244 641076 641052 640976 641290 641274 641220 641102 641082 0 641310 641280 641230 641220 641154 641310 641310 641192 641146 641110 641080 641018 641238 641286 641310 641310 641242 641100 641072 0 641262 641262 641310 0 641290 641272 641234 641180 641160 641130 641112 641214 641262 641262 641262 641238 641286 641310 641310 641236 641094 641214 641286 641310 0 641310 641310 641304 641192 641160 641098 641082 641238 641310 641310 641230 641246 641208 641192 641120 641100 640442 640450 640482 640434 641310 0 0 641310 641310 641294 641276 641252 641238 641220 641092 640422 640434 641166 641238 641286 641310 641310 641310 641174 641164 0 641032 640382 641118 641118 641166 0 641214 641286 641286 641310 0 641310 641310 641310 641310 641212 0 0 0 
0 0 644856 644894 0 644953 644908 0 0 0 0 645076 645059 644762 644690 0 0 645089 0 0 0 0 645090 645083 0 644954 0 0 645126 644878 644784 644724 0 0 0 0 645063 645089 644952 0 644638 0 0 0 0 0 645024 644982 0 0 644750 644720 644654 0 0 0 0 0 0 0 0 0 644588 0 0 0 0 0 645010 0 644758 644678 644544 644552 0 644980 0 0 0 0 0 644590 644522 644200 0 644240 644192 0 0 0 0 0 644908 644866 644818 644780 644738 644490 644180 644192 0 0 0 644784 0 0 644620 644586 0 644286 644140 0 0 0 0 0 0 0 0 0 644916 644876 0 644894 644658 0 0 0 
0 0 0 644862 0 644941 644989 0 0 0 0 0 0 0 0 0 0 0 0 0 0 0 0 0 0 645031 0 0 0 645052 0 0 0 0 0 0 0 0 645027 0 0 0 0 0 0 0 0 0 0 0 0 0 0 0 0 0 0 0 0 0 0 0 644825 0 0 0 0 0 644919 0 0 0 644779 644795 0 0 0 0 0 0 0 644814 644756 644202 0 0 0 0 0 0 0 0 0 0 0 0 0 644728 0 644187 0 0 0 644459 0 0 644817 644788 0 644554 0 0 0 0 0 0 0 0 0 0 0 0 0 0 644831 0 0 0 
0 0 644868 644906 0 645006 645054 0 0 0 0 644838 644888 645062 645086 0 0 644858 0 0 0 0 644764 644876 0 645008 0 0 644798 645084 645174 645122 0 0 0 0 644890 644862 645010 0 645036 0 0 0 0 0 644938 644980 0 0 645118 645118 645052 0 0 0 0 0 0 0 0 0 644986 0 0 0 0 0 644902 0 645062 645046 644942 644950 0 644872 0 0 0 0 0 644988 644920 644212 0 644252 644204 0 0 0 0 0 645008 645002 645002 644992 644986 644888 644192 644204 0 0 0 644436 0 0 644960 644946 0 644684 644152 0 0 0 0 0 0 0 0 0 644904 644912 0 644932 644922 0 0 0 
0 0 644883 644921 0 644949 644997 0 0 0 0 644781 644831 645077 645101 0 0 644801 0 0 0 0 644707 644819 0 644951 0 0 644741 645027 645121 645173 0 0 0 0 644833 644805 644953 0 645093 0 0 0 0 0 644881 644923 0 0 645103 645133 645101 0 0 0 0 0 0 0 0 0 645043 0 0 0 0 0 644845 0 645047 645031 644999 645007 0 644815 0 0 0 0 0 645023 644977 644227 0 644267 644219 0 0 0 0 0 644993 644987 644987 644977 644971 644945 644207 644219 0 0 0 644379 0 0 644945 644931 0 644741 644167 0 0 0 0 0 0 0 0 0 644847 644855 0 644917 644907 0 0 0 
0 0 644062 644062 644062 644015 644015 644047 644062 644062 643877 643895 643921 644062 644062 644062 643875 643891 643945 644055 644062 0 643845 643885 643935 643945 644011 0 643831 643973 644019 644051 644062 0 643801 0 643851 643847 643923 644056 644042 0 0 0 0 0 643875 643893 643931 0 644005 644035 644006 643787 0 0 643731 643745 0 643693 643821 643929 643967 643745 0 643657 0 643793 643815 643861 643953 643937 643917 643946 643673 643785 643835 643935 643919 643913 643929 643929 643892 644062 644062 644062 644062 0 0 0 643769 0 643871 643889 643893 643883 643877 643872 644062 644062 0 643605 643583 643541 643677 643763 643851 643837 0 643730 644062 643699 0 643679 0 0 0 0 643539 0 643769 643753 643811 643819 643813 0 0 0 
0 0 644775 644743 644787 644729 644777 644833 644943 645015 644495 644561 644611 644923 644991 644988 644517 644581 644659 644897 644941 0 644487 644599 644697 644731 644821 644395 644521 644807 644901 644961 645015 645106 644347 644387 644613 644585 644733 644995 645047 0 644337 644347 644373 0 644661 644703 644765 644891 644935 644965 645031 644309 644317 644327 644301 644291 644295 644335 644559 644811 645068 644267 644271 644275 0 644579 644625 644695 644927 645002 645064 645080 644219 644595 644669 644865 644849 644935 644951 645042 645040 644166 644174 644175 644149 644197 0 0 644579 644719 644777 644819 644867 644905 644942 645024 644146 644127 644201 644151 644177 644159 644439 644597 644988 644976 0 644916 644106 644125 644153 644153 0 644143 644167 644157 644205 0 644627 644635 644717 644749 644950 0 0 0 
0 0 643305 643343 643299 643357 643309 0 0 0 0 643525 643475 643163 643091 0 0 643505 0 643189 0 0 643599 643487 643389 643355 0 0 643565 643279 643185 643125 0 0 643692 0 643473 643501 643353 0 643039 0 0 0 0 0 643425 643383 643321 0 643151 643121 643055 0 0 0 0 0 0 643578 0 0 642989 643668 0 643584 0 643484 643453 0 643159 643079 642945 642953 0 643456 643417 0 0 0 0 642991 642923 643193 0 643269 643233 0 0 0 0 0 643309 643267 643219 643181 643139 642891 643209 643245 0 0 643571 643526 0 0 643021 642987 0 642687 643181 0 0 0 0 0 0 0 643477 0 643400 643368 0 643331 643059 0 0 0 
0 0 641409 641447 641427 641509 641509 641477 641405 641385 641647 641629 641603 641435 641411 641335 641649 641633 641579 641461 641441 0 641669 641639 641589 641579 641513 641669 641669 641551 641505 641469 641439 641377 641647 641669 641669 641669 641601 641459 641431 0 641669 641669 641669 0 641649 641631 641593 641539 641519 641489 641471 641623 641669 641669 641669 641647 641669 641669 641669 641595 641453 641623 641669 641669 0 641669 641669 641663 641551 641519 641457 641441 641647 641669 641669 641589 641605 641567 641551 641479 641459 640851 640859 640891 640843 641669 0 0 641669 641669 641653 641635 641611 641597 641579 641451 640831 640843 641575 641647 641669 641669 641669 641669 641533 641523 0 641391 640791 641527 641527 641575 0 641623 641669 641669 641669 0 641669 641669 641669 641669 641571 0 0 0 
0 0 644887 644925 0 645035 645041 0 0 0 0 645099 645105 644895 644823 0 0 645123 0 0 0 0 645029 645141 0 645087 0 0 645063 645011 644917 644857 0 0 0 0 645113 645123 645085 0 644771 0 0 0 0 0 645113 645105 0 0 644883 644853 644787 0 0 0 0 0 0 0 0 0 644721 0 0 0 0 0 645029 0 644891 644811 644677 644685 0 644999 0 0 0 0 0 644723 644655 644231 0 644271 644223 0 0 0 0 0 644989 644983 644951 644913 644871 644623 644211 644223 0 0 0 644701 0 0 644753 644719 0 644419 644171 0 0 0 0 0 0 0 0 0 644935 644895 0 644913 644791 0 0 0 
0 0 644888 644926 0 645032 645010 0 0 0 0 645108 645106 644864 644792 0 0 645136 0 0 0 0 645060 645162 0 645056 0 0 645094 644980 644886 644826 0 0 0 0 645112 645130 645054 0 644740 0 0 0 0 0 645112 645084 0 0 644852 644822 644756 0 0 0 0 0 0 0 0 0 644690 0 0 0 0 0 645028 0 644860 644780 644646 644654 0 644998 0 0 0 0 0 644692 644624 644232 0 644272 644224 0 0 0 0 0 644988 644968 644920 644882 644840 644592 644212 644224 0 0 0 644732 0 0 644722 644688 0 644388 644172 0 0 0 0 0 0 0 0 0 644934 644894 0 644912 644760 0 0 0 
0 0 0 644796 0 644906 644954 0 0 0 0 0 0 0 0 0 0 0 0 0 0 0 0 0 0 645012 0 0 0 645026 0 0 0 0 0 0 0 0 645020 0 0 0 0 0 0 0 0 0 0 0 0 0 0 0 0 0 0 0 0 0 0 0 644782 0 0 0 0 0 644966 0 0 0 644738 644746 0 0 0 0 0 0 0 644784 644716 644102 0 0 0 0 0 0 0 0 0 0 0 0 0 644684 0 644094 0 0 0 644523 0 0 644809 644780 0 644480 0 0 0 0 0 0 0 0 0 0 0 0 0 0 644828 0 0 0 
0 0 644873 644909 644915 644913 644961 0 0 645079 0 644745 644795 645067 645091 0 0 644765 0 645077 0 0 644671 644783 644881 644915 0 0 644705 644991 645085 645135 0 0 644531 0 644797 644769 644917 645139 645125 0 0 0 0 0 644845 644887 644949 0 645085 645115 645113 0 0 0 0 0 0 644519 0 0 645071 644451 0 644459 0 644763 644809 0 645053 645041 645023 645043 0 644779 644853 0 0 0 645033 645033 644999 644217 0 644257 644209 0 0 0 0 0 644951 644969 644993 644987 644981 644975 644197 644209 0 0 644361 644343 644623 0 644955 644941 0 644777 644157 0 0 0 0 0 0 0 644389 0 644811 644819 644891 644899 644917 0 0 0 
0 0 644830 644817 0 644803 644851 0 0 0 0 644635 644685 644997 645047 0 0 644655 0 0 0 0 644561 644673 0 644805 0 0 644595 644881 644975 645035 0 0 0 0 644687 644659 644807 0 645106 0 0 0 0 0 644735 644777 0 0 645006 645036 645057 0 0 0 0 0 0 0 0 0 645027 0 0 0 0 0 644699 0 644986 644985 644975 645015 0 644669 0 0 0 0 0 644977 644949 644207 0 644222 644186 0 0 0 0 0 644851 644890 644926 644931 644925 644933 644187 644174 0 0 0 644233 0 0 644899 644885 0 644797 644147 0 0 0 0 0 0 0 0 0 644701 644709 0 644820 644861 0 0 0 
0 644774 644760 644798 644754 644812 644764 644708 644588 644496 645046 644980 644930 644618 644546 644446 645024 644960 644882 644644 644600 645050 645026 644942 644844 644810 644720 645018 644978 644734 644640 644580 644526 644368 645114 645058 644906 644930 644808 644546 644494 645140 645056 645066 644948 644948 644880 644838 644776 644650 644606 644576 644510 645124 645036 645046 645020 645058 644966 644910 644930 644730 644444 645082 644942 644898 644908 644866 644858 644834 644614 644534 644400 644408 644986 644834 644834 644676 644692 644606 644590 644446 644378 644396 644404 644436 644388 644820 644840 644846 644818 644786 644762 644722 644674 644636 644594 644346 644376 644388 645020 644918 644848 644782 644774 644788 644476 644442 0 644142 644336 644944 644972 644972 0 644958 644838 644828 644732 644762 644770 644730 644762 644738 644514 0 0 644326 
0 0 641615 641653 641633 641715 641715 641683 641611 641591 641853 641835 641809 641641 641617 641541 641855 641839 641785 641667 641647 0 641885 641845 641795 641785 641719 641901 641899 641757 641711 641675 641645 641583 641901 641901 641879 641883 641807 641665 641637 0 641901 641901 641901 0 641855 641837 641799 641745 641725 641695 641677 641899 641901 641901 641901 641901 641901 641901 641901 641801 641659 641899 641901 641901 0 641901 641901 641869 641757 641725 641663 641647 641901 641901 641895 641795 641811 641773 641757 641685 641665 641101 641109 641141 641093 641901 0 0 641901 641893 641859 641841 641817 641803 641785 641657 641081 641093 641851 641901 641901 641901 641901 641901 641739 641729 0 641597 641041 641803 641803 641851 0 641899 641901 641901 641901 0 641901 641901 641901 641901 641777 0 0 0 
0 0 641323 641361 641341 641423 641423 641391 641319 641299 641561 641543 641517 641349 641325 641249 641563 641547 641493 641375 641355 0 641583 641553 641503 641493 641427 641583 641583 641465 641419 641383 641353 641291 641583 641583 641583 641583 641515 641373 641345 0 641583 641583 641583 0 641563 641545 641507 641453 641433 641403 641385 641559 641583 641583 641583 641583 641583 641583 641583 641509 641367 641559 641583 641583 0 641583 641583 641577 641465 641433 641371 641355 641583 641583 641583 641503 641519 641481 641465 641393 641373 640787 640795 640827 640779 641583 0 0 641583 641583 641567 641549 641525 641511 641493 641365 640767 640779 641511 641583 641583 641583 641583 641583 641447 641437 0 641305 640727 641463 641463 641511 0 641559 641583 641583 641583 0 641583 641583 641583 641583 641485 0 0 0 
0 0 644600 644657 644591 644678 644606 644522 644342 644204 644953 644930 644855 644387 644279 644129 644972 644900 644783 644426 644360 0 645017 644873 644726 644675 644540 0 644990 644561 644420 644330 644249 0 644949 0 644852 644894 644672 644279 644201 0 0 0 645108 0 644780 644717 644624 0 644369 644324 644225 644920 0 0 645020 644977 645031 645071 644933 644555 644126 644941 644995 645001 0 644885 644834 644729 644381 644261 644060 644072 644917 644853 644768 644474 644498 644369 644345 644129 644027 643684 643696 643744 643672 644884 0 0 644861 644693 644606 644543 644471 644414 644351 643979 643654 643672 0 644815 644854 644827 644891 644828 644174 644123 0 643673 643594 644776 0 644818 0 0 0 0 644828 0 644789 644761 644696 644648 644231 0 0 0 
0 644780 644862 644900 644882 644964 644918 644862 644742 644650 645052 645082 645058 644772 644700 644600 645078 645088 645034 644798 644754 645092 645108 645094 644998 644964 644874 645060 645142 644888 644794 644734 644680 644522 645012 645052 645082 645110 644962 644700 644648 644990 645002 645012 645038 645136 645034 644992 644930 644804 644760 644730 644664 644974 644982 644992 644966 644956 644960 645000 645120 644884 644598 644932 644936 644940 645096 645056 645048 645000 644768 644688 644554 644562 644884 645024 645024 644830 644846 644760 644744 644600 644532 644206 644214 644246 644198 644862 645028 645036 645008 644976 644918 644876 644828 644790 644748 644500 644186 644198 644866 644816 644842 644824 644964 644978 644630 644596 0 644296 644146 644790 644818 644818 0 644808 644832 644822 644870 644952 644960 644920 644952 644928 644668 0 0 644136 
0 0 644808 644846 0 644956 645002 0 0 0 0 645028 645026 644882 644810 0 0 645056 0 0 0 0 645042 645086 0 645072 0 0 645076 644998 644904 644844 0 0 0 0 645160 645138 645072 0 644758 0 0 0 0 0 645142 645102 0 0 644870 644840 644774 0 0 0 0 0 0 0 0 0 644708 0 0 0 0 0 645108 0 644878 644798 644664 644672 0 645078 0 0 0 0 0 644710 644642 644152 0 644192 644144 0 0 0 0 0 645028 644986 644938 644900 644858 644610 644132 644144 0 0 0 644714 0 0 644740 644706 0 644406 644092 0 0 0 0 0 0 0 0 0 645014 644974 0 644992 644778 0 0 0 
0 0 644819 644857 0 644967 645015 0 0 0 0 645039 645037 644947 644875 0 0 645067 0 0 0 0 644977 645089 0 645109 0 0 645011 645063 644969 644909 0 0 0 0 645103 645075 645133 0 644823 0 0 0 0 0 645151 645163 0 0 644935 644905 644839 0 0 0 0 0 0 0 0 0 644773 0 0 0 0 0 645093 0 644943 644863 644729 644737 0 645063 0 0 0 0 0 644775 644707 644163 0 644203 644155 0 0 0 0 0 645057 645051 645003 644965 644923 644675 644143 644155 0 0 0 644649 0 0 644805 644771 0 644471 644103 0 0 0 0 0 0 0 0 0 645003 644963 0 644981 644843 0 0 0 
0 0 644142 644161 644163 644216 644240 0 0 0 0 644220 644245 644227 644191 0 0 644230 0 644240 0 0 644172 644239 644280 644287 0 0 644200 644285 644238 644207 0 0 644054 0 644246 644232 644306 0 644140 0 0 0 0 0 644270 644291 644306 0 644208 644193 644136 0 0 0 0 0 0 644096 0 0 644079 644002 0 644054 0 644229 644252 0 644200 644136 644033 644049 0 644237 644262 0 0 0 0 644068 644010 643535 0 643535 643499 0 0 0 0 0 644243 644228 644216 644199 644166 643982 643505 643487 0 0 643993 643996 0 0 644071 644042 0 643808 643473 0 0 0 0 0 0 0 644042 0 644217 644197 0 644193 644090 0 0 0 
0 0 644475 644513 644517 644607 644631 644620 644572 644568 644489 644546 644583 644602 644594 644518 644512 644568 644612 644628 644620 0 644497 644582 644631 644648 644657 644439 644538 644686 644681 644652 644622 644464 644379 644423 644589 644575 644649 644642 644590 0 644386 644391 644440 0 644613 644634 644665 644698 644688 644672 644606 644348 644376 644381 644368 644351 644377 644421 644562 644680 644540 644327 644365 644379 0 644572 644595 644630 644678 644616 644496 644504 644315 644580 644617 644683 644675 644646 644654 644542 644474 643819 643827 643859 643811 644340 0 0 644572 644634 644651 644660 644648 644631 644616 644442 643799 643811 644270 644281 644318 644321 644502 644581 644551 644522 0 644238 643759 644208 644222 644246 0 644265 644313 644308 644368 0 644596 644592 644621 644625 644548 0 0 0 
0 0 644841 644879 0 644957 645005 0 0 0 0 644789 644839 645035 645059 0 0 644809 0 0 0 0 644715 644827 0 644959 0 0 644749 645035 645129 645127 0 0 0 0 644841 644813 644961 0 645085 0 0 0 0 0 644889 644931 0 0 645125 645147 645101 0 0 0 0 0 0 0 0 0 645035 0 0 0 0 0 644853 0 645089 645073 644991 644999 0 644823 0 0 0 0 0 645037 644969 644185 0 644225 644177 0 0 0 0 0 644991 645009 645029 645019 645013 644937 644165 644177 0 0 0 644387 0 0 644987 644973 0 644733 644125 0 0 0 0 0 0 0 0 0 644855 644863 0 644939 644949 0 0 0 
0 0 644816 644845 0 644902 644940 0 0 0 0 644744 644794 644961 644964 0 0 644764 0 0 0 0 644670 644782 0 644892 0 0 644704 644944 645002 645014 0 0 0 0 644786 644768 644882 0 644994 0 0 0 0 0 644822 644852 0 0 645010 645025 644990 0 0 0 0 0 0 0 0 0 644933 0 0 0 0 0 644774 0 644979 644958 644887 644903 0 644744 0 0 0 0 0 644922 644864 644160 0 644200 644152 0 0 0 0 0 644878 644899 644919 644909 644903 644836 644140 644152 0 0 0 644342 0 0 644877 644860 0 644643 644100 0 0 0 0 0 0 0 0 0 644752 644748 0 644829 644839 0 0 0 
0 0 644764 644783 0 644810 644858 0 0 0 0 644642 644692 644945 644981 0 0 644662 0 0 0 0 644568 644680 0 644812 0 0 644602 644888 644982 645026 0 0 0 0 644694 644666 644814 0 645063 0 0 0 0 0 644742 644784 0 0 645016 645040 645097 0 0 0 0 0 0 0 0 0 645083 0 0 0 0 0 644706 0 645008 645072 645037 645053 0 644676 0 0 0 0 0 645054 645014 644117 0 644156 644109 0 0 0 0 0 644858 644900 644948 644986 645012 644986 644097 644108 0 0 0 644240 0 0 644987 644973 0 644812 644057 0 0 0 0 0 0 0 0 0 644708 644716 0 644830 644949 0 0 0 
0 0 644785 644823 644779 644837 644789 644733 644613 644521 644935 644887 644863 644643 644571 644471 644911 644863 644839 644669 644625 0 644911 644839 644791 644767 644743 0 644863 644719 644665 644605 644551 0 644995 0 644791 644815 644743 644571 644519 0 0 0 0 0 644767 644743 644719 0 644623 644601 644535 645007 0 0 644949 644975 0 644839 644815 644671 644469 644987 0 644827 0 644767 644743 644719 644599 644551 644425 644433 644903 644743 644719 644623 644623 644575 644575 644471 644403 644431 644439 644471 644423 0 0 0 644743 0 644647 644623 644599 644575 644551 644371 644411 644423 0 644835 644777 644711 644703 644717 644479 644455 0 644167 644371 644883 0 644911 0 0 0 0 644661 0 644695 644659 644647 644623 644479 0 0 0 
0 0 641623 641661 641641 641723 641723 641691 641619 641599 641861 641843 641817 641649 641625 641549 641863 641847 641793 641675 641655 0 641893 641853 641803 641793 641727 641939 641907 641765 641719 641683 641653 641591 641937 641939 641887 641891 641815 641673 641645 0 641939 641939 641939 0 641863 641845 641807 641753 641733 641703 641685 641915 641939 641939 641939 641939 641939 641939 641917 641809 641667 641915 641939 641939 0 641939 641923 641877 641765 641733 641671 641655 641939 641939 641903 641803 641819 641781 641765 641693 641673 641087 641095 641127 641079 641939 0 0 641939 641901 641867 641849 641825 641811 641793 641665 641067 641079 641867 641939 641939 641939 641939 641939 641747 641737 0 641605 641027 641819 641819 641867 0 641915 641939 641939 641939 0 641939 641939 641927 641919 641785 0 0 0 
0 0 641143 641181 641161 641243 641243 641211 641139 641119 641381 641363 641337 641169 641145 641069 641383 641367 641313 641195 641175 0 641413 641373 641323 641313 641247 641443 641427 641285 641239 641203 641173 641111 641417 641443 641407 641411 641335 641193 641165 0 641441 641441 641443 0 641383 641365 641327 641273 641253 641223 641205 641393 641441 641441 641441 641417 641443 641443 641437 641329 641187 641393 641443 641443 0 641443 641443 641397 641285 641253 641191 641175 641417 641443 641423 641323 641339 641301 641285 641213 641193 640581 640589 640621 640573 641443 0 0 641443 641421 641387 641369 641345 641331 641313 641185 640561 640573 641345 641417 641443 641443 641443 641443 641267 641257 0 641125 640521 641297 641297 641345 0 641393 641443 641443 641443 0 641443 641443 641443 641439 641305 0 0 0 
0 0 644466 644504 644460 644518 644470 644414 644294 644202 644752 644686 644636 644324 644252 644152 644730 644666 644588 644350 644306 0 644760 644648 644550 644516 644426 0 644726 644440 644346 644286 644232 0 644877 0 644634 644662 644514 644252 644200 0 0 0 0 0 644586 644544 644482 0 644312 644282 644216 644881 0 0 644935 644933 0 644875 644688 644436 644150 644923 0 644881 0 644668 644622 644552 644320 644240 644106 644114 644938 644652 644578 644382 644398 644312 644296 644152 644084 644067 644075 644107 644059 0 0 0 644668 0 644470 644428 644380 644342 644300 644052 644047 644059 0 644904 644868 644823 644747 644650 644182 644148 0 643848 644007 644871 0 644907 0 0 0 0 644774 0 644620 644612 644530 644498 644220 0 0 0 
0 0 644288 644288 644276 644264 644240 644228 644204 644168 644312 644288 644276 644204 644180 644168 644300 644276 644264 644204 644192 0 644300 644264 644240 644228 644216 0 644276 644204 644180 644168 644156 0 644348 0 644240 644252 644216 644156 644144 0 0 0 0 0 644228 644216 644204 0 644156 644156 644132 644344 0 0 644336 644348 0 644262 644252 644180 644108 644344 0 644238 0 644228 644216 644204 644144 644120 644084 644096 644290 644216 644204 644156 644156 644132 644132 644096 644072 643960 643936 643888 643864 0 0 0 644216 0 644168 644156 644144 644132 644120 644060 643888 643840 0 644222 644176 644122 644186 644204 644084 644072 0 643916 643864 644216 0 644244 0 0 0 0 644096 0 644192 644180 644168 644156 644084 0 0 0 
0 0 644430 644487 644421 644508 644436 644352 644172 644034 644835 644760 644685 644217 644109 643959 644826 644730 644613 644256 644190 0 644871 644703 644556 644505 644370 0 644820 644391 644250 644160 644079 0 644935 0 644682 644724 644502 644109 644031 0 0 0 645042 0 644610 644547 644454 0 644199 644154 644055 644924 0 0 645052 645019 645109 645099 644763 644385 643956 644987 645113 645073 0 644733 644664 644559 644211 644091 643890 643902 645083 644709 644598 644304 644328 644199 644175 643959 643857 643664 643676 643724 643652 644956 0 0 644733 644523 644436 644373 644301 644244 644181 643809 643634 643652 0 644981 644972 644899 644911 644706 644004 643953 0 643503 643574 644912 0 644988 0 0 0 0 644848 0 644661 644649 644526 644478 644061 0 0 0 
0 0 642979 643017 642981 643039 642991 0 0 0 0 643199 643157 642845 642773 0 0 643187 0 642871 0 0 643249 643169 643071 643037 0 0 643247 642961 642867 642807 0 0 643293 0 643155 643183 643035 0 642721 0 0 0 0 0 643107 643065 643003 0 642833 642803 642737 0 0 0 0 0 0 643317 0 0 642671 643331 0 643299 0 643189 643143 0 642841 642761 642627 642635 0 643173 643099 0 0 0 0 642673 642605 642713 0 642789 642753 0 0 0 0 0 642991 642949 642901 642863 642821 642573 642729 642765 0 0 643262 643241 0 0 642703 642669 0 642369 642701 0 0 0 0 0 0 0 643240 0 643141 643123 0 643019 642741 0 0 0 
0 0 644257 644295 644298 644392 644414 644370 644274 644218 644447 644477 644474 644304 644256 644168 644473 644504 644462 644330 644298 0 644503 644522 644494 644472 644394 0 644558 644420 644350 644302 644259 0 644430 0 644578 644572 644482 644279 644227 0 0 0 0 0 644542 644512 644462 0 644339 644309 644243 644413 0 0 644443 644426 0 644496 644587 644440 644177 644402 0 644454 0 644599 644576 644532 644347 644267 644133 644141 644390 644591 644554 644409 644425 644339 644323 644179 644111 643601 643609 643641 643593 0 0 0 644591 0 644486 644455 644407 644369 644327 644079 643581 643593 0 644356 644393 644396 644569 644576 644209 644175 0 643875 643541 644283 0 644321 0 0 0 0 644443 0 644567 644547 644530 644513 644247 0 0 0 
0 0 644189 644208 644222 644287 644313 644309 644297 644275 644188 644245 644282 644312 644300 644229 644211 644267 644318 644325 644327 0 644196 644288 644339 644356 644339 0 644237 644370 644347 644317 644290 0 644078 0 644297 644283 644357 644300 644274 0 0 0 0 0 644321 644342 644373 0 644330 644315 644277 644047 0 0 644067 644050 0 644120 644270 644372 644220 644026 0 644078 0 644280 644303 644338 644334 644277 644174 644190 644014 644288 644325 644351 644343 644325 644317 644209 644151 643549 643557 643581 643541 0 0 0 644280 0 644331 644328 644328 644318 644303 644123 643529 643533 0 643980 644017 644020 644210 644289 644212 644183 0 643949 643489 643907 0 643945 0 0 0 0 644067 0 644304 644284 644301 644293 644231 0 0 0 
0 0 0 638234 0 638203 638203 0 0 0 0 0 0 0 0 0 0 0 0 0 0 0 0 0 0 638168 0 0 0 0 0 0 0 0 0 0 0 0 0 0 0 0 0 0 0 0 0 0 0 0 0 0 0 0 0 0 0 0 0 0 0 0 638221 0 0 0 0 0 638103 0 0 0 638195 638215 0 0 0 0 0 0 0 638196 638182 0 0 0 0 0 0 0 0 0 0 0 0 0 0 638174 0 0 0 0 0 637966 0 0 638157 638150 0 638086 0 0 0 0 0 0 0 0 0 0 0 0 0 0 638138 0 0 0 
0 0 643728 643766 643722 643780 643732 0 0 0 0 643948 643898 643586 643514 0 0 643928 0 643612 0 0 644022 643910 643812 643778 0 0 643988 643702 643608 643548 0 0 644116 0 643896 643924 643776 0 643462 0 0 0 0 0 643848 643806 643744 0 643574 643544 643478 0 0 0 0 0 0 644017 0 0 643412 644105 0 644023 0 643910 643884 0 643582 643502 643368 643376 0 643886 643840 0 0 0 0 643414 643346 643614 0 643690 643654 0 0 0 0 0 643732 643690 643642 643604 643562 643314 643630 643666 0 0 644010 643965 0 0 643444 643410 0 643110 643602 0 0 0 0 0 0 0 643916 0 643838 643807 0 643760 643482 0 0 0 
0 0 644375 644432 644366 644453 644381 644297 644117 643979 644804 644705 644630 644162 644054 643904 644771 644675 644558 644201 644135 0 644816 644648 644501 644450 644315 0 644765 644336 644195 644105 644024 0 644932 0 644627 644669 644447 644054 643976 0 0 0 644987 0 644555 644492 644399 0 644144 644099 644000 644917 0 0 645047 645016 645080 645044 644708 644330 643901 644980 645106 645096 0 644678 644609 644504 644156 644036 643835 643847 645110 644654 644543 644249 644273 644144 644120 643904 643802 643657 643669 643717 643645 644987 0 0 644678 644468 644381 644318 644246 644189 644126 643754 643627 643645 0 645040 645005 644930 644878 644651 643949 643898 0 643448 643567 644905 0 644999 0 0 0 0 644855 0 644606 644594 644471 644423 644006 0 0 0 
0 0 644583 644621 644585 644643 644595 0 0 0 0 644803 644761 644449 644377 0 0 644791 0 644475 0 0 644853 644773 644675 644641 0 0 644851 644565 644471 644411 0 0 644897 0 644759 644787 644639 0 644325 0 0 0 0 0 644711 644669 644607 0 644437 644407 644341 0 0 0 0 0 0 644991 0 0 644275 644953 0 644961 0 644793 644747 0 644445 644365 644231 644239 0 644777 644703 0 0 0 0 644277 644209 644220 0 644260 644212 0 0 0 0 0 644595 644553 644505 644467 644425 644177 644200 644212 0 0 644887 644845 0 0 644307 644273 0 643973 644160 0 0 0 0 0 0 0 644843 0 644745 644737 0 644623 644345 0 0 0 
0 644703 644785 644823 644827 644933 644913 644857 644737 644645 644975 645005 645003 644767 644695 644595 645001 645033 645003 644793 644749 645037 645031 645063 644993 644959 644869 645063 645093 644883 644789 644729 644675 644517 644979 645035 645077 645101 644957 644695 644643 644953 645007 645015 645043 645145 645029 644987 644925 644799 644755 644725 644659 644967 644987 644997 644971 644961 644965 645005 645127 644879 644593 644937 644941 644945 645147 645111 645065 644995 644763 644683 644549 644557 644889 645091 645021 644825 644841 644755 644739 644595 644527 644129 644137 644169 644121 644867 645079 645109 645085 644971 644913 644871 644823 644785 644743 644495 644109 644121 644871 644821 644847 644829 645041 645055 644625 644591 0 644291 644069 644795 644823 644823 0 644813 644837 644827 644875 645025 645037 644997 644973 644941 644663 0 0 644059 
0 0 643093 643131 643111 643193 643193 0 0 0 0 643313 643287 643105 643033 0 0 643317 0 643131 0 0 643363 643323 643273 643263 0 0 643377 643221 643127 643067 0 0 643407 0 643357 643361 643285 0 642981 0 0 0 0 0 643333 643315 643263 0 643093 643063 642997 0 0 0 0 0 0 643419 0 0 642931 643419 0 643419 0 643415 643393 0 643101 643021 642887 642895 0 643419 643359 0 0 0 0 642933 642865 642965 0 643077 643053 0 0 0 0 0 643251 643209 643161 643123 643081 642833 643017 643077 0 0 643419 643419 0 0 642963 642929 0 642629 643001 0 0 0 0 0 0 0 643419 0 643381 643357 0 643279 643001 0 0 0 
0 0 0 0 0 0 0 0 0 0 0 0 0 0 0 0 0 0 0 0 0 0 0 0 0 0 0 0 0 0 0 0 0 0 0 0 0 0 0 0 0 0 0 0 0 0 0 0 0 0 0 0 0 0 0 0 0 0 0 0 0 0 0 0 0 0 0 0 644150 0 0 0 0 0 0 0 0 0 0 0 0 0 0 0 0 0 0 0 0 0 0 0 0 0 0 0 0 643854 0 0 0 0 0 0 0 0 0 643881 0 0 0 0 0 0 0 0 0 0 0 0 0 0 0 0 0 0 0 0 
0 0 644657 644695 644687 644781 644805 644785 644720 644652 644857 644875 644863 644750 644702 644602 644869 644889 644851 644776 644756 0 644854 644904 644885 644887 644828 0 644871 644866 644796 644736 644682 0 644747 0 644917 644903 644916 644702 644650 0 0 0 0 0 644941 644943 644908 0 644762 644732 644666 644716 0 0 644736 644719 0 644778 644890 644886 644600 644695 0 644737 0 644900 644918 644941 644770 644690 644556 644564 644681 644903 644928 644832 644848 644762 644746 644602 644534 644024 644032 644064 644016 0 0 0 644895 0 644898 644873 644830 644792 644750 644502 644004 644016 0 644613 644639 644621 644830 644892 644632 644598 0 644298 643964 644576 0 644614 0 0 0 0 644644 0 644895 644863 644868 644848 644670 0 0 0 
0 0 644748 644786 0 644875 644923 0 0 0 0 644785 644835 644929 644929 0 0 644805 0 0 0 0 644711 644823 0 644955 0 0 644745 645003 645004 644998 0 0 0 0 644837 644809 644956 0 644961 0 0 0 0 0 644885 644926 0 0 645023 645008 644999 0 0 0 0 0 0 0 0 0 644939 0 0 0 0 0 644848 0 645039 645003 644895 644903 0 644818 0 0 0 0 0 644935 644873 644092 0 644132 644084 0 0 0 0 0 644952 644970 644994 645008 645006 644841 644072 644084 0 0 0 644383 0 0 644938 644909 0 644637 644032 0 0 0 0 0 0 0 0 0 644826 644822 0 644900 644942 0 0 0 
0 0 644734 644772 0 644878 644926 0 0 0 0 644724 644774 644928 644952 0 0 644744 0 0 0 0 644650 644762 0 644894 0 0 644684 644970 645046 645034 0 0 0 0 644776 644748 644896 0 645044 0 0 0 0 0 644824 644866 0 0 645094 645078 645108 0 0 0 0 0 0 0 0 0 645100 0 0 0 0 0 644788 0 645090 645166 645056 645064 0 644758 0 0 0 0 0 645102 645034 644078 0 644118 644070 0 0 0 0 0 644940 644982 645030 645068 645110 645002 644058 644070 0 0 0 644322 0 0 645094 645080 0 644798 644018 0 0 0 0 0 0 0 0 0 644790 644798 0 644912 645056 0 0 0 
0 0 0 642288 0 642336 642384 0 0 0 0 0 0 0 0 0 0 0 0 0 0 0 0 0 0 642338 0 0 0 0 0 0 0 0 0 0 0 0 0 0 0 0 0 0 0 0 0 0 0 0 0 0 0 0 0 0 0 0 0 0 0 0 642648 0 0 0 0 0 642232 0 0 0 642696 642672 0 0 0 0 0 0 0 642672 642708 0 0 0 0 0 0 0 0 0 0 0 0 0 0 642708 0 0 0 0 0 641766 0 0 642672 642694 0 642574 0 0 0 0 0 0 0 0 0 0 0 0 0 0 642634 0 0 0 
0 0 0 644548 0 644590 644638 0 0 0 0 0 0 0 0 0 0 0 0 0 0 0 0 0 0 644592 0 0 0 0 0 0 0 0 0 0 0 0 0 0 0 0 0 0 0 0 0 0 0 0 0 0 0 0 0 0 0 0 0 0 0 0 644908 0 0 0 0 0 644486 0 0 0 644920 644932 0 0 0 0 0 0 0 644932 644896 0 0 0 0 0 0 0 0 0 0 0 0 0 0 644872 0 0 0 0 0 644020 0 0 644890 644876 0 644728 0 0 0 0 0 0 0 0 0 0 0 0 0 0 644852 0 0 0 
0 0 644334 644372 644328 644386 644338 644282 644162 644070 644620 644554 644504 644192 644120 644020 644598 644534 644456 644218 644174 0 644628 644516 644418 644384 644294 0 644594 644308 644214 644154 644100 0 644746 0 644502 644530 644382 644120 644068 0 0 0 0 0 644454 644412 644350 0 644180 644150 644084 644748 0 0 644814 644802 0 644742 644556 644304 644018 644790 0 644748 0 644536 644490 644420 644188 644108 643974 643982 644806 644520 644446 644250 644266 644180 644164 644020 643952 643921 643929 643961 643913 0 0 0 644536 0 644338 644296 644248 644210 644168 643920 643901 643913 0 644772 644735 644690 644614 644518 644050 644016 0 643716 643861 644724 0 644762 0 0 0 0 644641 0 644488 644480 644398 644366 644088 0 0 0 
0 0 644585 644623 0 644725 644749 0 0 0 0 644805 644803 644667 644619 0 0 644833 0 0 0 0 644831 644855 0 644831 0 0 644893 644783 644713 644665 0 0 0 0 644913 644905 644845 0 644603 0 0 0 0 0 644901 644875 0 0 644703 644673 644631 0 0 0 0 0 0 0 0 0 644589 0 0 0 0 0 644946 0 644723 644667 644566 644565 0 644953 0 0 0 0 0 644603 644544 643929 0 643969 643921 0 0 0 0 0 644849 644819 644783 644757 644727 644512 643909 643921 0 0 0 644599 0 0 644642 644608 0 644308 643869 0 0 0 0 0 0 0 0 0 644919 644891 0 644884 644680 0 0 0 
0 0 644437 644475 644479 644585 644633 0 0 0 0 644657 644655 644626 644587 0 0 644685 0 644652 0 0 644647 644715 644713 644727 0 0 644695 644742 644681 644621 0 0 644539 0 644767 644743 644773 0 644535 0 0 0 0 0 644791 644803 644784 0 644647 644617 644551 0 0 0 0 0 0 644581 0 0 644485 644487 0 644539 0 644775 644810 0 644655 644575 644441 644449 0 644795 644834 0 0 0 0 644487 644419 643781 0 643821 643773 0 0 0 0 0 644795 644763 644715 644677 644635 644387 643761 643773 0 0 644478 644481 0 0 644517 644483 0 644183 643721 0 0 0 0 0 0 0 644528 0 644807 644783 0 644768 644555 0 0 0 
0 0 644434 644472 644476 644581 644605 644585 644537 644545 644482 644539 644572 644567 644567 644495 644505 644561 644595 644593 644585 0 644490 644581 644619 644631 644633 0 644531 644655 644661 644629 644599 0 644372 0 644588 644574 644643 644619 644567 0 0 0 0 0 644612 644633 644655 0 644679 644649 644583 644341 0 0 644361 644344 0 644414 644561 644679 644517 644320 0 644372 0 644571 644594 644629 644659 644607 644473 644481 644308 644579 644616 644683 644683 644635 644635 644519 644451 643778 643786 643818 643770 0 0 0 644571 0 644662 644671 644659 644635 644611 644419 643758 643770 0 644274 644311 644314 644501 644580 644539 644515 0 644215 643718 644201 0 644239 0 0 0 0 644361 0 644595 644599 644632 644636 644539 0 0 0 
0 0 644399 644437 644441 644547 644582 644562 644514 644530 644515 644563 644587 644544 644544 644480 644539 644587 644611 644570 644562 0 644539 644611 644646 644658 644610 0 644587 644660 644638 644614 644564 0 644431 0 644646 644634 644670 644584 644532 0 0 0 0 0 644658 644670 644682 0 644644 644614 644548 644400 0 0 644420 644403 0 644473 644632 644706 644482 644379 0 644431 0 644642 644665 644682 644652 644572 644438 644446 644367 644650 644682 644698 644698 644644 644628 644484 644416 643743 643751 643783 643735 0 0 0 644642 0 644718 644698 644674 644650 644626 644384 643723 643735 0 644333 644370 644373 644572 644651 644514 644480 0 644180 643683 644260 0 644298 0 0 0 0 644420 0 644666 644670 644711 644695 644552 0 0 0 
0 0 643424 643462 643442 643524 643524 643492 643420 643400 643503 643512 643525 643450 643426 643350 643502 643510 643537 643476 643456 0 643487 643507 643532 643537 643528 0 643480 643538 643520 643484 643454 0 643465 0 643490 643488 643526 643474 643446 0 0 0 0 0 643502 643511 643530 0 643534 643504 643486 643458 0 0 643430 643437 0 643411 643475 643529 643468 643437 0 643393 0 643461 643472 643495 643538 643534 643434 643442 643401 643457 643482 643532 643524 643538 643538 643480 643412 643296 643328 643408 643384 0 0 0 643449 0 643500 643509 643521 643528 643537 643380 643348 643408 0 643367 643356 643335 643403 643446 643500 643476 0 643176 643332 643414 0 643404 0 0 0 0 643334 0 643449 643441 643470 643474 643500 0 0 0 
0 0 644720 644754 644762 644833 644881 0 0 644936 0 644713 644763 644914 644938 0 0 644733 0 644929 0 0 644639 644751 644849 644883 0 0 644673 644959 644999 645005 0 0 644499 0 644765 644737 644885 645024 645030 0 0 0 0 0 644813 644855 644917 0 645054 645039 645056 0 0 0 0 0 0 644487 0 0 645036 644419 0 644427 0 644731 644777 0 645079 645080 644991 645007 0 644747 644821 0 0 0 645081 645026 644968 644064 0 644104 644056 0 0 0 0 0 644929 644971 645019 645035 645053 644940 644044 644056 0 0 644329 644311 644591 0 645029 645000 0 644742 644004 0 0 0 0 0 0 0 644357 0 644779 644787 644869 644901 645003 0 0 0 
0 0 0 643958 0 643992 643992 0 0 0 0 0 0 0 0 0 0 0 0 0 0 0 0 0 0 643992 0 0 0 0 0 0 0 0 0 0 0 0 0 0 0 0 0 0 0 0 0 0 0 0 0 0 0 0 0 0 0 0 0 0 0 0 643964 0 0 0 0 0 643992 0 0 0 643968 643952 0 0 0 0 0 0 0 643990 643958 0 0 0 0 0 0 0 0 0 0 0 0 0 0 643926 0 0 0 0 0 643966 0 0 643992 643980 0 643722 0 0 0 0 0 0 0 0 0 0 0 0 0 0 643992 0 0 0 
0 0 0 644417 0 644417 644417 0 0 0 0 0 0 0 0 0 0 0 0 0 0 0 0 0 0 644357 0 0 0 0 0 0 0 0 0 0 0 0 0 0 0 0 0 0 0 0 0 0 0 0 0 0 0 0 0 0 0 0 0 0 0 0 644417 0 0 0 0 0 644227 0 0 0 644417 644417 0 0 0 0 0 0 0 644417 644417 0 0 0 0 0 0 0 0 0 0 0 0 0 0 644403 0 0 0 0 0 643953 0 0 644403 644413 0 644243 0 0 0 0 0 0 0 0 0 0 0 0 0 0 644365 0 0 0 
0 0 639383 639383 639359 639335 639287 0 0 0 0 639383 639359 639215 639167 0 0 639359 0 639215 0 0 639407 639335 639287 639263 0 0 639359 639215 639167 639143 0 0 639503 0 639287 639311 639239 0 639095 0 0 0 0 0 639263 639239 639215 0 639119 639119 639071 0 0 0 0 0 0 639407 0 0 639023 639527 0 639431 0 639263 639239 0 639095 639047 638975 638999 0 639239 639215 0 0 0 0 638999 638951 639843 0 639843 639831 0 0 0 0 0 639143 639119 639095 639071 639047 638927 639843 639807 0 0 639455 639431 0 0 638975 638951 0 638783 639831 0 0 0 0 0 0 0 639383 0 639191 639167 0 639119 638975 0 0 0 
0 0 643508 643508 643484 643460 643412 643388 643340 643268 643556 643508 643484 643340 643292 643268 643532 643484 643460 643340 643316 0 643532 643460 643412 643388 643364 0 643484 643340 643292 643268 643244 0 643628 0 643412 643436 643364 643244 643220 0 0 0 0 0 643388 643364 643340 0 643244 643244 643196 643652 0 0 643604 643628 0 643532 643436 643292 643148 643652 0 643556 0 643388 643364 643340 643220 643172 643100 643124 643628 643364 643340 643244 643244 643196 643196 643124 643076 644028 644058 644018 643994 0 0 0 643364 0 643268 643244 643220 643196 643172 643052 644018 643970 0 643628 643580 643556 643412 643340 643100 643076 0 642908 643994 643748 0 643700 0 0 0 0 643508 0 643316 643292 643268 643244 643100 0 0 0 
0 0 644554 644526 0 644416 644368 0 0 0 0 644344 644346 644370 644338 0 0 644316 0 0 0 0 644318 644286 0 644274 0 0 644256 644254 644252 644264 0 0 0 0 644204 644224 644228 0 644254 0 0 0 0 0 644204 644198 0 0 644190 644220 644190 0 0 0 0 0 0 0 0 0 644160 0 0 0 0 0 644120 0 644134 644118 644108 644148 0 644090 0 0 0 0 0 644110 644082 644990 0 645140 645132 0 0 0 0 0 644080 644074 644074 644064 644058 644066 645100 645112 0 0 0 644038 0 0 644032 644018 0 643954 645080 0 0 0 0 0 0 0 0 0 644026 643986 0 644004 643994 0 0 0 
0 0 644489 644451 0 644341 644293 0 0 0 0 644269 644271 644295 644271 0 0 644241 0 0 0 0 644243 644211 0 644199 0 0 644181 644179 644177 644189 0 0 0 0 644129 644149 644153 0 644179 0 0 0 0 0 644129 644123 0 0 644115 644145 644115 0 0 0 0 0 0 0 0 0 644085 0 0 0 0 0 644045 0 644059 644043 644033 644073 0 644015 0 0 0 0 0 644035 644007 644959 0 645088 645072 0 0 0 0 0 644005 643999 643999 643989 643983 643991 645062 645068 0 0 0 643963 0 0 643957 643943 0 643903 645045 0 0 0 0 0 0 0 0 0 643951 643911 0 643929 643919 0 0 0 
0 0 644403 644460 644394 644481 644409 644325 644145 644007 644770 644733 644658 644190 644082 643932 644783 644703 644586 644229 644163 0 644828 644676 644529 644478 644343 0 644793 644364 644223 644133 644052 0 644782 0 644655 644697 644475 644082 644004 0 0 0 644999 0 644583 644520 644427 0 644172 644127 644028 644767 0 0 644923 644866 645004 645056 644736 644358 643929 644830 645040 645100 0 644706 644637 644532 644184 644064 643863 643875 644974 644682 644571 644277 644301 644172 644148 643932 643830 643507 643519 643567 643495 645075 0 0 644706 644496 644409 644346 644274 644217 644154 643782 643477 643495 0 644994 645051 645018 644916 644679 643977 643926 0 643476 643417 644755 0 644857 0 0 0 0 645005 0 644634 644622 644499 644451 644034 0 0 0 
0 644626 644708 644746 644750 644854 644826 644770 644650 644558 644898 644928 644926 644680 644608 644508 644924 644956 644924 644706 644662 644960 644954 644984 644906 644872 644782 644998 645016 644796 644702 644642 644588 644430 644902 644958 644990 645018 644870 644608 644556 644876 644960 644950 645068 645066 644942 644900 644838 644712 644668 644638 644572 644892 644980 644970 644996 644958 645030 645078 645044 644792 644506 644934 645028 645032 645106 645024 644978 644908 644676 644596 644462 644470 644976 645008 644934 644738 644754 644668 644652 644508 644440 644052 644060 644092 644044 644954 645148 645140 645024 644884 644826 644784 644736 644698 644656 644408 644032 644044 644904 644908 644934 644916 645118 645006 644538 644504 0 644204 643992 644862 644856 644910 0 644900 644924 644914 644962 645106 644976 644968 644886 644854 644576 0 0 643982 
0 644683 644765 644803 644805 644887 644861 644805 644685 644593 644955 644985 644981 644715 644643 644543 644981 645011 644957 644741 644697 645017 645011 645017 644941 644907 644817 645055 645071 644831 644737 644677 644623 644465 644959 645015 645025 645053 644905 644643 644591 644933 645017 645007 645095 645099 644977 644935 644873 644747 644703 644673 644607 644949 645023 645023 645023 644999 645017 645057 645079 644827 644541 644975 644993 644997 645139 645059 645013 644943 644711 644631 644497 644505 644941 645043 644969 644773 644789 644703 644687 644543 644475 644109 644117 644149 644101 644919 645105 645133 645059 644919 644861 644819 644771 644733 644691 644443 644089 644101 644923 644873 644899 644881 645061 645041 644573 644539 0 644239 644049 644847 644875 644875 0 644865 644889 644879 644927 645049 645011 644995 644921 644889 644611 0 0 644039 
0 0 644499 644537 644529 644623 644647 644625 644529 644441 644691 644719 644705 644559 644491 644391 644717 644735 644693 644585 644545 0 644747 644753 644727 644727 644649 0 644795 644675 644585 644525 644471 0 644695 0 644811 644803 644737 644491 644439 0 0 0 0 0 644797 644767 644717 0 644551 644521 644455 644683 0 0 644723 644706 0 644776 644829 644675 644389 644682 0 644734 0 644879 644845 644787 644559 644479 644345 644353 644670 644871 644813 644621 644637 644551 644535 644391 644323 643845 643853 643885 643837 0 0 0 644871 0 644709 644667 644619 644581 644539 644291 643825 643837 0 644636 644673 644676 644838 644859 644421 644387 0 644087 643785 644563 0 644601 0 0 0 0 644721 0 644839 644815 644769 644737 644459 0 0 0 
0 0 642657 642714 642708 642855 642903 642879 642819 642765 642893 642929 642927 642864 642838 642690 642918 642957 642927 642903 642895 0 642933 642985 642985 642999 642957 0 642978 643019 642979 642891 642809 0 642819 0 643050 643028 643045 642839 642749 0 0 0 0 0 643062 643075 643061 0 642926 642884 642761 642788 0 0 642808 642791 0 642861 643021 643073 642638 642767 0 642819 0 643055 643090 643117 642910 642782 642548 642572 642755 643075 643124 642996 643012 642878 642862 642629 642503 641937 641961 642033 641973 0 0 0 643067 643135 643088 643042 642970 642908 642842 642443 641943 641985 0 642721 642758 642745 642973 643088 642652 642594 0 642065 641895 642648 0 642686 0 0 0 0 642791 0 643113 643093 643088 643055 642690 0 0 0 
0 0 644664 644702 0 644812 644860 0 0 0 0 644884 644882 644858 644882 0 0 644912 0 0 0 0 644888 644942 0 644954 0 0 644934 644974 644976 644964 0 0 0 0 645008 644984 645000 0 644900 0 0 0 0 0 645024 645030 0 0 645012 644982 644916 0 0 0 0 0 0 0 0 0 644850 0 0 0 0 0 645038 0 645020 644940 644806 644814 0 645008 0 0 0 0 0 644852 644784 644008 0 644048 644000 0 0 0 0 0 645148 645128 645080 645042 645000 644752 643988 644000 0 0 0 644572 0 0 644882 644848 0 644548 643948 0 0 0 0 0 0 0 0 0 645040 645048 0 645136 644920 0 0 0 
0 0 644704 644742 0 644852 644900 0 0 0 0 644910 644922 644898 644922 0 0 644934 0 0 0 0 644846 644958 0 644994 0 0 644880 645014 645016 644996 0 0 0 0 644972 644944 645040 0 644954 0 0 0 0 0 645020 645054 0 0 645046 645016 644970 0 0 0 0 0 0 0 0 0 644904 0 0 0 0 0 644984 0 645074 644994 644860 644868 0 644954 0 0 0 0 0 644906 644838 644048 0 644088 644040 0 0 0 0 0 645128 645142 645134 645096 645054 644806 644028 644040 0 0 0 644518 0 0 644936 644902 0 644602 643988 0 0 0 0 0 0 0 0 0 644986 644994 0 645076 644974 0 0 0 
0 0 644683 644721 0 644831 644879 0 0 0 0 644853 644899 644877 644901 0 0 644873 0 0 0 0 644779 644891 0 644973 0 0 644813 644993 644995 644983 0 0 0 0 644905 644877 645019 0 644993 0 0 0 0 0 644953 644995 0 0 645057 645027 645035 0 0 0 0 0 0 0 0 0 644971 0 0 0 0 0 644917 0 645113 645061 644927 644935 0 644887 0 0 0 0 0 644973 644905 644027 0 644067 644019 0 0 0 0 0 645069 645111 645159 645161 645121 644873 644007 644019 0 0 0 644451 0 0 645003 644969 0 644669 643967 0 0 0 0 0 0 0 0 0 644919 644927 0 645041 645041 0 0 0 
0 0 644694 644732 0 644842 644890 0 0 0 0 644828 644878 644888 644912 0 0 644848 0 0 0 0 644754 644866 0 644984 0 0 644788 645004 645006 644994 0 0 0 0 644880 644852 645000 0 644970 0 0 0 0 0 644928 644970 0 0 645058 645028 645010 0 0 0 0 0 0 0 0 0 644992 0 0 0 0 0 644892 0 645090 645058 644952 644960 0 644862 0 0 0 0 0 644998 644930 644038 0 644078 644030 0 0 0 0 0 645044 645076 645100 645114 645118 644898 644018 644030 0 0 0 644426 0 0 645028 644994 0 644694 643978 0 0 0 0 0 0 0 0 0 644894 644902 0 645006 645066 0 0 0 
0 0 644636 644674 0 644781 644829 0 0 0 0 644768 644804 644830 644832 0 0 644788 0 0 0 0 644694 644806 0 644888 0 0 644728 644922 644925 644902 0 0 0 0 644820 644792 644923 0 644888 0 0 0 0 0 644868 644910 0 0 644956 644934 644940 0 0 0 0 0 0 0 0 0 644921 0 0 0 0 0 644832 0 644984 644983 644877 644885 0 644802 0 0 0 0 0 644923 644855 643980 0 644020 643972 0 0 0 0 0 644950 644980 645008 645019 645013 644823 643960 643972 0 0 0 644366 0 0 644938 644909 0 644619 643920 0 0 0 0 0 0 0 0 0 644824 644820 0 644910 644957 0 0 0 
0 0 0 0 0 0 0 0 0 0 0 0 0 0 0 0 0 0 0 0 0 0 0 0 0 0 0 0 0 0 0 0 0 0 0 0 0 0 0 0 0 0 0 0 0 0 0 0 0 0 0 0 0 0 0 0 0 0 0 0 0 0 0 0 0 0 0 0 0 0 0 0 0 0 0 0 0 0 0 0 0 0 0 0 0 0 0 0 0 0 0 0 0 0 0 0 0 644469 0 0 0 0 0 0 0 0 0 644415 0 0 0 0 0 0 0 0 0 0 0 0 0 0 0 0 0 0 0 0 
0 0 644520 644482 0 644372 644324 0 0 0 0 644300 644302 644326 644302 0 0 644272 0 0 0 0 644274 644242 0 644230 0 0 644212 644210 644208 644220 0 0 0 0 644160 644180 644184 0 644210 0 0 0 0 0 644160 644154 0 0 644146 644176 644146 0 0 0 0 0 0 0 0 0 644116 0 0 0 0 0 644076 0 644090 644074 644064 644104 0 644046 0 0 0 0 0 644066 644038 645076 0 645100 645100 0 0 0 0 0 644036 644030 644030 644020 644014 644022 645156 645052 0 0 0 643994 0 0 643988 643974 0 643938 645124 0 0 0 0 0 0 0 0 0 643982 643942 0 643960 643950 0 0 0 
0 0 0 638938 0 638835 638763 0 0 0 0 0 0 0 0 0 0 0 0 0 0 0 0 0 0 638692 0 0 0 0 0 0 0 0 0 0 0 0 0 0 0 0 0 0 0 0 0 0 0 0 0 0 0 0 0 0 0 0 0 0 0 0 638395 0 0 0 0 0 638591 0 0 0 638321 638365 0 0 0 0 0 0 0 638346 638284 639619 0 0 0 0 0 0 0 0 0 0 0 0 0 638252 0 639849 0 0 0 638742 0 0 638283 638252 0 638056 0 0 0 0 0 0 0 0 0 0 0 0 0 0 638264 0 0 0 
0 0 644387 644412 644378 644395 644347 644307 644215 644123 644560 644503 644466 644238 644173 644073 644537 644481 644430 644251 644217 0 644552 644460 644387 644358 644301 644610 644511 644296 644225 644183 644144 643995 644670 644626 644429 644455 644345 644154 644116 0 644663 644658 644597 0 644393 644360 644317 644218 644184 644169 644112 644701 644673 644668 644669 644698 644630 644578 644468 644270 644055 644722 644618 644584 0 644434 644399 644352 644176 644112 644009 644025 644664 644414 644365 644219 644227 644160 644152 644044 643986 644183 644191 644223 644175 644545 0 0 644422 644316 644275 644242 644206 644175 644142 643958 644163 644175 644753 644630 644571 644526 644450 644401 644047 644018 0 643769 644123 644739 644753 644729 0 644662 644566 644561 644477 0 644374 644358 644305 644277 644066 0 0 0 
0 0 642475 642494 642460 642477 642429 642389 642305 642223 642640 642585 642548 642320 642260 642198 642619 642563 642512 642333 642299 0 642634 642542 642469 642440 642383 0 642593 642378 642307 642265 642226 0 642664 0 642511 642537 642427 642236 642198 0 0 0 0 0 642475 642442 642399 0 642266 642251 642194 642659 0 0 642711 642692 0 642710 642550 642352 642137 642680 0 642750 0 642516 642481 642434 642258 642194 642091 642107 642728 642496 642447 642301 642309 642242 642234 642126 642068 642239 642243 642259 642235 0 0 0 642504 0 642357 642324 642288 642257 642224 642040 642229 642235 0 642722 642735 642704 642598 642483 642129 642100 0 641866 642209 642655 0 642689 0 0 0 0 642657 0 642456 642440 642387 642359 642148 0 0 0 
0 0 644458 644496 644452 644510 644462 0 0 0 0 644678 644628 644316 644244 0 0 644658 0 644342 0 0 644736 644640 644542 644508 0 0 644718 644432 644338 644278 0 0 644764 0 644626 644654 644506 0 644192 0 0 0 0 0 644578 644536 644474 0 644304 644274 644208 0 0 0 0 0 0 644853 0 0 644142 644799 0 644871 0 644660 644614 0 644312 644232 644098 644106 0 644644 644570 0 0 0 0 644144 644076 643981 0 644021 643973 0 0 0 0 0 644462 644420 644372 644334 644292 644044 643961 643973 0 0 644890 644869 0 0 644174 644140 0 643840 643921 0 0 0 0 0 0 0 644860 0 644612 644599 0 644490 644212 0 0 0 
0 0 0 642910 0 642924 642876 0 0 0 0 0 0 0 0 0 0 0 0 0 0 0 0 0 0 642922 0 0 0 0 0 0 0 0 0 0 0 0 0 0 0 0 0 0 0 0 0 0 0 0 0 0 0 0 0 0 0 0 0 0 0 0 642556 0 0 0 0 0 643028 0 0 0 642512 642520 0 0 0 0 0 0 0 642558 642490 0 0 0 0 0 0 0 0 0 0 0 0 0 0 642458 0 0 0 0 0 643475 0 0 642588 642554 0 642254 0 0 0 0 0 0 0 0 0 0 0 0 0 0 642626 0 0 0 
0 0 644646 644684 644688 644794 644838 0 0 644574 0 644866 644864 644696 644624 0 0 644894 0 644722 0 0 644892 644924 644918 644888 0 0 644954 644812 644718 644658 0 0 644840 0 645002 644986 644886 644624 644572 0 0 0 0 0 644958 644916 644854 0 644684 644654 644588 0 0 0 0 0 0 645044 0 0 644522 644872 0 645016 0 645040 644994 0 644692 644612 644478 644486 0 645024 644950 0 0 0 644668 644524 644456 643990 0 644030 643982 0 0 0 0 0 644842 644800 644752 644714 644672 644424 643970 643982 0 0 644918 644900 645172 0 644554 644520 0 644220 643930 0 0 0 0 0 0 0 644946 0 644992 644984 644902 644870 644592 0 0 0 
0 0 644647 644685 644665 644747 644747 644715 644643 644586 644865 644867 644841 644673 644636 644536 644887 644871 644817 644699 644678 0 644910 644877 644827 644817 644751 0 644916 644789 644730 644670 644616 0 644824 0 644907 644909 644839 644636 644584 0 0 0 0 0 644887 644869 644831 0 644696 644666 644600 644800 0 0 644848 644824 0 644916 644916 644820 644534 644800 0 644896 0 644916 644916 644901 644704 644624 644490 644498 644824 644916 644915 644766 644782 644696 644680 644536 644468 644019 644027 644059 644011 0 0 0 644916 0 644854 644812 644764 644726 644684 644436 643999 644011 0 644824 644872 644862 644916 644916 644566 644532 0 644232 643959 644704 0 644752 0 0 0 0 644880 0 644915 644903 644879 644855 644604 0 0 0 
0 0 0 642271 0 642319 642367 0 0 0 0 0 0 0 0 0 0 0 0 0 0 0 0 0 0 642381 0 0 0 0 0 0 0 0 0 0 0 0 0 0 0 0 0 0 0 0 0 0 0 0 0 0 0 0 0 0 0 0 0 0 0 0 642631 0 0 0 0 0 642275 0 0 0 642633 642643 0 0 0 0 0 0 0 642643 642609 0 0 0 0 0 0 0 0 0 0 0 0 0 0 642585 0 0 0 0 0 641809 0 0 642633 642609 0 642441 0 0 0 0 0 0 0 0 0 0 0 0 0 0 642631 0 0 0 
0 0 0 0 0 0 0 0 0 0 0 0 0 0 0 0 0 0 0 0 0 0 0 0 0 0 0 0 0 0 0 0 0 0 0 0 0 0 0 0 0 0 0 0 0 0 0 0 0 0 0 0 0 0 0 0 0 0 0 0 0 0 0 0 0 0 0 0 0 0 0 0 0 0 0 0 0 0 0 0 0 0 0 0 0 0 0 0 0 0 0 0 0 0 0 0 0 643525 0 0 0 0 0 0 0 0 0 643525 0 0 0 0 0 0 0 0 0 0 0 0 0 0 0 0 0 0 0 0 
642695 642683 642714 642695 642729 642712 642760 642800 642884 642966 642547 642604 642641 642869 642929 642977 642570 642626 642677 642856 642890 642516 642555 642647 642720 642749 642806 642497 642596 642811 642882 642924 642963 643090 642437 642481 642678 642652 642762 642953 642991 642414 642444 642449 642498 642606 642714 642747 642790 642889 642923 642938 642995 642406 642434 642439 642426 642409 642435 642479 642639 642837 643052 642385 642423 642437 642586 642673 642708 642755 642931 642995 643098 643082 642373 642693 642742 642888 642880 642947 642955 643063 643121 642156 642164 642122 642110 642398 642552 642591 642685 642791 642832 642865 642901 642932 642965 643149 642136 642074 642328 642339 642376 642379 642591 642706 643060 643089 643327 643308 642096 642266 642280 642304 642320 642323 642371 642366 642426 642549 642733 642749 642802 642830 643041 643264 643277 642033 
0 0 0 624348 0 624317 624317 0 0 0 0 0 0 0 0 0 0 0 0 0 0 0 0 0 0 624282 0 0 0 0 0 0 0 0 0 0 0 0 0 0 0 0 0 0 0 0 0 0 0 0 0 0 0 0 0 0 0 0 0 0 0 0 624345 0 0 0 0 0 624217 0 0 0 624343 624351 0 0 0 0 0 0 0 624332 624342 0 0 0 0 0 0 0 0 0 0 0 0 0 0 624346 0 0 0 0 0 624080 0 0 624305 624310 0 624376 0 0 0 0 0 0 0 0 0 0 0 0 0 0 624286 0 0 0 
0 0 644475 644437 0 644327 644279 0 0 0 0 644255 644257 644281 644257 0 0 644227 0 0 0 0 644229 644197 0 644185 0 0 644167 644165 644163 644175 0 0 0 0 644115 644135 644139 0 644165 0 0 0 0 0 644115 644109 0 0 644101 644131 644101 0 0 0 0 0 0 0 0 0 644071 0 0 0 0 0 644031 0 644045 644029 644019 644059 0 644001 0 0 0 0 0 644021 643993 645043 0 645089 645113 0 0 0 0 0 643991 643985 643985 643975 643969 643977 645149 645085 0 0 0 643949 0 0 643943 643929 0 643893 645149 0 0 0 0 0 0 0 0 0 643937 643897 0 643915 643905 0 0 0 
0 0 644676 644714 644670 644690 644642 644618 644504 644412 644786 644738 644714 644534 644462 644362 644762 644714 644690 644560 644516 0 644762 644690 644642 644618 644594 0 644714 644570 644522 644496 644442 0 644858 0 644642 644666 644594 644462 644410 0 0 0 0 0 644618 644594 644570 0 644474 644474 644426 644882 0 0 644834 644858 0 644761 644666 644522 644360 644882 0 644767 0 644618 644594 644570 644450 644402 644316 644324 644847 644594 644570 644474 644474 644426 644426 644354 644294 644470 644478 644510 644462 0 0 0 644594 0 644498 644474 644450 644426 644402 644262 644450 644462 0 644794 644724 644658 644633 644570 644330 644306 0 644058 644410 644928 0 644909 0 0 0 0 644608 0 644546 644522 644498 644474 644330 0 0 0 
0 0 644589 644627 644583 644641 644593 644537 644417 644325 644875 644809 644759 644447 644375 644275 644853 644789 644711 644473 644429 0 644883 644771 644673 644639 644549 644975 644849 644563 644469 644409 644355 644197 645023 644983 644757 644785 644637 644375 644323 0 645033 645023 644965 0 644709 644667 644605 644479 644435 644405 644339 645061 645037 645037 645037 645061 645001 644945 644811 644559 644273 645085 644977 644933 0 644791 644745 644675 644443 644363 644229 644237 645021 644775 644701 644505 644521 644435 644419 644275 644207 644361 644369 644401 644353 644855 0 0 644791 644651 644593 644551 644503 644465 644423 644175 644341 644353 645131 644953 644883 644817 644809 644773 644305 644271 0 643971 644301 645115 645129 645097 0 644993 644873 644863 644767 0 644743 644725 644653 644621 644343 0 0 0 
0 0 644244 644282 644238 644296 644248 644192 644072 643980 644470 644413 644376 644102 644030 643930 644447 644391 644340 644128 644084 0 644462 644370 644297 644268 644204 0 644421 644206 644124 644064 644010 0 644580 0 644339 644365 644255 644030 643978 0 0 0 0 0 644303 644270 644227 0 644090 644060 643994 644611 0 0 644591 644608 0 644516 644378 644180 643928 644632 0 644522 0 644344 644309 644262 644086 644018 643884 643892 644602 644324 644275 644129 644137 644070 644062 643930 643862 644003 644011 644043 643995 0 0 0 644332 0 644185 644152 644116 644085 644052 643830 643983 643995 0 644568 644509 644464 644388 644311 643957 643926 0 643626 643943 644670 0 644663 0 0 0 0 644415 0 644284 644268 644215 644187 643976 0 0 0 
644536 644560 644546 644584 644540 644598 644550 644494 644374 644282 644832 644766 644716 644404 644332 644232 644810 644746 644668 644430 644386 644894 644840 644728 644630 644596 644506 644932 644806 644520 644426 644366 644312 644154 644968 644940 644714 644742 644594 644332 644280 644959 644990 644980 644954 644810 644666 644624 644562 644436 644392 644362 644296 644975 645010 645000 645026 645024 645032 644992 644768 644516 644230 645017 645056 645052 644850 644748 644702 644632 644400 644320 644186 644194 645096 644732 644658 644462 644478 644392 644376 644232 644164 644135 644143 644175 644127 645041 644918 644864 644748 644608 644550 644508 644460 644422 644380 644132 644115 644127 644987 645122 645069 645003 644888 644730 644262 644228 643890 643928 644075 644967 644939 645035 645120 645123 645059 645049 644953 644948 644700 644692 644610 644578 644300 643998 643972 644065 
0 0 644212 644212 644188 644164 644116 644092 644044 643972 644260 644212 644188 644044 643996 643972 644236 644188 644164 644044 644020 0 644236 644164 644116 644092 644068 644260 644188 644044 643996 643972 643948 643852 644332 644284 644116 644140 644068 643948 643924 0 644308 644308 644236 0 644092 644068 644044 643972 643948 643948 643900 644330 644308 644308 644308 644332 644284 644236 644140 643996 643852 644330 644284 644260 0 644092 644068 644044 643924 643876 643804 643828 644332 644068 644044 643948 643948 643900 643900 643828 643780 643946 643922 643874 643850 644192 0 0 644068 643996 643972 643948 643924 643900 643876 643756 643874 643826 644282 644290 644220 644154 644116 644044 643804 643780 0 643612 643850 644234 644234 644282 0 644304 644210 644200 644104 0 644020 643996 643972 643948 643804 0 0 0 
0 0 644625 644625 644625 644625 644625 644625 644625 644625 644625 644625 644625 644625 644625 644625 644625 644625 644625 644625 644625 0 644625 644625 644625 644625 644625 644625 644625 644625 644625 644625 644625 644577 644597 644625 644625 644625 644625 644625 644625 0 644619 644619 644625 0 644625 644625 644625 644625 644625 644625 644625 644573 644619 644619 644619 644597 644625 644625 644625 644625 644577 644573 644625 644625 0 644625 644625 644625 644625 644601 644529 644553 644597 644625 644625 644625 644625 644625 644625 644553 644505 644177 644165 644117 644093 644625 0 0 644625 644625 644625 644625 644625 644625 644601 644481 644117 644069 644525 644597 644625 644612 644625 644625 644529 644505 0 644337 644093 644477 644477 644525 0 644573 644625 644623 644611 0 644625 644625 644625 644625 644529 0 0 0 
0 0 641894 641932 641912 641994 641994 641962 641890 641870 642132 642114 642088 641920 641896 641820 642134 642118 642064 641946 641926 0 642164 642124 642074 642064 641998 642232 642178 642036 641990 641954 641924 641862 642208 642216 642158 642162 642086 641944 641916 0 642242 642232 642278 0 642134 642116 642078 642024 642004 641974 641956 642216 642262 642252 642278 642264 642308 642316 642188 642080 641938 642258 642332 642352 0 642216 642194 642148 642036 642004 641942 641926 642336 642224 642174 642074 642090 642052 642036 641964 641944 641568 641588 641644 641608 642381 0 0 642240 642172 642138 642120 642096 642082 642064 641936 641584 641620 642252 642379 642381 642381 642332 642246 642018 642008 0 641876 641556 642256 642228 642300 0 642365 642381 642381 642381 0 642240 642256 642198 642190 642056 0 0 0 
0 0 644254 644292 644272 644340 644292 0 0 0 0 644474 644448 644146 644074 0 0 644478 0 644172 0 0 644524 644470 644372 644338 0 0 644538 644262 644168 644108 0 0 644520 0 644456 644484 644336 0 644022 0 0 0 0 0 644408 644366 644304 0 644134 644104 644038 0 0 0 0 0 0 644676 0 0 643972 644564 0 644695 0 644490 644444 0 644142 644062 643928 643936 0 644474 644400 0 0 0 0 643974 643906 643748 0 643788 643740 0 0 0 0 0 644292 644250 644202 644164 644122 643874 643728 643740 0 0 644720 644733 0 0 644004 643970 0 643670 643688 0 0 0 0 0 0 0 644744 0 644442 644434 0 644320 644042 0 0 0 
0 644535 644617 644655 644659 644765 644785 644729 644609 644517 644807 644837 644835 644639 644567 644467 644833 644865 644835 644665 644621 644869 644863 644895 644865 644831 644741 644907 644925 644755 644661 644601 644547 644389 644811 644867 644949 644955 644829 644567 644515 644785 644869 644859 644977 644977 644901 644859 644797 644671 644627 644597 644531 644801 644889 644879 644905 644867 644959 645015 644981 644751 644465 644843 644983 645017 645017 644983 644937 644867 644635 644555 644421 644429 644939 644967 644893 644697 644713 644627 644611 644467 644399 643961 643969 644001 643953 644995 645085 645077 644983 644843 644785 644743 644695 644657 644615 644367 643941 643953 644813 644945 644975 644957 645123 644965 644497 644463 0 644163 643901 644793 644765 644861 0 644921 644965 644955 645003 645135 644935 644927 644845 644813 644535 0 0 643891 
0 0 644545 644583 0 644683 644707 0 0 0 0 644765 644763 644669 644641 0 0 644793 0 0 0 0 644791 644813 0 644789 0 0 644853 644785 644735 644687 0 0 0 0 644871 644863 644823 0 644625 0 0 0 0 0 644859 644853 0 0 644725 644695 644653 0 0 0 0 0 0 0 0 0 644611 0 0 0 0 0 644931 0 644745 644689 644570 644578 0 644956 0 0 0 0 0 644616 644548 643889 0 643929 643881 0 0 0 0 0 644871 644841 644805 644779 644749 644516 643869 643881 0 0 0 644612 0 0 644646 644612 0 644312 643829 0 0 0 0 0 0 0 0 0 644980 644960 0 644911 644684 0 0 0 
0 0 644602 644640 0 644750 644798 0 0 0 0 644822 644820 644796 644818 0 0 644850 0 0 0 0 644848 644880 0 644892 0 0 644910 644912 644912 644856 0 0 0 0 644962 644942 644938 0 644770 0 0 0 0 0 644962 644968 0 0 644882 644852 644786 0 0 0 0 0 0 0 0 0 644720 0 0 0 0 0 645046 0 644890 644810 644676 644684 0 645076 0 0 0 0 0 644722 644654 643946 0 643986 643938 0 0 0 0 0 645040 644998 644950 644912 644870 644622 643926 643938 0 0 0 644702 0 0 644752 644718 0 644418 643886 0 0 0 0 0 0 0 0 0 645140 645172 0 645068 644790 0 0 0 
0 0 644691 644729 644733 644839 644887 0 0 644815 0 644911 644909 644885 644865 0 0 644939 0 644911 0 0 644937 644969 644967 644981 0 0 644999 645001 644959 644899 0 0 644847 0 645051 645031 645027 644865 644813 0 0 0 0 0 645051 645057 645043 0 644925 644895 644829 0 0 0 0 0 0 644835 0 0 644763 644767 0 644775 0 645079 645125 0 644933 644853 644719 644727 0 645095 645139 0 0 0 644909 644765 644697 644035 0 644075 644027 0 0 0 0 0 645083 645041 644993 644955 644913 644665 644015 644027 0 0 644677 644659 644939 0 644795 644761 0 644461 643975 0 0 0 0 0 0 0 644705 0 645127 645091 645125 645105 644833 0 0 0 
0 0 644633 644671 0 644781 644829 0 0 0 0 644809 644820 644827 644838 0 0 644835 0 0 0 0 644810 644862 0 644904 0 0 644860 644938 644932 644908 0 0 0 0 644927 644905 644939 0 644870 0 0 0 0 0 644939 644954 0 0 644958 644928 644890 0 0 0 0 0 0 0 0 0 644824 0 0 0 0 0 644968 0 644985 644914 644780 644788 0 644938 0 0 0 0 0 644826 644758 643977 0 644017 643969 0 0 0 0 0 645036 645027 645015 644988 644955 644726 643957 643969 0 0 0 644502 0 0 644856 644822 0 644522 643917 0 0 0 0 0 0 0 0 0 644969 644965 0 645043 644879 0 0 0 
0 0 0 643932 0 644040 644040 0 0 0 0 0 0 0 0 0 0 0 0 0 0 0 0 0 0 644072 0 0 0 0 0 0 0 0 0 0 0 0 0 0 0 0 0 0 0 0 0 0 0 0 0 0 0 0 0 0 0 0 0 0 0 0 643984 0 0 0 0 0 644072 0 0 0 643974 643972 0 0 0 0 0 0 0 644010 643952 0 0 0 0 0 0 0 0 0 0 0 0 0 0 643920 0 0 0 0 0 643978 0 0 644050 644016 0 643716 0 0 0 0 0 0 0 0 0 0 0 0 0 0 644058 0 0 0 
644531 644555 644616 644594 644638 644580 644628 644684 644784 644850 644346 644412 644462 644774 644832 644803 644368 644432 644510 644748 644792 644284 644338 644450 644548 644582 644672 644246 644372 644658 644752 644812 644866 644965 644198 644238 644464 644436 644584 644846 644898 644176 644188 644198 644224 644368 644512 644554 644616 644742 644786 644816 644882 644160 644168 644178 644152 644142 644146 644186 644410 644662 644948 644118 644122 644126 644328 644430 644476 644546 644778 644858 644992 644984 644070 644446 644520 644716 644700 644786 644802 644946 645014 643981 643989 644014 643973 644048 644260 644314 644430 644570 644628 644670 644718 644756 644798 645046 643961 643966 644052 644002 644028 644010 644290 644448 644916 644950 645038 645070 643921 643976 644004 644004 643988 643994 644018 644008 644056 644230 644478 644486 644568 644600 644878 645121 645116 643911 
644538 644538 644565 644527 644571 644513 644561 644617 644737 644821 644279 644345 644395 644707 644779 644810 644301 644365 644443 644681 644725 644217 644271 644383 644481 644515 644605 644179 644305 644591 644685 644745 644799 644945 644131 644171 644397 644369 644517 644779 644831 644109 644121 644131 644157 644301 644445 644487 644549 644675 644719 644749 644815 644093 644101 644111 644085 644075 644079 644119 644343 644595 644881 644051 644055 644059 644261 644363 644409 644479 644711 644791 644925 644917 644003 644379 644453 644649 644633 644719 644735 644879 644947 643988 643996 643977 643965 643981 644193 644247 644363 644503 644561 644603 644651 644689 644731 644979 643968 643929 643985 643935 643961 643943 644223 644381 644849 644883 645093 645083 643928 643909 643937 643937 643921 643927 643951 643941 643989 644163 644411 644419 644501 644533 644811 645088 645107 643888 
0 644511 644451 644413 644409 644303 644255 644263 644287 644225 644261 644231 644233 644257 644233 644183 644235 644203 644233 644231 644227 644199 644205 644173 644175 644161 644203 644161 644143 644141 644139 644151 644157 644105 644257 644201 644091 644111 644115 644137 644141 644283 644199 644209 644091 644091 644091 644085 644099 644081 644077 644107 644077 644267 644179 644189 644163 644201 644109 644053 644085 644049 644047 644225 644085 644041 644051 644009 644007 644029 644021 644005 643995 644035 644129 643977 644003 644007 643991 643981 643997 643997 643969 644897 644953 645065 645081 643963 643983 643989 643961 643957 643967 643961 643961 643951 643945 643953 645021 645113 644255 644061 643991 643925 643917 643931 643919 643905 0 643865 645029 644275 644303 644207 0 644101 643981 643971 643875 643905 643913 643873 643907 643891 643881 0 0 645135 
