643863 643836 643866 643844 643842 643830 643811 643814 643784 643771 643736 643788 643766 643742 643699 643783 643762 643716 643704 643722 643720 643672 643678 643733 643680 643710 643722 643722 643696 643632 643662 643686 643682 643672 643680 643686 643692 643669 643634 643612 643671 643655 643647 643620 643610 643622 643670 643654 643632 643646 643631 643616 643606 643636 643626 643600 643594 643590 643531 643586 643574 643568 643582 643592 643592 643582 643592 643583 643582 643579 643576 643548 643572 643548 643568 643566 643544 643554 643559 643510 643454 643508 643518 643514 643536 643595 643532 643479 643442 643448 643488 643478 643474 643478 643561 643533 643426 643498 643432 643556 643548 643465 643458 643432 643362 643433 643450 643430 643414 643440 643567 643544 643533 643436 643411 643443 643346 643373 643367 643393 643418 643592 643571 643530 643497 643520 643517 643462 
0 643216 643214 643212 643184 643196 643202 643180 0 643216 0 643154 643192 643169 0 643161 643128 0 643068 0 0 0 0 0 0 0 0 643169 0 643025 0 0 0 0 0 0 0 0 0 0 0 643033 0 0 0 0 0 0 0 0 0 0 0 0 643052 0 0 0 642929 0 0 0 642972 0 0 0 0 0 643001 0 0 642890 0 0 0 642992 0 0 0 642929 642857 642872 0 0 0 643121 0 642905 0 642812 642830 0 0 0 643073 643025 0 642852 0 643087 643073 642929 0 642857 642761 642811 0 642892 642876 642914 0 643075 643064 642905 642857 642881 0 0 0 642771 642844 0 643090 643061 643028 643051 0 642993 
0 640244 640292 640241 640276 640233 640300 640201 0 640244 0 640188 640178 640142 0 640137 640175 0 640188 0 0 0 0 0 0 0 0 640142 0 639926 0 0 0 0 0 0 0 0 0 0 0 640025 0 0 0 0 0 0 0 0 0 0 0 0 640272 0 0 0 639782 0 0 0 640214 0 0 0 0 0 639890 0 0 640149 0 0 0 640242 0 0 0 639782 639674 640090 0 0 0 640069 0 639746 0 640060 640113 0 0 0 639998 639926 0 640136 0 640018 639998 639782 0 639674 639530 639626 0 640210 640202 640227 0 640018 639983 639746 639674 639710 0 0 0 639582 640168 0 640094 639992 639935 639970 0 639876 
0 642174 642180 642170 642163 642162 642169 642148 0 642174 0 642135 642150 642138 0 642132 642122 0 642099 0 0 0 0 0 0 0 0 642138 0 642066 0 0 0 0 0 0 0 0 0 0 0 642068 0 0 0 0 0 0 0 0 0 0 0 0 642044 0 0 0 642018 0 0 0 642022 0 0 0 0 0 642054 0 0 641961 0 0 0 642014 0 0 0 642018 641982 641903 0 0 0 642114 0 642006 0 641813 641865 0 0 0 642090 642066 0 641910 0 642102 642090 642018 0 641982 641908 641957 0 641946 641938 641951 0 642114 642090 642006 641982 641994 0 0 0 641935 641924 0 642119 642102 642078 642090 0 642054 
0 643441 643497 643455 643496 643453 643478 643427 0 643376 0 643414 643358 643334 0 643385 643401 0 643378 0 0 0 0 0 0 0 0 643314 0 643224 0 0 0 0 0 0 0 0 0 0 0 643299 0 0 0 0 0 0 0 0 0 0 0 0 643463 0 0 0 643123 0 0 0 643405 0 0 0 0 0 643174 0 0 643301 0 0 0 643425 0 0 0 643102 643046 643182 0 0 0 643187 0 643071 0 643122 643212 0 0 0 643153 643125 0 643285 0 643148 643140 643057 0 643024 642954 643044 0 643325 643309 643347 0 643136 643125 643028 643003 643035 0 0 0 643012 643277 0 643164 643122 643089 643112 0 643054 
0 0 0 0 0 645139 644916 645123 0 644918 0 645084 644962 644926 0 645069 645045 0 644912 0 0 0 0 0 0 0 0 644866 0 644812 0 0 0 0 0 0 0 0 0 0 0 644883 0 0 0 0 0 0 0 0 0 0 0 0 0 0 0 0 644653 0 0 0 0 0 0 0 0 0 0 0 0 0 0 0 0 644618 0 0 0 644590 644530 644618 0 0 0 644557 0 644533 0 0 644519 0 0 0 644527 644515 0 644516 0 644476 644488 644455 0 644464 644398 644550 0 0 644390 644429 0 644404 644443 644404 644401 644461 0 0 0 644490 644396 0 644344 644398 644371 644404 0 644338 
0 0 0 0 0 0 645067 644751 0 644803 0 644699 644827 644779 0 644687 644647 0 644579 0 0 0 0 0 0 0 0 644699 0 644467 0 0 0 0 0 0 0 0 0 0 0 644431 0 0 0 0 0 0 0 0 0 0 0 0 0 0 0 0 644295 0 0 0 0 0 0 0 0 0 0 0 0 0 0 0 0 644493 0 0 0 644321 644165 644187 0 0 0 644287 0 644255 0 0 644247 0 0 0 644247 644231 0 644357 0 0 644195 644151 0 644163 643963 643987 0 0 644189 644241 0 644083 0 644083 644079 0 0 0 0 643907 644197 0 644003 644075 644039 644083 0 643995 
0 0 0 0 0 0 0 644644 0 644396 0 644637 644522 644486 0 644607 644598 0 644427 0 0 0 0 0 0 0 0 644426 0 644357 0 0 0 0 0 0 0 0 0 0 0 644484 0 0 0 0 0 0 0 0 0 0 0 0 0 0 0 0 644203 0 0 0 0 0 0 0 0 0 0 0 0 0 0 0 0 0 0 0 0 644150 644085 644133 0 0 0 644117 0 644093 0 0 644058 0 0 0 644087 644075 0 644079 0 0 644048 644015 0 644024 643949 644115 0 0 644061 0 0 643964 0 643964 643961 0 0 0 0 644081 644031 0 643856 643958 643931 643964 0 643898 
644980 644922 644986 644950 645024 644966 644910 644946 645082 644792 644816 644972 644804 644780 644766 644882 644998 645054 645054 645086 645084 644736 644748 644932 645044 645094 645058 644740 644760 644704 644988 645012 645116 645116 645100 645046 645040 644706 644684 644688 644802 644914 644972 644958 644948 645008 645068 645078 645004 645038 644678 645002 645052 645048 644962 644640 644628 644644 644598 645056 645044 645038 645052 645062 645062 645006 644948 644606 644628 644622 644616 644946 644970 645018 645038 645020 645014 644986 644582 644556 644516 644858 644916 644930 644956 644534 644552 644518 644516 644798 644874 644924 644944 644948 644514 644506 644776 644920 644902 644480 644488 644466 644500 644472 644428 644560 644872 644900 644884 644910 644454 644432 644458 644432 644430 644470 644420 644476 644482 644552 644888 644438 644392 644428 644410 644432 644426 644388 
0 0 0 0 0 0 0 0 0 643687 0 0 0 643540 0 643387 0 0 0 0 0 0 0 0 0 0 0 0 0 0 0 0 0 0 0 0 0 0 0 0 0 0 0 0 0 0 0 0 0 0 0 0 0 0 0 0 0 0 0 0 0 0 0 0 0 0 0 0 0 0 0 0 0 0 0 0 0 0 0 0 643000 642925 0 0 0 0 0 643141 0 0 0 0 0 0 0 0 0 0 0 0 0 643238 0 0 0 0 0 0 0 0 0 0 0 643192 0 0 0 0 0 0 0 0 643308 0 0 0 0 643196 
644695 644724 644692 644710 644673 644702 644644 644712 644644 644620 644751 644699 644704 644716 644752 644744 644686 644645 644621 644613 644600 644739 644737 644719 644592 644595 644601 644676 644751 644688 644636 644648 644581 644576 644580 644583 644586 644700 644691 644660 644710 644702 644676 644597 644592 644557 644575 644567 644556 644563 644685 644554 644543 644558 644552 644647 644635 644651 644597 644533 644527 644524 644531 644536 644536 644530 644523 644613 644635 644629 644623 644514 644526 644514 644524 644522 644511 644504 644589 644563 644522 644508 644496 644460 644483 644516 644559 644525 644494 644448 644466 644479 644476 644466 644520 644513 644426 644488 644456 644474 644494 644473 644507 644479 644430 644472 644440 644418 644410 644411 644424 644414 644464 644439 644437 644477 644398 644406 644403 644440 644448 644194 644256 644422 644417 644438 644432 644395 
0 0 0 0 0 0 0 643463 0 643362 0 643474 643410 643396 0 643447 643450 0 643307 0 0 0 0 0 0 0 0 643376 0 643214 0 0 0 0 0 0 0 0 0 0 0 643356 0 0 0 0 0 0 0 0 0 0 0 0 0 0 0 0 643065 0 0 0 0 0 0 0 0 0 0 0 0 0 0 0 0 0 0 0 0 643044 642952 643013 0 0 0 643225 0 643001 0 0 642962 0 0 0 643167 643115 0 643007 0 0 643154 642999 0 642930 642812 642950 0 0 643097 0 0 643174 0 642958 642909 0 0 0 0 642922 643031 0 643186 643148 643091 643126 0 643032 
0 0 0 0 0 0 0 0 0 643961 0 0 643957 643940 0 643860 0 0 643709 0 0 0 0 0 0 0 0 643940 0 0 0 0 0 0 0 0 0 0 0 0 0 643732 0 0 0 0 0 0 0 0 0 0 0 0 0 0 0 0 643664 0 0 0 0 0 0 0 0 0 0 0 0 0 0 0 0 0 0 0 0 643700 643602 643513 0 0 0 0 0 643676 0 0 0 0 0 0 0 643796 0 643445 0 0 0 643700 0 643628 643498 643510 0 0 643361 0 0 0 0 643676 643628 0 0 0 0 0 643365 0 643954 0 0 0 0 643772 
0 0 0 0 0 0 0 0 0 643859 0 0 0 643891 0 643831 0 0 0 0 0 0 0 0 0 0 0 0 0 0 0 0 0 0 0 0 0 0 0 0 0 0 0 0 0 0 0 0 0 0 0 0 0 0 0 0 0 0 0 0 0 0 0 0 0 0 0 0 0 0 0 0 0 0 0 0 0 0 0 0 643444 643328 0 0 0 0 0 643497 0 0 0 0 0 0 0 0 0 0 0 0 0 643457 0 0 0 0 0 0 0 0 0 0 0 643411 0 0 0 0 0 0 0 0 643495 0 0 0 0 643415 
644930 644988 644924 644960 644886 644944 644908 644964 644828 644920 645094 644938 645028 645052 645136 645028 644912 644830 644782 644766 644740 645142 645130 644978 644724 644730 644742 645012 645142 645096 644812 644836 644702 644692 644700 644706 644712 645114 645134 645064 645076 644996 644892 644734 644724 644654 644690 644674 644652 644666 645128 644648 644626 644656 644646 645090 645078 645094 645010 644606 644594 644588 644602 644612 644612 644602 644612 645056 645078 645072 645066 644568 644592 644568 644588 644586 644564 644574 645032 645006 644948 644586 644538 644534 644556 644902 645002 644968 644900 644526 644520 644498 644494 644498 644946 644956 644504 644518 644452 644888 644920 644916 644950 644922 644844 644856 644470 644450 644434 644460 644774 644800 644890 644882 644880 644920 644804 644796 644790 644816 644438 644470 644568 644836 644860 644864 644858 644838 
0 0 0 0 0 0 0 0 0 642657 0 0 0 642759 0 642853 0 0 0 0 0 0 0 0 0 0 0 0 0 0 0 0 0 0 0 0 0 0 0 0 0 0 0 0 0 0 0 0 0 0 0 0 0 0 0 0 0 0 0 0 0 0 0 0 0 0 0 0 0 0 0 0 0 0 0 0 0 0 0 0 642495 642368 0 0 0 0 0 642497 0 0 0 0 0 0 0 0 0 0 0 0 0 642445 0 0 0 0 0 0 0 0 0 0 0 642411 0 0 0 0 0 0 0 0 642305 0 0 0 0 642367 
0 0 0 0 0 0 0 644214 0 644116 0 644227 644155 644155 0 644206 644240 0 644154 0 0 0 0 0 0 0 0 644135 0 644045 0 0 0 0 0 0 0 0 0 0 0 644188 0 0 0 0 0 0 0 0 0 0 0 0 0 0 0 0 643944 0 0 0 0 0 0 0 0 0 0 0 0 0 0 0 0 0 0 0 0 643923 643867 643958 0 0 0 644008 0 643892 0 0 643916 0 0 0 643974 643946 0 643938 0 0 643961 643878 0 643845 643775 643877 0 0 643962 0 0 643957 0 643849 643824 0 0 0 0 643861 643930 0 643937 643943 643910 643933 0 643875 
644989 644997 644995 645025 645033 645041 644885 645023 645091 644867 644893 645049 644881 644857 644843 644959 645075 645155 645149 645139 644987 644813 644825 645009 645097 644997 644937 644817 644837 644781 645109 645133 645025 645035 644979 644925 644919 644783 644761 644765 644879 644991 645091 645077 645067 645027 645063 644957 644883 644917 644755 645021 644999 644927 644841 644717 644705 644721 644675 644979 644967 644961 644975 644985 644971 644885 644827 644683 644705 644699 644693 644941 644965 644941 644961 644901 644923 644865 644659 644633 644593 644953 644911 644809 644835 644611 644629 644595 644593 644893 644893 644871 644867 644871 644591 644583 644871 644891 644825 644557 644565 644543 644577 644549 644505 644637 644843 644823 644807 644831 644531 644509 644535 644509 644507 644547 644497 644553 644559 644629 644811 644447 644469 644505 644487 644509 644503 644465 
0 0 0 0 0 0 0 0 0 637434 0 0 0 637422 0 637524 0 0 637702 0 0 0 0 0 0 0 0 637382 0 0 0 0 0 0 0 0 0 0 0 0 0 637556 0 0 0 0 0 0 0 0 0 0 0 0 0 0 0 0 637240 0 0 0 0 0 0 0 0 0 0 0 0 0 0 0 0 0 0 0 0 637198 637158 637702 0 0 0 0 0 637160 0 0 0 0 0 0 0 637148 0 637614 0 0 0 637108 0 0 637070 0 0 0 0 0 0 0 0 637074 637072 0 0 0 0 0 0 0 636997 0 0 0 0 637030 
642922 642893 642925 642907 642944 642915 642870 642905 642973 642828 642793 642918 642823 642799 642756 642850 642931 642972 642992 643004 642921 642729 642735 642875 642979 642926 642896 642779 642753 642689 642959 642969 642940 642945 642917 642890 642887 642726 642691 642669 642762 642842 642918 642917 642907 642921 642969 642906 642869 642886 642688 642915 642929 642891 642848 642657 642651 642647 642588 642921 642909 642903 642926 642931 642913 642870 642841 642640 642639 642636 642633 642847 642871 642883 642919 642878 642889 642860 642616 642567 642511 642805 642817 642832 642845 642652 642589 642536 642499 642745 642787 642801 642857 642873 642618 642590 642723 642809 642803 642613 642605 642522 642515 642489 642419 642521 642761 642849 642833 642845 642624 642601 642590 642493 642468 642500 642403 642443 642446 642505 642801 642651 642628 642587 642554 642577 642574 642519 
0 643177 643257 643191 643276 643199 643239 643165 0 643112 0 643178 643070 643034 0 643085 643191 0 643211 0 643387 642916 0 643110 643213 0 0 643014 0 642852 0 0 643373 643363 0 643358 0 0 0 0 0 643053 643081 643092 0 0 643276 0 0 643354 0 643168 643297 643359 643316 0 0 0 642703 0 0 0 643299 643309 643321 0 643309 0 642790 0 0 643108 0 0 0 643319 643297 643318 0 642682 642590 642942 0 0 0 642863 0 642639 0 642852 642976 643112 0 0 642805 642753 642819 643093 0 642812 642792 642637 0 642568 642450 642588 643021 643219 643203 643241 642847 642812 642777 642596 642547 642591 642422 0 0 642560 643144 0 642888 642786 642729 642764 0 642670 
0 644885 644808 644865 644754 644841 644742 644871 0 644760 0 644832 644922 644958 0 644967 644793 0 644598 0 0 645093 0 644892 0 0 0 644898 0 645037 0 0 0 0 0 0 0 0 0 0 0 644919 0 0 0 0 0 0 0 0 0 0 644364 644409 644394 0 0 0 644888 0 0 0 644328 0 644343 0 644343 0 644975 0 0 644277 0 0 0 644304 0 0 0 644867 644775 644304 0 0 0 644733 0 644824 0 644214 644205 644172 0 0 644812 644808 0 644202 0 644714 644773 644748 0 644753 644635 644703 0 644100 644076 644115 644541 644580 644728 644697 644694 644754 0 0 0 644643 644082 0 644232 644636 644664 644689 0 644631 
644939 644977 644945 644999 644925 644983 644835 645003 644867 644847 645111 644977 644955 644979 645103 645067 644951 644869 644821 644805 644779 645097 645109 645017 644763 644769 644781 644939 645097 645113 644851 644875 644741 644731 644739 644745 644751 645043 645069 645099 645117 645035 644931 644773 644763 644693 644729 644713 644691 644705 645063 644687 644665 644695 644685 645049 645037 645055 645009 644645 644633 644627 644641 644651 644651 644641 644651 645015 645039 645033 645027 644607 644631 644607 644627 644625 644603 644613 644993 644967 644927 644625 644577 644573 644595 644829 644963 644929 644927 644565 644559 644537 644533 644537 644875 644915 644543 644557 644491 644817 644849 644877 644911 644883 644839 644929 644509 644489 644473 644499 644701 644727 644819 644843 644841 644881 644831 644869 644863 644889 644477 644397 644495 644765 644795 644793 644787 644799 
0 644225 644145 644253 644183 644269 644011 644321 0 644095 0 644343 644245 644267 0 644369 644343 0 644113 0 0 0 0 644407 0 0 0 644227 0 644071 0 0 0 0 0 0 0 0 0 0 0 644329 0 0 0 0 0 0 0 0 0 0 643801 643853 643767 0 0 0 643869 0 0 0 643753 0 0 0 0 0 643971 0 0 643685 0 0 0 643721 0 0 0 643827 643715 643721 0 0 0 643997 0 643765 0 643601 643589 0 0 0 643929 643873 0 643585 0 643919 643903 643737 0 643671 643531 643735 0 643449 643417 643469 0 643895 643873 643679 643629 643693 0 0 0 643703 643425 0 643767 643867 643801 643847 0 643731 
0 644216 644270 644244 644308 644260 644172 644228 0 644086 0 644254 644074 644038 0 644140 644280 0 644433 0 644284 643946 0 644190 644452 0 0 643998 0 643890 0 0 644322 644332 0 644222 0 0 0 0 0 644148 644276 644399 0 0 644419 0 0 644214 0 644404 644379 644224 644138 0 0 0 643736 0 0 0 644319 644314 644268 0 644124 0 643802 0 0 644306 0 0 0 644198 644220 644162 0 643694 643618 644249 0 0 0 643768 0 643644 0 644159 644212 644225 0 0 643724 643692 644126 644243 0 643702 643698 643604 0 643574 643482 643650 644171 644179 644187 644132 643700 643666 643668 643558 643532 643584 643462 0 0 643630 644195 0 643674 643650 643608 643642 0 643562 
644765 644707 644771 644735 644809 644751 644709 644731 644839 644577 644601 644748 644589 644565 644551 644667 644761 644794 644806 644834 644894 644521 644533 644704 644813 644899 644869 644525 644545 644489 644749 644761 644909 644904 644890 644863 644860 644491 644469 644473 644587 644671 644717 644746 644741 644814 644868 644879 644842 644859 644463 644811 644871 644864 644821 644425 644413 644429 644383 644861 644855 644852 644859 644864 644864 644843 644814 644391 644413 644407 644401 644797 644819 644842 644852 644851 644840 644833 644367 644341 644301 644671 644767 644805 644818 644319 644337 644303 644301 644611 644701 644786 644805 644807 644299 644291 644589 644794 644784 644265 644273 644251 644285 644257 644213 644345 644746 644783 644775 644788 644239 644217 644243 644217 644215 644255 644205 644261 644267 644334 644777 644223 644177 644213 644195 644217 644211 644173 
644442 644413 644445 644427 644464 644435 644414 644425 644449 644348 644324 644432 644354 644330 644287 644381 644419 644402 644394 644414 644477 644260 644266 644392 644372 644472 644478 644310 644284 644220 644352 644376 644458 644453 644457 644460 644463 644257 644222 644200 644293 644329 644348 644310 644300 644338 644410 644444 644433 644440 644219 644332 644394 644435 644430 644188 644182 644178 644119 644386 644374 644368 644394 644404 644413 644408 644413 644171 644170 644167 644164 644288 644312 644348 644392 644400 644389 644394 644147 644098 644042 644198 644258 644374 644385 644183 644120 644067 644030 644138 644204 644266 644322 644338 644149 644121 644116 644274 644268 644144 644136 644053 644046 644020 643950 644052 644226 644314 644298 644336 644155 644132 644121 644024 643999 644031 643934 643974 643977 644036 644266 644171 644148 644118 644085 644108 644105 644050 
0 0 0 0 0 0 0 0 0 639570 0 0 0 639561 0 639408 0 0 639147 0 0 0 0 0 0 0 0 639594 0 0 0 0 0 0 0 0 0 0 0 0 0 639251 0 0 0 0 0 0 0 0 0 0 0 0 0 0 0 0 638968 0 0 0 0 0 0 0 0 0 0 0 0 0 0 0 0 0 0 0 0 639031 638803 638783 0 0 0 0 0 638992 0 0 0 0 0 0 0 639297 0 638805 0 0 0 639088 0 0 638551 0 0 0 0 0 0 0 0 639028 638908 0 0 0 0 0 0 0 639092 0 0 0 0 639096 
644631 644689 644625 644661 644587 644645 644619 644665 644529 644661 644795 644639 644739 644763 644831 644729 644613 644531 644483 644467 644441 644822 644816 644679 644425 644431 644443 644743 644834 644778 644513 644537 644403 644393 644401 644407 644413 644825 644814 644746 644764 644697 644593 644435 644425 644355 644391 644375 644353 644367 644811 644349 644327 644357 644347 644780 644774 644770 644687 644307 644295 644289 644303 644313 644313 644303 644313 644763 644762 644759 644756 644269 644293 644269 644289 644287 644265 644275 644739 644690 644620 644287 644239 644235 644257 644712 644712 644659 644582 644227 644221 644199 644195 644199 644729 644713 644205 644219 644153 644712 644716 644645 644638 644612 644520 644538 644171 644151 644135 644161 644636 644661 644701 644616 644591 644623 644486 644478 644472 644498 644139 644412 644497 644686 644677 644688 644685 644642 
0 0 0 0 0 0 0 0 0 644519 0 0 644735 644783 0 644766 0 0 644274 0 0 0 0 0 0 0 0 644703 0 645039 0 0 0 0 0 0 0 0 0 0 0 644702 0 0 0 0 0 0 0 0 0 0 0 0 0 0 0 0 644904 0 0 0 0 0 0 0 0 0 0 0 0 0 0 0 0 0 0 0 0 644883 644769 643882 0 0 0 0 0 644809 0 0 0 0 0 0 644635 644743 0 643746 0 0 0 644705 0 644717 644571 644616 0 0 643578 0 0 644279 0 644637 644633 0 0 0 0 644536 643586 0 643815 0 644513 0 0 644533 
644226 644240 644232 644268 644270 644284 644134 644284 644328 644110 644160 644310 644148 644124 644110 644226 644336 644398 644410 644390 644272 644080 644092 644276 644410 644282 644234 644084 644104 644048 644430 644412 644310 644320 644276 644234 644228 644050 644028 644032 644146 644258 644362 644424 644419 644384 644386 644266 644216 644238 644022 644381 644362 644248 644186 643984 643972 643988 643942 644350 644350 644350 644338 644328 644292 644230 644184 643950 643972 643966 643960 644341 644353 644341 644316 644246 644268 644222 643926 643900 643860 644350 644326 644190 644204 643878 643896 643862 643860 644320 644317 644306 644302 644290 643858 643850 644309 644316 644283 643824 643832 643810 643844 643816 643772 643904 644292 644266 644266 644228 643798 643776 643802 643776 643774 643814 643764 643820 643826 643896 644276 643684 643730 643772 643754 643776 643770 643732 
644915 644953 644921 644981 644959 644997 644811 645025 645017 644823 644935 645051 644923 644899 644885 645001 645077 645111 645103 645079 644913 644855 644867 645051 645055 644923 644863 644859 644879 644823 645143 645151 644951 644961 644905 644851 644845 644825 644803 644807 644921 645033 645137 645065 645055 644985 645021 644883 644809 644843 644797 644979 644957 644853 644767 644759 644747 644763 644717 644937 644925 644919 644933 644935 644897 644811 644753 644725 644747 644741 644735 644899 644923 644899 644911 644827 644849 644791 644701 644675 644635 644917 644869 644735 644761 644653 644671 644637 644635 644857 644851 644829 644825 644829 644633 644625 644835 644849 644783 644599 644607 644585 644619 644591 644547 644679 644801 644781 644765 644761 644573 644551 644577 644551 644549 644589 644539 644595 644601 644671 644769 644373 644471 644547 644529 644551 644545 644507 
0 643441 643473 643455 643492 643463 643442 643453 0 643376 0 643466 643382 643370 0 643421 643479 0 643502 0 643563 643348 0 643446 643480 0 0 643350 0 643332 0 0 643568 643568 0 643532 0 0 0 0 0 643437 643462 643418 0 0 643518 0 0 643528 0 643440 643524 643532 643490 0 0 0 643267 0 0 0 643524 643534 643532 0 643483 0 643294 0 0 643396 0 0 0 643508 643508 643496 0 643246 643190 643306 0 0 0 643247 0 643215 0 643246 643312 643396 0 0 643237 643233 643224 643382 0 643220 643224 643201 0 643168 643098 643200 643334 643444 643428 643460 643207 643196 643209 643172 643147 643179 643082 0 0 643184 643396 0 643176 643194 643185 643196 0 643174 
0 643326 643382 643340 643401 643348 643363 643326 0 643261 0 643339 643243 643219 0 643270 643352 0 643421 0 643476 643149 0 643295 643424 0 0 643199 0 643109 0 0 643495 643500 0 643445 0 0 0 0 0 643262 643332 643338 0 0 643483 0 0 643441 0 643396 643472 643446 643403 0 0 0 643008 0 0 0 643465 643470 643468 0 643396 0 643059 0 0 643364 0 0 0 643433 643444 643415 0 642987 642931 643238 0 0 0 643072 0 642956 0 643178 643268 643344 0 0 643038 643010 643156 643350 0 643033 643025 642942 0 642909 642839 642941 643302 643389 643376 643394 643044 643021 643010 642913 642888 642920 642823 0 0 642925 643344 0 643049 643007 642974 642997 0 642939 
644975 644917 644981 644945 645019 644961 644919 644941 645029 644787 644811 644959 644799 644775 644761 644877 644959 644935 644935 644967 645127 644731 644743 644911 644925 645123 645151 644735 644755 644699 644869 644893 645095 645085 645141 645141 645141 644701 644679 644683 644797 644861 644853 644839 644829 644903 644987 645129 645093 645117 644673 644897 645019 645111 645069 644635 644623 644639 644593 645047 645035 645029 645057 645067 645067 645057 645045 644601 644623 644617 644611 644865 644889 645009 645043 645041 645019 645029 644577 644551 644511 644739 644835 644989 645011 644529 644547 644513 644511 644679 644769 644891 644949 644953 644509 644501 644657 644863 644907 644475 644483 644461 644495 644467 644423 644555 644815 644905 644889 644915 644449 644427 644453 644427 644425 644465 644415 644471 644477 644547 644893 644433 644387 644423 644405 644427 644421 644383 
0 644053 644141 644081 644179 644097 644091 644065 0 643923 0 644077 643911 643875 0 643977 644075 0 644049 0 644323 643783 0 644005 644034 0 0 643835 0 643727 0 0 644285 644274 0 644401 0 0 0 0 0 643919 643926 643905 0 0 644127 0 0 644405 0 643992 644175 644395 644366 0 0 0 643573 0 0 0 644283 644298 644346 0 644342 0 643639 0 0 643944 0 0 0 644326 644299 644314 0 643531 643455 643755 0 0 0 643605 0 643481 0 643665 643800 643983 0 0 643561 643529 643632 643941 0 643539 643535 643441 0 643411 643319 643487 643869 644164 644140 644191 643537 643503 643505 643395 643369 643421 643299 0 0 643465 644110 0 643511 643487 643445 643479 0 643399 
644272 644219 644275 644233 644294 644241 644256 644219 644273 644154 644106 644220 644136 644112 644069 644163 644207 644183 644183 644215 644373 644042 644048 644168 644173 644368 644410 644092 644066 644002 644117 644141 644343 644333 644389 644428 644431 644039 644004 643982 644075 644105 644101 644087 644077 644151 644235 644411 644427 644422 644001 644145 644267 644417 644436 643970 643964 643960 643901 644295 644283 644277 644339 644349 644375 644413 644431 643953 643952 643949 643946 644113 644137 644257 644351 644397 644375 644409 643929 643880 643824 643987 644083 644416 644415 643965 643902 643849 643812 643927 644017 644139 644305 644333 643931 643903 643905 644111 644239 643926 643918 643835 643828 643802 643732 643834 644063 644333 644317 644367 643930 643908 643903 643806 643781 643813 643716 643756 643759 643818 644249 643914 643868 643900 643867 643890 643887 643832 
644902 644960 644896 644932 644858 644916 644946 644936 644800 644958 645066 644910 645066 645090 645116 645000 644884 644802 644754 644738 644712 645122 645110 644950 644696 644702 644714 645050 645122 645058 644784 644808 644674 644664 644672 644678 644684 645160 645126 645026 645056 644968 644864 644706 644696 644626 644662 644646 644624 644638 645132 644620 644598 644628 644618 645118 645106 645070 644972 644578 644566 644560 644574 644584 644584 644574 644584 645084 645086 645092 645094 644540 644564 644540 644560 644558 644536 644546 645060 645014 644910 644558 644510 644506 644528 644940 645030 644996 644862 644498 644492 644470 644466 644470 644992 644984 644476 644490 644424 644934 644966 644944 644974 644950 644806 644818 644442 644422 644406 644432 644812 644838 644936 644910 644908 644948 644766 644758 644752 644778 644410 644508 644606 644882 644888 644910 644904 644866 
644488 644546 644482 644518 644444 644502 644488 644522 644386 644530 644652 644496 644608 644632 644702 644586 644470 644388 644340 644324 644298 644732 644720 644536 644282 644288 644300 644612 644708 644750 644370 644394 644260 644250 644258 644264 644270 644703 644762 644730 644666 644554 644450 644292 644282 644212 644248 644232 644210 644224 644759 644206 644184 644214 644204 644764 644758 644766 644676 644164 644152 644146 644160 644170 644170 644160 644170 644747 644758 644755 644752 644126 644150 644126 644146 644144 644122 644132 644735 644686 644614 644144 644096 644092 644114 644581 644708 644655 644566 644084 644078 644056 644052 644056 644643 644697 644062 644076 644010 644590 644630 644641 644634 644608 644510 644522 644028 644008 643992 644018 644505 644530 644615 644612 644587 644619 644470 644462 644456 644482 643996 644281 644366 644564 644625 644602 644599 644638 
644859 644912 644856 644898 644836 644890 644775 644912 644778 644787 645025 644888 644895 644919 645049 644968 644862 644780 644732 644716 644690 645067 645079 644928 644674 644680 644692 644879 645043 645129 644762 644786 644652 644642 644650 644656 644662 644989 645063 645129 645056 644946 644842 644684 644674 644604 644640 644624 644602 644616 645057 644598 644576 644606 644596 645067 645055 645099 645065 644556 644544 644538 644552 644562 644562 644552 644562 645033 645083 645077 645071 644518 644542 644518 644538 644536 644514 644524 645037 645023 644983 644536 644488 644484 644506 644769 645019 644985 644975 644476 644470 644448 644444 644448 644845 644933 644454 644468 644402 644763 644819 644933 644967 644939 644895 644953 644420 644400 644384 644410 644641 644667 644789 644899 644897 644937 644879 644887 644884 644916 644388 644337 644435 644711 644789 644763 644757 644843 
644942 644980 644948 645008 644960 645008 644838 645032 644912 644850 645114 645022 644958 644982 645104 645080 644996 644914 644866 644850 644824 645098 645110 645062 644808 644814 644826 644942 645098 645070 644896 644920 644786 644776 644784 644790 644796 645044 645050 645054 645144 645080 644976 644818 644808 644738 644774 644758 644736 644750 645044 644732 644710 644740 644730 645006 644994 645010 644964 644690 644678 644672 644686 644696 644696 644686 644696 644972 644994 644988 644982 644652 644676 644652 644672 644670 644648 644658 644948 644922 644882 644670 644622 644618 644640 644832 644918 644884 644882 644610 644604 644582 644578 644582 644876 644872 644588 644602 644536 644818 644850 644832 644866 644838 644794 644908 644554 644534 644518 644544 644704 644730 644820 644798 644796 644836 644786 644836 644836 644884 644522 644400 644498 644766 644776 644794 644788 644754 
0 0 0 0 0 0 0 0 0 636327 0 0 0 636387 0 636489 0 0 636477 0 0 0 0 0 0 0 0 636347 0 0 0 0 0 0 0 0 0 0 0 0 0 636524 0 0 0 0 0 0 0 0 0 0 0 0 0 0 0 0 636349 0 0 0 0 0 0 0 0 0 0 0 0 0 0 0 0 0 0 0 0 636307 636303 636251 0 0 0 0 0 636281 0 0 0 0 0 0 0 636209 0 636301 0 0 0 636217 0 0 636227 0 0 0 0 0 0 0 0 636195 636217 0 0 0 0 0 0 0 635951 0 0 0 0 636103 
0 644587 644555 644615 644593 644631 644416 644659 0 644398 0 644685 644536 644560 0 644691 644711 0 644739 0 644547 644547 0 644741 644697 0 0 644500 0 644494 0 0 644585 644595 0 644471 0 0 0 0 0 644750 644827 644707 0 0 644663 0 0 644451 0 644621 644599 644461 644351 0 0 0 644340 0 0 0 644557 644557 644505 0 644325 0 644385 0 0 644541 0 0 0 644411 644433 644363 0 644277 644217 644552 0 0 0 644242 0 644220 0 644462 644477 644471 0 0 644214 644202 644429 644491 0 644163 644175 644142 0 644151 644085 644254 644426 644337 644321 644297 644098 644089 644130 644091 644088 644148 644066 0 0 644234 644361 0 643858 644085 644058 644091 0 644025 
0 644677 644662 644719 644719 644743 644497 644737 0 644482 0 644776 644536 644507 0 644660 644815 0 644947 0 644650 644441 0 644735 644962 0 0 644447 0 644393 0 0 644707 644722 0 644557 0 0 0 0 0 644708 644864 645044 0 0 644869 0 0 644545 0 644964 644821 644560 644431 0 0 0 644234 0 0 0 644713 644698 644626 0 644410 0 644279 0 0 644879 0 0 0 644521 644554 644467 0 644171 644111 644906 0 0 0 644138 0 644114 0 644816 644807 644774 0 0 644108 644096 644783 644804 0 644057 644069 644036 0 644045 643979 644177 644732 644509 644533 644422 644018 643985 644024 643985 643982 644042 643967 0 0 644165 644667 0 643906 643979 643952 643985 0 643919 
643696 643717 643699 643731 643718 643739 643632 643741 643747 643652 643640 643754 643670 643646 643603 643697 643767 643796 643806 643778 643647 643576 643582 643722 643799 643652 643610 643626 643600 643536 643817 643805 643666 643671 643631 643592 643589 643573 643538 643516 643609 643689 643765 643844 643849 643798 643744 643608 643547 643576 643535 643801 643704 643581 643514 643504 643498 643494 643435 643678 643684 643687 643644 643639 643603 643536 643495 643487 643486 643483 643480 643731 643755 643697 643615 643544 643555 643514 643463 643414 643358 643749 643701 643462 643487 643499 643436 643383 643346 643689 643683 643661 643590 643552 643465 643437 643667 643681 643615 643460 643452 643369 643362 643336 643266 643368 643633 643504 643512 643463 643471 643448 643437 643340 643315 643347 643250 643290 643293 643352 643601 643425 643464 643434 643401 643424 643421 643366 
644471 644437 644477 644465 644515 644481 644403 644473 644573 644307 644391 644499 644343 644331 644353 644433 644525 644595 644631 644635 644538 644335 644347 644483 644677 644548 644488 644291 644347 644327 644625 644601 644576 644586 644530 644476 644470 644293 644295 644323 644401 644489 644569 644691 644701 644735 644684 644508 644434 644468 644289 644740 644652 644478 644392 644263 644251 644279 644269 644624 644636 644642 644580 644570 644522 644436 644378 644229 644263 644257 644251 644721 644733 644662 644546 644452 644474 644416 644217 644227 644223 644661 644706 644360 644386 644109 644199 644201 644235 644631 644676 644662 644544 644492 644113 644129 644620 644684 644591 644067 644087 644137 644195 644179 644183 644279 644660 644444 644460 644386 644017 644007 644057 644115 644137 644165 644187 644231 644237 644283 644572 643929 643919 644015 644021 644031 644025 644023 
0 644441 644497 644455 644516 644463 644456 644441 0 644376 0 644454 644358 644334 0 644385 644467 0 644543 0 644518 644264 0 644410 644567 0 0 644314 0 644224 0 0 644537 644542 0 644487 0 0 0 0 0 644377 644447 644519 0 0 644568 0 0 644483 0 644569 644544 644488 644445 0 0 0 644123 0 0 0 644520 644520 644508 0 644438 0 644174 0 0 644562 0 0 0 644475 644484 644457 0 644102 644046 644483 0 0 0 644187 0 644071 0 644423 644491 644516 0 0 644153 644125 644401 644524 0 644148 644140 644057 0 644024 643954 644056 644476 644448 644448 644426 644159 644136 644125 644028 644003 644035 643938 0 0 644040 644484 0 644164 644122 644089 644112 0 644054 
644030 643977 644033 643991 644052 643999 644014 643977 644081 643912 643864 643990 643894 643870 643827 643921 644003 644031 644031 644063 644173 643800 643806 643946 644021 644178 644184 643850 643824 643760 643965 643989 644184 644179 644205 644214 644211 643797 643762 643740 643833 643913 643949 643935 643925 643999 644083 644230 644215 644232 643759 643993 644115 644237 644194 643728 643722 643718 643659 644143 644131 644125 644187 644197 644231 644216 644187 643711 643710 643707 643704 643961 643985 644105 644207 644220 644207 644206 643687 643638 643582 643835 643931 644178 644191 643723 643660 643607 643570 643775 643865 643987 644137 644153 643689 643661 643753 643959 644083 643684 643676 643593 643586 643560 643490 643592 643911 644129 644113 644151 643695 643672 643661 643564 643539 643571 643474 643514 643517 643576 644081 643759 643700 643658 643625 643648 643645 643590 
644469 644416 644472 644430 644491 644438 644449 644416 644514 644317 644303 644429 644329 644305 644266 644360 644442 644437 644437 644469 644612 644239 644245 644385 644427 644609 644623 644265 644263 644199 644371 644395 644595 644587 644630 644653 644650 644231 644201 644179 644272 644346 644355 644341 644331 644405 644489 644653 644704 644685 644198 644399 644521 644680 644696 644165 644153 644157 644098 644549 644537 644531 644593 644603 644651 644702 644689 644131 644149 644146 644141 644367 644391 644511 644627 644694 644676 644688 644107 644077 644021 644241 644337 644668 644679 644059 644077 644043 644009 644181 644271 644393 644606 644622 644039 644031 644159 644365 644539 644005 644013 643991 644025 643997 643929 644031 644317 644598 644582 644620 643979 643957 643983 643957 643955 643995 643913 643953 643956 644015 644550 643963 643917 643953 643935 643957 643951 643913 
0 644854 644918 644878 644926 644878 644856 644854 0 644724 0 644854 644736 644712 0 644806 644854 0 644854 0 645022 644668 0 644806 644844 0 0 644672 0 644636 0 0 645014 645004 0 645070 0 0 0 0 0 644758 644772 644758 0 0 644906 0 0 645094 0 644816 644938 645094 645108 0 0 0 644530 0 0 0 645010 645020 645068 0 645084 0 644560 0 0 644784 0 0 0 645104 645082 645084 0 644488 644448 644658 0 0 0 644466 0 644450 0 644598 644688 644810 0 0 644446 644438 644576 644782 0 644412 644420 644398 0 644404 644360 644470 644734 644968 644952 644978 644386 644364 644390 644364 644362 644402 644352 0 0 644446 644956 0 644324 644360 644342 644364 0 644320 
644838 644896 644832 644868 644794 644852 644837 644872 644736 644855 645002 644846 644957 644981 645050 644936 644820 644738 644690 644674 644648 645077 645070 644886 644632 644638 644650 644947 645053 645089 644720 644744 644610 644600 644608 644614 644620 645052 645112 645068 645016 644904 644800 644642 644632 644562 644598 644582 644560 644574 645109 644556 644534 644564 644554 645102 645096 645097 645012 644514 644502 644496 644510 644520 644520 644510 644520 645076 645095 645092 645089 644476 644500 644476 644496 644494 644472 644482 645063 645023 644945 644494 644446 644442 644464 644837 645033 644992 644904 644434 644428 644406 644402 644406 644913 644976 644412 644426 644360 644831 644887 644947 644971 644945 644845 644860 644378 644358 644342 644368 644709 644735 644857 644913 644911 644951 644808 644800 644794 644820 644346 644405 644503 644779 644856 644831 644825 644869 
0 644109 644197 644137 644235 644153 644128 644121 0 643979 0 644147 643967 643931 0 644033 644173 0 644327 0 644232 643839 0 644083 644391 0 0 643891 0 643783 0 0 644270 644280 0 644170 0 0 0 0 0 644041 644169 644338 0 0 644378 0 0 644162 0 644434 644339 644172 644086 0 0 0 643629 0 0 0 644274 644264 644216 0 644072 0 643695 0 0 644354 0 0 0 644146 644168 644110 0 643587 643511 644242 0 0 0 643661 0 643537 0 644152 644268 644273 0 0 643617 643585 644119 644291 0 643595 643591 643497 0 643467 643375 643543 644219 644138 644147 644080 643593 643559 643561 643451 643425 643477 643355 0 0 643523 644241 0 643567 643543 643501 643535 0 643455 
0 643501 643597 643543 643654 643567 643494 643537 0 643306 0 643576 643324 643288 0 643441 643615 0 643810 0 0 0 0 643516 0 0 0 643228 0 643162 0 0 0 0 0 0 0 0 0 0 0 643489 0 0 0 0 0 0 0 0 0 0 643983 643753 643624 0 0 0 642955 0 0 0 643906 0 0 0 0 0 643036 0 0 643848 0 0 0 643714 0 0 0 642892 642796 643681 0 0 0 642919 0 642823 0 643591 643716 0 0 0 642889 642865 0 643833 0 642838 642850 642757 0 642730 642616 642850 0 643695 643715 643596 0 642766 642805 642694 642667 642739 0 0 0 642826 643789 0 642706 642760 642733 642766 0 642676 
0 641476 641596 641518 641653 641542 641515 641500 0 641281 0 641519 641275 641227 0 641380 641532 0 641597 0 0 0 0 641427 0 0 0 641167 0 641041 0 0 0 0 0 0 0 0 0 0 0 641344 0 0 0 0 0 0 0 0 0 0 641819 641988 641956 0 0 0 640834 0 0 0 641925 0 0 0 0 0 640915 0 0 641641 0 0 0 641958 0 0 0 640771 640675 641437 0 0 0 640834 0 640702 0 641317 641497 0 0 0 640780 640744 0 641663 0 640741 640741 640636 0 640609 640495 640729 0 641818 641810 641799 0 640681 640696 640573 640546 640618 0 0 0 640697 641874 0 640669 640663 640612 640657 0 640555 
0 644245 644365 644287 644414 644311 644284 644267 0 644050 0 644276 644044 643996 0 644149 644239 0 644171 0 0 0 0 0 0 0 0 643936 0 643810 0 0 0 0 0 0 0 0 0 0 0 644023 0 0 0 0 0 0 0 0 0 0 0 0 644850 0 0 0 643603 0 0 0 644483 0 0 0 0 0 643684 0 0 644031 0 0 0 644739 0 0 0 643540 643444 643779 0 0 0 643603 0 643471 0 643659 643839 0 0 0 643549 643513 0 644027 0 643506 643510 643405 0 643378 643264 643498 0 644549 644517 644581 0 643410 643462 643342 643315 643387 0 0 0 643458 644443 0 643330 643402 643366 643410 0 643322 
644131 644165 644125 644137 644087 644121 644198 644129 644029 644210 644211 644103 644258 644270 644249 644169 644077 644007 643971 643967 643989 644267 644255 644119 643925 643979 644003 644256 644255 644251 643977 644001 643951 643941 643961 643979 643985 644307 644307 644231 644201 644113 644033 643911 643901 643867 643915 643947 643949 643951 644313 643861 643875 643941 643955 644315 644320 644275 644188 643867 643855 643849 643875 643885 643897 643911 643933 644309 644291 644297 644303 643793 643817 643829 643873 643895 643873 643895 644297 644230 644126 643775 643763 643879 643889 644201 644281 644220 644078 643715 643733 643747 643803 643819 644239 644259 643693 643755 643749 644198 644226 644214 644190 644170 644022 644034 643707 643795 643779 643817 644137 644150 644211 644185 644160 644192 643982 643974 643968 643994 643747 643985 644034 644172 644211 644198 644195 644200 
644830 644888 644824 644860 644786 644844 644886 644864 644728 644963 644994 644838 645006 645030 645044 644928 644812 644730 644682 644666 644640 645074 645062 644878 644624 644630 644642 645051 645050 645022 644712 644736 644602 644592 644600 644606 644612 645104 645090 644990 645008 644896 644792 644634 644624 644554 644590 644574 644552 644566 645096 644548 644526 644556 644546 645086 645098 645034 644936 644506 644494 644488 644502 644512 644512 644502 644512 645110 645050 645056 645062 644468 644492 644468 644488 644486 644464 644474 645086 644978 644874 644486 644438 644434 644456 644945 645065 644968 644826 644426 644420 644398 644394 644398 645021 645025 644404 644418 644352 644939 644995 644985 644938 644918 644770 644782 644370 644350 644334 644360 644817 644843 644965 644951 644944 644962 644730 644722 644716 644742 644338 644513 644611 644887 644929 644939 644933 644907 
644462 644515 644459 644501 644440 644493 644428 644515 644387 644470 644628 644497 644548 644572 644665 644571 644471 644389 644341 644325 644299 644686 644680 644537 644283 644289 644301 644552 644668 644702 644371 644395 644261 644251 644259 644265 644271 644643 644686 644686 644653 644555 644451 644293 644283 644213 644249 644233 644211 644225 644683 644207 644185 644215 644205 644688 644682 644690 644623 644165 644153 644147 644161 644171 644171 644161 644171 644671 644682 644679 644676 644127 644151 644127 644147 644145 644123 644133 644659 644610 644554 644145 644097 644093 644115 644521 644632 644579 644520 644085 644079 644057 644053 644057 644577 644621 644063 644077 644011 644530 644564 644565 644558 644532 644456 644498 644029 644009 643993 644019 644445 644470 644549 644536 644511 644543 644424 644432 644429 644466 643997 644221 644306 644504 644549 644536 644533 644562 
0 0 0 0 0 0 0 0 0 638844 0 0 0 638976 0 638902 0 0 638656 0 0 0 0 0 0 0 0 638936 0 0 0 0 0 0 0 0 0 0 0 0 0 638870 0 0 0 0 0 0 0 0 0 0 0 0 0 0 0 0 639140 0 0 0 0 0 0 0 0 0 0 0 0 0 0 0 0 0 0 0 0 639182 639078 638397 0 0 0 0 0 639148 0 0 0 0 0 0 0 638990 0 638343 0 0 0 639096 0 0 638974 0 0 0 0 0 0 0 0 639062 639060 0 0 0 0 0 0 0 638492 0 0 0 0 638920 
644420 644396 644420 644396 644420 644396 644432 644384 644420 644362 644336 644384 644372 644360 644324 644360 644384 644396 644408 644420 644468 644312 644312 644360 644420 644468 644478 644346 644324 644288 644384 644384 644468 644468 644478 644466 644466 644324 644300 644276 644312 644336 644360 644386 644381 644418 644444 644466 644442 644454 644300 644415 644468 644454 644423 644288 644288 644276 644240 644478 644478 644478 644466 644466 644454 644423 644399 644284 644276 644276 644276 644399 644411 644469 644454 644423 644423 644399 644272 644240 644204 644336 644384 644351 644375 644164 644254 644228 644192 644306 644351 644412 644423 644399 644168 644184 644295 644398 644411 644122 644142 644192 644216 644204 644156 644192 644374 644351 644351 644327 644072 644062 644112 644170 644192 644216 644144 644156 644156 644180 644397 643984 643974 644070 644076 644086 644080 644078 
644743 644685 644749 644713 644787 644729 644687 644709 644845 644555 644579 644735 644567 644543 644529 644645 644761 644843 644891 644907 644918 644499 644511 644695 644946 644928 644904 644503 644523 644467 644861 644837 644956 644966 644946 644928 644922 644469 644447 644451 644565 644677 644781 644917 644922 644993 644983 644960 644896 644930 644441 644994 645028 644940 644854 644403 644391 644407 644361 645038 645044 645047 645032 645022 644984 644898 644840 644369 644391 644385 644379 644988 645002 645057 645008 644914 644936 644878 644345 644319 644279 644862 644958 644822 644848 644297 644315 644281 644279 644802 644892 644999 644996 644954 644277 644269 644780 644983 645023 644243 644251 644229 644263 644235 644191 644323 644935 644906 644918 644848 644217 644195 644221 644195 644193 644233 644183 644239 644245 644315 645004 644201 644155 644191 644173 644195 644189 644151 
644015 643981 644021 644009 644059 644025 643947 644017 644117 643851 643935 644043 643887 643875 643897 643977 644069 644139 644175 644179 644157 643879 643891 644027 644221 644167 644143 643835 643891 643871 644169 644145 644195 644205 644185 644156 644150 643837 643839 643867 643945 644033 644113 644206 644201 644238 644231 644188 644138 644172 643833 644235 644271 644182 644096 643807 643795 643823 643813 644279 644288 644291 644260 644250 644226 644140 644082 643773 643807 643801 643795 644219 644231 644291 644250 644156 644178 644120 643761 643771 643767 644156 644204 644064 644090 643653 643743 643745 643779 644126 644171 644232 644243 644196 643657 643673 644115 644218 644246 643611 643631 643681 643739 643723 643727 643823 644194 644148 644164 644090 643561 643551 643601 643659 643681 643709 643731 643775 643781 643827 644227 643473 643463 643559 643565 643575 643569 643567 
0 643450 643506 643464 643525 643472 643487 643450 0 643385 0 643463 643367 643343 0 643394 643476 0 643565 0 0 0 0 0 0 0 0 643323 0 643233 0 0 0 0 0 0 0 0 0 0 0 643386 0 0 0 0 0 0 0 0 0 0 0 0 643594 0 0 0 643132 0 0 0 643682 0 0 0 0 0 643183 0 0 643523 0 0 0 643624 0 0 0 643111 643055 643397 0 0 0 643196 0 643080 0 643337 643427 0 0 0 643162 643134 0 643521 0 643157 643149 643066 0 643033 642963 643065 0 643610 643602 643591 0 643145 643134 643037 643012 643044 0 0 0 643049 643570 0 643173 643131 643098 643121 0 643063 
0 643436 643492 643450 643511 643458 643473 643436 0 643371 0 643449 643353 643329 0 643380 643462 0 643551 0 643632 643259 0 643405 643558 0 0 643309 0 643219 0 0 643651 643656 0 643625 0 0 0 0 0 643372 643448 643472 0 0 643617 0 0 643621 0 643530 643652 643626 643583 0 0 0 643118 0 0 0 643669 643672 643648 0 643576 0 643169 0 0 643498 0 0 0 643613 643624 643595 0 643097 643041 643372 0 0 0 643182 0 643066 0 643312 643402 643524 0 0 643148 643120 643290 643496 0 643143 643135 643052 0 643019 642949 643051 643448 643593 643580 643580 643154 643131 643120 643023 642998 643030 642933 0 0 643035 643548 0 643159 643117 643084 643107 0 643049 
0 641658 641746 641686 641784 641702 641696 641670 0 641528 0 641696 641516 641480 0 641582 641722 0 641836 0 0 641388 0 641632 0 0 0 641440 0 641332 0 0 0 0 0 0 0 0 0 0 0 641590 0 0 0 0 0 0 0 0 0 0 642004 642056 641992 0 0 0 641178 0 0 0 642078 0 642082 0 641978 0 641244 0 0 641811 0 0 0 642052 0 0 0 641136 641060 641622 0 0 0 641210 0 641086 0 641532 641667 641850 0 0 641166 641134 0 641808 0 641144 641140 641046 0 641016 640924 641092 0 641984 641972 641960 641142 641108 641110 641000 640974 641026 0 0 0 641072 641976 0 641116 641092 641050 641084 0 641004 
643720 643667 643723 643681 643742 643689 643704 643667 643763 643602 643554 643680 643584 643560 643517 643611 643693 643692 643699 643731 643863 643490 643496 643636 643689 643858 643874 643540 643514 643450 643633 643657 643844 643839 643879 643904 643901 643487 643452 643430 643523 643595 643615 643603 643593 643667 643751 643902 643945 643934 643449 643661 643783 643929 643948 643418 643412 643408 643349 643811 643799 643793 643855 643865 643907 643952 643963 643401 643400 643397 643394 643629 643653 643773 643889 643944 643933 643960 643377 643328 643272 643503 643599 643940 643951 643413 643350 643297 643260 643443 643533 643655 643869 643907 643379 643351 643421 643627 643791 643374 643366 643283 643276 643250 643180 643282 643579 643883 643867 643903 643385 643362 643351 643254 643229 643261 643164 643204 643207 643266 643813 643449 643390 643348 643315 643338 643335 643280 
0 644534 644622 644562 644654 644577 644547 644543 0 644349 0 644556 644367 644331 0 644458 644547 0 644517 0 0 644264 0 644484 0 0 0 644271 0 644208 0 0 0 0 0 0 0 0 0 0 0 644397 0 0 0 0 0 0 0 0 0 0 644643 644898 644989 0 0 0 644054 0 0 0 644751 0 644838 0 645007 0 644103 0 0 644412 0 0 0 644942 0 0 0 643995 643935 644223 0 0 0 643962 0 643938 0 644133 644268 644451 0 0 643932 643920 0 644409 0 643881 643893 643860 0 643869 643800 643966 0 644847 644823 644872 643842 643809 643848 643809 643806 643866 0 0 0 643938 644720 0 643749 643803 643776 643809 0 643743 
644465 644518 644462 644499 644425 644483 644481 644503 644367 644541 644619 644477 644601 644625 644644 644567 644451 644369 644321 644305 644279 644659 644653 644517 644263 644269 644281 644623 644647 644665 644351 644375 644241 644231 644239 644245 644251 644674 644685 644649 644611 644523 644431 644273 644263 644193 644229 644213 644191 644205 644688 644187 644165 644195 644185 644697 644703 644671 644599 644145 644133 644127 644141 644151 644151 644141 644151 644702 644679 644682 644685 644107 644131 644107 644127 644125 644103 644113 644690 644620 644532 644125 644077 644073 644095 644580 644675 644603 644496 644065 644059 644037 644033 644037 644618 644652 644043 644057 643991 644577 644605 644609 644576 644554 644432 644460 644009 643989 643973 643999 644516 644529 644590 644580 644555 644587 644400 644400 644394 644420 643977 644292 644377 644551 644590 644577 644574 644593 
0 644482 644322 644412 644227 644372 644437 644422 0 644533 0 644357 644737 644797 0 644582 644292 0 643967 0 0 0 0 0 0 0 0 644763 0 644904 0 0 0 0 0 0 0 0 0 0 0 644502 0 0 0 0 0 0 0 0 0 0 0 0 643627 0 0 0 644727 0 0 0 643517 0 0 0 0 0 644990 0 0 643432 0 0 0 643477 0 0 0 644812 644572 643477 0 0 0 644488 0 644770 0 643327 643312 0 0 0 644667 644775 0 643307 0 644473 644602 644713 0 644648 644312 644342 0 643137 643097 643162 0 644233 644527 644628 644623 644713 0 0 0 644242 643107 0 643653 644343 644487 644462 0 644516 
644765 644823 644759 644795 644721 644779 644821 644799 644663 644883 644929 644773 644941 644965 644979 644863 644747 644665 644617 644601 644575 645009 644997 644813 644559 644565 644577 644975 644985 645041 644647 644671 644537 644527 644535 644541 644547 645039 645061 645057 644943 644831 644727 644569 644559 644489 644525 644509 644487 644501 645067 644483 644461 644491 644481 645105 645117 645101 645041 644441 644429 644423 644437 644447 644447 644437 644447 645124 645117 645123 645129 644403 644427 644403 644423 644421 644399 644409 645148 645083 644979 644421 644373 644369 644391 644865 645159 645073 644931 644361 644355 644333 644329 644333 644941 645029 644339 644353 644287 644859 644915 645075 645043 645023 644875 644887 644305 644285 644269 644295 644737 644763 644885 645041 645038 645067 644835 644827 644821 644847 644273 644433 644531 644807 644885 644859 644853 644959 
644416 644474 644410 644446 644372 644430 644472 644450 644314 644539 644580 644424 644592 644616 644630 644514 644398 644316 644268 644252 644226 644660 644648 644464 644210 644216 644228 644621 644636 644648 644298 644322 644188 644178 644186 644192 644198 644690 644692 644640 644594 644482 644378 644220 644210 644140 644176 644160 644138 644152 644698 644134 644112 644142 644132 644712 644721 644684 644598 644092 644080 644074 644088 644098 644098 644088 644098 644726 644700 644706 644712 644054 644078 644054 644074 644072 644050 644060 644726 644640 644536 644072 644024 644020 644042 644590 644711 644630 644488 644012 644006 643984 643980 643984 644652 644676 643990 644004 643938 644599 644639 644644 644600 644580 644432 644444 643956 643936 643920 643946 644514 644539 644624 644615 644590 644620 644392 644384 644378 644404 643924 644290 644375 644573 644616 644611 644608 644629 
0 641095 641192 641123 641230 641139 641142 641095 0 640965 0 641121 640929 640881 0 640983 641147 0 641322 0 0 0 0 0 0 0 0 640841 0 640661 0 0 0 0 0 0 0 0 0 0 0 640967 0 0 0 0 0 0 0 0 0 0 0 0 641146 0 0 0 640459 0 0 0 641334 0 0 0 0 0 640561 0 0 641527 0 0 0 641206 0 0 0 640417 640305 641429 0 0 0 640587 0 640355 0 641369 641483 0 0 0 640519 640463 0 641528 0 640509 640493 640327 0 640261 640121 640325 0 641198 641214 641140 0 640485 640463 640269 640219 640283 0 0 0 640293 641354 0 640541 640457 640391 640437 0 640321 
643459 643430 643462 643444 643481 643452 643431 643442 643510 643365 643353 643455 643371 643359 643316 643410 643468 643509 643533 643541 643504 643289 643295 643435 643562 643509 643479 643339 643313 643249 643518 643506 643523 643528 643500 643473 643470 643286 643251 643229 643322 643402 643478 643557 643562 643597 643577 643489 643452 643469 643248 643600 643561 643474 643431 643217 643211 643207 643148 643547 643553 643556 643525 643520 643496 643453 643424 643200 643199 643196 643193 643634 643626 643566 643508 643461 643472 643443 643176 643127 643071 643564 643622 643415 643428 643212 643149 643096 643059 643504 643570 643606 643507 643481 643178 643150 643482 643614 643552 643173 643165 643082 643075 643049 642979 643081 643566 643457 643465 643416 643184 643161 643150 643053 643028 643060 642963 643003 643006 643065 643535 643188 643165 643147 643114 643137 643134 643079 
644751 644693 644757 644721 644795 644737 644695 644717 644853 644563 644587 644743 644575 644551 644537 644653 644769 644851 644899 644915 644930 644507 644519 644703 644957 644940 644916 644511 644531 644475 644869 644845 644968 644978 644958 644940 644934 644477 644455 644459 644573 644685 644789 644937 644932 645005 644991 644972 644924 644958 644449 645002 645044 644968 644882 644411 644399 644415 644369 645052 645064 645070 645044 645034 645012 644926 644868 644377 644399 644393 644387 644991 645010 645083 645036 644942 644964 644906 644353 644327 644287 644865 644961 644850 644876 644305 644323 644289 644287 644805 644895 645006 645034 644982 644285 644277 644783 644989 645051 644251 644259 644237 644271 644243 644199 644331 644941 644934 644950 644876 644225 644203 644229 644203 644201 644241 644191 644247 644253 644323 645032 644209 644163 644199 644181 644203 644197 644159 
641870 641817 641873 641831 641892 641839 641854 641817 641921 641752 641704 641830 641734 641710 641667 641761 641843 641896 641922 641950 642013 641640 641646 641786 641929 642018 642024 641690 641664 641600 641865 641877 642032 642037 642045 642053 642050 641637 641602 641580 641673 641753 641829 641862 641857 641930 641984 642069 642056 642073 641599 641927 642024 642078 642035 641568 641562 641558 641499 642050 642044 642041 642083 642088 642100 642057 642028 641551 641550 641547 641544 641901 641925 642031 642100 642065 642076 642047 641527 641478 641422 641775 641871 642019 642032 641563 641500 641447 641410 641715 641805 641927 642053 642055 641529 641501 641693 641899 642024 641524 641516 641433 641426 641400 641330 641432 641851 642031 642023 642032 641535 641512 641501 641404 641379 641411 641314 641354 641357 641416 642022 641599 641540 641498 641465 641488 641485 641430 
0 0 0 0 0 0 644394 644438 0 644130 0 644490 644154 644106 0 644310 644542 0 644656 0 0 0 0 0 0 0 0 644026 0 643954 0 0 0 0 0 0 0 0 0 0 0 644374 0 0 0 0 0 0 0 0 0 0 0 0 0 0 0 0 643742 0 0 0 0 0 0 0 0 0 0 0 0 0 0 0 0 645114 0 0 0 643658 643578 644264 0 0 0 643614 0 643582 0 0 644324 0 0 0 643574 643558 0 644512 0 0 643522 643478 0 643490 643402 643666 0 0 644862 644914 0 643410 0 643410 643406 0 0 0 0 643650 644858 0 643330 643402 643366 643410 0 643322 
0 643430 643486 643444 643505 643452 643467 643430 0 643365 0 643443 643347 643323 0 643374 643456 0 643526 0 643626 643253 0 643399 643528 0 0 643303 0 643213 0 0 643645 643646 0 643667 0 0 0 0 0 643366 643430 643442 0 0 643590 0 0 643699 0 643500 643622 643704 643726 0 0 0 643112 0 0 0 643694 643694 643718 0 643719 0 643163 0 0 643468 0 0 0 643756 643759 643738 0 643091 643035 643342 0 0 0 643176 0 643060 0 643282 643372 643494 0 0 643142 643114 643260 643466 0 643137 643129 643046 0 643013 642943 643045 643418 643715 643699 643711 643148 643125 643114 643017 642992 643024 642927 0 0 643029 643667 0 643153 643111 643078 643101 0 643043 
0 644791 644855 644819 644893 644835 644793 644815 0 644661 0 644841 644673 644649 0 644751 644851 0 644853 0 645019 644605 0 644801 644843 0 0 644609 0 644573 0 0 645013 645003 0 645067 0 0 0 0 0 644755 644771 644757 0 0 644905 0 0 645091 0 644815 644937 645091 645109 0 0 0 644467 0 0 0 645009 645019 645067 0 645115 0 644497 0 0 644783 0 0 0 645113 645091 645115 0 644425 644385 644657 0 0 0 644403 0 644387 0 644597 644687 644809 0 0 644383 644375 644575 644781 0 644349 644357 644335 0 644341 644297 644429 644733 645031 645015 645041 644323 644301 644327 644301 644299 644339 644289 0 0 644421 644965 0 644261 644297 644279 644301 0 644257 
644121 644155 644115 644127 644077 644111 644189 644119 644019 644244 644201 644093 644249 644261 644239 644159 644067 643997 643961 643957 643979 644257 644245 644109 643915 643969 643993 644290 644245 644265 643967 643991 643941 643931 643951 643969 643975 644299 644297 644269 644191 644103 644023 643901 643891 643857 643905 643937 643939 643941 644303 643851 643865 643931 643945 644329 644341 644313 644229 643857 643845 643839 643865 643875 643887 643901 643923 644363 644329 644335 644341 643783 643807 643819 643863 643885 643863 643885 644375 644271 644167 643765 643753 643869 643879 644235 644366 644261 644119 643705 643723 643737 643793 643809 644273 644317 643683 643745 643739 644232 644260 644299 644231 644211 644063 644075 643697 643785 643769 643807 644171 644184 644245 644270 644245 644261 644023 644015 644009 644035 643737 644019 644068 644206 644245 644232 644229 644282 
0 0 0 0 0 0 0 0 0 644658 0 0 0 644792 0 644639 0 0 0 0 0 0 0 0 0 0 0 0 0 0 0 0 0 0 0 0 0 0 0 0 0 0 0 0 0 0 0 0 0 0 0 0 0 0 0 0 0 0 0 0 0 0 0 0 0 0 0 0 0 0 0 0 0 0 0 0 0 0 0 645092 644964 643976 0 0 0 0 0 645101 0 0 0 0 0 0 0 0 0 643874 0 0 0 645069 0 0 644808 0 0 0 0 0 0 0 0 645042 645043 0 0 0 0 0 0 0 644130 0 0 0 0 644772 
0 0 0 0 0 0 0 0 0 0 0 0 0 0 0 0 0 0 0 0 0 0 0 0 0 0 0 0 0 0 0 0 0 0 0 0 0 0 0 0 0 0 0 0 0 0 0 0 0 0 0 0 0 0 0 0 0 0 0 0 0 0 0 0 0 0 0 0 0 0 0 0 0 0 0 0 0 0 0 0 645118 0 0 0 0 0 0 645097 0 0 0 0 0 0 0 0 0 0 0 0 0 0 0 0 0 0 0 0 0 0 0 0 0 644968 0 0 0 0 0 0 0 0 0 0 0 0 0 644614 
0 0 0 0 0 0 0 0 0 0 0 0 0 0 0 0 0 0 0 0 0 0 0 0 0 0 0 0 0 0 0 0 0 0 0 0 0 0 0 0 0 0 0 0 0 0 0 0 0 0 0 0 0 0 0 0 0 0 0 0 0 0 0 0 0 0 0 0 0 0 0 0 0 0 0 0 0 0 0 0 642130 643233 0 0 0 0 0 642133 0 0 0 0 0 0 0 0 0 0 0 0 0 0 0 0 0 0 0 0 0 0 0 0 0 642004 0 0 0 0 0 0 0 0 0 0 0 0 0 641938 
644786 644728 644792 644756 644830 644772 644723 644752 644888 644598 644622 644778 644610 644586 644572 644688 644804 644886 644934 644950 644873 644542 644554 644738 644992 644883 644823 644546 644566 644510 644904 644880 644911 644921 644865 644811 644805 644512 644490 644494 644608 644720 644824 644982 644992 645055 644995 644843 644769 644803 644484 645061 644987 644813 644727 644446 644434 644450 644404 644959 644971 644977 644915 644905 644857 644771 644713 644412 644434 644428 644422 645117 645093 644997 644881 644787 644809 644751 644388 644362 644322 645082 645127 644695 644721 644340 644358 644324 644322 645023 645106 645103 644879 644827 644320 644312 645001 645127 644969 644286 644294 644272 644306 644278 644234 644366 645104 644779 644795 644721 644260 644238 644264 644238 644236 644276 644226 644282 644288 644358 644935 644244 644198 644234 644216 644238 644232 644194 
644504 644446 644510 644470 644531 644478 644448 644456 644560 644316 644340 644469 644328 644304 644290 644400 644482 644488 644488 644520 644652 644260 644272 644425 644478 644657 644663 644264 644284 644228 644422 644446 644648 644638 644684 644693 644690 644230 644208 644212 644312 644392 644406 644392 644382 644456 644540 644709 644731 644724 644202 644450 644572 644729 644734 644164 644152 644168 644122 644600 644588 644582 644644 644654 644701 644756 644751 644130 644152 644146 644140 644418 644442 644562 644677 644747 644725 644768 644106 644080 644040 644292 644388 644766 644779 644058 644076 644042 644040 644232 644322 644444 644655 644695 644038 644030 644210 644416 644577 644004 644012 643990 644024 643996 643952 644071 644368 644695 644679 644717 643978 643956 643982 643956 643954 643994 643944 643993 643996 644055 644599 643962 643916 643952 643934 643956 643950 643912 
643439 643410 643442 643424 643461 643432 643411 643422 643490 643345 643357 643435 643351 643339 643332 643390 643448 643474 643462 643482 643534 643317 643323 643415 643440 643539 643533 643319 643329 643288 643420 643444 643553 643552 643554 643551 643548 643302 643290 643268 643350 643406 643428 643378 643368 643406 643478 643567 643578 643571 643287 643400 643486 643576 643581 643256 643250 643246 643187 643502 643490 643484 643534 643544 643580 643603 643598 643239 643238 643235 643232 643356 643380 643464 643556 643611 643604 643617 643215 643166 643110 643266 643326 643589 643602 643216 643188 643135 643098 643206 643272 643358 643534 643574 643206 643189 643184 643342 643456 643189 643193 643121 643114 643088 643018 643120 643294 643550 643534 643572 643176 643165 643178 643092 643067 643099 643002 643042 643045 643104 643478 643168 643145 643163 643153 643165 643162 643118 
0 0 0 0 0 0 0 642728 0 642959 0 642689 642941 642977 0 642824 642650 0 642455 0 0 0 0 0 0 0 0 643037 0 642831 0 0 0 0 0 0 0 0 0 0 0 642708 0 0 0 0 0 0 0 0 0 0 0 0 0 0 0 0 642798 0 0 0 0 0 0 0 0 0 0 0 0 0 0 0 0 0 0 0 0 642861 642777 642161 0 0 0 643278 0 642870 0 0 642062 0 0 0 643212 643128 0 642059 0 0 643251 642996 0 642843 642717 642663 0 0 641933 0 0 643287 0 642999 642906 0 0 0 0 642627 641939 0 643143 643285 643272 643285 0 643235 
643919 643948 643916 643934 643897 643926 643947 643936 643868 643999 644001 643923 644007 644019 644026 643968 643910 643869 643845 643837 643824 644041 644035 643943 643816 643819 643825 644039 644029 644057 643860 643872 643805 643800 643804 643807 643810 644056 644067 644065 644008 643952 643900 643821 643816 643781 643799 643791 643780 643787 644070 643778 643767 643782 643777 644089 644095 644087 644053 643757 643751 643748 643755 643760 643760 643755 643760 644106 644095 644098 644101 643738 643750 643738 643748 643747 643736 643741 644118 644074 643986 643733 643721 643721 643732 643990 644133 644057 643950 643673 643691 643703 643701 643703 644028 644072 643651 643713 643680 643987 644015 644091 644030 644008 643886 643928 643665 643679 643671 643684 643926 643939 644000 644062 644029 644045 643854 643862 643859 643896 643673 643774 643823 643961 644000 643987 643984 644037 
0 0 0 0 0 0 0 0 0 0 0 0 0 0 0 0 0 0 0 0 0 0 0 0 0 0 0 0 0 0 0 0 0 0 0 0 0 0 0 0 0 0 0 0 0 0 0 0 0 0 0 0 0 0 0 0 0 0 0 0 0 0 0 0 0 0 0 0 0 0 0 0 0 0 0 0 0 0 0 0 0 0 0 0 0 0 0 643203 0 0 0 0 0 0 0 0 0 0 0 0 0 0 0 0 0 0 0 0 0 0 0 0 0 643228 0 0 0 0 0 0 0 0 0 0 0 0 0 643078 
641652 641671 641655 641685 641652 641681 641600 641691 641623 641606 641738 641678 641660 641672 641737 641723 641665 641624 641600 641592 641579 641746 641752 641698 641571 641574 641580 641652 641734 641778 641615 641627 641560 641555 641559 641562 641565 641707 641744 641794 641763 641707 641655 641576 641571 641536 641554 641546 641535 641542 641741 641533 641522 641537 641532 641746 641740 641772 641821 641512 641506 641503 641510 641515 641515 641510 641515 641729 641764 641761 641758 641493 641505 641493 641503 641502 641491 641496 641741 641800 641852 641502 641478 641476 641487 641597 641750 641805 641876 641472 641469 641458 641456 641458 641635 641679 641461 641468 641435 641594 641622 641755 641820 641830 641868 641884 641444 641434 641426 641439 641533 641546 641607 641762 641809 641805 641864 641890 641887 641888 641428 641381 641430 641568 641607 641594 641591 641644 
0 644401 644426 644429 644464 644445 644338 644437 0 644271 0 644463 644307 644295 0 644397 644489 0 644592 0 0 0 0 0 0 0 0 644255 0 644255 0 0 0 0 0 0 0 0 0 0 0 644453 0 0 0 0 0 0 0 0 0 0 0 0 644294 0 0 0 644149 0 0 0 644482 0 0 0 0 0 644179 0 0 644646 0 0 0 644354 0 0 0 644107 644067 644685 0 0 0 644073 0 644069 0 644685 644683 0 0 0 644065 644057 0 644635 0 644031 644039 644017 0 644023 643979 644111 0 644345 644353 644288 0 643971 644009 643983 643981 644021 0 0 0 644103 644459 0 643883 643979 643961 643983 0 643939 
0 0 0 0 0 0 0 643464 0 643298 0 643490 643334 643322 0 643424 643516 0 643622 0 0 0 0 0 0 0 0 643282 0 643318 0 0 0 0 0 0 0 0 0 0 0 643480 0 0 0 0 0 0 0 0 0 0 0 0 0 0 0 0 643260 0 0 0 0 0 0 0 0 0 0 0 0 0 0 0 0 0 0 0 0 643218 643214 643735 0 0 0 643100 0 643192 0 0 643761 0 0 0 643104 643120 0 643704 0 0 643078 643128 0 643170 643174 643270 0 0 643422 0 0 642998 0 643106 643128 0 0 0 0 643274 643528 0 642910 643006 643012 643022 0 643014 
0 644277 644373 644319 644430 644343 644280 644313 0 644082 0 644352 644100 644064 0 644217 644386 0 644540 0 0 643998 0 644292 0 0 0 644004 0 643950 0 0 0 0 0 0 0 0 0 0 0 644254 0 0 0 0 0 0 0 0 0 0 644708 644564 644472 0 0 0 643791 0 0 0 644666 0 644608 0 644463 0 643836 0 0 644727 0 0 0 644538 0 0 0 643728 643668 644612 0 0 0 643695 0 643671 0 644554 644675 644770 0 0 643665 643653 0 644768 0 643614 643626 643593 0 643602 643536 643734 0 644528 644536 644472 643575 643542 643581 643542 643539 643599 0 0 0 643722 644642 0 643482 643536 643509 643542 0 643476 
644563 644529 644569 644557 644607 644573 644495 644565 644637 644399 644483 644582 644435 644423 644445 644525 644595 644636 644660 644668 644681 644427 644439 644562 644689 644686 644680 644383 644439 644419 644645 644633 644700 644705 644701 644698 644695 644385 644387 644407 644493 644553 644605 644678 644678 644714 644706 644714 644725 644718 644381 644714 644738 644723 644728 644355 644343 644363 644317 644748 644754 644757 644750 644745 644745 644750 644731 644321 644347 644341 644335 644688 644712 644762 644757 644758 644769 644750 644301 644275 644235 644598 644658 644698 644723 644201 644271 644237 644235 644538 644604 644690 644804 644788 644205 644221 644516 644674 644788 644159 644179 644185 644219 644191 644147 644279 644626 644740 644748 644699 644109 644099 644149 644151 644149 644189 644139 644195 644201 644268 644810 644021 644011 644107 644113 644123 644117 644107 
644496 644438 644502 644466 644540 644482 644440 644462 644598 644308 644332 644488 644320 644296 644282 644398 644514 644596 644644 644660 644686 644252 644264 644448 644679 644696 644684 644256 644276 644220 644609 644590 644724 644734 644726 644720 644714 644222 644200 644204 644318 644430 644534 644612 644607 644680 644730 644752 644762 644760 644194 644677 644774 644770 644756 644156 644144 644160 644114 644800 644794 644791 644822 644814 644814 644800 644778 644122 644144 644138 644132 644673 644685 644781 644838 644816 644838 644816 644098 644072 644032 644574 644658 644772 644798 644050 644068 644034 644032 644544 644613 644710 644864 644886 644030 644022 644533 644684 644819 643996 644004 643982 644016 643988 643944 644076 644660 644850 644846 644798 643970 643948 643974 643948 643946 643986 643936 643992 643998 644068 644836 643954 643908 643944 643926 643948 643942 643904 
0 0 0 0 0 0 0 0 0 643529 0 0 643511 643547 0 643394 0 0 643025 0 0 0 0 0 0 0 0 643607 0 0 0 0 0 0 0 0 0 0 0 0 0 643346 0 0 0 0 0 0 0 0 0 0 0 0 0 0 0 0 643488 0 0 0 0 0 0 0 0 0 0 0 0 0 0 0 0 0 0 0 0 643551 643467 642731 0 0 0 0 0 643560 0 0 0 0 0 0 643874 643818 0 642629 0 0 0 643686 0 643533 643407 643353 0 0 642503 0 0 643799 0 643689 643596 0 0 0 0 0 642509 0 643587 0 643840 0 0 643829 
0 0 0 0 0 0 0 0 0 635384 0 0 0 635264 0 635036 0 0 634661 0 0 0 0 0 0 0 0 635344 0 0 0 0 0 0 0 0 0 0 0 0 0 634836 0 0 0 0 0 0 0 0 0 0 0 0 0 0 0 0 635074 0 0 0 0 0 0 0 0 0 0 0 0 0 0 0 0 0 0 0 0 635160 635024 634171 0 0 0 0 0 635164 0 0 0 0 0 0 0 635494 0 634241 0 0 0 635340 0 0 634911 0 0 0 0 0 0 0 0 635336 635196 0 0 0 0 0 0 0 635226 0 0 0 0 635438 
0 643942 643964 643984 644021 644008 643823 644002 0 643747 0 644041 643789 643753 0 643906 644080 0 644225 0 644048 643687 0 643981 644264 0 0 643693 0 643639 0 0 644105 644120 0 644003 0 0 0 0 0 643954 644110 644323 0 0 644219 0 0 644015 0 644330 644219 644030 643949 0 0 0 643480 0 0 0 644159 644144 644096 0 643952 0 643525 0 0 644402 0 0 0 644039 644072 644009 0 643417 643357 644519 0 0 0 643384 0 643360 0 644580 644522 644411 0 0 643354 643342 644576 644429 0 643303 643315 643282 0 643291 643225 643423 644500 644099 644123 644036 643264 643231 643270 643231 643228 643288 643213 0 0 643411 644261 0 643171 643225 643198 643231 0 643165 
0 0 0 0 0 0 0 0 0 635189 0 0 0 635301 0 635556 0 0 0 0 0 0 0 0 0 0 0 0 0 0 0 0 0 0 0 0 0 0 0 0 0 0 0 0 0 0 0 0 0 0 0 0 0 0 0 0 0 0 0 0 0 0 0 0 0 0 0 0 0 0 0 0 0 0 0 0 0 0 0 0 634953 636352 0 0 0 0 0 634910 0 0 0 0 0 0 0 0 0 636380 0 0 0 634756 0 0 634829 0 0 0 0 0 0 0 0 634695 0 0 0 0 0 0 0 0 634237 0 0 0 0 634489 
644611 644553 644617 644581 644655 644597 644555 644577 644713 644423 644447 644603 644435 644411 644397 644513 644629 644711 644759 644775 644801 644367 644379 644563 644817 644811 644799 644371 644391 644335 644729 644705 644839 644849 644841 644835 644829 644337 644315 644319 644433 644545 644649 644807 644817 644887 644851 644867 644889 644875 644309 644893 644915 644885 644859 644271 644259 644275 644229 644935 644947 644953 644939 644929 644929 644903 644857 644237 644259 644253 644247 644929 644929 644973 644953 644919 644941 644895 644213 644187 644147 644831 644915 644839 644865 644165 644183 644149 644147 644801 644870 644967 645011 644971 644145 644137 644783 644941 645073 644111 644119 644097 644131 644103 644059 644191 644917 644923 644939 644865 644085 644063 644089 644063 644061 644101 644051 644107 644113 644183 645061 644069 644023 644059 644041 644063 644057 644019 
0 0 0 0 0 643239 643302 643269 0 643500 0 643230 643482 643518 0 643365 643191 0 642996 0 0 0 0 0 0 0 0 643578 0 643450 0 0 0 0 0 0 0 0 0 0 0 643311 0 0 0 0 0 0 0 0 0 0 0 0 0 0 0 0 643417 0 0 0 0 0 0 0 0 0 0 0 0 0 0 0 0 642702 0 0 0 643480 643396 642702 0 0 0 643837 0 643489 0 0 642603 0 0 0 643815 643747 0 642600 0 643846 643828 643615 0 643462 643336 643282 0 0 642474 642513 0 643806 643835 643618 643525 643513 0 0 0 643246 642480 0 643600 643820 643811 643822 0 643800 
0 0 0 0 0 0 0 643353 0 643584 0 643314 643566 643602 0 643449 643275 0 643080 0 0 0 0 0 0 0 0 643662 0 643586 0 0 0 0 0 0 0 0 0 0 0 643401 0 0 0 0 0 0 0 0 0 0 0 0 0 0 0 0 643553 0 0 0 0 0 0 0 0 0 0 0 0 0 0 0 0 0 0 0 0 643616 643514 642786 0 0 0 643939 0 643625 0 0 642687 0 0 0 643963 643883 0 642684 0 0 643976 643751 0 643580 643358 643376 0 0 642558 0 0 643922 0 643754 643643 0 0 0 0 643316 642564 0 643710 643968 643973 643984 0 643954 
0 0 0 0 0 0 0 0 0 644635 0 0 0 644667 0 644514 0 0 0 0 0 0 0 0 0 0 0 0 0 0 0 0 0 0 0 0 0 0 0 0 0 0 0 0 0 0 0 0 0 0 0 0 0 0 0 0 0 0 0 0 0 0 0 0 0 0 0 0 0 0 0 0 0 0 0 0 0 0 0 0 644895 643851 0 0 0 0 0 644990 0 0 0 0 0 0 0 0 0 0 0 0 0 645082 0 0 0 0 0 0 0 0 0 0 0 645081 0 0 0 0 0 0 0 0 644199 0 0 0 0 644841 
642676 642705 642673 642691 642654 642683 642692 642693 642625 642698 642758 642680 642752 642764 642783 642725 642667 642626 642602 642594 642581 642798 642792 642700 642573 642576 642582 642744 642786 642814 642617 642629 642562 642557 642561 642564 642567 642799 642824 642822 642765 642709 642657 642578 642573 642538 642556 642548 642537 642544 642827 642535 642524 642539 642534 642838 642832 642844 642867 642514 642508 642505 642512 642517 642517 642512 642517 642821 642852 642853 642850 642470 642494 642495 642505 642504 642493 642498 642833 642888 642886 642452 642440 642478 642489 642689 642842 642897 642862 642392 642410 642424 642458 642460 642727 642771 642370 642432 642426 642686 642714 642847 642912 642900 642834 642840 642384 642436 642428 642441 642625 642638 642699 642854 642879 642897 642814 642810 642807 642820 642424 642433 642495 642660 642699 642686 642683 642736 
0 0 0 0 0 0 0 0 0 638438 0 0 638425 638425 0 638374 0 0 638299 0 0 0 0 0 0 0 0 638444 0 0 0 0 0 0 0 0 0 0 0 0 0 638334 0 0 0 0 0 0 0 0 0 0 0 0 0 0 0 0 638396 0 0 0 0 0 0 0 0 0 0 0 0 0 0 0 0 0 0 0 0 638417 638401 638201 0 0 0 0 0 638424 0 0 0 0 0 0 0 638403 0 638215 0 0 0 638431 0 638423 638397 638367 0 0 638281 0 0 0 0 638426 638444 0 0 0 0 0 638247 0 638250 0 0 0 0 638356 
0 0 0 0 0 0 0 0 0 642368 0 0 0 642440 0 642437 0 0 0 0 0 0 0 0 0 0 0 0 0 0 0 0 0 0 0 0 0 0 0 0 0 0 0 0 0 0 0 0 0 0 0 0 0 0 0 0 0 0 0 0 0 0 0 0 0 0 0 0 0 0 0 0 0 0 0 0 0 0 0 0 642685 642168 0 0 0 0 0 642661 0 0 0 0 0 0 0 0 0 642086 0 0 0 642649 0 0 642708 0 0 0 0 0 0 0 0 642661 0 0 0 0 0 0 0 0 642392 0 0 0 0 642608 
0 0 0 0 0 0 0 0 0 640277 0 0 640307 640307 0 640351 0 0 640351 0 0 0 0 0 0 0 0 640287 0 0 0 0 0 0 0 0 0 0 0 0 0 640351 0 0 0 0 0 0 0 0 0 0 0 0 0 0 0 0 640336 0 0 0 0 0 0 0 0 0 0 0 0 0 0 0 0 0 0 0 0 640315 640331 640351 0 0 0 0 0 640308 0 0 0 0 0 0 0 640242 0 640351 0 0 0 640270 0 640309 640335 640351 0 0 640351 0 0 0 0 640265 640288 0 0 0 0 0 640351 0 640089 0 0 0 0 640195 
0 643114 643178 643142 643216 643158 643116 643138 0 642984 0 643164 642996 642972 0 643074 643190 0 643320 0 643295 642928 0 643124 643378 0 0 642932 0 642896 0 0 643333 643343 0 643257 0 0 0 0 0 643106 643210 643368 0 0 643412 0 0 643261 0 643454 643409 643271 643209 0 0 0 642790 0 0 0 643361 643351 643315 0 643207 0 642820 0 0 643534 0 0 0 643269 643291 643245 0 642748 642708 643516 0 0 0 642726 0 642710 0 643502 643571 643537 0 0 642706 642698 643491 643553 0 642672 642680 642658 0 642664 642620 642752 643587 643297 643313 643251 642646 642624 642650 642624 642622 642662 642612 0 0 642744 643417 0 642584 642620 642602 642624 0 642580 
0 643263 643319 643277 643338 643285 643300 643263 0 643198 0 643276 643180 643156 0 643207 643289 0 643378 0 0 0 0 0 0 0 0 643136 0 643046 0 0 0 0 0 0 0 0 0 0 0 643199 0 0 0 0 0 0 0 0 0 0 0 0 643486 0 0 0 642945 0 0 0 643508 0 0 0 0 0 642996 0 0 643372 0 0 0 643516 0 0 0 642924 642868 643246 0 0 0 643009 0 642893 0 643186 643276 0 0 0 642975 642947 0 643362 0 642970 642962 642879 0 642846 642776 642878 0 643584 643592 643577 0 642958 642947 642850 642825 642857 0 0 0 642862 643498 0 642986 642944 642911 642934 0 642876 
0 0 0 0 0 0 0 0 0 642256 0 0 642262 642250 0 642301 0 0 642424 0 0 0 0 0 0 0 0 642230 0 0 0 0 0 0 0 0 0 0 0 0 0 642317 0 0 0 0 0 0 0 0 0 0 0 0 0 0 0 0 642159 0 0 0 0 0 0 0 0 0 0 0 0 0 0 0 0 0 0 0 0 642138 642118 642380 0 0 0 0 0 642119 0 0 0 0 0 0 0 642113 0 642442 0 0 0 642093 0 642096 642074 642140 0 0 642581 0 0 0 0 642076 642075 0 0 0 0 0 642546 0 642056 0 0 0 0 642054 
0 0 0 0 0 0 644104 644148 0 643840 0 644200 643864 643816 0 644020 644252 0 644470 0 0 0 0 0 0 0 0 643736 0 643664 0 0 0 0 0 0 0 0 0 0 0 644084 0 0 0 0 0 0 0 0 0 0 0 0 0 0 0 0 643452 0 0 0 0 0 0 0 0 0 0 0 0 0 0 0 0 644904 0 0 0 643368 643288 644096 0 0 0 643324 0 643292 0 0 644156 0 0 0 643284 643268 0 644344 0 0 643232 643188 0 643200 643112 643376 0 0 645040 645132 0 643120 0 643120 643116 0 0 0 0 643360 644760 0 643040 643112 643076 643120 0 643032 
0 640556 640464 640514 640407 640490 640557 640496 0 640751 0 640457 640685 640697 0 640544 640418 0 640251 0 0 640537 0 640469 0 0 0 640757 0 640441 0 0 0 0 0 0 0 0 0 0 0 640414 0 0 0 0 0 0 0 0 0 0 640017 640062 640047 0 0 0 640312 0 0 0 639981 0 639996 0 639996 0 640483 0 0 639930 0 0 0 639957 0 0 0 640375 640219 639957 0 0 0 640984 0 640360 0 639867 639858 639825 0 0 640870 640738 0 639855 0 640993 640909 640510 0 640285 640063 640081 0 639753 639729 639768 641118 641099 640954 640489 640348 640360 0 0 0 640021 639735 0 641023 641053 640954 640993 0 640843 
0 0 0 0 0 0 0 0 0 643251 0 0 643233 643269 0 643116 0 0 642747 0 0 0 0 0 0 0 0 643329 0 0 0 0 0 0 0 0 0 0 0 0 0 643038 0 0 0 0 0 0 0 0 0 0 0 0 0 0 0 0 643130 0 0 0 0 0 0 0 0 0 0 0 0 0 0 0 0 0 0 0 0 643193 643109 642453 0 0 0 0 0 643202 0 0 0 0 0 0 643544 643460 0 642351 0 0 0 643328 0 643175 643049 642995 0 0 642225 0 0 643683 0 643331 643238 0 0 0 0 0 642231 0 643525 0 643624 0 0 643587 
0 0 0 0 0 643060 643123 643090 0 643321 0 643051 643303 643339 0 643186 643012 0 642817 0 0 0 0 0 0 0 0 643399 0 643363 0 0 0 0 0 0 0 0 0 0 0 643138 0 0 0 0 0 0 0 0 0 0 0 0 0 0 0 0 643330 0 0 0 0 0 0 0 0 0 0 0 0 0 0 0 0 642523 0 0 0 643393 643309 642523 0 0 0 643708 0 643402 0 0 642424 0 0 0 643738 643660 0 642421 0 643765 643777 643528 0 643375 643249 643195 0 0 642295 642334 0 643709 643800 643531 643438 643426 0 0 0 643159 642301 0 643497 643755 643800 643805 0 643769 
0 0 0 0 0 0 0 0 0 0 0 0 0 0 0 0 0 0 0 0 0 0 0 0 0 0 0 0 0 0 0 0 0 0 0 0 0 0 0 0 0 0 0 0 0 0 0 0 0 0 0 0 0 0 0 0 0 0 0 0 0 0 0 0 0 0 0 0 0 0 0 0 0 0 0 0 0 0 0 0 0 0 0 0 0 0 0 643003 0 0 0 0 0 0 0 0 0 0 0 0 0 0 0 0 0 0 0 0 0 0 0 0 0 643132 0 0 0 0 0 0 0 0 0 0 0 0 0 643086 
0 0 0 0 0 0 0 0 0 644575 0 0 0 644609 0 644456 0 0 0 0 0 0 0 0 0 0 0 0 0 0 0 0 0 0 0 0 0 0 0 0 0 0 0 0 0 0 0 0 0 0 0 0 0 0 0 0 0 0 0 0 0 0 0 0 0 0 0 0 0 0 0 0 0 0 0 0 0 0 0 644945 644957 643793 0 0 0 0 0 645002 0 0 0 0 0 0 0 0 0 643691 0 0 0 645046 0 0 644833 0 0 0 0 0 0 0 0 645077 645086 0 0 0 0 0 0 0 644105 0 0 0 0 644747 
0 0 0 0 0 642702 642821 642708 0 642859 0 642669 642881 642893 0 642756 642630 0 642483 0 0 0 0 0 0 0 0 642905 0 642879 0 0 0 0 0 0 0 0 0 0 0 642660 0 0 0 0 0 0 0 0 0 0 0 0 0 0 0 0 642942 0 0 0 0 0 0 0 0 0 0 0 0 0 0 0 0 642429 0 0 0 643005 642973 642189 0 0 0 642850 0 643024 0 0 642138 0 0 0 642888 642932 0 642183 0 642847 642875 643008 0 643027 642913 642859 0 0 642273 642336 0 642745 642860 643015 643042 643048 0 0 0 642823 642207 0 642493 642787 642856 642841 0 642897 
0 642601 642577 642601 642553 642587 642553 642595 0 642559 0 642569 642613 642625 0 642635 642543 0 642437 0 642455 642685 0 642585 642391 0 0 642605 0 642709 0 0 642417 642407 0 642445 0 0 0 0 0 642579 642499 642377 0 0 642381 0 0 642417 0 642327 642341 642407 642421 0 0 0 642757 0 0 0 642341 642351 642363 0 642399 0 642717 0 0 642259 0 0 0 642361 642339 642361 0 642753 642793 642241 0 0 0 642550 0 642758 0 642181 642199 642213 0 0 642588 642632 642159 642221 0 642547 642575 642708 0 642783 642841 642789 642173 642261 642245 642283 642486 642499 642560 642715 642762 642758 642853 0 0 642785 642213 0 642383 642521 642560 642547 0 642597 
641745 641764 641748 641778 641759 641786 641693 641798 641730 641699 641831 641785 641753 641765 641830 641816 641772 641731 641707 641699 641686 641839 641845 641805 641678 641681 641687 641745 641827 641871 641722 641734 641667 641662 641666 641669 641672 641800 641837 641887 641870 641814 641762 641683 641678 641643 641661 641653 641642 641649 641834 641640 641629 641644 641639 641839 641833 641865 641914 641619 641613 641610 641617 641622 641622 641617 641622 641822 641857 641854 641851 641600 641612 641600 641610 641609 641598 641603 641834 641893 641945 641609 641585 641583 641594 641690 641843 641898 641969 641579 641576 641565 641563 641565 641728 641772 641568 641575 641542 641687 641715 641848 641913 641923 641997 641991 641551 641541 641533 641546 641626 641639 641700 641855 641902 641898 642017 642021 642024 641995 641535 641474 641523 641661 641700 641687 641684 641737 
641478 641497 641481 641511 641500 641519 641426 641533 641473 641432 641564 641528 641486 641498 641563 641549 641515 641474 641450 641442 641429 641572 641578 641548 641421 641424 641430 641478 641560 641604 641465 641477 641410 641405 641409 641412 641415 641533 641570 641620 641605 641557 641505 641426 641421 641386 641404 641396 641385 641392 641567 641383 641372 641387 641382 641572 641566 641598 641647 641362 641356 641353 641360 641365 641365 641360 641365 641555 641590 641587 641584 641343 641355 641343 641353 641352 641341 641346 641567 641626 641678 641352 641328 641326 641337 641423 641576 641631 641702 641322 641319 641308 641306 641308 641461 641505 641311 641318 641285 641420 641448 641581 641646 641656 641730 641724 641294 641284 641276 641289 641359 641372 641433 641588 641635 641631 641738 641754 641757 641738 641278 641207 641256 641394 641433 641420 641417 641470 
0 0 0 0 0 0 0 0 0 643473 0 0 643743 643803 0 644058 0 0 643695 0 0 0 0 0 0 0 0 643703 0 644333 0 0 0 0 0 0 0 0 0 0 0 644230 0 0 0 0 0 0 0 0 0 0 0 0 0 0 0 0 644548 0 0 0 0 0 0 0 0 0 0 0 0 0 0 0 0 0 0 0 0 644443 644703 643205 0 0 0 0 0 644468 0 0 0 0 0 0 643618 643838 0 643035 0 0 0 644218 0 644593 644901 644933 0 0 642825 0 0 643173 0 644253 644488 0 0 0 0 645033 642835 0 642593 0 643478 0 0 643663 
0 0 0 0 0 0 0 0 0 639923 0 0 639929 639917 0 639968 0 0 640091 0 0 0 0 0 0 0 0 639897 0 0 0 0 0 0 0 0 0 0 0 0 0 639984 0 0 0 0 0 0 0 0 0 0 0 0 0 0 0 0 639826 0 0 0 0 0 0 0 0 0 0 0 0 0 0 0 0 0 0 0 0 639805 639785 640125 0 0 0 0 0 639786 0 0 0 0 0 0 0 639775 0 640187 0 0 0 639760 0 639763 639741 639807 0 0 640210 0 0 0 0 639743 639742 0 0 0 0 0 640263 0 639565 0 0 0 0 639669 
644602 644602 644596 644574 644558 644558 644658 644530 644500 644732 644468 644504 644624 644600 644470 644498 644478 644444 644432 644438 644412 644452 644440 644448 644396 644402 644414 644640 644476 644388 644378 644402 644374 644364 644372 644378 644384 644530 644456 644356 644386 644370 644362 644348 644338 644326 644362 644346 644324 644338 644462 644320 644298 644328 644318 644452 644464 644400 644302 644278 644266 644260 644274 644284 644284 644274 644284 644486 644416 644422 644428 644240 644264 644240 644260 644258 644236 644246 644462 644344 644240 644236 644210 644206 644228 644750 644444 644334 644192 644176 644192 644170 644166 644170 644674 644586 644154 644190 644124 644756 644700 644434 644304 644284 644136 644148 644142 644122 644106 644132 644878 644852 644730 644420 644326 644334 644096 644088 644082 644108 644110 645144 645084 644808 644730 644756 644762 644656 
0 0 0 0 0 0 0 0 0 643585 0 0 0 643450 0 643305 0 0 0 0 0 0 0 0 0 0 0 0 0 0 0 0 0 0 0 0 0 0 0 0 0 0 0 0 0 0 0 0 0 0 0 0 0 0 0 0 0 0 0 0 0 0 0 0 0 0 0 0 0 0 0 0 0 0 0 0 0 0 0 0 642918 642836 0 0 0 0 0 643052 0 0 0 0 0 0 0 0 0 0 0 0 0 643164 0 0 0 0 0 0 0 0 0 0 0 643138 0 0 0 0 0 0 0 0 643956 0 0 0 0 643422 
0 0 0 0 0 0 0 642219 0 642450 0 642180 642432 642468 0 642315 642141 0 641946 0 0 0 0 0 0 0 0 642528 0 642300 0 0 0 0 0 0 0 0 0 0 0 642241 0 0 0 0 0 0 0 0 0 0 0 0 0 0 0 0 642171 0 0 0 0 0 0 0 0 0 0 0 0 0 0 0 0 0 0 0 0 642234 642078 641652 0 0 0 642811 0 642219 0 0 641553 0 0 0 642729 642597 0 641550 0 0 642768 642369 0 642144 641922 641940 0 0 641424 0 0 642886 0 642348 642207 0 0 0 0 641880 641430 0 642700 642886 642813 642852 0 642702 
0 0 0 0 0 0 0 0 0 643238 0 0 643220 643256 0 643103 0 0 642734 0 0 0 0 0 0 0 0 643316 0 0 0 0 0 0 0 0 0 0 0 0 0 643055 0 0 0 0 0 0 0 0 0 0 0 0 0 0 0 0 643299 0 0 0 0 0 0 0 0 0 0 0 0 0 0 0 0 0 0 0 0 643362 643278 642440 0 0 0 0 0 643371 0 0 0 0 0 0 643655 643629 0 642338 0 0 0 643497 0 643344 643218 643164 0 0 642212 0 0 643728 0 643500 643407 0 0 0 0 0 642218 0 643516 0 643805 0 0 643758 
0 0 0 0 0 0 0 643328 0 643559 0 643289 643541 643577 0 643424 643250 0 643055 0 0 0 0 0 0 0 0 643637 0 643517 0 0 0 0 0 0 0 0 0 0 0 643348 0 0 0 0 0 0 0 0 0 0 0 0 0 0 0 0 643484 0 0 0 0 0 0 0 0 0 0 0 0 0 0 0 0 0 0 0 0 643547 643463 642761 0 0 0 643788 0 643556 0 0 642662 0 0 0 643796 643752 0 642659 0 0 643809 643676 0 643529 643337 643349 0 0 642533 0 0 643813 0 643669 643592 0 0 0 0 643295 642539 0 643629 643835 643824 643837 0 643787 
644546 644604 644540 644576 644502 644560 644602 644580 644444 644734 644684 644554 644722 644744 644722 644642 644528 644446 644398 644382 644356 644740 644728 644592 644340 644346 644358 644784 644728 644737 644428 644452 644318 644308 644316 644322 644328 644782 644780 644707 644674 644586 644506 644350 644340 644270 644306 644290 644268 644282 644786 644264 644242 644272 644262 644801 644813 644751 644653 644222 644210 644204 644218 644228 644228 644218 644228 644835 644767 644773 644779 644184 644208 644184 644204 644202 644180 644190 644813 644695 644591 644202 644154 644150 644172 644936 644795 644685 644543 644142 644136 644114 644110 644114 644946 644935 644120 644134 644068 644941 644959 644785 644655 644635 644487 644499 644086 644066 644050 644076 644880 644893 644954 644771 644677 644685 644447 644439 644433 644459 644054 644636 644734 644915 644954 644941 644938 644946 
0 0 0 0 0 0 0 0 0 0 0 0 0 0 0 0 0 0 0 0 0 0 0 0 0 0 0 0 0 0 0 0 0 0 0 0 0 0 0 0 0 0 0 0 0 0 0 0 0 0 0 0 0 0 0 0 0 0 0 0 0 0 0 0 0 0 0 0 0 0 0 0 0 0 0 0 0 0 0 0 0 0 0 0 0 0 0 644568 0 0 0 0 0 0 0 0 0 0 0 0 0 0 0 0 0 0 0 0 0 0 0 0 0 644697 0 0 0 0 0 0 0 0 0 0 0 0 0 644885 
