645177 645150 645133 645117 645123 645120 645121 645143 645130 645100 645117 645115 645109 645124 645105 645108 645086 645092 645096 645099 645101 645095 645091 645078 645083 645077 645064 645092 645098 645090 645081 645056 645079 645061 645066 645055 645085 645078 645069 645055 645071 645038 645054 645049 645056 645059 645055 645065 645058 645059 645066 645072 645035 645053 645054 645039 645021 645024 645018 645029 645035 645026 645034 645047 645033 645039 645022 645023 645022 645030 644997 645009 645012 645009 645012 645015 645004 645007 645001 645015 645013 645029 645031 645023 645019 645031 645025 645038 645014 645010 645018 645019 645008 644993 644990 644994 645007 644986 645021 645017 645010 645017 645019 645009 645013 645021 645015 645001 644990 645003 644993 644973 644976 644986 644977 644977 644971 644985 644994 644990 645004 645001 644995 644992 644997 644997 645006 645012 
644200 644231 644152 644180 644210 644207 644184 644180 644194 644175 644204 644202 644196 644161 644096 644102 644137 644133 644183 644136 644060 644136 644128 644141 644170 644164 644127 644123 644054 644038 644048 644046 644104 644124 644141 644142 644122 644113 644090 644056 644088 644101 644141 644136 644095 644096 644092 644102 644095 644096 644086 644074 643992 644040 644054 644024 644024 644087 644081 644092 644122 644101 644073 644084 644070 644032 643990 643992 643990 644006 643976 644000 644003 644048 644051 644078 644079 644082 644076 644102 644100 644066 644068 644060 644056 644068 644046 644006 643974 643966 643982 643984 643962 644020 644041 644057 644094 644049 644058 644054 644047 644054 644056 644030 644028 644020 643996 643948 643926 643952 643932 643928 643931 644025 644028 644052 644046 644072 644031 644027 644041 644038 644032 644029 644034 644026 644026 644014 
0 0 645125 0 0 0 0 0 0 0 0 0 0 0 0 0 0 0 0 0 0 0 0 0 0 0 0 0 0 0 0 644943 0 0 0 0 0 0 0 0 0 0 0 0 0 0 0 0 0 0 0 0 0 0 0 0 0 0 0 0 0 0 0 0 0 0 0 0 0 0 0 0 0 0 0 0 0 0 0 0 0 0 0 0 0 0 0 0 0 0 0 0 0 0 0 0 0 0 0 0 0 0 0 0 0 0 0 0 0 0 644739 0 0 0 0 0 0 0 0 0 0 0 0 0 0 0 0 0 
0 0 626409 626471 0 0 626429 0 0 626482 626493 626471 0 0 0 0 0 0 0 0 0 0 626441 626460 0 0 0 0 0 0 0 626380 0 0 626448 0 0 0 0 626403 0 0 626419 0 0 0 0 0 0 0 0 0 626335 0 0 0 0 0 0 0 0 0 0 0 0 0 0 626373 0 0 0 0 0 0 0 0 0 0 0 0 0 0 0 0 0 0 0 0 0 0 0 0 0 0 0 0 0 0 0 0 0 0 0 0 0 0 0 0 0 0 626343 0 0 0 0 0 0 0 0 0 0 0 0 0 0 0 0 0 
644204 644240 644152 644201 644237 644234 644199 644195 644206 644203 644231 644229 644211 644176 644096 644102 644161 644155 644198 644151 644060 644148 644141 644169 644197 644191 644142 644132 644054 644038 644048 644058 644117 644152 644169 644157 644137 644122 644092 644068 644101 644129 644168 644163 644110 644111 644107 644117 644110 644111 644086 644074 643992 644052 644067 644037 644052 644115 644109 644120 644149 644129 644088 644099 644085 644032 644003 644005 644003 644019 644004 644028 644031 644076 644079 644106 644107 644110 644104 644129 644115 644081 644083 644075 644071 644083 644052 644006 643987 643979 643995 643997 643975 644048 644069 644085 644121 644064 644073 644069 644062 644069 644071 644032 644028 644020 643996 643961 643939 643965 643945 643956 643959 644053 644056 644080 644074 644099 644046 644042 644056 644053 644047 644044 644049 644035 644026 644014 
0 0 644176 644216 0 644288 644287 644272 0 644250 644258 644298 644297 0 0 0 644182 644170 644284 0 644084 644158 644156 644246 0 0 644230 0 0 644062 0 644068 644132 0 644248 644243 644208 644150 0 644078 644116 0 644242 644237 644198 0 644195 644205 0 644199 0 644098 644014 0 0 0 0 0 0 644199 0 0 0 0 644173 644056 644018 644020 0 644034 0 0 0 0 0 644185 0 0 644183 644203 644201 644169 644171 644163 0 0 0 644030 644002 643994 644010 0 643990 0 0 0 644195 644152 644161 644157 644150 0 0 0 644052 0 644020 643976 643954 643980 643960 0 0 0 0 0 0 0 0 0 0 0 0 0 0 644060 0 0 
0 0 632189 632177 0 0 632269 0 0 632194 632201 632227 0 0 0 0 0 0 0 0 0 0 632147 632192 0 0 0 0 0 0 0 632112 0 0 632224 0 0 0 0 632111 0 0 632212 0 0 0 0 0 0 0 0 0 632091 0 0 0 0 0 0 0 0 0 0 0 0 0 0 632079 0 0 0 0 0 0 0 0 0 0 0 0 0 0 0 0 0 0 0 0 0 0 0 0 0 0 0 0 0 0 0 0 0 0 0 0 0 0 0 0 0 0 632049 0 0 0 0 0 0 0 0 0 0 0 0 0 0 0 0 0 
0 0 643493 643409 0 0 643649 643706 0 643449 643487 643563 643601 0 0 0 0 0 643588 0 643435 643343 643307 643421 0 0 643495 0 0 643391 0 643212 643259 0 643450 643459 643582 643499 0 643208 0 0 643455 643435 643452 0 643572 0 0 0 0 0 643128 0 0 0 0 0 0 0 0 0 0 0 643507 0 643076 643080 0 0 0 0 0 0 0 0 0 0 0 643299 643291 643398 643430 643516 0 0 0 0 643044 643028 0 0 643020 0 0 0 643267 643183 643414 643494 643490 0 0 0 0 0 0 642992 642948 642995 642941 0 0 0 0 0 0 0 0 0 0 0 0 0 0 643243 0 0 
645116 645152 645078 645114 645124 645118 645046 645038 645146 645080 645114 645108 645070 645000 645022 645028 645052 645064 645044 644950 644962 645078 645070 645036 645046 645034 644932 644936 644956 644940 644974 644998 645046 645002 645012 644962 644922 644908 644898 644998 645030 644956 644988 644976 644868 644870 644862 644882 644868 644870 644892 644904 644930 644992 644996 644966 644922 644928 644916 644938 644950 644932 644824 644846 644818 644838 644932 644934 644932 644948 644874 644898 644904 644898 644904 644910 644888 644894 644882 644908 644878 644810 644814 644798 644790 644814 644802 644836 644916 644908 644924 644926 644904 644866 644860 644868 644892 644776 644794 644786 644772 644786 644790 644778 644786 644802 644790 644890 644868 644894 644874 644826 644832 644852 644834 644834 644822 644848 644740 644732 644760 644754 644742 644736 644746 644746 644772 644784 
0 0 627143 627249 0 0 627158 0 0 627262 627263 627231 0 0 0 0 0 0 0 0 0 0 627219 627240 0 0 0 0 0 0 0 627138 0 0 627212 0 0 0 0 627173 0 0 627142 0 0 0 0 0 0 0 0 0 627081 0 0 0 0 0 0 0 0 0 0 0 0 0 0 627151 0 0 0 0 0 0 0 0 0 0 0 0 0 0 0 0 0 0 0 0 0 0 0 0 0 0 0 0 0 0 0 0 0 0 0 0 0 0 0 0 0 0 627121 0 0 0 0 0 0 0 0 0 0 0 0 0 0 0 0 0 
0 0 626372 626404 0 0 626363 0 0 626414 626426 626433 0 0 0 0 0 0 0 0 0 0 626374 626396 0 0 0 0 0 0 0 626339 0 0 626333 0 0 0 0 626338 0 0 626249 0 0 0 0 0 0 0 0 0 626298 0 0 0 0 0 0 0 0 0 0 0 0 0 0 626306 0 0 0 0 0 0 0 0 0 0 0 0 0 0 0 0 0 0 0 0 0 0 0 0 0 0 0 0 0 0 0 0 0 0 0 0 0 0 0 0 0 0 626276 0 0 0 0 0 0 0 0 0 0 0 0 0 0 0 0 0 
0 0 630621 630693 0 0 630667 0 0 630710 630705 630707 0 0 0 0 0 0 0 0 0 0 630663 630708 0 0 0 0 0 0 0 630592 0 0 630696 0 0 0 0 630615 0 0 630672 0 0 0 0 0 0 0 0 0 630547 0 0 0 0 0 0 0 0 0 0 0 0 0 0 630595 0 0 0 0 0 0 0 0 0 0 0 0 0 0 0 0 0 0 0 0 0 0 0 0 0 0 0 0 0 0 0 0 0 0 0 0 0 0 0 0 0 0 630565 0 0 0 0 0 0 0 0 0 0 0 0 0 0 0 0 0 
0 0 643843 643859 0 0 643915 0 0 643876 643883 643905 643915 0 0 0 0 0 0 0 643809 0 643824 643869 0 0 0 0 0 0 0 643790 643800 0 643895 0 643901 643884 0 643793 0 0 643907 0 0 0 0 0 0 0 0 0 643757 0 0 0 0 0 0 0 0 0 0 0 0 0 0 643744 0 0 0 0 0 0 0 0 0 0 0 0 0 0 0 643915 0 0 0 0 0 0 0 0 0 0 0 0 0 0 0 0 643915 0 0 0 0 0 0 0 0 0 643654 0 0 0 0 0 0 0 0 0 0 0 0 0 0 0 0 0 
641543 641502 641487 641427 641481 641478 641485 641571 641460 641434 641463 641473 641461 641588 641459 641462 641386 641380 641435 641587 641501 641413 641385 641399 641409 641397 641371 641586 641498 641490 641435 641386 641361 641365 641375 641353 641585 641588 641577 641373 641353 641319 641351 641341 641355 641405 641529 641573 641582 641561 641574 641556 641377 641383 641336 641285 641283 641291 641279 641301 641313 641295 641311 641417 641557 641547 641328 641305 641280 641276 641235 641259 641262 641261 641267 641273 641251 641257 641245 641273 641269 641345 641385 641513 641553 641577 641572 641522 641320 641292 641300 641277 641266 641229 641223 641231 641257 641215 641389 641477 641487 641573 641591 641556 641560 641553 641535 641259 641248 641249 641215 641187 641190 641215 641197 641197 641185 641213 641275 641303 641355 641421 641409 641475 641572 641552 641553 641556 
645097 645089 645129 645056 645062 645059 645049 645057 645095 645039 645056 645054 645048 645038 645147 645147 645025 645031 645035 645013 645129 645106 645062 645017 645022 645016 644992 645006 645126 645118 645123 645109 645050 645000 645005 644994 644999 644992 644991 645108 645058 644977 644993 644988 644972 644973 644969 644979 644972 644973 644994 645036 645088 645106 645075 645018 644960 644963 644957 644968 644974 644965 644950 644961 644947 645021 645075 645076 645059 645027 644936 644948 644951 644948 644951 644954 644943 644946 644940 644954 644952 644943 644945 644937 644933 644945 644939 645063 645067 645063 645071 645062 645061 644932 644929 644933 644946 644914 644935 644931 644924 644931 644933 644931 644951 644991 645021 645054 645043 645050 645016 644912 644915 644925 644916 644916 644910 644924 644908 644904 644918 644915 644909 644906 644911 644911 644934 644976 
644722 644707 644762 644677 644665 644659 644637 644657 644717 644643 644665 644649 644625 644643 644756 644759 644639 644651 644599 644617 644730 644728 644684 644611 644597 644585 644523 644615 644727 644719 644732 644707 644672 644577 644575 644517 644601 644587 644580 644706 644680 644531 644539 644517 644475 644489 644541 644561 644547 644549 644583 644649 644686 644704 644696 644640 644557 644503 644491 644513 644501 644495 644431 644477 644497 644610 644673 644674 644672 644649 644509 644533 644539 644497 644503 644485 644451 644457 644445 644449 644433 644429 644445 644477 644469 644493 644480 644655 644665 644661 644669 644670 644659 644477 644447 644443 644433 644367 644437 644465 644451 644465 644469 644460 644492 644556 644592 644652 644641 644654 644624 644461 644467 644451 644421 644397 644385 644389 644359 644363 644403 644433 644421 644415 644425 644425 644463 644529 
0 0 643626 643786 0 0 643626 643618 0 643776 643762 643710 643650 0 0 0 643832 643832 643624 0 643510 643694 643782 643780 0 0 643470 0 0 643488 0 643568 643804 0 643708 643503 643461 643409 0 643614 0 0 643620 643545 643386 0 643401 643409 0 0 0 0 643478 0 0 0 0 0 0 0 0 0 0 0 643321 0 643596 643692 0 643724 0 0 0 0 0 0 0 0 0 643443 643377 643311 643329 643312 0 0 0 0 643580 643666 0 0 643680 0 0 0 643419 643236 643306 643294 643273 0 0 0 0 0 0 643666 643644 643670 643639 0 0 0 0 0 0 0 0 0 0 0 0 0 0 643157 0 0 
0 0 639589 639699 0 0 639517 639515 0 639665 639659 639607 639541 0 0 0 639685 639697 639502 0 639473 639657 639703 639645 0 0 639346 0 0 639451 0 639531 639703 0 639584 639379 639399 639361 0 639577 0 0 639496 639421 639262 0 639325 639347 0 0 0 0 639441 0 0 0 0 0 0 0 0 0 0 0 639259 0 639551 639601 0 639602 0 0 0 0 0 0 0 0 0 639319 639253 639187 639205 639229 0 0 0 0 639535 639575 0 0 639570 0 0 0 639295 639112 639187 639211 639190 0 0 0 0 0 0 639556 639534 639548 639504 0 0 0 0 0 0 0 0 0 0 0 0 0 0 639115 0 0 
0 0 643787 643790 0 0 643932 0 0 643824 643838 643889 643922 0 0 0 0 0 643935 0 643695 0 643730 643820 0 0 643928 0 0 643673 0 643659 643706 0 643870 643924 643819 643761 0 643658 0 0 643918 0 643876 0 643856 0 0 0 0 0 643605 0 0 0 0 0 0 0 0 0 0 0 643806 0 643592 643594 0 0 0 0 0 0 0 0 0 0 0 643856 643840 643830 643846 643840 0 0 0 0 643576 643568 0 0 643564 0 0 0 643840 643772 643838 643870 643853 0 0 0 0 0 0 0 643528 643554 643534 0 0 0 0 0 0 0 0 0 0 0 0 0 0 643671 0 0 
644621 644605 644545 644527 644601 644604 644625 644669 644545 644552 644571 644601 644607 644692 644489 644495 644493 644481 644594 644717 644501 644475 644467 644528 644557 644551 644568 644673 644495 644479 644441 644397 644443 644511 644528 644553 644709 644665 644631 644395 644427 644488 644528 644535 644541 644579 644679 644689 644682 644683 644625 644613 644355 644391 644393 644363 644411 644474 644468 644479 644509 644488 644497 644591 644657 644571 644329 644331 644329 644345 644363 644387 644388 644435 644438 644465 644455 644461 644449 644477 644473 644519 644559 644647 644643 644655 644591 644545 644313 644305 644321 644323 644301 644407 644427 644435 644461 644413 644575 644641 644634 644641 644631 644571 644567 644559 644535 644287 644265 644291 644271 644315 644316 644412 644401 644401 644389 644417 644449 644477 644541 644621 644609 644616 644605 644575 644565 644553 
0 0 644353 644201 0 0 644209 0 0 644167 644201 644197 644185 0 0 0 0 0 0 0 644406 0 644213 644123 0 0 0 0 0 0 0 644306 644189 0 644099 0 644236 644246 0 644293 0 0 644075 0 0 0 0 0 0 0 0 0 644297 0 0 0 0 0 0 0 0 0 0 0 0 0 0 644225 0 0 0 0 0 0 0 0 0 0 0 0 0 0 0 644136 0 0 0 0 0 0 0 0 0 0 0 0 0 0 0 0 644110 0 0 0 0 0 0 0 0 0 644097 0 0 0 0 0 0 0 0 0 0 0 0 0 0 0 0 0 
0 0 644698 644664 0 0 644584 644550 0 644630 644688 644662 644608 0 0 0 0 0 644582 0 644496 644734 644650 644562 0 0 644470 0 0 644452 0 644536 644602 0 644562 644500 644314 644252 0 644578 0 0 644562 644530 644404 0 644254 0 0 0 0 0 644386 0 0 0 0 0 0 0 0 0 0 0 644138 0 644446 644450 0 0 0 0 0 0 0 0 0 0 0 644462 644416 644322 644302 644142 0 0 0 0 644414 644398 0 0 644390 0 0 0 644446 644314 644258 644154 644116 0 0 0 0 0 0 644362 644318 644370 644330 0 0 0 0 0 0 0 0 0 0 0 0 0 0 643922 0 0 
0 0 640400 0 0 0 0 0 0 0 0 0 0 0 0 0 0 0 0 0 0 0 640400 0 0 0 0 0 0 0 0 640400 0 0 0 0 0 0 0 640400 0 0 0 0 0 0 0 0 0 0 0 0 640400 0 0 0 0 0 0 0 0 0 0 0 0 0 0 640400 0 0 0 0 0 0 0 0 0 0 0 0 0 0 0 0 0 0 0 0 0 0 0 0 0 0 0 0 0 0 0 0 0 0 0 0 0 0 0 0 0 0 640400 0 0 0 0 0 0 0 0 0 0 0 0 0 0 0 0 0 
0 0 626966 627036 0 0 626996 0 0 627053 627050 627044 0 0 0 0 0 0 0 0 0 0 627006 627041 0 0 0 0 0 0 0 626937 0 0 627016 0 0 0 0 626960 0 0 626970 0 0 0 0 0 0 0 0 0 626892 0 0 0 0 0 0 0 0 0 0 0 0 0 0 626938 0 0 0 0 0 0 0 0 0 0 0 0 0 0 0 0 0 0 0 0 0 0 0 0 0 0 0 0 0 0 0 0 0 0 0 0 0 0 0 0 0 0 626908 0 0 0 0 0 0 0 0 0 0 0 0 0 0 0 0 0 
644996 645019 645008 645007 645019 645019 645008 644984 645019 645007 645019 645019 645019 644960 645007 645008 644983 644983 645019 644936 644977 645019 644995 644995 645019 645019 644980 644912 644974 644966 644983 644993 644983 644995 645007 644994 644924 644900 644888 645004 644983 644995 645017 645000 644948 644949 644924 644912 644900 644912 644888 644912 644960 644990 644983 644947 644935 644987 644981 644992 644998 644989 644926 644937 644888 644888 644971 644972 644959 644947 644911 644923 644923 644971 644971 644978 644967 644970 644964 644966 644952 644919 644921 644900 644876 644876 644840 644912 644963 644959 644967 644959 644957 644956 644953 644957 644958 644902 644911 644907 644900 644864 644852 644828 644840 644864 644876 644950 644939 644947 644923 644887 644887 644949 644940 644940 644934 644936 644884 644880 644894 644891 644885 644882 644828 644816 644828 644852 
643626 643681 643618 643725 643719 643722 643698 643630 643686 643742 643725 643727 643722 643577 643574 643580 643710 643704 643735 643530 643514 643675 643697 643742 643759 643765 643693 643465 643508 643492 643526 643571 643685 643759 643776 643720 643508 643443 643408 643605 643677 643782 643778 643749 643649 643638 643538 643492 643463 643498 643405 643435 643482 643565 643660 643645 643679 643774 643768 643779 643759 643774 643610 643614 643452 643378 643575 643603 643625 643636 643655 643667 643664 643759 643760 643765 643752 643755 643749 643715 643664 643596 643598 643498 643430 643418 643316 643388 643559 643577 643593 643619 643597 643743 643740 643744 643699 643562 643576 643524 643505 643396 643358 643288 643304 643336 643342 643583 643561 643599 643599 643631 643628 643736 643727 643711 643699 643655 643526 643518 643546 643520 643514 643475 643308 643272 643285 643315 
0 0 643637 643693 0 0 643797 0 0 643727 643741 643783 643809 0 0 0 0 0 643835 0 643545 0 643633 643723 0 0 643879 0 0 643523 0 643553 643609 0 643795 643888 643669 643611 0 643561 0 0 643861 0 643879 0 643729 0 0 0 0 0 643477 0 0 0 0 0 0 0 0 0 0 0 643665 0 643495 643497 0 0 0 0 0 0 0 0 0 0 0 643908 643870 643838 643852 643721 0 0 0 0 643479 643471 0 0 643467 0 0 0 643892 643780 643842 643760 643743 0 0 0 0 0 0 0 643431 643457 643437 0 0 0 0 0 0 0 0 0 0 0 0 0 0 643521 0 0 
644906 644865 644850 644790 644833 644827 644829 644917 644823 644787 644820 644817 644805 644970 644822 644825 644749 644743 644779 644992 644862 644776 644748 644743 644753 644741 644715 645028 644856 644840 644778 644728 644724 644709 644719 644697 645000 645024 644989 644726 644716 644663 644695 644685 644699 644749 644940 644996 645000 644984 644986 644998 644686 644722 644699 644648 644629 644635 644623 644645 644657 644639 644655 644773 644950 644959 644660 644662 644643 644639 644581 644605 644611 644605 644611 644617 644595 644601 644589 644617 644613 644689 644741 644930 644922 644946 644897 644964 644644 644636 644652 644640 644629 644573 644567 644575 644601 644559 644764 644900 644904 644918 644922 644869 644885 644917 644923 644618 644596 644612 644578 644533 644539 644559 644541 644541 644529 644557 644619 644659 644730 644832 644820 644868 644878 644853 644866 644896 
645013 644983 645034 644950 644956 644953 644954 644985 644989 644933 644950 644948 644942 644990 645053 645053 644919 644925 644929 644989 645064 645000 644956 644911 644916 644910 644897 645006 645064 645057 645039 645014 644944 644894 644899 644888 644987 645004 645003 645013 644952 644871 644887 644882 644888 644901 644957 644979 644984 644973 645006 645036 644993 645011 644969 644912 644854 644857 644851 644862 644868 644859 644866 644901 644959 645033 644980 644981 644953 644921 644830 644842 644845 644842 644845 644848 644837 644840 644834 644848 644846 644871 644885 644949 644945 644957 644951 645064 644972 644968 644976 644956 644957 644826 644823 644827 644840 644819 644887 644931 644936 644943 644945 644943 644963 645003 645033 644957 644948 644945 644910 644806 644809 644819 644810 644810 644804 644818 644836 644844 644870 644903 644897 644918 644923 644923 644946 644988 
0 0 644536 644368 0 0 644376 0 0 644334 644368 644364 644352 0 0 0 0 0 644326 0 644646 0 644380 644290 0 0 644262 0 0 644657 0 644569 644356 0 644266 644244 644472 644506 0 644534 0 0 644242 0 644246 0 644412 0 0 0 0 0 644549 0 0 0 0 0 0 0 0 0 0 0 644440 0 644519 644458 0 0 0 0 0 0 0 0 0 0 0 644164 644160 644236 644268 644396 0 0 0 0 644507 644471 0 0 644401 0 0 0 644148 644106 644272 644360 644370 0 0 0 0 0 0 0 644419 644364 644288 0 0 0 0 0 0 0 0 0 0 0 0 0 0 644512 0 0 
639201 639196 639245 639163 639169 639166 639165 639161 639202 639146 639163 639161 639155 639142 639273 639270 639132 639138 639142 639111 639251 639213 639169 639124 639129 639123 639073 639080 639248 639240 639257 639234 639157 639107 639112 639069 639085 639054 639041 639233 639165 639083 639091 639069 639021 639035 639055 639053 639034 639047 639044 639110 639213 639231 639182 639125 639067 639055 639043 639065 639053 639047 638977 639023 638997 639071 639200 639201 639166 639134 639043 639055 639058 639049 639055 639037 639003 639009 638997 639001 638985 638975 638991 638999 638971 638983 638941 639144 639192 639188 639196 639169 639180 639029 638999 638995 638985 638917 638983 638993 638979 638957 638947 638921 638953 639017 639059 639179 639168 639161 639123 639019 639022 639003 638973 638949 638937 638941 638905 638909 638949 638961 638949 638943 638901 638889 638924 638990 
0 0 0 0 0 0 0 0 0 0 0 0 0 0 0 0 0 0 0 0 0 0 0 0 0 0 0 0 0 0 0 642291 0 0 0 0 0 0 0 0 0 0 0 0 0 0 0 0 0 0 0 0 0 0 0 0 0 0 0 0 0 0 0 0 0 0 0 0 0 0 0 0 0 0 0 0 0 0 0 0 0 0 0 0 0 0 0 0 0 0 0 0 0 0 0 0 0 0 0 0 0 0 0 0 0 0 0 0 0 0 0 0 0 0 0 0 0 0 0 0 0 0 0 0 0 0 0 0 
0 0 642330 642378 0 0 642330 0 0 642378 642366 642354 642342 0 0 0 0 0 0 0 642227 0 642390 642390 0 0 0 0 0 0 0 642248 642396 0 642378 0 642175 642127 0 642282 0 0 642366 0 0 0 0 0 0 0 0 0 642170 0 0 0 0 0 0 0 0 0 0 0 0 0 0 642320 0 0 0 0 0 0 0 0 0 0 0 0 0 0 0 642127 0 0 0 0 0 0 0 0 0 0 0 0 0 0 0 0 642127 0 0 0 0 0 0 0 0 0 642320 0 0 0 0 0 0 0 0 0 0 0 0 0 0 0 0 0 
645013 645044 644993 645077 645071 645074 645073 645029 645038 645094 645077 645079 645085 645000 644965 644968 645107 645101 645095 644977 644935 645027 645071 645116 645111 645117 645049 644936 644932 644924 644941 644964 645082 645133 645128 645064 644967 644926 644903 644987 645074 645143 645111 645082 645017 645018 644997 644963 644946 644969 644900 644906 644919 644961 645057 645054 645088 645129 645123 645134 645092 645107 644995 645006 644947 644873 644978 645026 645037 645045 645064 645076 645073 645149 645152 645120 645085 645088 645082 645048 645022 644988 644990 644975 644937 644925 644859 644872 644970 645013 645021 645034 645023 645133 645118 645099 645040 644971 644980 644976 644969 644915 644889 644843 644847 644855 644849 645016 645005 645018 645008 645040 645037 645126 645105 645058 645052 645018 644953 644949 644963 644960 644954 644951 644863 644839 644840 644846 
0 0 642335 0 0 0 0 0 0 0 0 0 0 0 0 0 0 0 0 0 0 0 642335 0 0 0 0 0 0 0 0 642298 0 0 642335 0 0 0 0 642309 0 0 642335 0 0 0 0 0 0 0 0 0 642265 0 0 0 0 0 0 0 0 0 0 0 0 0 0 642313 0 0 0 0 0 0 0 0 0 0 0 0 0 0 0 0 0 0 0 0 0 0 0 0 0 0 0 0 0 0 0 0 0 0 0 0 0 0 0 0 0 0 642279 0 0 0 0 0 0 0 0 0 0 0 0 0 0 0 0 0 
0 0 643680 643707 0 0 643840 0 0 643741 643755 643806 643852 0 0 0 0 0 643874 0 643588 0 643647 643737 0 0 643896 0 0 643566 0 643576 643623 0 643809 643911 643712 643654 0 643575 0 0 643859 0 643856 0 643772 0 0 0 0 0 643520 0 0 0 0 0 0 0 0 0 0 0 643708 0 643509 643511 0 0 0 0 0 0 0 0 0 0 0 643860 643842 643810 643826 643757 0 0 0 0 643493 643485 0 0 643481 0 0 0 643844 643752 643818 643787 643770 0 0 0 0 0 0 0 643445 643471 643451 0 0 0 0 0 0 0 0 0 0 0 0 0 0 643564 0 0 
0 0 645045 645033 0 0 645077 0 0 645050 645057 645071 0 0 0 0 0 0 0 0 0 0 645003 645034 0 0 0 0 0 0 0 644968 0 0 645022 0 645173 0 0 644967 0 0 645010 0 0 0 0 0 0 0 0 0 644947 0 0 0 0 0 0 0 0 0 0 0 0 0 0 644935 0 0 0 0 0 0 0 0 0 0 0 0 0 0 0 0 0 0 0 0 0 0 0 0 0 0 0 0 0 0 0 0 0 0 0 0 0 0 0 0 0 0 644905 0 0 0 0 0 0 0 0 0 0 0 0 0 0 0 0 0 
0 0 641540 641480 0 0 641557 0 0 641482 641506 641530 641533 0 0 0 0 0 0 0 641554 0 641438 641457 0 0 0 0 0 0 0 641439 641414 0 641447 0 641746 641783 0 641426 0 0 641423 0 0 0 0 0 0 0 0 0 641430 0 0 0 0 0 0 0 0 0 0 0 0 0 0 641358 0 0 0 0 0 0 0 0 0 0 0 0 0 0 0 641730 0 0 0 0 0 0 0 0 0 0 0 0 0 0 0 0 641704 0 0 0 0 0 0 0 0 0 641268 0 0 0 0 0 0 0 0 0 0 0 0 0 0 0 0 0 
645059 645040 645015 645003 645013 645010 645011 645055 645012 644990 645007 645005 644999 645084 644987 644990 644976 644980 644986 645107 645005 644977 644973 644968 644973 644967 644954 645148 645002 644994 644963 644938 644961 644951 644956 644945 645117 645158 645165 644937 644953 644928 644944 644939 644946 644971 645087 645121 645138 645115 645162 645120 644917 644935 644936 644921 644911 644914 644908 644919 644925 644916 644924 644983 645137 645135 644904 644905 644904 644912 644887 644899 644902 644899 644902 644905 644894 644897 644891 644905 644903 644941 644967 645103 645137 645149 645135 645086 644896 644892 644900 644901 644890 644883 644880 644884 644897 644876 644981 645073 645090 645135 645137 645119 645123 645131 645125 644883 644872 644885 644875 644863 644866 644876 644867 644867 644861 644875 644906 644926 644964 645033 645027 645096 645115 645115 645116 645122 
0 0 642567 0 0 0 0 0 0 0 0 0 0 0 0 0 0 0 0 0 0 0 642579 0 0 0 0 0 0 0 0 642602 0 0 0 0 0 0 0 642614 0 0 0 0 0 0 0 0 0 0 0 0 642548 0 0 0 0 0 0 0 0 0 0 0 0 0 0 642596 0 0 0 0 0 0 0 0 0 0 0 0 0 0 0 0 0 0 0 0 0 0 0 0 0 0 0 0 0 0 0 0 0 0 0 0 0 0 0 0 0 0 642533 0 0 0 0 0 0 0 0 0 0 0 0 0 0 0 0 0 
0 0 643646 643706 0 643616 643522 643514 0 643672 643658 643606 643546 0 0 0 643740 643752 643520 0 643530 643714 643766 643676 0 0 643399 0 0 643508 0 643588 643790 0 643604 643432 643398 643382 0 643634 643798 0 643532 643474 643315 0 643338 643358 0 643346 0 643462 643498 0 0 0 0 0 0 643578 0 0 0 0 643280 643392 643616 643714 0 643715 0 0 0 0 0 643550 0 0 643450 643372 643306 643240 643258 643272 0 0 0 643404 643600 643688 643704 0 643685 0 0 0 643348 643165 643240 643262 643246 0 0 0 643240 0 643332 643671 643649 643663 643619 0 0 0 0 0 0 0 0 0 0 0 0 0 0 643136 0 0 
643556 643611 643548 643645 643639 643642 643628 643560 643606 643662 643645 643647 643652 643507 643520 643523 643630 643624 643665 643460 643466 643595 643617 643662 643679 643685 643631 643395 643463 643455 643496 643532 643605 643679 643696 643658 643438 643373 643338 643555 643597 643702 643706 643677 643587 643576 643468 643422 643393 643428 643335 643365 643454 643527 643580 643565 643599 643702 643696 643707 643687 643702 643556 643552 643382 643308 643537 643549 643548 643556 643575 643587 643584 643683 643680 643693 643680 643683 643677 643643 643610 643542 643536 643428 643360 643348 643246 643331 643521 643536 643544 643545 643534 643671 643668 643672 643635 643508 643514 643462 643441 643326 643288 643218 643234 643266 643272 643527 643516 643529 643519 643551 643548 643664 643655 643647 643635 643591 643472 643464 643492 643458 643452 643413 643238 643202 643215 643245 
0 0 644035 0 0 0 0 0 0 0 0 0 0 0 0 0 0 0 0 0 0 0 644022 0 0 0 0 0 0 0 0 643982 0 0 644115 0 0 0 0 643993 0 0 644128 0 0 0 0 0 0 0 0 0 643949 0 0 0 0 0 0 0 0 0 0 0 0 0 0 643942 0 0 0 0 0 0 0 0 0 0 0 0 0 0 0 0 0 0 0 0 0 0 0 0 0 0 0 0 0 0 0 0 0 0 0 0 0 0 0 0 0 0 643852 0 0 0 0 0 0 0 0 0 0 0 0 0 0 0 0 0 
0 0 638330 638420 0 0 638570 638414 0 638471 638492 638558 638612 0 0 0 0 0 638651 0 638132 638342 638330 638465 0 0 638631 0 0 638099 0 638213 638294 0 638573 638676 638168 638021 0 638222 0 0 638675 638682 638541 0 638258 0 0 0 0 0 638114 0 0 0 0 0 0 0 0 0 0 0 638072 0 638123 638126 0 0 0 0 0 0 0 0 0 0 0 638616 638563 638433 638436 638186 0 0 0 0 638099 638087 0 0 638081 0 0 0 638587 638365 638394 638270 638225 0 0 0 0 0 0 638060 638027 638066 638036 0 0 0 0 0 0 0 0 0 0 0 0 0 0 637676 0 0 
0 0 643884 643860 0 0 644044 0 0 643894 643908 643960 644020 0 0 0 0 0 644046 0 643817 0 643800 643890 0 0 644148 0 0 643795 0 643730 643776 0 643962 644121 643941 643883 0 643728 0 0 644034 0 644173 0 644001 0 0 0 0 0 643688 0 0 0 0 0 0 0 0 0 0 0 643937 0 643662 643664 0 0 0 0 0 0 0 0 0 0 0 644102 644098 644127 644143 643993 0 0 0 0 643646 643638 0 0 643634 0 0 0 644086 644044 644135 644041 644019 0 0 0 0 0 0 0 643598 643624 643604 0 0 0 0 0 0 0 0 0 0 0 0 0 0 643793 0 0 
644238 644228 644162 644186 644246 644252 644322 644306 644180 644220 644222 644262 644310 644298 644106 644112 644174 644162 644336 644254 644118 644122 644138 644228 644290 644302 644392 644172 644112 644096 644058 644032 644124 644262 644288 644377 644234 644152 644106 644042 644108 644298 644330 644359 644408 644423 644294 644226 644192 644238 644100 644112 643978 644026 644074 644044 644112 644312 644318 644307 644349 644334 644386 644425 644194 644046 643988 644012 644010 644026 644064 644088 644082 644265 644262 644321 644356 644353 644353 644367 644365 644403 644419 644259 644174 644150 644018 644044 643972 643986 644002 644004 643982 644245 644320 644342 644359 644338 644421 644301 644272 644130 644078 643986 643994 644010 643998 643968 643946 643972 643952 644016 644010 644288 644327 644329 644323 644337 644368 644378 644404 644353 644359 644254 644026 643978 643980 643992 
0 0 643911 643885 0 0 644025 0 0 643902 643921 643959 644001 0 0 0 0 0 644012 0 643891 0 643827 643888 0 0 643948 0 0 643869 0 643757 643803 0 643936 643930 644145 644105 0 643755 0 0 643928 0 643932 0 644175 0 0 0 0 0 643715 0 0 0 0 0 0 0 0 0 0 0 644126 0 643689 643691 0 0 0 0 0 0 0 0 0 0 0 643850 643846 643922 643974 644149 0 0 0 0 643673 643665 0 0 643661 0 0 0 643834 643792 644002 644125 644123 0 0 0 0 0 0 0 643625 643651 643631 0 0 0 0 0 0 0 0 0 0 0 0 0 0 644018 0 0 
0 0 644289 644243 0 0 644441 644503 0 644277 644303 644363 644405 0 0 0 644185 644173 644399 0 644257 644175 644163 644256 0 0 644391 0 0 644224 0 644058 644127 0 644297 644358 644572 644538 0 644055 0 0 644309 644328 644407 0 644581 644580 0 0 0 0 643995 0 0 0 0 0 0 0 0 0 0 0 644579 0 643956 643959 0 643980 0 0 0 0 0 0 0 0 0 644294 644316 644424 644461 644573 0 0 0 0 643932 643920 0 0 643914 0 0 0 644286 644313 644475 644555 644560 0 0 0 0 0 0 643893 643860 643899 643869 0 0 0 0 0 0 0 0 0 0 0 0 0 0 644367 0 0 
637576 637559 637532 637520 637562 637558 637536 637600 637529 637537 637544 637548 637524 637633 637504 637507 637503 637497 637498 637656 637522 637494 637490 637510 637496 637484 637422 637667 637519 637511 637480 637455 637478 637476 637474 637416 637664 637681 637658 637454 637470 637430 637438 637416 637394 637432 637604 637660 637682 637648 637655 637637 637434 637452 637453 637438 637456 637402 637390 637412 637400 637394 637350 637444 637644 637628 637421 637422 637421 637429 637432 637444 637450 637396 637402 637384 637350 637356 637344 637348 637332 637372 637412 637612 637628 637652 637614 637603 637413 637409 637417 637418 637407 637376 637346 637342 637332 637266 637428 637564 637586 637636 637644 637598 637602 637610 637604 637400 637389 637402 637392 637408 637414 637350 637320 637296 637284 637288 637302 637330 637394 637496 637484 637562 637618 637594 637595 637601 
0 0 641188 641212 0 641278 641344 641332 0 641246 641248 641288 641332 0 0 0 641202 641190 641323 0 641144 641148 641164 641254 0 0 641291 0 0 641122 0 641058 641152 0 641293 641282 641388 641376 0 641068 641136 0 641281 641276 641283 0 641424 641416 0 641428 0 641302 641004 0 0 0 0 0 0 641256 0 0 0 0 641430 641282 641014 641040 0 641090 0 0 0 0 0 641242 0 0 641228 641242 641240 641278 641304 641438 0 0 0 641234 640998 641014 641030 0 641034 0 0 0 641234 641213 641318 641410 641425 0 0 0 641278 0 641246 641020 640998 641036 641040 0 0 0 0 0 0 0 0 0 0 0 0 0 0 641286 0 0 
645051 645034 645007 644995 645013 645010 645011 645055 645004 644990 645007 645005 644999 645084 644979 644982 644976 644972 644986 645107 644997 644969 644965 644968 644973 644967 644954 645142 644994 644986 644955 644930 644953 644951 644956 644945 645117 645156 645157 644929 644945 644928 644944 644939 644946 644971 645087 645121 645138 645115 645154 645112 644909 644927 644928 644913 644911 644914 644908 644919 644925 644916 644924 644983 645137 645127 644896 644897 644896 644904 644887 644899 644902 644899 644902 644905 644894 644897 644891 644905 644903 644941 644967 645103 645145 645157 645135 645078 644888 644884 644892 644893 644882 644883 644880 644884 644897 644876 644981 645073 645090 645143 645145 645119 645123 645131 645125 644875 644864 644877 644867 644863 644866 644876 644867 644867 644861 644875 644906 644926 644964 645033 645027 645096 645123 645115 645116 645122 
0 0 642980 642865 0 642871 642873 642961 0 642831 642865 642861 642849 0 0 0 642803 642815 642823 0 642994 642906 642873 642787 0 0 642759 0 0 642983 0 642879 642849 0 642763 642741 643085 643139 0 642866 642846 0 642739 642729 642743 0 643025 643093 0 643081 0 643181 642870 0 0 0 0 0 0 642689 0 0 0 0 643061 643156 642821 642798 0 642769 0 0 0 0 0 642661 0 0 642633 642661 642657 642733 642785 643029 0 0 0 643147 642813 642785 642793 0 642759 0 0 0 642645 642603 642813 642997 643003 0 0 0 643117 0 643132 642752 642741 642742 642708 0 0 0 0 0 0 0 0 0 0 0 0 0 0 643061 0 0 
0 0 636806 0 0 0 0 0 0 0 0 0 0 0 0 0 0 0 0 0 0 0 0 0 0 0 0 0 0 0 0 637132 0 0 0 0 0 0 0 0 0 0 0 0 0 0 0 0 0 0 0 0 637269 0 0 0 0 0 0 0 0 0 0 0 0 0 0 0 0 0 0 0 0 0 0 0 0 0 0 0 0 0 0 0 0 0 0 0 0 0 0 0 0 0 0 0 0 0 0 0 0 0 0 0 0 0 0 0 0 0 636538 0 0 0 0 0 0 0 0 0 0 0 0 0 0 0 0 0 
644721 644721 644721 644655 644703 644703 644721 644721 644703 644655 644679 644703 644721 644721 644721 644721 644607 644607 644721 644721 644721 644679 644631 644631 644679 644679 644721 644721 644719 644703 644689 644669 644607 644631 644655 644721 644721 644721 644719 644667 644607 644631 644679 644703 644721 644721 644721 644721 644721 644721 644719 644721 644621 644663 644607 644535 644511 644631 644631 644631 644679 644655 644721 644721 644719 644719 644601 644603 644559 644535 644463 644487 644487 644583 644583 644631 644655 644655 644655 644703 644721 644721 644721 644721 644695 644695 644623 644721 644585 644577 644593 644559 644559 644559 644607 644631 644703 644721 644721 644721 644721 644671 644647 644599 644623 644671 644695 644559 644537 644535 644487 644415 644415 644583 644607 644655 644655 644703 644721 644721 644721 644721 644721 644719 644599 644575 644599 644647 
643476 643510 643549 643576 643504 643498 643404 643396 643570 643542 643540 643488 643428 643358 643521 643524 643586 643598 643402 643308 643467 643619 643624 643534 643472 643460 643290 643294 643464 643456 643497 643544 643636 643500 643474 643320 643280 643266 643264 643579 643652 643454 643414 643356 643226 643228 643220 643240 643226 643228 643270 643354 643487 643541 643650 643608 643504 643426 643414 643436 643376 643394 643182 643204 643176 643309 643570 643619 643618 643626 643480 643492 643498 643444 643450 643408 643350 643356 643344 643288 643236 643168 643172 643156 643148 643172 643160 643332 643562 643606 643614 643615 643604 643424 643394 643366 643272 643134 643152 643144 643130 643144 643148 643144 643184 643264 643273 643597 643586 643599 643589 643456 643462 643398 643368 643296 643284 643228 643098 643090 643118 643112 643100 643094 643104 643104 643150 643234 
644925 644971 644927 645045 644965 644959 644865 644857 644997 645015 645001 644949 644889 644819 644871 644877 645083 645093 644863 644769 644811 644995 645069 645019 644933 644921 644751 644755 644805 644789 644823 644869 645093 644985 644947 644781 644741 644727 644709 644915 645091 644939 644875 644817 644687 644689 644681 644701 644687 644689 644709 644753 644779 644863 645057 645119 645073 644911 644899 644921 644837 644867 644643 644665 644637 644687 644897 644995 645067 645107 645025 645049 645055 644977 644983 644893 644823 644829 644817 644749 644697 644629 644633 644617 644609 644633 644613 644685 644881 644969 644985 645061 645039 644971 644891 644851 644733 644595 644613 644605 644591 644605 644609 644589 644613 644651 644639 645025 645003 645053 645055 644977 644983 644931 644865 644769 644757 644689 644559 644551 644579 644573 644561 644555 644565 644565 644589 644633 
645009 645040 644989 645073 645062 645062 645030 645014 645034 645086 645073 645062 645042 644990 644961 644964 645104 645098 645029 644966 644931 645023 645067 645098 645064 645058 644973 644932 644928 644920 644937 644960 645079 645090 645071 644988 644954 644922 644899 644983 645071 645067 645035 645006 644941 644942 644938 644942 644930 644942 644896 644902 644915 644957 645054 645111 645145 645053 645047 645058 645016 645031 644919 644930 644916 644869 644974 645023 645070 645102 645121 645133 645133 645086 645089 645044 645009 645012 645006 644972 644946 644912 644914 644906 644902 644906 644855 644868 644966 645010 645018 645067 645056 645094 645043 645023 644964 644895 644904 644900 644893 644894 644882 644839 644843 644851 644845 645049 645038 645075 645076 645097 645097 645063 645030 644982 644976 644942 644877 644873 644887 644884 644878 644875 644858 644835 644836 644842 
644801 644863 644761 644929 644917 644923 644921 644833 644851 644963 644929 644933 644945 644775 644705 644711 644990 644978 644971 644729 644645 644829 644917 645007 644997 645009 645003 644647 644639 644623 644657 644703 644940 645041 645031 645027 644709 644627 644581 644749 644924 645087 645055 645051 644939 644941 644769 644701 644667 644713 644575 644587 644613 644697 644890 644885 644953 645115 645121 645105 645075 645099 644895 644917 644669 644521 644731 644828 644851 644867 644905 644929 644923 645121 645115 645123 645075 645081 645069 645001 644949 644881 644885 644737 644649 644625 644493 644519 644715 644802 644818 644845 644823 645105 645142 645103 644985 644847 644865 644797 644763 644605 644553 644461 644469 644485 644473 644809 644787 644813 644793 644857 644851 645147 645116 645021 645009 644941 644811 644803 644831 644825 644813 644751 644501 644453 644455 644467 
644820 644882 644780 644925 644936 644942 644940 644852 644870 644959 644937 644952 644964 644794 644724 644730 644928 644916 644990 644748 644664 644837 644901 644991 645005 645017 645014 644666 644658 644642 644676 644722 644878 645025 645027 645038 644728 644646 644600 644757 644862 645071 645062 645062 644986 644966 644788 644720 644686 644732 644594 644606 644632 644716 644828 644798 644866 645092 645098 645087 645075 645087 644942 644942 644688 644540 644727 644766 644764 644780 644818 644842 644836 645034 645028 645099 645087 645087 645087 645048 644996 644928 644932 644756 644668 644644 644512 644538 644711 644740 644756 644758 644736 645016 645076 645099 645032 644894 644912 644812 644782 644624 644572 644480 644488 644504 644492 644722 644700 644726 644706 644770 644764 645052 645076 645045 645033 644988 644858 644850 644878 644846 644846 644765 644520 644472 644474 644486 
0 0 644847 644969 0 645009 645007 644919 0 645003 644993 645019 645031 0 0 0 644979 644967 645057 0 644731 644893 644933 645023 0 0 645049 0 0 644709 0 644789 644929 0 645071 645079 644795 644713 0 644813 644913 0 645119 645115 644985 0 644855 644787 0 644799 0 644673 644699 0 0 0 0 0 0 645121 0 0 0 0 644755 644607 644771 644817 0 644831 0 0 0 0 0 645121 0 0 645069 645047 644995 644927 644931 644823 0 0 0 644605 644755 644791 644807 0 644787 0 0 0 645031 644893 644911 644879 644849 0 0 0 644555 0 644559 644773 644751 644777 644757 0 0 0 0 0 0 0 0 0 0 0 0 0 0 644539 0 0 
644472 644503 644436 644536 644530 644533 644532 644488 644497 644553 644536 644538 644544 644459 644380 644386 644537 644531 644557 644436 644344 644468 644530 644575 644570 644576 644561 644395 644338 644322 644332 644354 644512 644592 644587 644579 644426 644385 644362 644388 644498 644615 644599 644597 644509 644523 644456 644422 644405 644428 644359 644358 644276 644348 644464 644434 644458 644629 644633 644624 644609 644621 644465 644511 644406 644316 644358 644402 644400 644416 644410 644434 644431 644578 644575 644633 644585 644591 644579 644535 644495 644463 644479 644440 644396 644384 644318 644290 644342 644376 644392 644394 644372 644558 644599 644601 644519 644405 644471 644470 644453 644374 644348 644302 644306 644304 644280 644358 644336 644362 644342 644362 644359 644591 644573 644531 644519 644475 644393 644397 644437 644467 644455 644447 644322 644298 644299 644298 
644836 644898 644796 644945 644952 644958 644956 644868 644886 644979 644957 644968 644980 644810 644740 644746 644925 644913 645006 644764 644680 644857 644899 644989 645025 645037 645040 644682 644674 644658 644692 644738 644875 645023 645047 645067 644744 644662 644616 644777 644859 645069 645083 645089 644982 644984 644804 644736 644702 644748 644610 644622 644648 644732 644825 644795 644863 645097 645103 645087 645108 645117 644938 644960 644704 644556 644747 644763 644761 644777 644815 644839 644833 645031 645025 645106 645099 645105 645093 645044 644992 644924 644928 644772 644684 644660 644528 644554 644731 644737 644753 644755 644733 645015 645081 645093 645028 644890 644908 644832 644798 644640 644588 644496 644504 644520 644508 644719 644697 644723 644703 644767 644761 645063 645059 645045 645033 644984 644854 644846 644874 644867 644856 644786 644536 644488 644490 644502 
644321 644317 644251 644240 644317 644320 644378 644364 644258 644268 644287 644325 644366 644313 644195 644201 644206 644194 644379 644266 644189 644188 644180 644254 644321 644327 644435 644193 644183 644167 644147 644110 644156 644271 644302 644420 644244 644173 644127 644108 644140 644294 644350 644391 644461 644448 644274 644228 644199 644234 644121 644133 644067 644104 644106 644076 644131 644308 644314 644303 644369 644342 644483 644426 644188 644067 644042 644044 644042 644058 644083 644107 644104 644251 644248 644317 644364 644361 644367 644425 644462 644478 644442 644234 644166 644154 644039 644065 644026 644018 644034 644036 644014 644231 644306 644338 644433 644455 644416 644276 644247 644132 644094 644007 644015 644031 644019 644000 643978 644004 643984 644035 644032 644274 644319 644391 644397 644443 644467 644453 644433 644328 644334 644229 644044 643999 644001 644013 
644399 644389 644323 644347 644407 644413 644483 644467 644341 644381 644383 644423 644471 644457 644267 644273 644337 644325 644497 644435 644279 644283 644299 644389 644451 644463 644568 644377 644273 644257 644219 644193 644287 644423 644449 644553 644427 644369 644335 644203 644271 644469 644506 644535 644564 644589 644487 644431 644409 644443 644329 644317 644139 644187 644237 644208 644276 644488 644494 644483 644525 644510 644542 644601 644423 644275 644149 644175 644174 644190 644228 644252 644246 644444 644438 644497 644512 644515 644509 644523 644521 644559 644585 644479 644415 644391 644283 644249 644133 644149 644165 644168 644146 644424 644498 644502 644515 644494 644575 644521 644504 644383 644343 644251 644259 644263 644239 644132 644110 644136 644116 644180 644174 644467 644485 644485 644479 644493 644524 644544 644558 644555 644549 644498 644291 644243 644245 644257 
0 0 644480 644432 0 0 644658 0 0 644500 644528 644614 644610 0 0 0 0 0 644558 0 644440 0 644312 644470 0 0 644430 0 0 644396 0 644172 644264 0 644438 644394 645046 645074 0 644168 0 0 644390 0 644398 0 644962 0 0 0 0 0 644088 0 0 0 0 0 0 0 0 0 0 0 645104 0 644036 644040 0 0 0 0 0 0 0 0 0 0 0 644234 644226 644378 644482 645024 0 0 0 0 644004 643988 0 0 643980 0 0 0 644202 644118 644538 644906 644972 0 0 0 0 0 0 0 643908 643960 643920 0 0 0 0 0 0 0 0 0 0 0 0 0 0 644766 0 0 
0 0 642951 642806 0 642812 642814 642902 0 642772 642806 642802 642790 0 0 0 642744 642756 642764 0 642965 642877 642818 642728 0 0 642700 0 0 642954 0 642850 642794 0 642704 642682 643026 643108 0 642837 642808 0 642680 642670 642684 0 642966 643034 0 643022 0 643144 642841 0 0 0 0 0 0 642630 0 0 0 0 643056 643181 642792 642769 0 642736 0 0 0 0 0 642602 0 0 642574 642602 642598 642674 642726 642998 0 0 0 643118 642784 642756 642764 0 642730 0 0 0 642586 642544 642754 642938 642972 0 0 0 643112 0 643157 642723 642712 642713 642679 0 0 0 0 0 0 0 0 0 0 0 0 0 0 643056 0 0 
0 0 644704 644702 0 0 644544 0 0 644668 644678 644628 644568 0 0 0 0 0 644542 0 644724 0 644738 644648 0 0 644430 0 0 644724 0 644820 644738 0 644600 644460 644420 644406 0 644842 0 0 644552 0 644366 0 644360 0 0 0 0 0 644796 0 0 0 0 0 0 0 0 0 0 0 644316 0 644842 644842 0 0 0 0 0 0 0 0 0 0 0 644428 644376 644308 644312 644296 0 0 0 0 644842 644842 0 0 644832 0 0 0 644412 644274 644292 644284 644270 0 0 0 0 0 0 0 644842 644818 644790 0 0 0 0 0 0 0 0 0 0 0 0 0 0 644244 0 0 
0 0 643565 0 0 0 0 0 0 0 0 0 0 0 0 0 0 0 0 0 0 0 643607 0 0 0 0 0 0 0 0 643614 0 0 0 0 0 0 0 643637 0 0 0 0 0 0 0 0 0 0 0 0 643545 0 0 0 0 0 0 0 0 0 0 0 0 0 0 643669 0 0 0 0 0 0 0 0 0 0 0 0 0 0 0 0 0 0 0 0 0 0 0 0 0 0 0 0 0 0 0 0 0 0 0 0 0 0 0 0 0 0 643550 0 0 0 0 0 0 0 0 0 0 0 0 0 0 0 0 0 
644774 644767 644793 644773 644737 644731 644685 644706 644793 644739 644749 644721 644685 644692 644785 644788 644759 644771 644659 644666 644760 644793 644793 644719 644681 644669 644571 644676 644757 644749 644761 644760 644793 644685 644671 644577 644650 644657 644655 644771 644793 644639 644623 644589 644524 644538 644590 644622 644617 644610 644661 644702 644727 644757 644793 644783 644691 644611 644599 644621 644585 644591 644480 644526 644567 644663 644750 644775 644793 644783 644643 644667 644673 644629 644635 644593 644547 644553 644541 644521 644493 644478 644494 644547 644539 644563 644551 644697 644742 644762 644770 644793 644784 644621 644567 644551 644505 644415 644486 644526 644521 644535 644539 644535 644567 644615 644639 644777 644766 644781 644735 644595 644601 644583 644541 644493 644481 644461 644408 644412 644452 644482 644470 644485 644495 644495 644541 644591 
0 0 643255 643283 0 0 643099 643091 0 643249 643235 643183 643123 0 0 0 643317 643329 643097 0 643149 643327 643343 643253 0 0 642985 0 0 643127 0 643207 643367 0 643181 643015 642975 642961 0 643253 0 0 643109 643051 642921 0 642915 642935 0 0 0 0 643117 0 0 0 0 0 0 0 0 0 0 0 642871 0 643235 643333 0 643425 0 0 0 0 0 0 0 0 0 642983 642931 642863 642867 642851 0 0 0 0 643219 643307 0 0 643383 0 0 0 642967 642829 642847 642839 642825 0 0 0 0 0 0 643369 643347 643397 643377 0 0 0 0 0 0 0 0 0 0 0 0 0 0 642796 0 0 
644983 645014 644963 645047 645041 645044 645043 644999 645008 645064 645047 645049 645055 644970 644935 644938 645078 645072 645068 644947 644905 644997 645041 645086 645081 645087 645045 644906 644902 644894 644911 644934 645053 645103 645098 645060 644937 644896 644873 644957 645045 645126 645107 645078 645013 645014 644967 644933 644916 644939 644870 644876 644889 644931 645028 645071 645105 645125 645119 645130 645088 645103 644991 645002 644917 644843 644948 644997 645043 645062 645081 645093 645090 645155 645152 645116 645081 645084 645078 645044 645018 644984 644986 644951 644907 644895 644829 644842 644940 644984 644992 645040 645029 645165 645115 645095 645036 644967 644976 644972 644964 644885 644859 644813 644817 644825 644819 645022 645011 645035 645025 645057 645054 645135 645102 645054 645048 645014 644949 644945 644959 644956 644950 644947 644833 644809 644810 644816 
644974 645005 644954 645038 645032 645035 645017 644990 644999 645055 645038 645040 645029 644961 644926 644929 645069 645063 645029 644938 644896 644988 645032 645077 645053 645053 644998 644897 644893 644885 644902 644925 645044 645077 645065 645013 644928 644887 644864 644948 645036 645077 645053 645031 644966 644967 644933 644921 644907 644921 644861 644867 644880 644922 645019 645075 645109 645077 645072 645077 645041 645056 644944 644955 644897 644834 644939 644988 645035 645066 645085 645097 645094 645101 645101 645069 645034 645037 645031 644997 644971 644937 644939 644909 644885 644885 644820 644833 644931 644975 644983 645032 645021 645113 645068 645048 644989 644920 644929 644921 644909 644873 644850 644804 644808 644816 644810 645014 645003 645039 645029 645061 645058 645088 645055 645007 645001 644967 644902 644898 644912 644909 644903 644897 644824 644800 644801 644807 
645011 645042 644991 645075 645061 645061 645015 645011 645036 645085 645073 645057 645027 644989 644963 644966 645106 645100 645014 644965 644933 645025 645069 645092 645049 645043 644958 644934 644930 644922 644939 644962 645081 645075 645056 644973 644953 644924 644901 644985 645073 645052 645020 644991 644926 644927 644923 644933 644926 644927 644898 644904 644917 644959 645056 645113 645154 645038 645032 645043 645001 645016 644904 644915 644901 644871 644976 645025 645072 645104 645141 645153 645155 645071 645074 645029 644994 644997 644991 644957 644931 644897 644899 644891 644887 644899 644857 644870 644968 645012 645020 645069 645058 645079 645028 645008 644949 644880 644889 644885 644878 644885 644881 644841 644845 644853 644847 645051 645040 645077 645101 645117 645119 645048 645015 644967 644961 644927 644862 644858 644872 644869 644863 644860 644857 644837 644838 644844 
644974 645005 644954 645038 645032 645035 645034 644990 644999 645055 645038 645040 645046 644961 644926 644929 645069 645063 645059 644938 644896 644988 645032 645077 645072 645078 645070 644897 644893 644885 644902 644925 645044 645094 645089 645085 644928 644887 644864 644948 645036 645117 645101 645102 645038 645039 644958 644924 644907 644930 644861 644867 644880 644922 645019 645042 645076 645131 645137 645126 645113 645126 645016 645027 644908 644834 644939 644988 645024 645033 645052 645064 645061 645146 645143 645138 645106 645109 645103 645069 645043 645009 645011 644942 644898 644886 644820 644833 644931 644975 644983 645021 645010 645151 645140 645120 645061 644992 645001 644972 644955 644876 644850 644804 644808 644816 644810 645003 644992 645006 644996 645028 645025 645160 645127 645079 645073 645039 644974 644970 644984 644981 644975 644949 644824 644800 644801 644807 
644970 645001 644950 645034 645028 645031 645030 644986 644995 645051 645034 645036 645042 644957 644922 644925 645065 645059 645055 644934 644892 644984 645028 645073 645068 645074 645040 644893 644889 644881 644898 644921 645040 645090 645085 645055 644924 644883 644860 644944 645032 645104 645080 645068 645008 645009 644954 644920 644903 644926 644857 644863 644876 644918 645015 645038 645072 645104 645104 645104 645080 645092 644986 644997 644904 644830 644935 644984 645020 645029 645048 645060 645057 645128 645128 645104 645076 645079 645073 645039 645013 644979 644981 644936 644894 644882 644816 644829 644927 644971 644979 645017 645006 645129 645110 645090 645031 644962 644971 644948 644936 644872 644846 644800 644804 644812 644806 644999 644988 645002 644992 645024 645021 645128 645097 645049 645043 645009 644944 644940 644954 644951 644945 644924 644820 644796 644797 644803 
0 0 644754 644922 0 644916 644914 644826 0 644956 644922 644926 644938 0 0 0 644972 644960 644964 0 644638 644822 644910 645000 0 0 645028 0 0 644616 0 644696 644922 0 645024 645046 644702 644620 0 644742 644906 0 645048 645058 644972 0 644762 644694 0 644706 0 644580 644606 0 0 0 0 0 0 645098 0 0 0 0 644662 644514 644724 644810 0 644844 0 0 0 0 0 645126 0 0 645102 645034 644982 644914 644918 644730 0 0 0 644512 644708 644784 644800 0 644800 0 0 0 645018 644880 644898 644790 644756 0 0 0 644462 0 644466 644786 644764 644790 644770 0 0 0 0 0 0 0 0 0 0 0 0 0 0 644446 0 0 
643627 643682 643619 643740 643721 643724 643699 643631 643688 643757 643739 643729 643723 643578 643566 643572 643747 643741 643736 643531 643506 643689 643734 643779 643773 643779 643756 643466 643500 643484 643518 643564 643722 643796 643791 643777 643509 643444 643409 643610 643714 643819 643802 643795 643732 643715 643539 643493 643464 643499 643406 643436 643474 643558 643693 643682 643716 643833 643839 643828 643821 643831 643688 643691 643453 643379 643581 643631 643653 643673 643692 643704 643701 643800 643797 643842 643853 643850 643851 643794 643742 643674 643678 643499 643431 643419 643317 643380 643565 643605 643621 643647 643625 643792 643843 643863 643778 643640 643658 643541 643512 643397 643359 643289 643305 643337 643334 643611 643589 643627 643631 643668 643665 643823 643851 643803 643791 643734 643604 643596 643624 643593 643599 643494 643309 643273 643286 643316 
643572 643627 643564 643681 643666 643669 643644 643576 643633 643698 643683 643674 643668 643523 643536 643539 643674 643668 643681 643476 643482 643633 643661 643706 643717 643723 643701 643411 643479 643470 643504 643550 643649 643723 643732 643722 643454 643389 643354 643593 643641 643746 643746 643740 643692 643660 643484 643438 643409 643444 643351 643381 643460 643544 643624 643609 643643 643760 643766 643755 643765 643772 643651 643636 643398 643324 643563 643593 643592 643600 643619 643631 643628 643727 643724 643769 643794 643791 643797 643757 643705 643637 643641 643444 643376 643364 643262 643347 643547 643573 643588 643589 643578 643719 643770 643790 643741 643603 643619 643486 643457 643342 643304 643234 643250 643282 643288 643571 643557 643573 643563 643595 643592 643750 643783 643762 643750 643697 643567 643559 643587 643538 643544 643439 643254 643218 643231 643261 
0 0 644757 644925 0 644919 644917 644829 0 644959 644925 644929 644941 0 0 0 644947 644935 644967 0 644641 644825 644909 644999 0 0 645031 0 0 644619 0 644699 644897 0 645027 645049 644705 644623 0 644745 644881 0 645051 645061 645017 0 644765 644697 0 644709 0 644583 644609 0 0 0 0 0 0 645097 0 0 0 0 644665 644517 644727 644785 0 644799 0 0 0 0 0 645125 0 0 645137 645079 645027 644959 644963 644733 0 0 0 644515 644711 644759 644775 0 644755 0 0 0 645063 644925 644943 644793 644759 0 0 0 644465 0 644469 644741 644719 644745 644725 0 0 0 0 0 0 0 0 0 0 0 0 0 0 644449 0 0 
0 0 643590 643630 0 0 643750 0 0 643664 643676 643716 643762 0 0 0 0 0 643788 0 643498 0 643570 643660 0 0 643857 0 0 643476 0 643486 643546 0 643732 643866 643622 643564 0 643496 0 0 643802 0 643865 0 643682 0 0 0 0 0 643430 0 0 0 0 0 0 0 0 0 0 0 643618 0 643432 643434 0 0 0 0 0 0 0 0 0 0 0 643884 643904 643870 643844 643674 0 0 0 0 643416 643408 0 0 643404 0 0 0 643892 643823 643830 643722 643700 0 0 0 0 0 0 0 643368 643394 643374 0 0 0 0 0 0 0 0 0 0 0 0 0 0 643474 0 0 
0 0 643850 643826 0 0 644010 0 0 643860 643874 643926 643986 0 0 0 0 0 644012 0 643764 0 643766 643856 0 0 644118 0 0 643742 0 643696 643742 0 643928 644091 643888 643830 0 643694 0 0 644000 0 644124 0 643948 0 0 0 0 0 643654 0 0 0 0 0 0 0 0 0 0 0 643884 0 643628 643630 0 0 0 0 0 0 0 0 0 0 0 644082 644106 644112 644100 643940 0 0 0 0 643612 643604 0 0 643600 0 0 0 644082 644054 644088 643988 643966 0 0 0 0 0 0 0 643564 643590 643570 0 0 0 0 0 0 0 0 0 0 0 0 0 0 643740 0 0 
0 0 643799 643775 0 0 643959 0 0 643809 643823 643875 643935 0 0 0 0 0 643961 0 643779 0 643715 643805 0 0 644073 0 0 643757 0 643645 643691 0 643877 644043 643950 643892 0 643643 0 0 643949 0 644125 0 644010 0 0 0 0 0 643603 0 0 0 0 0 0 0 0 0 0 0 643946 0 643577 643579 0 0 0 0 0 0 0 0 0 0 0 644058 644096 644166 644174 644002 0 0 0 0 643561 643553 0 0 643549 0 0 0 644066 644073 644172 644050 644028 0 0 0 0 0 0 0 643513 643539 643519 0 0 0 0 0 0 0 0 0 0 0 0 0 0 643802 0 0 
0 0 643850 643826 0 0 644010 0 0 643860 643874 643926 643986 0 0 0 0 0 644012 0 643824 0 643766 643856 0 0 644124 0 0 643802 0 643696 643742 0 643928 644094 643948 643890 0 643694 0 0 644000 0 644168 0 644008 0 0 0 0 0 643654 0 0 0 0 0 0 0 0 0 0 0 643944 0 643628 643630 0 0 0 0 0 0 0 0 0 0 0 644101 644117 644185 644177 644000 0 0 0 0 643612 643604 0 0 643600 0 0 0 644099 644064 644163 644048 644026 0 0 0 0 0 0 0 643564 643590 643570 0 0 0 0 0 0 0 0 0 0 0 0 0 0 643800 0 0 
0 0 644536 644500 0 0 644776 0 0 644551 644572 644650 644740 0 0 0 0 0 0 0 644506 0 644410 644545 0 0 0 0 0 0 0 644305 644374 0 644653 0 644962 644959 0 644302 0 0 644681 0 0 0 0 0 0 0 0 0 644242 0 0 0 0 0 0 0 0 0 0 0 0 0 0 644206 0 0 0 0 0 0 0 0 0 0 0 0 0 0 0 645124 0 0 0 0 0 0 0 0 0 0 0 0 0 0 0 0 645095 0 0 0 0 0 0 0 0 0 644116 0 0 0 0 0 0 0 0 0 0 0 0 0 0 0 0 0 
644444 644434 644368 644392 644452 644458 644506 644510 644386 644426 644428 644464 644494 644526 644312 644318 644382 644370 644499 644552 644324 644328 644344 644429 644472 644478 644467 644542 644318 644302 644264 644238 644332 644446 644465 644458 644568 644558 644548 644248 644316 644441 644457 644452 644459 644484 644598 644588 644595 644594 644542 644482 644184 644232 644282 644254 644320 644427 644421 644432 644438 644429 644437 644496 644620 644488 644194 644220 644220 644236 644272 644296 644292 644402 644405 644418 644407 644410 644404 644418 644416 644454 644480 644616 644634 644622 644541 644414 644178 644194 644210 644214 644192 644374 644393 644397 644410 644389 644494 644586 644603 644636 644601 644509 644517 644524 644476 644178 644156 644182 644162 644224 644220 644379 644380 644380 644374 644388 644419 644439 644477 644546 644540 644609 644549 644501 644503 644515 
644831 644794 644743 644719 644785 644788 644806 644887 644737 644736 644755 644793 644782 644930 644687 644693 644678 644672 644756 644979 644723 644667 644659 644720 644730 644718 644692 645010 644717 644701 644639 644589 644635 644686 644696 644674 645005 645036 645041 644587 644619 644640 644672 644662 644676 644726 644958 645026 645056 645014 645035 644953 644547 644583 644585 644555 644599 644612 644600 644622 644634 644616 644632 644750 645056 644981 644521 644523 644521 644537 644551 644575 644572 644582 644588 644594 644572 644578 644566 644594 644590 644666 644718 644990 645052 645076 645014 644885 644505 644497 644513 644515 644493 644550 644544 644552 644578 644536 644746 644930 644964 645061 645046 644994 644990 644982 644957 644479 644457 644483 644463 644503 644500 644536 644518 644518 644506 644534 644596 644636 644712 644850 644838 644974 645020 644996 644988 644976 
645021 644998 644977 644965 644971 644968 644969 645013 644974 644948 644965 644963 644957 645042 644949 644952 644934 644940 644944 645065 644967 644939 644935 644926 644931 644925 644912 645106 644964 644956 644925 644900 644923 644909 644914 644903 645075 645116 645127 644899 644915 644886 644902 644897 644904 644929 645045 645079 645096 645073 645124 645082 644879 644897 644898 644883 644869 644872 644866 644877 644883 644874 644882 644941 645095 645097 644866 644867 644866 644874 644845 644857 644860 644857 644860 644863 644852 644855 644849 644863 644861 644899 644925 645061 645105 645117 645177 645048 644858 644854 644862 644863 644852 644841 644838 644842 644855 644834 644939 645031 645048 645127 645153 645161 645165 645127 645097 644845 644834 644847 644837 644821 644824 644834 644825 644825 644819 644833 644864 644884 644922 644991 644985 645054 645153 645153 645158 645142 
0 0 642951 642783 0 642789 642791 642879 0 642749 642783 642779 642767 0 0 0 642721 642733 642741 0 643010 642883 642795 642705 0 0 642677 0 0 642999 0 642895 642771 0 642681 642659 643003 643054 0 642882 642787 0 642657 642647 642661 0 642943 643011 0 642999 0 643125 642886 0 0 0 0 0 0 642607 0 0 0 0 642976 643124 642837 642814 0 642725 0 0 0 0 0 642579 0 0 642551 642579 642575 642651 642703 642944 0 0 0 643163 642829 642801 642809 0 642775 0 0 0 642563 642521 642731 642915 642918 0 0 0 643032 0 643136 642768 642757 642758 642703 0 0 0 0 0 0 0 0 0 0 0 0 0 0 642976 0 0 
0 0 644070 644078 0 0 643910 0 0 644044 644044 643994 643934 0 0 0 0 0 643908 0 644090 0 644102 644012 0 0 643796 0 0 644110 0 644214 644090 0 643976 643826 643786 643772 0 644224 0 0 643918 0 643732 0 643726 0 0 0 0 0 644197 0 0 0 0 0 0 0 0 0 0 0 643682 0 644256 644202 0 0 0 0 0 0 0 0 0 0 0 643794 643742 643674 643678 643662 0 0 0 0 644264 644220 0 0 644160 0 0 0 643778 643640 643658 643650 643636 0 0 0 0 0 0 0 644192 644134 644082 0 0 0 0 0 0 0 0 0 0 0 0 0 0 643610 0 0 
0 0 643147 643123 0 0 642987 0 0 643089 643087 643047 642999 0 0 0 0 0 642973 0 643160 0 643171 643081 0 0 642873 0 0 643171 0 643227 643161 0 643021 642891 642947 642957 0 643228 0 0 642961 0 642821 0 642887 0 0 0 0 0 643192 0 0 0 0 0 0 0 0 0 0 0 642879 0 643251 643238 0 0 0 0 0 0 0 0 0 0 0 642847 642807 642775 642791 642847 0 0 0 0 643243 643251 0 0 643205 0 0 0 642831 642717 642783 642823 642821 0 0 0 0 0 0 0 643223 643186 643148 0 0 0 0 0 0 0 0 0 0 0 0 0 0 642842 0 0 
0 0 637200 637168 0 637126 637042 637034 0 637134 637144 637116 637066 0 0 0 637154 637166 637040 0 637152 637238 637204 637114 0 0 636928 0 0 637152 0 637238 637204 0 637066 636958 636918 636904 0 637238 637220 0 637018 636984 636864 0 636858 636878 0 636866 0 636992 637178 0 0 0 0 0 0 637016 0 0 0 0 636814 636960 637238 637238 0 637230 0 0 0 0 0 636988 0 0 636936 636916 636874 636806 636810 636794 0 0 0 637008 637222 637238 637238 0 637238 0 0 0 636900 636772 636790 636782 636768 0 0 0 636822 0 636936 637238 637238 637238 637238 0 0 0 0 0 0 0 0 0 0 0 0 0 0 636742 0 0 
644885 644919 644973 644997 644913 644907 644813 644805 644979 644963 644949 644897 644837 644767 644981 644981 645031 645043 644811 644717 644933 645049 645057 644967 644881 644869 644699 644703 644927 644911 644945 644991 645081 644933 644895 644729 644689 644675 644673 645037 645097 644887 644823 644765 644635 644637 644629 644649 644635 644637 644679 644763 644901 644985 645125 645067 644951 644859 644847 644869 644785 644815 644591 644613 644585 644733 645019 645117 645127 645085 644903 644927 644933 644925 644931 644841 644771 644777 644765 644697 644645 644577 644581 644565 644557 644581 644569 644789 645003 645091 645107 645127 645127 644895 644839 644799 644681 644543 644561 644553 644539 644553 644557 644553 644593 644673 644717 645123 645101 645103 645055 644855 644861 644879 644813 644717 644705 644637 644507 644499 644527 644521 644509 644503 644513 644513 644559 644643 
0 0 643753 643765 0 0 643673 0 0 643748 643741 643715 643685 0 0 0 0 0 643672 0 643732 0 643795 643750 0 0 643616 0 0 643721 0 643772 643807 0 643714 643631 643540 643509 0 643795 0 0 643678 0 643584 0 643510 0 0 0 0 0 643727 0 0 0 0 0 0 0 0 0 0 0 643452 0 643786 643835 0 0 0 0 0 0 0 0 0 0 0 643615 643589 643544 643534 643454 0 0 0 0 643778 643822 0 0 643868 0 0 0 643607 643538 643512 643460 643441 0 0 0 0 0 0 0 643850 643881 643843 0 0 0 0 0 0 0 0 0 0 0 0 0 0 643344 0 0 
645004 645035 644984 645068 645062 645065 645064 645020 645029 645085 645068 645070 645076 644991 644956 644959 645098 645092 645089 644968 644926 645018 645062 645107 645102 645108 645047 644927 644923 644915 644932 644955 645073 645124 645119 645062 644958 644917 644894 644978 645065 645141 645109 645080 645015 645016 644988 644954 644937 644960 644891 644897 644910 644952 645048 645056 645090 645127 645121 645132 645090 645105 644993 645004 644938 644864 644969 645017 645039 645047 645066 645078 645075 645147 645150 645118 645083 645086 645080 645046 645020 644986 644988 644972 644928 644916 644850 644863 644961 645004 645012 645036 645025 645142 645116 645097 645038 644969 644978 644974 644967 644906 644880 644834 644838 644846 644840 645018 645007 645020 645010 645042 645039 645124 645103 645056 645050 645016 644951 644947 644961 644958 644952 644949 644854 644830 644831 644837 
644751 644813 644711 644879 644867 644873 644871 644783 644801 644913 644879 644883 644895 644725 644655 644661 644939 644927 644921 644679 644595 644779 644867 644957 644947 644959 644985 644597 644589 644573 644607 644653 644889 644991 644981 645003 644659 644577 644531 644699 644873 645037 645005 645015 644969 644945 644719 644651 644617 644663 644525 644537 644563 644647 644839 644834 644902 645065 645077 645055 645043 645061 644930 644921 644619 644471 644681 644777 644800 644816 644854 644878 644872 645058 645052 645083 645089 645089 645089 645036 644984 644916 644919 644687 644599 644575 644443 644469 644665 644751 644767 644794 644772 645054 645131 645113 645020 644882 644897 644747 644713 644555 644503 644411 644419 644435 644423 644758 644736 644762 644742 644806 644800 645104 645135 645056 645044 644976 644846 644838 644866 644825 644825 644701 644451 644403 644405 644417 
643630 643685 643622 643731 643724 643727 643702 643634 643691 643748 643742 643732 643726 643581 643571 643577 643714 643708 643739 643534 643511 643692 643701 643746 643776 643782 643759 643469 643505 643489 643523 643569 643689 643763 643782 643780 643512 643447 643412 643615 643681 643786 643805 643798 643731 643718 643542 643496 643467 643502 643409 643439 643479 643563 643662 643649 643683 643800 643806 643795 643824 643822 643688 643694 643456 643382 643574 643600 643622 643640 643659 643671 643668 643767 643764 643809 643836 643839 643833 643794 643742 643674 643678 643502 643434 643422 643320 643385 643558 643574 643590 643616 643594 643759 643810 643826 643778 643640 643658 643544 643515 643400 643362 643292 643308 643340 643339 643580 643558 643596 643600 643635 643632 643790 643809 643791 643779 643734 643604 643596 643624 643596 643596 643497 643312 643276 643289 643319 
0 0 643527 643614 0 0 643687 0 0 643648 643659 643675 643699 0 0 0 0 0 643725 0 643435 0 643554 643644 0 0 643801 0 0 643413 0 643445 643530 0 643716 643807 643559 643501 0 643479 0 0 643785 0 643829 0 643619 0 0 0 0 0 643367 0 0 0 0 0 0 0 0 0 0 0 643555 0 643416 643418 0 0 0 0 0 0 0 0 0 0 0 643870 643872 643834 643808 643611 0 0 0 0 643400 643392 0 0 643388 0 0 0 643878 643849 643794 643659 643637 0 0 0 0 0 0 0 643352 643378 643358 0 0 0 0 0 0 0 0 0 0 0 0 0 0 643411 0 0 
0 0 643742 643731 0 0 643902 0 0 643765 643779 643831 643890 0 0 0 0 0 643916 0 643652 0 643671 643761 0 0 644016 0 0 643630 0 643601 643647 0 643833 643998 643776 643718 0 643599 0 0 643905 0 644046 0 643836 0 0 0 0 0 643558 0 0 0 0 0 0 0 0 0 0 0 643772 0 643533 643535 0 0 0 0 0 0 0 0 0 0 0 644031 644076 644064 644028 643828 0 0 0 0 643517 643509 0 0 643505 0 0 0 644047 644108 644012 643876 643854 0 0 0 0 0 0 0 643469 643495 643475 0 0 0 0 0 0 0 0 0 0 0 0 0 0 643628 0 0 
0 0 644182 644146 0 0 644422 0 0 644197 644218 644296 644386 0 0 0 0 0 0 0 644152 0 644056 644191 0 0 0 0 0 0 0 643951 644020 0 644299 0 644456 644381 0 643948 0 0 644407 0 0 0 0 0 0 0 0 0 643888 0 0 0 0 0 0 0 0 0 0 0 0 0 0 643852 0 0 0 0 0 0 0 0 0 0 0 0 0 0 0 644546 0 0 0 0 0 0 0 0 0 0 0 0 0 0 644727 0 644585 0 0 0 0 0 0 0 0 0 643762 0 0 0 0 0 0 0 0 0 0 0 0 0 0 0 0 0 
0 0 643815 643791 0 0 643965 0 0 643825 643839 643891 643941 0 0 0 0 0 643954 0 643795 0 643731 643821 0 0 643985 0 0 643773 0 643661 643707 0 643876 643961 644088 644078 0 643659 0 0 643913 0 643975 0 644130 0 0 0 0 0 643619 0 0 0 0 0 0 0 0 0 0 0 644130 0 643593 643595 0 0 0 0 0 0 0 0 0 0 0 643893 643889 643965 644017 644162 0 0 0 0 643577 643569 0 0 643565 0 0 0 643877 643835 644045 644154 644166 0 0 0 0 0 0 0 643529 643555 643535 0 0 0 0 0 0 0 0 0 0 0 0 0 0 643990 0 0 
0 0 642130 642106 0 0 642290 0 0 642140 642154 642206 642266 0 0 0 0 0 0 0 642110 0 642046 642136 0 0 0 0 0 0 0 641976 642022 0 642208 0 642414 642406 0 641974 0 0 642248 0 0 0 0 0 0 0 0 0 641934 0 0 0 0 0 0 0 0 0 0 0 0 0 0 641910 0 0 0 0 0 0 0 0 0 0 0 0 0 0 0 642516 0 0 0 0 0 0 0 0 0 0 0 0 0 0 0 0 642518 0 0 0 0 0 0 0 0 0 641850 0 0 0 0 0 0 0 0 0 0 0 0 0 0 0 0 0 
644506 644472 644418 644394 644478 644482 644543 644581 644412 644428 644442 644487 644519 644624 644362 644368 644360 644348 644506 644673 644398 644342 644334 644416 644469 644463 644486 644688 644392 644376 644314 644264 644310 644423 644440 644465 644699 644716 644718 644262 644294 644400 644440 644447 644490 644527 644703 644731 644750 644737 644712 644628 644222 644258 644260 644230 644293 644386 644380 644391 644421 644400 644468 644551 644787 644658 644196 644198 644196 644212 644245 644269 644266 644347 644350 644377 644378 644381 644375 644413 644423 644497 644535 644743 644811 644801 644732 644560 644180 644172 644188 644190 644168 644319 644340 644356 644405 644408 644561 644701 644730 644815 644792 644700 644708 644706 644658 644154 644132 644158 644138 644197 644194 644324 644327 644351 644345 644383 644462 644494 644544 644649 644643 644748 644740 644692 644694 644706 
645018 645001 644974 644962 645004 645005 645006 645050 644971 644979 644986 645000 644994 645077 644946 644949 644945 644939 644981 645102 644964 644936 644932 644963 644968 644962 644949 645109 644961 644953 644922 644897 644920 644946 644951 644940 645112 645123 645124 644896 644912 644923 644939 644934 644941 644966 645082 645116 645133 645110 645121 645079 644876 644894 644895 644880 644906 644909 644903 644914 644920 644911 644919 644978 645132 645094 644863 644864 644863 644871 644882 644894 644897 644894 644897 644900 644889 644892 644886 644900 644898 644936 644962 645098 645142 645154 645140 645045 644855 644851 644859 644860 644849 644878 644875 644879 644892 644871 644976 645068 645085 645164 645170 645124 645128 645124 645094 644842 644831 644844 644834 644858 644861 644871 644862 644862 644856 644870 644901 644921 644959 645028 645022 645091 645144 645120 645121 645127 
645012 644983 644968 644950 644956 644953 644954 644998 644965 644933 644950 644948 644942 645027 644940 644943 644919 644925 644929 645050 644958 644930 644926 644911 644916 644910 644897 645091 644955 644947 644916 644891 644914 644894 644899 644888 645060 645101 645118 644890 644906 644871 644887 644882 644889 644914 645030 645064 645081 645058 645115 645073 644870 644888 644889 644874 644854 644857 644851 644862 644868 644859 644867 644926 645080 645088 644857 644858 644857 644865 644830 644842 644845 644842 644845 644848 644837 644840 644834 644848 644846 644884 644910 645046 645090 645102 645168 645039 644849 644845 644853 644854 644843 644826 644823 644827 644840 644819 644924 645016 645033 645112 645138 645176 645158 645118 645088 644836 644825 644838 644828 644806 644809 644819 644810 644810 644804 644818 644849 644869 644907 644976 644970 645039 645162 645162 645173 645133 
0 0 644566 644473 0 644524 644536 644664 0 644456 644497 644516 644500 0 0 0 644394 644400 644461 0 644536 644452 644431 644406 0 0 644365 0 0 644503 0 644335 644395 0 644371 644338 644847 644936 0 644332 644380 0 644335 644320 644341 0 644764 644866 0 644848 0 644881 644272 0 0 0 0 0 0 644260 0 0 0 0 644914 644926 644233 644236 0 644257 0 0 0 0 0 644218 0 0 644176 644218 644212 644326 644404 644812 0 0 0 644779 644209 644197 644221 0 644191 0 0 0 644194 644131 644446 644722 644773 0 0 0 645054 0 644926 644170 644137 644176 644146 0 0 0 0 0 0 0 0 0 0 0 0 0 0 645030 0 0 
644862 644800 644802 644734 644746 644740 644742 644830 644793 644700 644734 644730 644718 644888 644746 644752 644672 644684 644692 644934 644782 644726 644718 644656 644666 644654 644628 645016 644776 644760 644698 644648 644694 644622 644632 644610 644954 645036 645082 644646 644678 644576 644608 644598 644612 644662 644894 644962 644996 644950 645085 645012 644606 644642 644644 644614 644542 644548 644536 644558 644570 644552 644568 644686 644994 645042 644580 644582 644580 644596 644494 644518 644524 644518 644524 644530 644508 644514 644502 644530 644526 644602 644654 644926 645014 645038 645130 644944 644564 644556 644572 644574 644552 644486 644480 644488 644514 644472 644682 644866 644900 645058 645098 645114 645138 645102 645042 644538 644516 644542 644522 644446 644452 644472 644454 644454 644442 644470 644532 644572 644648 644786 644774 644912 645074 645074 645117 645120 
0 0 642946 642778 0 642784 642786 642874 0 642744 642778 642774 642762 0 0 0 642716 642728 642736 0 642967 642876 642790 642700 0 0 642672 0 0 642956 0 642852 642766 0 642676 642654 642998 643080 0 642839 642782 0 642652 642642 642656 0 642938 643006 0 642994 0 643120 642843 0 0 0 0 0 0 642602 0 0 0 0 643031 643179 642794 642771 0 642720 0 0 0 0 0 642574 0 0 642546 642574 642570 642646 642698 642970 0 0 0 643120 642786 642758 642766 0 642732 0 0 0 642558 642516 642726 642910 642944 0 0 0 643113 0 643186 642725 642714 642715 642681 0 0 0 0 0 0 0 0 0 0 0 0 0 0 643057 0 0 
0 0 644366 644390 0 0 644206 644198 0 644356 644342 644290 644230 0 0 0 0 0 644204 0 644376 644442 644450 644360 0 0 644092 0 0 644356 0 644420 644474 0 644288 644122 644082 644040 0 644488 0 0 644216 644158 644028 0 644022 0 0 0 0 0 644264 0 0 0 0 0 0 0 0 0 0 0 643926 0 644428 644568 0 0 0 0 0 0 0 0 0 0 0 644090 644038 643970 643974 643930 0 0 0 0 644396 644524 0 0 644598 0 0 0 644074 643936 643954 643942 643904 0 0 0 0 0 0 644598 644570 644548 644424 0 0 0 0 0 0 0 0 0 0 0 0 0 0 643710 0 0 
0 0 632771 632743 0 0 632471 0 0 632675 632671 632591 632495 0 0 0 0 0 632443 0 632774 0 632839 632659 0 0 632243 0 0 632785 0 632883 632862 0 632539 632279 632391 632411 0 632902 0 0 632419 0 632139 0 632271 0 0 0 0 0 632826 0 0 0 0 0 0 0 0 0 0 0 632255 0 632921 632969 0 0 0 0 0 0 0 0 0 0 0 632191 632111 632047 632079 632191 0 0 0 0 632913 632980 0 0 632984 0 0 0 632159 631915 632063 632143 632139 0 0 0 0 0 0 0 633002 632965 632918 0 0 0 0 0 0 0 0 0 0 0 0 0 0 632196 0 0 
0 0 639618 639643 0 0 639551 0 0 639626 639619 639593 639563 0 0 0 0 0 639550 0 639594 0 639673 639628 0 0 639494 0 0 639594 0 639642 639685 0 639592 639509 639489 639482 0 639654 0 0 639556 0 639462 0 639459 0 0 0 0 0 639630 0 0 0 0 0 0 0 0 0 0 0 639437 0 639666 639690 0 0 0 0 0 0 0 0 0 0 0 639493 639467 639433 639435 639427 0 0 0 0 639666 639690 0 0 639714 0 0 0 639485 639416 639425 639421 639414 0 0 0 0 0 0 0 639714 639726 639730 0 0 0 0 0 0 0 0 0 0 0 0 0 0 639401 0 0 
0 0 0 0 0 0 0 0 0 0 0 0 0 0 0 0 0 0 0 0 0 0 0 0 0 0 0 0 0 0 0 643141 0 0 0 0 0 0 0 0 0 0 0 0 0 0 0 0 0 0 0 0 0 0 0 0 0 0 0 0 0 0 0 0 0 0 0 0 0 0 0 0 0 0 0 0 0 0 0 0 0 0 0 0 0 0 0 0 0 0 0 0 0 0 0 0 0 0 0 0 0 0 0 0 0 0 0 0 0 0 643334 0 0 0 0 0 0 0 0 0 0 0 0 0 0 0 0 0 
644978 645009 644958 645042 645028 645026 644979 644975 645003 645052 645040 645021 644991 644956 644930 644933 645073 645067 644978 644931 644900 644992 645036 645056 645013 645007 644922 644901 644897 644889 644906 644929 645048 645039 645020 644937 644917 644891 644868 644952 645040 645016 644984 644955 644890 644891 644887 644897 644890 644891 644865 644871 644884 644926 645023 645080 645119 645002 644996 645007 644965 644980 644868 644879 644865 644838 644943 644992 645039 645071 645130 645130 645133 645035 645038 644993 644958 644961 644955 644921 644895 644861 644863 644855 644851 644863 644824 644837 644935 644979 644987 645036 645025 645043 644992 644972 644913 644844 644853 644849 644842 644849 644848 644808 644812 644820 644814 645018 645007 645044 645081 645129 645132 645012 644979 644931 644925 644891 644826 644822 644836 644833 644827 644824 644824 644804 644805 644811 
644940 644971 644920 645004 644992 644990 644943 644939 644965 645016 645004 644985 644955 644920 644892 644895 645035 645029 644942 644895 644862 644954 644998 645020 644977 644971 644886 644863 644859 644851 644868 644891 645010 645003 644984 644901 644881 644853 644830 644914 645002 644980 644948 644919 644854 644855 644851 644861 644854 644855 644827 644833 644846 644888 644985 645042 645083 644966 644960 644971 644929 644944 644832 644843 644829 644800 644905 644954 645001 645033 645107 645095 645098 644999 645002 644957 644922 644925 644919 644885 644859 644825 644827 644819 644815 644827 644786 644799 644897 644941 644949 644998 644987 645007 644956 644936 644877 644808 644817 644813 644806 644813 644812 644770 644774 644782 644776 644980 644969 645006 645044 645131 645134 644976 644943 644895 644889 644855 644790 644786 644800 644797 644791 644788 644788 644766 644767 644773 
644952 644983 644932 645016 645010 645013 645012 644968 644977 645033 645016 645018 645024 644939 644904 644907 645047 645041 645037 644916 644874 644966 645010 645055 645050 645056 645052 644875 644871 644863 644880 644903 645022 645072 645067 645064 644906 644865 644842 644926 645014 645095 645079 645076 645036 645028 644936 644902 644885 644908 644839 644845 644858 644900 644997 645017 645051 645109 645112 645104 645088 645100 645014 645016 644886 644812 644917 644966 645000 645008 645027 645039 645036 645124 645121 645112 645100 645100 645100 645067 645041 645007 645009 644920 644876 644864 644798 644811 644909 644953 644961 644997 644986 645127 645124 645112 645059 644990 644999 644950 644933 644854 644828 644782 644786 644794 644788 644979 644968 644981 644971 645003 645000 645136 645124 645077 645071 645037 644972 644968 644982 644968 644968 644927 644802 644778 644779 644785 
644853 644915 644813 644937 644969 644975 644973 644885 644903 644971 644961 644985 644997 644827 644757 644763 644927 644915 645023 644781 644697 644861 644901 644991 645029 645041 645045 644699 644691 644675 644709 644755 644877 645025 645039 645069 644761 644679 644633 644781 644861 645071 645087 645093 645021 644997 644821 644753 644719 644765 644627 644639 644665 644749 644827 644797 644865 645097 645097 645089 645097 645097 644993 644973 644721 644573 644739 644765 644763 644779 644817 644841 644835 645033 645027 645097 645097 645097 645097 645093 645047 644979 644973 644789 644701 644677 644545 644571 644723 644739 644755 644757 644735 645017 645073 645097 645083 644945 644949 644849 644815 644657 644605 644513 644521 644537 644525 644721 644699 644725 644705 644769 644763 645049 645073 645075 645063 645039 644909 644901 644929 644877 644877 644803 644553 644505 644507 644519 
644936 644967 644916 644989 644994 644997 644996 644952 644961 645006 645000 645002 645008 644923 644888 644891 644996 644990 645021 644900 644858 644950 644971 645016 645034 645040 645016 644859 644855 644847 644864 644887 644971 645033 645040 645028 644890 644849 644826 644910 644963 645053 645052 645040 645004 644992 644920 644886 644869 644892 644823 644829 644842 644884 644946 644932 644966 645053 645053 645053 645052 645053 645004 644980 644870 644796 644890 644915 644915 644923 644942 644954 644951 645042 645042 645053 645053 645053 645053 645040 645028 644992 644980 644904 644860 644848 644782 644795 644882 644902 644910 644912 644901 645030 645053 645053 645040 644992 644968 644920 644908 644838 644812 644766 644770 644778 644772 644894 644883 644896 644886 644918 644915 645042 645053 645053 645053 645039 644974 644970 644968 644932 644932 644896 644786 644762 644763 644769 
644743 644805 644703 644869 644859 644865 644863 644775 644793 644903 644871 644875 644887 644717 644647 644653 644863 644851 644913 644671 644587 644771 644833 644923 644939 644951 644977 644589 644581 644565 644599 644645 644813 644957 644971 644995 644651 644569 644523 644691 644797 645003 644997 645007 644993 644943 644711 644643 644609 644655 644517 644529 644555 644639 644763 644733 644801 645031 645043 645021 645035 645051 645013 644919 644611 644463 644671 644701 644699 644715 644753 644777 644771 644969 644963 645049 645095 645089 645101 645075 645061 644989 644951 644679 644591 644567 644435 644461 644655 644675 644691 644693 644671 644953 645055 645091 645085 645009 644923 644739 644705 644547 644495 644403 644411 644427 644415 644657 644635 644661 644641 644705 644699 645015 645081 645131 645131 645085 644973 644965 644941 644819 644831 644693 644443 644395 644397 644409 
644308 644339 644288 644334 644366 644369 644368 644324 644333 644351 644358 644374 644380 644295 644242 644248 644311 644305 644393 644272 644206 644308 644304 644349 644392 644398 644425 644231 644200 644184 644194 644216 644286 644366 644385 644434 644262 644221 644198 644236 644278 644389 644421 644440 644433 644408 644292 644258 644241 644264 644195 644201 644138 644210 644261 644210 644232 644403 644409 644398 644440 644425 644455 644396 644242 644168 644182 644202 644200 644201 644184 644208 644205 644352 644349 644412 644447 644444 644450 644474 644476 644438 644412 644276 644232 644220 644154 644152 644166 644176 644192 644194 644172 644332 644407 644433 644482 644443 644398 644306 644289 644210 644184 644138 644142 644150 644142 644158 644136 644162 644140 644136 644133 644375 644420 644474 644480 644490 644425 644421 644415 644346 644352 644283 644158 644134 644135 644141 
644234 644219 644158 644180 644222 644225 644272 644274 644176 644197 644204 644230 644260 644221 644102 644108 644140 644134 644273 644174 644112 644118 644123 644184 644238 644244 644329 644109 644106 644090 644054 644028 644099 644201 644231 644314 644152 644087 644048 644038 644083 644224 644267 644296 644361 644358 644182 644136 644107 644142 644042 644054 643974 644022 644049 644019 644061 644238 644244 644233 644286 644271 644383 644334 644096 643988 643984 643987 643985 644001 644013 644037 644034 644181 644178 644247 644293 644290 644296 644330 644356 644388 644350 644142 644074 644062 643960 643986 643968 643961 643977 643979 643957 644161 644236 644268 644338 644403 644324 644184 644155 644040 644002 643928 643936 643952 643940 643943 643921 643947 643927 643965 643962 644204 644249 644320 644326 644360 644423 644391 644341 644236 644242 644137 643952 643916 643922 643934 
644241 644231 644165 644189 644249 644255 644325 644309 644183 644223 644225 644265 644313 644293 644109 644115 644155 644143 644339 644247 644121 644125 644129 644219 644293 644305 644439 644165 644115 644099 644061 644035 644105 644253 644291 644421 644227 644145 644099 644045 644089 644299 644351 644397 644491 644477 644287 644219 644185 644231 644093 644105 643981 644029 644055 644025 644093 644327 644339 644317 644389 644371 644535 644489 644187 644039 643991 643993 643991 644007 644045 644069 644063 644261 644255 644345 644415 644409 644421 644465 644505 644537 644521 644255 644167 644143 644011 644037 643975 643967 643983 643985 643963 644245 644347 644387 644481 644548 644499 644315 644281 644123 644071 643979 643987 644003 643991 643949 643927 643953 643933 643997 643991 644307 644373 644469 644481 644521 644578 644590 644533 644395 644407 644269 644019 643971 643973 643985 
644205 644195 644129 644153 644213 644219 644289 644273 644147 644187 644189 644229 644277 644277 644073 644079 644142 644130 644303 644233 644085 644089 644105 644195 644257 644269 644378 644151 644079 644063 644025 643999 644092 644229 644255 644363 644213 644131 644085 644009 644076 644275 644315 644345 644410 644409 644273 644205 644171 644217 644079 644091 643945 643993 644042 644012 644080 644298 644304 644293 644335 644320 644432 644421 644173 644025 643955 643980 643978 643994 644032 644056 644050 644248 644242 644307 644342 644339 644345 644379 644405 644439 644437 644241 644153 644129 643997 644023 643939 643954 643970 643972 643950 644232 644307 644328 644387 644384 644437 644299 644267 644109 644057 643965 643973 643989 643977 643936 643914 643940 643920 643984 643978 644275 644320 644369 644369 644383 644414 644434 644454 644351 644357 644252 644005 643957 643959 643971 
644815 644781 644727 644703 644787 644793 644887 644895 644721 644737 644751 644803 644863 644933 644671 644677 644669 644657 644889 644972 644707 644651 644643 644733 644819 644831 644959 644941 644701 644685 644623 644573 644619 644767 644805 644935 644988 644921 644875 644571 644603 644810 644866 644907 644959 645007 645048 644995 644961 645007 644869 644881 644531 644567 644569 644539 644607 644824 644830 644819 644885 644858 644915 645031 644963 644815 644505 644507 644505 644521 644559 644583 644577 644767 644764 644833 644855 644861 644849 644877 644873 644949 645001 645031 644943 644919 644787 644813 644489 644481 644497 644499 644477 644747 644815 644835 644861 644819 645029 645077 645048 644899 644847 644755 644763 644779 644767 644463 644441 644467 644447 644511 644505 644790 644801 644801 644789 644817 644879 644919 644995 645104 645098 645030 644795 644747 644749 644761 
644244 644222 644168 644144 644228 644234 644328 644312 644162 644178 644192 644244 644304 644326 644112 644118 644110 644098 644330 644339 644124 644092 644084 644174 644260 644272 644418 644281 644118 644102 644064 644014 644060 644208 644246 644391 644343 644261 644215 644012 644044 644254 644318 644361 644440 644449 644403 644335 644301 644347 644209 644221 643972 644008 644010 643980 644048 644278 644284 644272 644339 644312 644418 644461 644303 644155 643946 643948 643946 643962 644000 644024 644018 644216 644210 644287 644334 644331 644337 644375 644385 644435 644461 644371 644283 644259 644127 644153 643930 643922 643938 643940 643918 644200 644276 644308 644367 644370 644475 644430 644397 644239 644187 644095 644103 644119 644107 643904 643882 643908 643888 643952 643946 644244 644289 644313 644307 644345 644400 644420 644458 644482 644488 644383 644135 644087 644089 644101 
644673 644663 644597 644597 644681 644687 644757 644741 644615 644631 644645 644697 644745 644755 644541 644547 644563 644551 644771 644781 644553 644545 644537 644627 644713 644725 644800 644771 644547 644531 644493 644467 644513 644661 644699 644788 644797 644787 644775 644465 644497 644698 644752 644776 644788 644824 644857 644825 644827 644837 644769 644711 644413 644461 644463 644433 644501 644704 644704 644704 644752 644728 644744 644836 644863 644715 644399 644401 644399 644415 644453 644477 644471 644655 644652 644704 644720 644726 644714 644742 644726 644766 644806 644895 644855 644831 644735 644643 644383 644375 644391 644393 644371 644632 644680 644700 644726 644660 644822 644896 644908 644823 644783 644715 644711 644703 644679 644357 644335 644361 644341 644405 644399 644656 644666 644666 644654 644682 644696 644724 644788 644884 644878 644918 644755 644713 644709 644697 
644948 644931 644904 644892 644934 644937 644970 644988 644901 644909 644916 644942 644958 645007 644876 644879 644875 644869 644945 645032 644894 644866 644862 644907 644932 644926 644913 645039 644891 644883 644852 644827 644850 644910 644915 644904 645046 645053 645054 644826 644842 644887 644903 644898 644905 644930 645046 645066 645073 645072 645051 645009 644806 644824 644825 644810 644844 644873 644867 644878 644884 644875 644883 644942 645096 645024 644793 644794 644793 644801 644820 644832 644829 644858 644861 644864 644853 644856 644850 644864 644862 644900 644926 645062 645106 645100 645106 644975 644785 644781 644789 644790 644779 644842 644839 644843 644856 644835 644940 645032 645049 645114 645112 645114 645094 645054 645024 644772 644761 644774 644764 644796 644793 644835 644826 644826 644820 644834 644865 644885 644923 644992 644986 645055 645134 645134 645111 645069 
0 0 644426 644354 0 0 644452 0 0 644360 644397 644416 644416 0 0 0 0 0 644384 0 644396 0 644289 644306 0 0 644288 0 0 644363 0 644195 644253 0 644294 644261 644748 644827 0 644192 0 0 644258 0 644264 0 644687 0 0 0 0 0 644132 0 0 0 0 0 0 0 0 0 0 0 644824 0 644093 644096 0 0 0 0 0 0 0 0 0 0 0 644141 644135 644249 644327 644735 0 0 0 0 644069 644057 0 0 644051 0 0 0 644117 644054 644369 644645 644696 0 0 0 0 0 0 0 643997 644036 644006 0 0 0 0 0 0 0 0 0 0 0 0 0 0 644965 0 0 
642405 642374 642371 642341 642347 642344 642345 642389 642368 642324 642341 642339 642333 642418 642343 642346 642310 642316 642320 642441 642361 642333 642329 642302 642307 642301 642288 642482 642358 642350 642319 642294 642317 642285 642290 642279 642451 642492 642515 642293 642309 642262 642278 642273 642280 642305 642421 642455 642472 642449 642518 642476 642273 642291 642292 642277 642245 642248 642242 642253 642259 642250 642258 642317 642471 642491 642260 642261 642260 642268 642221 642233 642236 642233 642236 642239 642228 642231 642225 642239 642237 642275 642301 642437 642481 642493 642559 642442 642252 642248 642256 642257 642246 642217 642214 642218 642231 642210 642315 642407 642424 642503 642529 642575 642561 642521 642491 642239 642228 642241 642231 642197 642200 642210 642201 642201 642195 642209 642240 642260 642298 642367 642361 642430 642555 642569 642578 642536 
644852 644790 644795 644724 644736 644730 644732 644820 644788 644690 644724 644720 644708 644878 644739 644745 644662 644674 644682 644924 644775 644719 644711 644646 644656 644644 644618 645006 644769 644753 644691 644641 644687 644612 644622 644600 644944 645026 645072 644639 644671 644566 644598 644588 644602 644652 644884 644952 644986 644940 645076 645005 644599 644635 644637 644607 644532 644538 644526 644548 644560 644542 644558 644676 644984 645035 644573 644575 644573 644589 644484 644508 644514 644508 644514 644520 644498 644504 644492 644520 644516 644592 644644 644916 645004 645028 645146 644937 644557 644549 644565 644567 644545 644476 644470 644478 644504 644462 644672 644856 644890 645048 645100 645131 645158 645095 645035 644531 644509 644535 644515 644436 644442 644462 644444 644444 644432 644460 644522 644562 644638 644776 644764 644902 645091 645091 645135 645125 
