643766 643763 643773 643733 643736 643703 643765 643782 643774 643716 643674 643645 643749 643794 643752 643754 643766 643666 643630 643736 643739 643645 643744 643757 643725 643722 643720 643636 643630 643627 643587 643691 643707 643701 643715 643721 643580 643561 643571 643550 643542 643581 643578 643594 643661 643683 643686 643694 643691 643692 643596 643587 643584 643559 643555 643511 643508 643529 643569 643592 643599 643677 643683 643703 643710 643665 643680 643683 643575 643541 643530 643533 643524 643540 643547 643563 643568 643530 643536 643687 643697 643512 643470 643504 643510 643548 643629 643631 643685 643684 643639 643647 643512 643490 643416 643410 643478 643498 643498 643504 643494 643482 643508 643514 643502 643669 643668 643660 643639 643623 643635 643629 643493 643442 643434 643446 643421 643410 643423 643435 643455 643464 643460 643593 643617 643647 643458 643461 
644087 644090 644070 644088 644091 644056 644062 644077 644053 644071 644029 643970 644046 644065 644051 644083 644095 644021 643937 644043 644068 644000 644039 644028 644054 644051 644049 643991 643985 643982 643932 643986 644002 644030 644044 644050 643935 643916 643926 643873 643881 643878 643875 643891 643956 643978 643987 644023 644020 644021 643951 643942 643939 643914 643910 643864 643863 643826 643866 643889 643896 643948 643954 643974 643981 643936 643957 644012 643930 643896 643885 643888 643879 643837 643844 643860 643865 643827 643833 643958 643958 643867 643825 643801 643807 643845 643900 643902 643956 643945 643922 643954 643867 643845 643767 643765 643775 643795 643795 643801 643791 643779 643805 643811 643799 643940 643929 643897 643854 643894 643894 643912 643848 643797 643789 643801 643776 643707 643720 643732 643752 643761 643757 643864 643888 643872 643813 643816 
0 0 644853 644746 0 644747 644853 644869 644820 0 644710 644703 644829 644861 0 0 0 0 0 0 644741 0 0 0 0 0 0 0 0 0 0 644749 644771 0 0 0 0 0 0 644567 0 0 0 0 644704 0 0 0 0 644648 0 0 0 0 0 0 0 0 0 644625 0 0 644711 644747 644728 0 0 644626 0 0 0 0 0 644583 0 0 0 644574 644541 644723 0 0 0 0 0 0 644635 0 0 0 0 0 644362 0 0 0 0 644526 0 0 0 0 0 0 0 644639 644625 0 0 0 0 0 0 0 0 0 0 0 0 644421 0 644475 0 644569 0 0 0 0 
0 0 0 645087 0 644962 0 0 0 0 0 0 0 0 0 0 0 0 0 0 644943 0 0 0 0 0 0 0 0 0 0 0 0 0 0 0 0 0 0 0 0 0 0 0 0 0 0 0 0 644702 0 0 0 0 0 0 0 0 0 0 0 0 0 0 644446 0 0 0 0 0 0 0 0 644289 0 0 0 644199 644214 0 0 0 0 0 0 0 0 0 0 0 0 0 0 0 0 0 0 644119 0 0 0 0 0 0 0 0 644236 0 0 0 0 0 0 0 0 0 0 0 0 644004 0 0 0 0 0 0 0 0 
644664 644670 644630 644698 644701 644686 644614 644603 644555 644681 644672 644586 644582 644579 644551 644638 644662 644668 644544 644535 644611 644647 644527 644505 644597 644594 644616 644638 644632 644629 644558 644471 644487 644509 644599 644605 644582 644563 644573 644488 644504 644474 644468 644442 644441 644463 644443 644530 644527 644516 644598 644589 644586 644561 644557 644494 644500 644418 644426 644442 644412 644421 644427 644435 644411 644389 644407 644495 644577 644543 644532 644535 644526 644416 644406 644414 644418 644380 644386 644419 644385 644514 644472 644392 644360 644398 644349 644363 644361 644359 644393 644435 644514 644492 644396 644408 644364 644348 644348 644354 644344 644332 644358 644364 644352 644329 644327 644311 644297 644375 644353 644393 644495 644444 644436 644448 644423 644300 644302 644302 644318 644314 644310 644289 644301 644285 644460 644463 
0 0 0 0 0 643503 0 0 0 0 0 0 0 0 0 0 0 0 0 0 0 0 0 0 0 0 0 0 0 0 0 0 0 0 0 0 0 0 0 0 0 0 0 0 0 0 0 0 0 642946 0 0 0 0 0 0 0 0 0 0 0 0 0 0 643099 0 0 0 0 0 0 0 0 0 0 0 0 643002 642779 0 0 0 0 0 0 0 0 0 0 0 0 0 0 0 0 0 0 642906 0 0 0 0 0 0 0 0 642810 0 0 0 0 0 0 0 0 0 0 0 0 642743 0 0 0 0 0 0 0 0 
0 0 643687 643595 0 643605 643680 643691 643647 0 643583 643587 643664 643679 0 0 0 0 0 0 643577 0 0 0 0 0 0 0 0 0 0 643625 643633 0 0 0 0 0 0 643445 0 0 0 0 643603 0 0 0 0 643531 0 0 0 0 0 0 0 0 0 643563 0 0 643601 643607 643595 0 0 643524 0 0 0 0 0 643456 0 0 0 643510 643507 643599 0 0 0 0 0 0 643547 0 0 0 0 0 643333 0 0 0 0 643446 0 0 0 0 0 0 0 643553 643540 0 0 0 0 0 0 0 0 0 0 0 0 643303 0 643405 0 643511 0 0 0 0 
0 0 644835 644776 0 644773 644826 644849 644823 0 644739 644724 644794 644837 0 0 0 0 0 0 644773 0 0 0 0 0 0 0 0 0 0 644717 644737 0 0 0 0 0 0 644582 0 0 0 0 644672 0 0 0 0 644674 0 0 0 0 0 0 0 0 0 644592 0 0 644675 644709 644695 0 0 644647 0 0 0 0 0 644537 0 0 0 644530 644508 644687 0 0 0 0 0 0 644604 0 0 0 0 0 644381 0 0 0 0 644481 0 0 0 0 0 0 0 644595 644581 0 0 0 0 0 0 0 0 0 0 0 0 644375 0 644431 0 644538 0 0 0 0 
0 0 644801 644625 0 644621 644785 644831 644933 0 644565 644564 644741 644867 0 0 0 0 0 0 644793 0 0 0 0 0 0 0 0 0 0 644642 644666 0 0 0 0 0 0 644376 0 0 0 0 644590 0 0 0 0 644674 0 0 0 0 0 0 0 0 0 644462 0 0 644646 644732 644813 0 0 644638 0 0 0 0 0 644382 0 0 0 644364 644350 644708 0 0 0 0 0 0 644658 0 0 0 0 0 644080 0 0 0 0 644292 0 0 0 0 0 0 0 644654 644639 0 0 0 0 0 0 0 0 0 0 0 0 644163 0 644229 0 644607 0 0 0 0 
643568 643571 643551 643601 643598 643536 643543 643571 643575 643612 643517 643450 643527 643583 643573 643619 643627 643561 643417 643565 643610 643540 643533 643550 643624 643627 643627 643531 643525 643516 643412 643505 643513 643552 643626 643632 643467 643438 643428 643353 643361 643358 643355 643427 643490 643501 643519 643583 643586 643561 643491 643482 643479 643454 643444 643344 643347 643306 643346 643414 643442 643504 643507 643515 643503 643492 643501 643546 643470 643436 643421 643418 643419 643317 643324 643340 643354 643335 643386 643507 643490 643407 643337 643281 643325 643368 643472 643479 643478 643477 643494 643534 643407 643385 643247 643253 643255 643295 643307 643322 643329 643323 643360 643363 643357 643462 643461 643453 643446 643486 643474 643504 643388 643337 643329 643341 643290 643187 643200 643212 643232 643266 643288 643442 643448 643440 643353 643356 
0 0 638791 638791 0 638791 638791 638791 638761 0 638791 638791 638791 638785 0 0 0 0 0 0 638761 0 0 0 0 0 0 0 0 0 0 638791 638791 0 0 0 0 0 0 638791 0 0 0 0 638791 0 0 0 0 638713 0 0 0 0 0 0 0 0 0 638791 0 0 638785 638773 638737 0 0 638701 0 0 0 0 0 638791 0 0 0 638791 638791 638773 0 0 0 0 0 0 638761 0 0 0 0 0 638727 0 0 0 0 638791 0 0 0 0 0 0 0 638701 638689 0 0 0 0 0 0 0 0 0 0 0 0 638791 0 638791 0 638737 0 0 0 0 
0 0 0 644803 0 644892 0 0 0 0 0 645000 0 0 0 0 0 0 0 0 644665 0 0 0 0 0 0 0 0 0 0 0 644571 0 0 0 0 0 0 0 0 0 0 0 0 0 0 0 0 644522 0 0 0 0 0 0 0 0 0 644595 0 0 0 0 644457 0 0 0 0 0 0 0 0 644821 0 0 0 644759 644511 0 0 0 0 0 0 0 0 0 0 0 0 0 644855 0 0 0 0 644719 0 0 0 0 0 0 0 644334 644331 0 0 0 0 0 0 0 0 0 0 0 0 644650 0 644668 0 644274 0 0 0 0 
0 0 644849 644649 0 644647 644881 644847 644691 0 644591 644595 644931 644811 0 0 0 0 0 0 644551 0 0 0 0 0 0 0 0 0 0 644886 644910 0 0 0 0 0 0 644412 0 0 0 0 644832 0 0 0 0 644370 0 0 0 0 0 0 0 0 0 644756 0 0 644816 644832 644765 0 0 644334 0 0 0 0 0 644548 0 0 0 644670 644644 644808 0 0 0 0 0 0 644684 0 0 0 0 0 644116 0 0 0 0 644598 0 0 0 0 0 0 0 644620 644555 0 0 0 0 0 0 0 0 0 0 0 0 644383 0 644535 0 644571 0 0 0 0 
0 0 644811 644750 0 644753 644803 644832 644809 0 644714 644705 644784 644824 0 0 0 0 0 0 644757 0 0 0 0 0 0 0 0 0 0 644718 644734 0 0 0 0 0 0 644560 0 0 0 0 644679 0 0 0 0 644658 0 0 0 0 0 0 0 0 0 644592 0 0 644686 644710 644695 0 0 644631 0 0 0 0 0 644524 0 0 0 644527 644508 644694 0 0 0 0 0 0 644614 0 0 0 0 0 644355 0 0 0 0 644471 0 0 0 0 0 0 0 644595 644581 0 0 0 0 0 0 0 0 0 0 0 0 644365 0 644425 0 644548 0 0 0 0 
644034 644031 644017 644001 644004 643970 644001 644035 644123 643984 643941 643912 643969 644059 644117 644082 644058 643933 643885 644101 644102 643912 643959 644094 644088 644085 644012 643903 643897 643894 643854 643903 643919 644066 644043 644049 643847 643828 643838 643817 643809 643823 643817 643793 643873 643895 644051 644059 644056 644057 643863 643854 643851 643826 643822 643778 643775 643767 643775 643791 643799 643901 643907 643963 644012 644030 644045 644048 643842 643808 643797 643800 643791 643765 643755 643763 643767 643729 643735 643947 644034 643779 643737 643741 643709 643747 643924 643891 643998 644008 644004 644012 643779 643757 643683 643677 643713 643697 643697 643703 643693 643681 643707 643713 643701 643966 643976 643984 643995 643988 644000 643994 643760 643709 643701 643713 643688 643649 643651 643651 643667 643663 643659 643890 643914 643970 643725 643728 
644587 644593 644553 644623 644626 644571 644537 644571 644622 644606 644553 644471 644505 644595 644618 644699 644676 644555 644429 644602 644680 644534 644495 644572 644666 644663 644634 644525 644519 644516 644443 644439 644455 644576 644664 644670 644469 644450 644460 644373 644389 644359 644353 644329 644409 644431 644510 644599 644596 644585 644485 644476 644473 644448 644444 644379 644383 644303 644311 644327 644335 644437 644443 644498 644478 644456 644474 644558 644464 644430 644419 644422 644413 644301 644291 644299 644303 644265 644271 644482 644452 644401 644359 644277 644245 644283 644416 644426 644428 644426 644458 644504 644401 644379 644281 644289 644249 644233 644233 644239 644229 644217 644243 644249 644237 644396 644394 644378 644364 644438 644420 644462 644382 644331 644323 644335 644310 644185 644187 644187 644203 644199 644195 644356 644368 644352 644347 644350 
0 0 643964 643964 0 643928 643964 643976 643976 0 643904 643856 643964 643976 0 0 643976 0 643832 0 643976 0 0 0 0 0 0 643887 643881 0 0 643976 643976 0 643955 643961 0 643808 0 643760 0 643784 0 643952 643976 0 643976 0 0 643976 0 0 0 643810 643806 0 0 0 643808 643928 0 0 643976 643976 643976 0 0 643976 643818 643792 643781 0 0 643760 0 0 0 643832 643928 643976 643976 0 0 0 0 0 643976 0 0 0 0 0 643740 0 0 0 0 643784 0 0 0 0 0 0 0 643976 643976 643976 643976 0 0 0 0 0 643685 643697 0 0 643640 643664 0 643760 0 643976 643976 0 643704 0 
645035 645041 645001 645061 645061 645109 644985 644971 644923 645057 645133 645087 644953 644947 644919 644989 645013 645099 645045 644903 644965 645129 644895 644873 644965 644965 644969 645111 645099 645133 645059 644839 644855 644869 644959 644971 645085 645061 645061 644989 645005 644975 644969 644825 644809 644831 644811 644893 644893 644869 645079 645061 645055 645053 645061 644989 644989 644919 644927 644871 644783 644789 644795 644803 644779 644757 644775 644845 645037 645017 645037 645037 645031 644917 644907 644915 644919 644881 644815 644787 644753 644983 644965 644893 644861 644899 644717 644731 644729 644727 644749 644797 644959 644987 644893 644893 644865 644849 644849 644855 644845 644833 644835 644841 644829 644697 644695 644679 644665 644725 644721 644749 644921 644915 644923 644947 644917 644801 644803 644803 644819 644815 644811 644657 644669 644653 644923 644929 
0 0 643500 643442 0 643526 643484 643470 643420 0 643540 643626 643452 643446 0 0 643414 0 643660 0 643360 0 0 0 0 0 0 643436 643418 0 0 643338 643354 0 643280 643298 0 643559 0 643568 0 643594 0 643324 643308 0 643254 0 0 643266 0 0 0 643493 643541 0 0 0 643558 643370 0 0 643294 643302 643278 0 0 643248 643349 643439 643502 0 0 643524 0 0 0 643500 643314 643286 643252 0 0 0 0 0 643216 0 0 0 0 0 643352 0 0 0 0 643468 0 0 0 0 0 0 0 643196 643194 643178 643156 0 0 0 0 0 643322 643358 0 0 643350 643362 0 643422 0 643156 643168 0 643322 0 
644211 644214 644194 644198 644201 644167 644179 644213 644299 644181 644138 644093 644147 644237 644333 644279 644255 644130 644060 644349 644300 644109 644137 644307 644286 644283 644209 644100 644094 644091 644051 644081 644097 644346 644240 644246 644044 644025 644035 643996 644004 644001 643995 643971 644051 644073 644305 644339 644336 644337 644060 644051 644048 644023 644019 643975 643972 643945 643953 643969 643977 644079 644085 644141 644249 644254 644275 644318 644039 644005 643994 643997 643988 643943 643933 643941 643945 643907 643913 644125 644273 643976 643934 643919 643887 643925 644103 644069 644249 644247 644226 644258 643976 643954 643880 643874 643891 643875 643875 643881 643871 643859 643885 643891 643879 644217 644215 644199 644172 644198 644210 644216 643957 643906 643898 643910 643885 643827 643829 643829 643845 643841 643837 644127 644175 644173 643922 643925 
0 0 0 644873 0 644732 0 0 0 0 0 0 0 0 0 0 0 0 0 0 645095 0 0 0 0 0 0 0 0 0 0 0 0 0 0 0 0 0 0 0 0 0 0 0 0 0 0 0 0 644922 0 0 0 0 0 0 0 0 0 0 0 0 0 0 644666 0 0 0 0 0 0 0 0 644057 0 0 0 643967 643982 0 0 0 0 0 0 0 0 0 0 0 0 0 0 0 0 0 0 643887 0 0 0 0 0 0 0 0 644456 0 0 0 0 0 0 0 0 0 0 0 0 643772 0 0 0 0 0 0 0 0 
645058 645064 645024 645088 645088 645136 645008 644994 644946 645058 645136 645086 644976 644970 644942 645016 645040 645100 645044 644926 644992 645106 644918 644896 644980 644974 644970 645088 645076 645118 645058 644862 644878 644896 644960 644972 645072 645058 645064 644988 645004 644974 644968 644848 644832 644854 644834 644918 644912 644896 645056 645038 645032 645030 645046 644992 644992 644918 644926 644894 644806 644812 644818 644826 644802 644780 644798 644872 645014 644994 645020 645026 645008 644916 644906 644914 644918 644880 644838 644810 644776 644960 644968 644892 644860 644898 644740 644754 644752 644750 644776 644824 644936 644964 644896 644896 644864 644848 644848 644854 644844 644832 644834 644840 644828 644720 644718 644702 644688 644752 644744 644776 644898 644892 644900 644924 644920 644800 644802 644802 644818 644814 644810 644680 644692 644676 644900 644906 
644431 644428 644448 644398 644401 644367 644456 644461 644413 644381 644338 644309 644472 644449 644391 644393 644405 644330 644294 644375 644378 644309 644489 644414 644364 644361 644359 644300 644294 644291 644251 644433 644449 644340 644354 644360 644244 644225 644235 644214 644206 644257 644260 644337 644403 644425 644325 644333 644330 644331 644260 644251 644248 644223 644219 644175 644172 644213 644315 644335 644343 644395 644401 644421 644431 644304 644319 644322 644239 644205 644194 644197 644188 644250 644291 644307 644311 644273 644279 644405 644354 644176 644134 644190 644253 644291 644347 644349 644390 644367 644278 644286 644176 644154 644080 644074 644168 644241 644241 644247 644237 644225 644251 644257 644245 644387 644383 644343 644278 644262 644274 644268 644157 644106 644098 644110 644085 644092 644127 644163 644191 644207 644203 644311 644335 644332 644122 644125 
643754 643751 643771 643721 643724 643690 643778 643798 643858 643704 643661 643632 643746 643822 643872 643802 643778 643653 643617 643878 643823 643632 643736 643895 643809 643806 643732 643623 643617 643614 643574 643680 643696 643843 643763 643769 643567 643548 643558 643537 643529 643580 643583 643570 643650 643672 643828 643836 643833 643834 643583 643574 643571 643546 643542 643498 643495 643536 643552 643568 643576 643678 643684 643740 643846 643807 643822 643825 643562 643528 643517 643520 643511 643542 643532 643540 643544 643506 643512 643724 643857 643499 643457 643513 643486 643524 643702 643668 643832 643842 643781 643789 643499 643477 643403 643397 643490 643474 643474 643480 643470 643458 643484 643490 643478 643800 643810 643818 643781 643765 643777 643771 643480 643429 643421 643433 643408 643415 643428 643428 643444 643440 643436 643724 643748 643804 643445 643448 
644975 644981 644941 645034 645031 644959 644925 644959 644996 645023 644945 644859 644893 644983 645004 645072 645071 644972 644817 645000 645065 644951 644883 644958 645069 645066 645041 644942 644931 644933 644831 644827 644843 644986 645056 645065 644886 644867 644861 644761 644777 644747 644741 644717 644797 644819 644920 645038 645035 645004 644887 644869 644863 644861 644861 644767 644773 644691 644699 644715 644723 644825 644831 644864 644876 644866 644884 644974 644845 644825 644836 644839 644830 644689 644679 644687 644691 644653 644659 644848 644862 644791 644770 644665 644633 644671 644790 644792 644838 644836 644870 644941 644767 644795 644669 644681 644637 644621 644621 644627 644617 644605 644631 644637 644625 644806 644804 644788 644774 644854 644830 644887 644729 644723 644731 644752 644723 644573 644575 644575 644591 644587 644583 644754 644778 644762 644731 644737 
644344 644347 644327 644377 644374 644312 644319 644348 644375 644368 644293 644226 644303 644372 644373 644418 644416 644317 644193 644358 644410 644296 644310 644350 644416 644413 644396 644287 644281 644278 644188 644282 644290 644321 644405 644411 644231 644212 644204 644129 644137 644134 644131 644203 644267 644278 644264 644364 644363 644330 644247 644238 644235 644210 644206 644120 644123 644082 644122 644190 644218 644293 644296 644314 644296 644213 644234 644303 644226 644192 644181 644184 644175 644093 644100 644116 644130 644111 644162 644306 644235 644163 644113 644057 644101 644144 644272 644278 644235 644222 644203 644267 644163 644141 644023 644029 644031 644071 644083 644098 644105 644099 644136 644139 644133 644219 644206 644174 644131 644183 644171 644213 644144 644093 644085 644097 644066 643963 643976 643988 644008 644042 644064 644235 644229 644149 644109 644112 
644561 644567 644527 644627 644621 644545 644511 644545 644569 644661 644531 644445 644479 644557 644577 644645 644645 644619 644403 644573 644639 644589 644469 644531 644667 644673 644734 644607 644619 644553 644417 644413 644429 644547 644723 644711 644503 644469 644449 644347 644363 644333 644327 644303 644383 644405 644481 644609 644615 644565 644601 644592 644589 644545 644481 644353 644359 644277 644285 644301 644309 644399 644405 644437 644449 644427 644445 644535 644580 644546 644459 644453 644471 644275 644265 644273 644277 644239 644245 644421 644423 644517 644363 644251 644219 644257 644363 644365 644399 644397 644431 644511 644517 644467 644255 644267 644223 644207 644207 644213 644203 644191 644217 644223 644211 644367 644365 644349 644335 644415 644391 644451 644498 644447 644433 644411 644317 644159 644161 644161 644177 644173 644169 644327 644339 644323 644463 644466 
0 0 643453 643553 0 643543 643437 643435 643423 0 643565 643484 643405 643423 0 0 0 0 0 0 643493 0 0 0 0 0 0 643624 643630 0 0 643303 643319 0 643556 643550 0 643484 0 643338 0 0 0 643265 643273 0 0 0 0 643443 0 0 0 643550 0 0 0 0 0 643299 0 0 643271 643291 643303 0 0 643425 643590 0 643459 0 0 643266 0 0 0 643266 643243 643275 643317 0 0 0 0 0 643217 0 0 0 0 0 643515 0 0 0 0 643210 0 0 0 0 0 0 0 643257 643259 0 0 0 0 0 0 0 0 0 0 0 643092 643104 0 643164 0 643181 643205 0 0 0 
0 0 643748 643898 0 643871 643724 643727 643727 0 643883 643756 643676 643715 0 0 0 0 0 0 643832 0 0 0 0 0 0 643972 643984 0 0 643529 643553 0 643923 643911 0 643788 0 643609 0 0 0 643460 643484 0 0 0 0 643781 0 0 0 643876 0 0 0 0 0 643505 0 0 643487 643523 643559 0 0 643760 643937 0 643766 0 0 643501 0 0 0 643447 643421 643499 643608 0 0 0 0 0 643418 0 0 0 0 0 643850 0 0 0 0 643399 0 0 0 0 0 0 0 643508 643521 0 0 0 0 0 0 0 0 0 0 0 643330 643330 0 643348 0 643376 643418 0 0 0 
644973 644979 644939 645039 645033 645053 644923 644909 644861 645073 645081 645019 644891 644885 644857 644949 644973 645127 644977 644841 644931 645139 644833 644811 644959 644965 645031 645145 645145 645127 644991 644777 644793 644815 645007 645007 645077 645043 645023 644921 644937 644907 644901 644763 644747 644769 644749 644877 644883 644833 645141 645123 645117 645097 645055 644927 644933 644851 644859 644809 644721 644727 644733 644741 644717 644695 644713 644803 645099 645079 645033 645027 645045 644849 644839 644847 644851 644813 644753 644725 644691 645045 644937 644825 644793 644831 644655 644669 644667 644665 644699 644779 645021 645025 644829 644841 644797 644781 644781 644787 644777 644765 644767 644773 644761 644635 644633 644617 644603 644683 644659 644719 644983 644977 644977 644977 644891 644733 644735 644735 644751 644747 644743 644595 644607 644591 644985 644991 
644534 644534 644506 644512 644515 644577 644490 644476 644428 644495 644596 644651 644458 644452 644414 644449 644473 644540 644654 644390 644422 644567 644400 644378 644408 644405 644427 644558 644552 644597 644639 644344 644360 644336 644410 644416 644630 644613 644623 644592 644592 644586 644580 644330 644314 644336 644294 644341 644338 644327 644566 644557 644554 644609 644607 644563 644560 644530 644538 644376 644288 644294 644300 644308 644284 644246 644270 644306 644545 644591 644582 644585 644576 644528 644518 644526 644528 644490 644320 644292 644258 644564 644522 644504 644470 644428 644222 644236 644234 644232 644214 644246 644562 644542 644468 644462 644476 644460 644460 644464 644419 644407 644340 644346 644334 644202 644200 644184 644170 644186 644198 644204 644543 644494 644486 644498 644473 644412 644414 644414 644430 644426 644422 644162 644174 644158 644510 644513 
0 0 644524 644425 0 644411 644532 644551 644515 0 644372 644338 644548 644559 0 0 0 0 0 0 644445 0 0 0 0 0 0 0 0 0 0 644591 644599 0 0 0 0 0 0 644196 0 0 0 0 644569 0 0 0 0 644397 0 0 0 0 0 0 0 0 0 644485 0 0 644587 644593 644547 0 0 644379 0 0 0 0 0 644249 0 0 0 644379 644401 644585 0 0 0 0 0 0 644526 0 0 0 0 0 644084 0 0 0 0 644315 0 0 0 0 0 0 0 644502 644467 0 0 0 0 0 0 0 0 0 0 0 0 644114 0 644274 0 644484 0 0 0 0 
0 0 0 642308 0 642305 0 0 0 0 0 642261 0 0 0 0 0 0 0 0 642300 0 0 0 0 0 0 0 0 0 0 0 642516 0 0 0 0 0 0 0 0 0 0 0 0 0 0 0 0 642254 0 0 0 0 0 0 0 0 0 642411 0 0 0 0 642442 0 0 0 0 0 0 0 0 642239 0 0 0 642349 642355 0 0 0 0 0 0 0 0 0 0 0 0 0 642019 0 0 0 0 642317 0 0 0 0 0 0 0 642416 642372 0 0 0 0 0 0 0 0 0 0 0 0 642161 0 642283 0 642382 0 0 0 0 
643229 643235 643195 643238 643241 643205 643179 643213 643309 643221 643178 643113 643147 643237 643353 643319 643295 643170 643071 643385 643340 643149 643137 643307 643326 643323 643249 643140 643134 643131 643081 643081 643097 643419 643280 643286 643084 643065 643075 643015 643030 643001 642995 642971 643051 643073 643386 643401 643398 643410 643100 643091 643088 643063 643059 643013 643012 642945 642953 642969 642977 643079 643085 643141 643261 643356 643362 643401 643079 643045 643034 643037 643028 642943 642933 642941 642945 642907 642913 643125 643328 643016 642974 642919 642887 642925 643103 643069 643292 643302 643357 643365 643016 642994 642916 642914 642891 642875 642875 642881 642871 642859 642885 642891 642879 643260 643270 643278 643300 643341 643341 643347 642997 642946 642938 642950 642925 642827 642829 642829 642845 642841 642837 643139 643197 643264 642962 642965 
0 0 642226 642326 0 642237 642210 642238 642282 0 642211 642101 642178 642250 0 0 0 0 0 0 642352 0 0 0 0 0 0 642287 642294 0 0 642106 642122 0 642425 642416 0 642101 0 641955 0 0 0 642002 642076 0 0 0 0 642261 0 0 0 642185 0 0 0 0 0 641993 0 0 642098 642142 642145 0 0 642231 642231 0 642079 0 0 641883 0 0 0 641883 641937 642126 642119 0 0 0 0 0 642076 0 0 0 0 0 642144 0 0 0 0 641827 0 0 0 0 0 0 0 642063 642061 0 0 0 0 0 0 0 0 0 0 0 641709 641721 0 641781 0 642023 642035 0 0 0 
0 0 643740 643840 0 643778 643724 643746 643778 0 643764 643678 643692 643758 0 0 0 0 0 0 643848 0 0 0 0 0 0 643831 643837 0 0 643614 643630 0 643919 643913 0 643702 0 643580 0 0 0 643528 643584 0 0 0 0 643754 0 0 0 643764 0 0 0 0 0 643534 0 0 643606 643646 643638 0 0 643724 643786 0 643692 0 0 643508 0 0 0 643472 643478 643630 643612 0 0 0 0 0 643572 0 0 0 0 0 643723 0 0 0 0 643440 0 0 0 0 0 0 0 643556 643554 0 0 0 0 0 0 0 0 0 0 0 643394 643394 0 643406 0 643516 643528 0 0 0 
644875 644881 644841 644919 644919 644955 644825 644811 644763 644912 644989 644977 644793 644787 644759 644847 644871 644956 644959 644743 644823 644984 644735 644713 644823 644822 644826 644968 644956 645014 644997 644679 644695 644717 644816 644828 645017 645017 645017 644975 644991 644937 644931 644665 644649 644671 644651 644751 644751 644727 644960 644942 644936 644984 645016 645005 645011 644929 644865 644711 644623 644629 644635 644643 644619 644597 644615 644703 644918 644948 645015 645017 645009 644903 644869 644853 644833 644795 644655 644627 644593 644938 645017 644927 644775 644763 644557 644571 644569 644567 644601 644655 644890 644990 645002 645014 644923 644811 644787 644769 644735 644723 644675 644681 644669 644537 644535 644519 644505 644583 644561 644607 644852 644942 644974 644998 645017 644918 644908 644885 644877 644801 644749 644497 644509 644493 644926 644932 
0 0 643183 643233 0 643264 643175 643156 643096 0 643293 643320 643159 643132 0 0 0 0 0 0 643131 0 0 0 0 0 0 643289 643277 0 0 643090 643098 0 643137 643149 0 643378 0 643305 0 0 0 643107 643075 0 0 0 0 643034 0 0 0 643337 0 0 0 0 0 643142 0 0 643056 643048 643000 0 0 643007 643227 0 643364 0 0 643269 0 0 0 643241 643114 643040 642939 0 0 0 0 0 642993 0 0 0 0 0 643216 0 0 0 0 643247 0 0 0 0 0 0 0 642923 642910 0 0 0 0 0 0 0 0 0 0 0 643093 643117 0 643218 0 642939 642933 0 0 0 
644861 644867 644827 644903 644906 644940 644811 644797 644749 644886 644969 644985 644779 644773 644745 644828 644852 644931 644984 644729 644807 644958 644721 644699 644799 644796 644818 644949 644943 644988 645034 644665 644681 644701 644801 644807 645030 645047 645053 644975 644991 644961 644955 644651 644635 644657 644637 644732 644729 644710 644957 644948 644945 645009 645041 644980 644983 644905 644902 644697 644609 644615 644621 644629 644605 644583 644601 644683 644936 644991 645027 645030 645021 644903 644893 644890 644858 644820 644641 644613 644579 644998 644967 644879 644800 644749 644543 644557 644555 644553 644583 644637 644962 644987 644883 644889 644851 644835 644824 644794 644743 644731 644661 644667 644655 644523 644521 644505 644491 644563 644547 644593 644924 644939 644931 644943 644918 644787 644789 644789 644805 644801 644786 644483 644495 644479 644955 644958 
0 0 644391 644349 0 644455 644375 644349 644262 0 644481 644554 644343 644313 0 0 0 0 0 0 644217 0 0 0 0 0 0 0 0 0 0 644217 644233 0 0 0 0 0 0 644651 0 0 0 0 644187 0 0 0 0 644075 0 0 0 0 0 0 0 0 0 644285 0 0 644161 644157 644097 0 0 644045 0 0 0 0 0 644607 0 0 0 644427 644229 644141 0 0 0 0 0 0 644059 0 0 0 0 0 644373 0 0 0 0 644491 0 0 0 0 0 0 0 643979 643965 0 0 0 0 0 0 0 0 0 0 0 0 644481 0 644505 0 643975 0 0 0 0 
644841 644847 644807 644835 644838 644900 644791 644777 644729 644818 644919 644965 644759 644753 644725 644772 644796 644863 644971 644709 644745 644890 644701 644679 644731 644728 644750 644881 644875 644920 645021 644645 644661 644659 644733 644739 644969 644998 645008 645031 645041 644995 644989 644631 644615 644637 644613 644664 644661 644650 644889 644880 644877 644948 644992 645028 645025 644973 644901 644677 644589 644595 644601 644609 644585 644563 644581 644629 644868 644930 645013 645016 645007 644959 644927 644889 644845 644807 644621 644593 644559 644949 644987 644947 644787 644729 644523 644537 644535 644533 644537 644569 644901 644995 644933 644927 644919 644869 644823 644781 644723 644711 644641 644647 644635 644503 644501 644485 644471 644509 644517 644527 644870 644959 644951 644963 644938 644855 644857 644857 644873 644857 644785 644463 644475 644459 644963 644966 
0 0 643356 643282 0 643364 643340 643326 643264 0 643378 643464 643308 643302 0 0 643252 0 643504 0 643198 0 0 0 0 0 0 643302 643290 0 0 643194 643210 0 643150 643162 0 643440 0 643560 0 643546 0 643180 643164 0 643092 0 0 643104 0 0 0 643364 643428 0 0 0 643450 643226 0 0 643150 643158 643134 0 0 643086 643233 643323 643450 0 0 643534 0 0 0 643356 643170 643142 643108 0 0 0 0 0 643072 0 0 0 0 0 643236 0 0 0 0 643420 0 0 0 0 0 0 0 643052 643050 643034 642998 0 0 0 0 0 643354 643378 0 0 643362 643374 0 643432 0 643012 643024 0 643360 0 
644807 644804 644824 644774 644777 644839 644832 644803 644719 644757 644858 644925 644846 644779 644685 644711 644735 644802 644958 644657 644684 644829 644790 644708 644670 644667 644689 644820 644814 644859 644956 644734 644750 644598 644672 644678 644908 644930 644940 644945 644937 644976 644979 644720 644704 644726 644559 644603 644600 644589 644828 644819 644816 644887 644924 644906 644903 644944 644983 644766 644678 644684 644690 644698 644674 644514 644541 644568 644807 644869 644913 644916 644907 644981 644977 644971 644934 644896 644710 644682 644588 644881 644865 644921 644876 644818 644612 644626 644624 644601 644476 644508 644826 644885 644811 644805 644899 644919 644905 644870 644812 644800 644730 644736 644724 644592 644590 644553 644452 644448 644460 644466 644788 644837 644829 644841 644816 644823 644858 644885 644901 644897 644867 644552 644564 644530 644853 644856 
0 0 644814 644664 0 644749 644838 644787 644643 0 644698 644683 644886 644751 0 0 0 0 0 0 644538 0 0 0 0 0 0 644584 644566 0 0 644985 644961 0 644466 644484 0 644503 0 644542 0 0 0 645122 645030 0 0 0 0 644397 0 0 0 644461 0 0 0 0 0 645115 0 0 644979 644895 644715 0 0 644370 644437 0 644446 0 0 644650 0 0 0 644920 645103 644919 644466 0 0 0 0 0 644948 0 0 0 0 0 644320 0 0 0 0 644824 0 0 0 0 0 0 0 644622 644553 0 0 0 0 0 0 0 0 0 0 0 644461 644533 0 644803 0 644870 644808 0 0 0 
0 0 644291 644091 0 644063 644323 644301 644181 0 643995 643975 644387 644277 0 0 0 0 0 0 644041 0 0 0 0 0 0 0 0 0 0 644565 644533 0 0 0 0 0 0 643787 0 0 0 0 644625 0 0 0 0 643949 0 0 0 0 0 0 0 0 0 644547 0 0 644581 644493 644325 0 0 643937 0 0 0 0 0 643931 0 0 0 644291 644471 644525 0 0 0 0 0 0 644573 0 0 0 0 0 643491 0 0 0 0 644163 0 0 0 0 0 0 0 644273 644205 0 0 0 0 0 0 0 0 0 0 0 0 643775 0 644135 0 644513 0 0 0 0 
643272 643269 643289 643239 643242 643242 643297 643280 643232 643222 643225 643220 643313 643268 643210 643212 643224 643205 643217 643194 643197 643196 643318 643233 643183 643180 643178 643187 643181 643190 643186 643346 643338 643159 643173 643179 643167 643160 643170 643173 643165 643204 643207 643330 643349 643350 643144 643152 643149 643150 643159 643150 643147 643146 643154 643146 643143 643184 643252 643340 643314 643339 643342 643316 643256 643123 643138 643141 643138 643128 643141 643144 643135 643209 643238 643258 643280 643299 643284 643324 643173 643111 643117 643173 643301 643320 643296 643298 643209 643186 643097 643105 643099 643113 643099 643093 643163 643267 643291 643298 643278 643266 643268 643274 643262 643225 643202 643162 643097 643081 643093 643087 643080 643077 643081 643093 643092 643123 643146 643170 643186 643260 643268 643260 643279 643151 643081 643084 
0 0 644705 644705 0 644664 644681 644732 644873 0 644623 644562 644633 644768 0 0 644800 0 644515 0 644867 0 0 0 0 0 0 644519 644501 0 0 644534 644558 0 644723 644741 0 644438 0 644417 0 644414 0 644369 644489 0 645104 0 0 645014 0 0 0 644396 644420 0 0 0 644342 644366 0 0 644540 644624 644804 0 0 645053 644372 644342 644381 0 0 644327 0 0 0 644273 644282 644600 645053 0 0 0 0 0 644567 0 0 0 0 0 644255 0 0 0 0 644225 0 0 0 0 0 0 0 644897 644966 645015 644988 0 0 0 0 0 644201 644237 0 0 644156 644156 0 644174 0 644621 644711 0 644201 0 
644675 644678 644658 644699 644699 644643 644650 644679 644763 644699 644624 644557 644628 644703 644796 644771 644747 644651 644524 644812 644795 644627 644618 644773 644795 644795 644747 644627 644627 644603 644519 644562 644578 644799 644771 644771 644555 644531 644531 644460 644468 644465 644462 644452 644532 644554 644743 644818 644818 644806 644603 644603 644603 644555 644531 644451 644454 644413 644434 644450 644458 644560 644566 644622 644729 644692 644713 644782 644603 644555 644507 644507 644507 644424 644414 644422 644426 644388 644394 644606 644714 644531 644435 644388 644368 644406 644584 644550 644704 644701 644682 644735 644555 644483 644354 644360 644362 644356 644356 644362 644352 644340 644366 644372 644360 644672 644670 644653 644610 644662 644650 644687 644555 644459 644435 644435 644387 644294 644307 644310 644326 644322 644318 644607 644631 644628 644483 644483 
644498 644504 644464 644564 644558 644482 644448 644482 644573 644580 644468 644382 644416 644506 644605 644618 644594 644529 644340 644625 644643 644508 644406 644559 644671 644671 644608 644499 644493 644484 644354 644350 644366 644623 644639 644645 644436 644406 644386 644284 644300 644270 644264 644240 644320 644342 644557 644685 644691 644641 644459 644450 644447 644422 644412 644290 644296 644214 644222 644238 644246 644348 644354 644410 644501 644503 644521 644611 644438 644404 644388 644388 644387 644212 644202 644210 644214 644176 644182 644394 644499 644375 644300 644188 644156 644194 644367 644338 644475 644473 644507 644587 644375 644353 644192 644204 644160 644144 644144 644150 644140 644128 644154 644160 644148 644443 644441 644425 644411 644491 644467 644527 644356 644305 644297 644309 644254 644096 644098 644098 644114 644110 644106 644379 644415 644399 644321 644324 
0 0 0 0 0 0 0 0 0 0 0 0 0 0 0 0 0 0 0 0 0 0 0 0 0 0 0 0 0 0 0 0 0 0 0 0 0 0 0 0 0 0 0 0 0 0 0 0 0 643943 0 0 0 0 0 0 0 0 0 0 0 0 0 0 0 0 0 0 0 0 0 0 0 0 0 0 0 643680 643683 0 0 0 0 0 0 0 0 0 0 0 0 0 0 0 0 0 0 0 0 0 0 0 0 0 0 0 0 0 0 0 0 0 0 0 0 0 0 0 0 643641 0 0 0 0 0 0 0 0 
644131 644137 644097 644191 644188 644163 644081 644091 644115 644207 644173 644123 644049 644091 644135 644179 644179 644207 644082 644143 644185 644207 644015 644089 644199 644202 644207 644207 644207 644202 644096 643959 643975 644165 644207 644207 644166 644137 644127 644026 644042 644012 644006 643897 643929 643951 644147 644194 644197 644183 644207 644207 644207 644172 644143 644032 644038 643956 643964 643919 643879 643933 643939 643971 644019 644141 644135 644177 644207 644172 644120 644117 644124 643954 643944 643952 643956 643918 643863 643955 644089 644148 644036 643930 643898 643923 643909 643899 644041 644063 644169 644193 644172 644100 643934 643946 643902 643886 643886 643892 643881 643869 643859 643865 643853 644009 644031 644063 644121 644177 644153 644187 644172 644076 644052 644052 643989 643838 643840 643840 643856 643852 643848 643897 643933 644061 644100 644100 
644939 644945 644905 645005 644999 645019 644889 644875 644827 645039 645053 645033 644857 644851 644823 644915 644939 645093 644991 644807 644897 645111 644799 644777 644925 644931 645003 645123 645123 645119 645005 644743 644759 644781 644979 644979 645091 645057 645037 644935 644951 644921 644915 644729 644713 644735 644715 644843 644849 644799 645143 645135 645129 645117 645069 644941 644947 644865 644873 644775 644687 644693 644699 644707 644683 644661 644679 644769 645111 645113 645047 645041 645059 644863 644853 644861 644865 644827 644719 644691 644657 645079 644951 644839 644807 644823 644621 644635 644633 644631 644665 644745 645055 645045 644843 644855 644811 644795 644795 644801 644791 644779 644739 644745 644733 644601 644599 644583 644569 644649 644625 644685 645017 645011 644997 644997 644905 644747 644749 644749 644765 644761 644757 644561 644573 644557 645019 645025 
644934 644940 644900 645000 644994 645014 644884 644870 644822 645034 645048 645054 644852 644846 644818 644910 644934 645088 645012 644802 644892 645106 644794 644772 644920 644926 644998 645118 645118 645118 645026 644738 644754 644776 644974 644974 645112 645078 645058 644956 644972 644942 644936 644724 644708 644730 644710 644838 644844 644794 645136 645118 645112 645138 645090 644962 644968 644886 644894 644770 644682 644688 644694 644702 644678 644656 644674 644764 645094 645118 645068 645062 645080 644884 644874 644882 644886 644848 644714 644686 644652 645084 644972 644860 644828 644822 644616 644630 644628 644626 644660 644740 645060 645066 644864 644876 644832 644816 644816 644822 644812 644800 644734 644740 644728 644596 644594 644578 644564 644644 644620 644680 645022 645016 645018 645018 644926 644768 644770 644770 644786 644782 644778 644556 644568 644552 645024 645030 
0 0 644773 644923 0 644944 644749 644728 644656 0 644995 645010 644701 644692 0 0 0 0 0 0 644761 0 0 0 0 0 0 645049 645037 0 0 644530 644554 0 644825 644835 0 645075 0 644892 0 0 0 644509 644485 0 0 0 0 644614 0 0 0 645101 0 0 0 0 0 644578 0 0 644464 644476 644440 0 0 644569 644988 0 645048 0 0 644784 0 0 0 644727 644494 644452 644401 0 0 0 0 0 644347 0 0 0 0 0 644969 0 0 0 0 644682 0 0 0 0 0 0 0 644317 644314 0 0 0 0 0 0 0 0 0 0 0 644613 644613 0 644631 0 644257 644275 0 0 0 
0 0 643509 643559 0 643590 643501 643482 643422 0 643619 643648 643485 643458 0 0 643502 0 643663 0 643457 0 0 0 0 0 0 643636 643630 0 0 643416 643424 0 643488 643494 0 643732 0 643667 0 643674 0 643433 643401 0 643294 0 0 643360 0 0 0 643703 643738 0 0 0 643640 643468 0 0 643382 643374 643326 0 0 643333 643600 643676 643737 0 0 643631 0 0 0 643581 643440 643366 643265 0 0 0 0 0 643319 0 0 0 0 0 643618 0 0 0 0 643611 0 0 0 0 0 0 0 643249 643236 643204 643161 0 0 0 0 0 643622 643634 0 0 643454 643478 0 643580 0 643265 643259 0 643650 0 
644879 644885 644845 644879 644882 644943 644829 644815 644767 644852 644963 645003 644797 644791 644763 644816 644840 644894 645009 644747 644789 644924 644739 644717 644774 644768 644764 644906 644894 644960 645063 644683 644699 644703 644754 644766 645010 645042 645052 645096 645110 645035 645029 644669 644653 644675 644655 644708 644705 644694 644898 644880 644874 644968 645032 645122 645120 645062 644939 644715 644627 644633 644639 644647 644623 644601 644619 644673 644856 644932 645054 645060 645042 645024 644967 644927 644883 644845 644659 644631 644597 644946 645096 645050 644825 644767 644561 644575 644573 644571 644581 644613 644874 645045 645040 645036 645022 644909 644861 644819 644761 644749 644679 644685 644673 644541 644539 644523 644509 644553 644559 644571 644836 645009 645031 645055 645047 644958 644960 644960 644976 644922 644823 644501 644513 644497 644981 644987 
643955 643961 643921 643973 643973 643997 643905 643903 643891 643973 644009 644019 643873 643891 643899 643937 643949 643997 644013 643895 643925 644009 643827 643853 643925 643925 643943 644009 644008 644021 644057 643771 643787 643877 643937 643937 644045 644057 644057 644065 644081 644015 644009 643733 643741 643763 643851 643889 643889 643877 644010 644001 643998 644045 644057 644084 644084 644022 643931 643767 643703 643733 643739 643759 643771 643821 643827 643865 643989 644027 644069 644069 644069 643993 643947 643919 643887 643849 643711 643743 643793 644034 644064 644000 643829 643795 643685 643687 643757 643767 643817 643841 643998 644081 643992 643992 643972 643889 643853 643823 643777 643765 643719 643725 643713 643725 643735 643743 643765 643805 643805 643817 643979 644063 644059 644064 644016 643908 643910 643910 643926 643891 643815 643649 643673 643729 644052 644055 
644741 644738 644743 644708 644711 644773 644735 644719 644647 644691 644792 644859 644703 644695 644619 644645 644669 644736 644887 644591 644618 644763 644645 644623 644604 644601 644623 644754 644748 644793 644897 644589 644605 644532 644606 644612 644842 644871 644881 644956 644948 644935 644935 644575 644559 644581 644493 644537 644534 644523 644762 644753 644750 644821 644865 644965 644962 644981 644845 644621 644533 644539 644545 644553 644529 644448 644475 644502 644741 644803 644888 644891 644882 644931 644873 644833 644789 644751 644565 644537 644503 644822 644968 644999 644731 644673 644467 644481 644479 644477 644410 644442 644774 644896 644915 644909 644972 644815 644767 644725 644667 644655 644585 644591 644579 644447 644445 644429 644383 644382 644394 644400 644755 644896 644932 644944 644920 644908 644910 644910 644926 644829 644729 644407 644419 644403 644864 644867 
0 0 643576 643476 0 643534 643592 643570 643510 0 643536 643598 643622 643558 0 0 643470 0 643628 0 643440 0 0 0 0 0 0 643460 643448 0 0 643583 643591 0 643380 643392 0 643550 0 643626 0 643674 0 643576 643568 0 643406 0 0 643394 0 0 0 643486 643538 0 0 0 643706 643599 0 0 643561 643565 643550 0 0 643388 643398 643450 643548 0 0 643698 0 0 0 643664 643571 643557 643464 0 0 0 0 0 643522 0 0 0 0 0 643392 0 0 0 0 643696 0 0 0 0 0 0 0 643512 643502 643466 643372 0 0 0 0 0 643447 643471 0 0 643577 643617 0 643681 0 643492 643498 0 643442 0 
0 0 0 644515 0 644576 0 0 0 0 0 644513 0 0 0 0 0 0 0 0 644383 0 0 0 0 0 0 0 0 0 0 0 644701 0 0 0 0 0 0 0 0 0 0 0 0 0 0 0 0 644241 0 0 0 0 0 0 0 0 0 644801 0 0 0 0 644477 0 0 0 0 0 0 0 0 644443 0 0 0 644657 644798 0 0 0 0 0 0 0 0 0 0 0 0 0 644259 0 0 0 0 644571 0 0 0 0 0 0 0 644379 644321 0 0 0 0 0 0 0 0 0 0 0 0 644317 0 644545 0 644565 0 0 0 0 
642685 642682 642702 642652 642655 642647 642710 642693 642645 642635 642630 642625 642726 642681 642623 642625 642637 642610 642622 642607 642610 642601 642731 642646 642596 642593 642591 642592 642586 642595 642591 642759 642751 642572 642586 642592 642572 642565 642575 642578 642570 642609 642612 642792 642774 642763 642557 642565 642562 642563 642564 642555 642552 642551 642559 642551 642548 642589 642657 642769 642807 642760 642757 642729 642669 642536 642551 642554 642543 642533 642546 642549 642540 642614 642643 642663 642685 642704 642773 642737 642586 642516 642522 642578 642714 642743 642748 642765 642622 642599 642510 642518 642504 642518 642504 642498 642568 642672 642696 642717 642746 642750 642757 642763 642751 642638 642615 642575 642510 642494 642506 642500 642485 642482 642486 642498 642497 642528 642551 642575 642591 642665 642715 642730 642700 642564 642486 642489 
643122 643119 643139 643089 643092 643059 643147 643154 643154 643072 643030 643001 643163 643166 643132 643134 643122 643022 642986 643116 643119 643001 643192 643155 643105 643102 643076 642992 642986 642983 642943 643220 643212 643081 643095 643101 642936 642917 642927 642906 642898 642949 642952 643186 643235 643224 643066 643074 643071 643072 642952 642943 642940 642915 642911 642867 642864 642905 643009 643173 643192 643245 643242 643238 643178 643045 643060 643063 642931 642897 642886 642889 642880 642942 642983 643015 643049 643068 643129 643246 643095 642868 642826 642882 643078 643127 643239 643246 643131 643108 643019 643027 642868 642846 642772 642766 642860 643012 643048 643081 643087 643075 643101 643107 643095 643147 643124 643084 643019 643003 643015 643009 642849 642798 642790 642802 642777 642784 642819 642855 642883 642993 643047 643209 643209 643073 642814 642817 
0 0 644766 644619 0 644622 644782 644796 644762 0 644577 644562 644803 644816 0 0 0 0 0 0 644657 0 0 0 0 0 0 0 0 0 0 644872 644864 0 0 0 0 0 0 644421 0 0 0 0 644856 0 0 0 0 644545 0 0 0 0 0 0 0 0 0 644770 0 0 644886 644874 644790 0 0 644518 0 0 0 0 0 644503 0 0 0 644665 644686 644882 0 0 0 0 0 0 644823 0 0 0 0 0 644199 0 0 0 0 644585 0 0 0 0 0 0 0 644692 644645 0 0 0 0 0 0 0 0 0 0 0 0 644368 0 644554 0 644757 0 0 0 0 
0 0 644785 644648 0 644651 644794 644813 644786 0 644605 644590 644810 644826 0 0 0 0 0 0 644685 0 0 0 0 0 0 0 0 0 0 644853 644865 0 0 0 0 0 0 644449 0 0 0 0 644814 0 0 0 0 644576 0 0 0 0 0 0 0 0 0 644727 0 0 644842 644870 644798 0 0 644549 0 0 0 0 0 644509 0 0 0 644636 644643 644856 0 0 0 0 0 0 644779 0 0 0 0 0 644227 0 0 0 0 644579 0 0 0 0 0 0 0 644701 644654 0 0 0 0 0 0 0 0 0 0 0 0 644374 0 644534 0 644715 0 0 0 0 
0 0 0 0 0 642274 0 0 0 0 0 0 0 0 0 0 0 0 0 0 0 0 0 0 0 0 0 0 0 0 0 0 0 0 0 0 0 0 0 0 0 0 0 0 0 0 0 0 0 642451 0 0 0 0 0 0 0 0 0 0 0 0 0 0 642895 0 0 0 0 0 0 0 0 0 0 0 0 642244 642182 0 0 0 0 0 0 0 0 0 0 0 0 0 0 0 0 0 0 642069 0 0 0 0 0 0 0 0 642718 0 0 0 0 0 0 0 0 0 0 0 0 641558 0 0 0 0 0 0 0 0 
644182 644185 644165 644163 644166 644132 644157 644186 644270 644146 644103 644064 644141 644210 644304 644244 644220 644095 644031 644332 644265 644074 644148 644281 644251 644248 644174 644065 644059 644056 644016 644120 644128 644371 644205 644211 644009 643990 644000 643967 643971 643972 643969 644024 644104 644116 644427 644328 644325 644362 644025 644016 644013 643988 643984 643940 643937 643920 643960 644022 644030 644131 644134 644174 644270 644450 644435 644389 644004 643970 643959 643962 643953 643931 643938 643954 643968 643949 643966 644166 644400 643941 643899 643895 643939 643978 644156 644122 644353 644387 644417 644412 643941 643919 643845 643839 643869 643909 643921 643934 643924 643912 643938 643944 643932 644337 644371 644411 644369 644389 644401 644407 643922 643871 643863 643875 643850 643801 643814 643826 643846 643880 643890 644192 644251 644387 643887 643890 
643444 643444 643416 643431 643434 643420 643400 643422 643482 643414 643407 643384 643368 643434 643504 643476 643464 643387 643364 643516 643485 643378 643346 643468 643471 643468 643418 643369 643363 643372 643360 643290 643306 643540 643437 643443 643349 643342 643352 643336 643336 643318 643312 643204 643260 643282 643564 643512 643509 643534 643341 643332 643329 643328 643336 643324 643324 643286 643258 643214 643198 643276 643282 643326 643410 643545 643569 643549 643320 643310 643323 643326 643317 643272 643250 643246 643238 643200 643158 643310 643528 643293 643299 643272 643180 643194 643276 643254 643468 643502 643521 643554 643281 643295 643276 643275 643256 643192 643180 643174 643152 643140 643142 643148 643136 643436 643470 643483 643469 643494 643497 643512 643262 643259 643263 643275 643274 643228 643218 643206 643210 643170 643142 643288 643336 643457 643263 643266 
0 0 644454 644462 0 644414 644446 644475 644558 0 644390 644342 644425 644499 0 0 0 0 0 0 644558 0 0 0 0 0 0 0 0 0 0 644359 644375 0 0 0 0 0 0 644246 0 0 0 0 644329 0 0 0 0 644654 0 0 0 0 0 0 0 0 0 644247 0 0 644363 644419 644539 0 0 644656 0 0 0 0 0 644220 0 0 0 644185 644191 644403 0 0 0 0 0 0 644381 0 0 0 0 0 644318 0 0 0 0 644153 0 0 0 0 0 0 0 644579 644581 0 0 0 0 0 0 0 0 0 0 0 0 644107 0 644119 0 644417 0 0 0 0 
0 0 644285 644435 0 644456 644261 644240 644168 0 644503 644468 644213 644204 0 0 0 0 0 0 644273 0 0 0 0 0 0 0 0 0 0 644042 644066 0 0 0 0 0 0 644369 0 0 0 0 643997 0 0 0 0 644126 0 0 0 0 0 0 0 0 0 644090 0 0 643976 643988 643952 0 0 644081 644726 0 0 0 0 644261 0 0 0 644171 644006 643964 0 0 0 0 0 0 643859 0 0 0 0 0 644697 0 0 0 0 644147 0 0 0 0 0 0 0 643829 643826 0 0 0 0 0 0 0 0 0 0 0 644112 644112 0 644108 0 643769 0 0 0 0 
0 0 644054 644154 0 644192 644038 644012 643928 0 644238 644271 644006 643976 0 0 644064 0 644277 0 643998 0 0 0 0 0 0 644314 644326 0 0 643880 643896 0 644106 644094 0 644385 0 644256 0 644249 0 643890 643850 0 643744 0 0 643852 0 0 0 644419 644397 0 0 0 644201 643948 0 0 643824 643820 643760 0 0 643810 644384 644455 644375 0 0 644184 0 0 0 644113 643885 643804 643686 0 0 0 0 0 643722 0 0 0 0 0 644413 0 0 0 0 644123 0 0 0 0 0 0 0 643642 643628 643588 643538 0 0 0 0 0 644320 644296 0 0 644010 644022 0 644082 0 643638 643638 0 644412 0 
0 0 643210 643260 0 643291 643202 643183 643123 0 643320 643349 643186 643159 0 0 0 0 0 0 643158 0 0 0 0 0 0 643336 643327 0 0 643117 643125 0 643187 643192 0 643422 0 643343 0 0 0 643134 643102 0 0 0 0 643061 0 0 0 643401 0 0 0 0 0 643169 0 0 643083 643075 643027 0 0 643034 643266 0 643413 0 0 643307 0 0 0 643282 643141 643067 642966 0 0 0 0 0 643020 0 0 0 0 0 643269 0 0 0 0 643295 0 0 0 0 0 0 0 642950 642937 0 0 0 0 0 0 0 0 0 0 0 643130 643154 0 643256 0 642966 642960 0 0 0 
644406 644412 644372 644472 644466 644486 644356 644342 644294 644461 644520 644530 644324 644318 644290 644382 644406 644506 644536 644274 644364 644533 644266 644244 644374 644371 644393 644524 644518 644563 644598 644210 644226 644248 644376 644382 644612 644640 644630 644568 644584 644542 644536 644196 644180 644202 644182 644304 644304 644266 644532 644523 644520 644591 644635 644574 644580 644498 644466 644242 644154 644160 644166 644174 644150 644128 644146 644236 644511 644573 644638 644641 644632 644496 644474 644454 644410 644372 644186 644158 644124 644592 644584 644472 644352 644294 644088 644102 644100 644098 644132 644208 644544 644610 644476 644488 644444 644416 644388 644346 644288 644276 644206 644212 644200 644068 644066 644050 644036 644116 644092 644152 644525 644562 644554 644566 644536 644380 644382 644382 644398 644394 644350 644028 644040 644024 644578 644581 
644760 644766 644726 644826 644820 644840 644710 644696 644648 644854 644874 644884 644678 644672 644644 644736 644760 644899 644890 644628 644718 644926 644620 644598 644746 644752 644786 644917 644911 644944 644952 644564 644580 644602 644769 644775 644990 645004 644984 644966 644982 644916 644910 644550 644534 644556 644536 644664 644670 644620 644925 644916 644913 644984 645016 645006 645012 644930 644820 644596 644508 644514 644520 644528 644504 644482 644500 644590 644904 644966 645042 645036 645045 644894 644848 644808 644764 644726 644540 644512 644478 644985 645022 644910 644706 644648 644442 644456 644454 644452 644486 644566 644937 645047 644914 644926 644882 644790 644742 644700 644642 644630 644560 644566 644554 644422 644420 644404 644390 644470 644446 644506 644916 645033 645031 645043 644976 644818 644820 644820 644836 644792 644704 644382 644394 644378 645015 645018 
0 0 0 644244 0 644449 0 0 0 0 0 0 0 0 0 0 0 0 0 0 644034 0 0 0 0 0 0 0 0 0 0 0 0 0 0 0 0 0 0 0 0 0 0 0 0 0 0 0 0 643799 0 0 0 0 0 0 0 0 0 0 0 0 0 0 644129 0 0 0 0 0 0 0 0 645080 0 0 0 644684 644219 0 0 0 0 0 0 0 0 0 0 0 0 0 0 0 0 0 0 644844 0 0 0 0 0 0 0 0 643919 0 0 0 0 0 0 0 0 0 0 0 0 644937 0 0 0 0 0 0 0 0 
644901 644895 644935 644835 644841 644917 644946 644917 644821 644801 644931 645017 644962 644893 644777 644781 644805 644843 645059 644745 644751 644873 644926 644822 644723 644717 644713 644855 644843 644909 645033 644870 644886 644675 644703 644715 644959 644981 645001 645021 645005 645083 645088 644856 644840 644862 644645 644661 644655 644657 644847 644829 644823 644917 644969 644967 644961 645041 645114 644902 644814 644820 644826 644834 644810 644603 644633 644639 644805 644881 644957 644963 644945 645078 645108 645102 645070 645032 644846 644818 644702 644883 644909 645018 645012 644954 644748 644762 644750 644715 644551 644567 644823 644901 644873 644861 644996 645050 645036 645006 644948 644936 644866 644872 644860 644728 644725 644667 644551 644519 644543 644531 644785 644829 644837 644861 644859 644920 644955 644991 645017 645016 644998 644688 644700 644644 644837 644843 
643812 643809 643829 643779 643782 643844 643837 643808 643724 643762 643863 643930 643853 643784 643690 643716 643740 643807 643963 643662 643689 643834 643846 643713 643675 643672 643694 643825 643819 643864 643945 643834 643842 643603 643677 643683 643913 643919 643929 643932 643924 643963 643966 643851 643819 643830 643564 643608 643605 643594 643833 643824 643821 643892 643913 643904 643901 643942 644011 643886 643818 643797 643800 643792 643724 643519 643546 643573 643812 643874 643900 643903 643894 643968 643997 644017 644018 643999 643858 643784 643593 643870 643863 643919 643989 643936 643737 643756 643641 643606 643481 643513 643845 643872 643809 643803 643897 643996 643996 643986 643945 643939 643880 643883 643877 643657 643622 643558 643457 643453 643465 643471 643826 643835 643827 643839 643814 643821 643856 643892 643920 643979 643977 643683 643677 643535 643840 643843 
644862 644856 644883 644796 644802 644878 644891 644862 644778 644762 644892 644978 644907 644838 644738 644742 644766 644804 645017 644706 644712 644834 644900 644767 644684 644678 644674 644816 644804 644870 644994 644879 644895 644636 644664 644676 644920 644942 644962 644981 644965 645029 645032 644865 644849 644871 644606 644622 644616 644618 644808 644790 644784 644878 644930 644927 644921 644985 645076 644911 644823 644829 644835 644843 644778 644564 644594 644600 644766 644842 644917 644923 644905 645022 645063 645082 645077 645041 644855 644827 644647 644844 644869 644962 645021 644963 644757 644771 644695 644660 644512 644528 644784 644861 644833 644821 644940 645058 645045 645015 644957 644945 644875 644881 644869 644711 644676 644612 644511 644480 644504 644492 644746 644789 644797 644821 644819 644864 644899 644935 644963 645024 645007 644697 644709 644589 644797 644803 
0 0 0 0 0 0 0 0 0 0 0 0 0 0 0 0 0 0 0 0 0 0 0 0 0 0 0 0 0 0 0 0 0 0 0 0 0 0 0 0 0 0 0 0 0 0 0 0 0 644587 0 0 0 0 0 0 0 0 0 0 0 0 0 0 0 0 0 0 0 0 0 0 0 0 0 0 0 645135 645000 0 0 0 0 0 0 0 0 0 0 0 0 0 0 0 0 0 0 0 0 0 0 0 0 0 0 0 0 0 0 0 0 0 0 0 0 0 0 0 0 644893 0 0 0 0 0 0 0 0 
0 0 0 0 0 0 0 0 0 0 0 0 0 0 0 0 0 0 0 0 0 0 0 0 0 0 0 0 0 0 0 0 0 0 0 0 0 0 0 0 0 0 0 0 0 0 0 0 0 0 0 0 0 0 0 0 0 0 0 0 0 0 0 0 0 0 0 0 0 0 0 0 0 0 0 0 0 0 635952 0 0 0 0 0 0 0 0 0 0 0 0 0 0 0 0 0 0 0 0 0 0 0 0 0 0 0 0 0 0 0 0 0 0 0 0 0 0 0 0 0 0 0 0 0 0 0 0 0 
0 0 644774 644639 0 644642 644785 644804 644795 0 644596 644581 644801 644828 0 0 0 0 0 0 644696 0 0 0 0 0 0 0 0 0 0 644868 644862 0 0 0 0 0 0 644440 0 0 0 0 644833 0 0 0 0 644581 0 0 0 0 0 0 0 0 0 644746 0 0 644872 644891 644809 0 0 644554 0 0 0 0 0 644500 0 0 0 644657 644662 644895 0 0 0 0 0 0 644818 0 0 0 0 0 644218 0 0 0 0 644582 0 0 0 0 0 0 0 644706 644659 0 0 0 0 0 0 0 0 0 0 0 0 644365 0 644549 0 644754 0 0 0 0 
0 0 644715 644613 0 644592 644707 644748 644868 0 644541 644526 644671 644784 0 0 0 0 0 0 644775 0 0 0 0 0 0 644427 644409 0 0 644572 644596 0 644631 644649 0 644346 0 644385 0 0 0 644407 644527 0 0 0 0 644922 0 0 0 644304 0 0 0 0 0 644404 0 0 644578 644662 644842 0 0 644967 644280 0 644289 0 0 644365 0 0 0 644311 644320 644638 645071 0 0 0 0 0 644605 0 0 0 0 0 644163 0 0 0 0 644263 0 0 0 0 0 0 0 644935 645004 0 0 0 0 0 0 0 0 0 0 0 644194 644194 0 644212 0 644659 644749 0 0 0 
644416 644422 644382 644482 644476 644496 644366 644352 644304 644516 644530 644540 644334 644328 644300 644392 644416 644570 644542 644284 644374 644588 644276 644254 644402 644408 644506 644606 644618 644600 644580 644220 644236 644258 644470 644458 644642 644632 644612 644545 644561 644519 644513 644206 644190 644212 644192 644320 644326 644276 644650 644650 644650 644684 644644 644563 644569 644487 644448 644252 644164 644170 644176 644184 644160 644138 644156 644246 644650 644694 644645 644639 644657 644473 644451 644436 644416 644378 644196 644168 644134 644694 644573 644461 644358 644304 644098 644112 644110 644108 644142 644222 644685 644665 644465 644477 644433 644393 644370 644352 644298 644286 644216 644222 644210 644078 644076 644060 644046 644126 644102 644162 644666 644669 644645 644621 644527 644369 644371 644371 644387 644371 644332 644038 644050 644034 644681 644681 
644783 644789 644749 644831 644831 644863 644733 644719 644671 644823 644897 644907 644701 644695 644667 644759 644783 644868 644913 644651 644735 644895 644643 644621 644735 644733 644755 644886 644880 644925 644975 644587 644603 644625 644738 644744 644974 644999 644999 644999 645015 644939 644933 644573 644557 644579 644559 644663 644663 644639 644894 644885 644882 644953 644997 645017 645023 644941 644843 644619 644531 644537 644543 644551 644527 644505 644523 644613 644873 644935 645020 645023 645014 644927 644871 644831 644787 644749 644563 644535 644501 644954 645010 644916 644729 644671 644465 644479 644477 644475 644509 644567 644906 645026 644920 644932 644888 644813 644765 644723 644665 644653 644583 644589 644577 644445 644443 644427 644413 644493 644469 644519 644887 644990 644983 644995 644962 644824 644826 644826 644842 644825 644727 644405 644417 644401 644994 644997 
644784 644781 644801 644751 644754 644816 644806 644780 644696 644732 644835 644902 644788 644756 644662 644688 644712 644774 644935 644634 644661 644804 644730 644685 644647 644644 644644 644786 644774 644836 644940 644674 644690 644575 644634 644646 644885 644914 644924 644999 644991 644994 644997 644660 644644 644666 644536 644580 644577 644566 644778 644760 644754 644848 644908 645008 645005 645046 644930 644706 644618 644624 644630 644638 644614 644491 644518 644545 644736 644812 644931 644934 644922 645016 644958 644918 644874 644836 644650 644622 644565 644826 645015 645070 644816 644758 644552 644566 644564 644562 644453 644485 644754 644926 644992 644986 645060 644900 644852 644810 644752 644740 644670 644676 644664 644532 644530 644514 644429 644425 644437 644443 644716 644902 644958 644982 644992 645004 645029 645024 645028 644914 644814 644492 644504 644488 644862 644868 
641922 641919 641939 641889 641892 641930 641947 641930 641882 641872 641937 641980 641963 641918 641860 641862 641874 641893 642001 641844 641847 641908 641968 641883 641833 641830 641828 641899 641893 641926 641972 641996 641988 641809 641823 641829 641951 641946 641956 641959 641951 641990 641993 642007 641999 642000 641794 641802 641799 641800 641895 641886 641883 641930 641940 641920 641917 641958 642038 642030 641986 641989 641992 641966 641906 641773 641788 641791 641874 641912 641927 641930 641921 641995 642024 642044 642064 642083 642002 641974 641823 641897 641879 641935 642085 642056 641953 641960 641859 641836 641747 641755 641883 641899 641825 641819 641913 642053 642077 642082 642053 642047 642012 642015 642009 641875 641852 641812 641747 641731 641743 641737 641864 641851 641843 641855 641830 641837 641872 641908 641936 642046 642062 641923 641929 641801 641867 641870 
644475 644475 644475 644475 644475 644523 644475 644451 644379 644475 644527 644503 644475 644427 644355 644403 644427 644523 644491 644331 644379 644527 644451 644355 644379 644379 644415 644526 644520 644515 644479 644451 644451 644283 644398 644403 644491 644479 644479 644455 644455 644467 644467 644461 644445 644451 644235 644307 644307 644283 644498 644489 644486 644485 644479 644443 644443 644443 644479 644507 644419 644425 644427 644403 644331 644187 644211 644259 644477 644467 644467 644467 644467 644455 644467 644479 644491 644491 644451 644403 644235 644450 644420 644420 644489 644503 644353 644367 644259 644235 644163 644211 644438 644452 644348 644348 644396 644467 644479 644483 644461 644449 644451 644457 644445 644259 644235 644187 644115 644139 644139 644163 644419 644416 644409 644420 644372 644324 644348 644372 644396 644455 644451 644293 644305 644163 644420 644423 
0 0 641578 641428 0 641407 641602 641623 641695 0 641349 641310 641650 641659 0 0 0 0 0 0 641590 0 0 0 0 0 0 0 0 0 0 641821 641797 0 0 0 0 0 0 641121 0 0 0 0 641866 0 0 0 0 641523 0 0 0 0 0 0 0 0 0 641773 0 0 641887 641875 641841 0 0 641496 0 0 0 0 0 641229 0 0 0 641535 641815 641899 0 0 0 0 0 0 642004 0 0 0 0 0 640935 0 0 0 0 641415 0 0 0 0 0 0 0 641748 641679 0 0 0 0 0 0 0 0 0 0 0 0 641064 0 641382 0 642024 0 0 0 0 
643104 643101 643121 643071 643074 643040 643129 643137 643137 643054 643011 642982 643145 643149 643115 643117 643105 643003 642967 643099 643102 642982 643175 643138 643088 643085 643059 642973 642967 642964 642924 643203 643195 643064 643078 643084 642917 642898 642908 642887 642879 642930 642933 643189 643218 643207 643049 643057 643054 643055 642933 642924 642921 642896 642892 642848 642845 642886 642990 643162 643204 643228 643225 643221 643161 643028 643043 643046 642912 642878 642867 642870 642861 642923 642964 642996 643030 643049 643143 643229 643078 642849 642807 642863 643059 643112 643240 643251 643114 643091 643002 643010 642849 642827 642753 642747 642841 642993 643029 643062 643091 643085 643115 643121 643109 643130 643107 643067 643002 642986 642998 642992 642830 642779 642771 642783 642758 642765 642800 642836 642864 642974 643048 643214 643192 643056 642795 642798 
643936 643933 643953 643903 643906 643872 643961 643980 644040 643886 643843 643814 643975 644004 644054 643984 643960 643835 643799 644074 644005 643814 643966 644077 643991 643988 643914 643805 643799 643796 643756 643910 643926 644111 643945 643951 643749 643730 643740 643719 643711 643762 643765 643800 643880 643902 644120 644068 644065 644102 643765 643756 643753 643728 643724 643680 643677 643718 643782 643798 643806 643908 643914 643970 644090 644088 644114 644117 643744 643710 643699 643702 643693 643755 643762 643770 643774 643736 643742 643954 644149 643681 643639 643695 643716 643754 643932 643898 644172 644162 644050 644081 643681 643659 643585 643579 643673 643704 643704 643710 643700 643688 643714 643720 643708 644140 644150 644127 644026 644022 644034 644040 643662 643611 643603 643615 643590 643597 643632 643658 643674 643670 643666 643968 644028 644104 643627 643630 
644827 644824 644844 644794 644797 644763 644852 644871 644931 644767 644734 644705 644855 644895 644945 644875 644851 644713 644690 644965 644896 644695 644879 644968 644881 644875 644775 644677 644665 644683 644647 644845 644861 645000 644813 644825 644637 644621 644631 644610 644602 644653 644656 644735 644815 644837 645007 644959 644956 644991 644621 644603 644597 644595 644611 644571 644568 644609 644687 644733 644741 644843 644849 644905 644999 644963 644990 644994 644579 644559 644585 644591 644573 644639 644663 644687 644709 644671 644677 644889 645036 644525 644530 644586 644651 644689 644867 644833 645045 645043 644925 644957 644501 644529 644476 644470 644564 644639 644639 644645 644635 644623 644649 644655 644643 645045 645043 644996 644901 644897 644909 644915 644463 644457 644465 644489 644481 644488 644519 644543 644567 644605 644601 644903 644963 644972 644465 644471 
644567 644564 644550 644534 644537 644503 644542 644571 644655 644517 644474 644445 644526 644595 644683 644615 644591 644466 644416 644691 644636 644445 644533 644664 644622 644619 644545 644436 644430 644427 644387 644505 644513 644704 644576 644582 644380 644361 644371 644350 644342 644357 644354 644426 644490 644501 644737 644673 644670 644695 644393 644375 644369 644359 644355 644311 644308 644305 644345 644413 644441 644516 644519 644559 644641 644764 644755 644710 644351 644331 644330 644333 644324 644316 644323 644339 644353 644334 644385 644551 644724 644297 644270 644280 644324 644367 644552 644523 644688 644711 644762 644722 644273 644290 644216 644210 644254 644294 644306 644321 644328 644322 644359 644362 644356 644672 644695 644735 644787 644769 644781 644752 644235 644229 644234 644246 644221 644186 644199 644211 644231 644265 644287 644580 644610 644746 644237 644243 
644811 644817 644777 644871 644868 644795 644761 644795 644891 644875 644781 644695 644729 644819 644935 644931 644907 644821 644653 644967 644961 644803 644719 644889 644975 644978 644883 644785 644773 644786 644667 644663 644679 645037 644921 644933 644737 644708 644698 644597 644613 644583 644577 644553 644633 644655 645067 645042 645045 645055 644729 644711 644705 644703 644714 644603 644609 644527 644535 644551 644559 644661 644667 644723 644843 645084 645078 645073 644687 644667 644689 644688 644681 644525 644515 644523 644527 644489 644495 644707 645009 644633 644607 644501 644469 644507 644685 644651 644937 644983 645088 645136 644609 644637 644505 644517 644473 644457 644457 644463 644453 644441 644467 644473 644461 644905 644951 645006 644992 645072 645048 645106 644571 644565 644573 644597 644560 644409 644411 644411 644427 644423 644419 644721 644781 644980 644573 644579 
0 0 0 642432 0 642441 0 0 0 0 0 0 0 0 0 0 0 0 0 0 642282 0 0 0 0 0 0 0 0 0 0 0 0 0 0 0 0 0 0 0 0 0 0 0 0 0 0 0 0 642137 0 0 0 0 0 0 0 0 0 0 0 0 0 0 642127 0 0 0 0 0 0 0 0 642376 0 0 0 642358 642291 0 0 0 0 0 0 0 0 0 0 0 0 0 642556 0 0 0 0 642342 0 0 0 0 0 0 0 642014 641989 0 0 0 0 0 0 0 0 0 0 0 0 642319 0 642325 0 642066 0 0 0 0 
643822 643828 643788 643888 643882 643878 643772 643770 643758 643918 643900 643886 643740 643758 643766 643834 643846 643942 643880 643762 643828 643954 643694 643720 643856 643862 643891 643954 643954 643958 643930 643638 643654 643760 643882 643882 643980 643982 643962 643932 643948 643882 643876 643600 643608 643630 643718 643810 643816 643778 643958 643949 643946 643990 643994 643972 643978 643896 643798 643634 643570 643600 643606 643626 643638 643688 643694 643760 643937 643975 644008 644002 644014 643860 643814 643786 643754 643716 643578 643610 643660 643982 643994 643882 643696 643662 643552 643554 643624 643634 643704 643760 643946 644026 643904 643916 643866 643756 643720 643690 643644 643632 643586 643592 643580 643592 643602 643610 643632 643700 643676 643724 643927 644018 644022 644024 643966 643808 643810 643810 643820 643758 643682 643516 643540 643596 644000 644003 
644797 644800 644769 644795 644801 644861 644753 644739 644691 644761 644887 644919 644721 644715 644679 644741 644765 644803 644933 644659 644711 644833 644663 644641 644683 644677 644673 644815 644803 644869 644977 644607 644623 644622 644663 644675 644919 644953 644973 645014 645022 644959 644953 644593 644577 644599 644565 644621 644615 644617 644807 644789 644783 644877 644941 645053 645055 644999 644863 644639 644551 644557 644563 644571 644547 644514 644535 644599 644765 644841 644963 644969 644951 644949 644891 644851 644807 644769 644583 644555 644521 644855 645059 645021 644749 644691 644485 644499 644497 644495 644503 644527 644783 644955 645116 645119 645034 644833 644785 644743 644685 644673 644603 644609 644597 644465 644463 644447 644432 644479 644472 644491 644745 644931 644987 645011 645086 645043 645043 645008 644988 644847 644747 644425 644437 644421 644891 644897 
644790 644796 644756 644814 644820 644861 644740 644726 644678 644780 644890 644914 644708 644702 644674 644749 644773 644822 644920 644658 644726 644852 644650 644628 644702 644696 644692 644834 644822 644888 644977 644594 644610 644622 644682 644694 644938 644972 644990 645008 645022 644946 644940 644580 644564 644586 644565 644640 644634 644630 644826 644808 644802 644896 644960 645053 645056 644986 644850 644626 644538 644544 644550 644558 644534 644512 644530 644604 644784 644860 644982 644988 644970 644936 644878 644838 644794 644756 644570 644542 644508 644874 645078 645008 644736 644678 644472 644486 644484 644482 644504 644546 644802 644974 645123 645129 645028 644820 644772 644730 644672 644660 644590 644596 644584 644452 644450 644434 644420 644484 644472 644510 644764 644950 645006 645030 645113 645036 645037 645003 644982 644834 644734 644412 644424 644408 644910 644916 
644226 644223 644243 644193 644196 644258 644245 644221 644138 644176 644277 644344 644245 644197 644104 644130 644154 644221 644377 644076 644103 644248 644203 644125 644089 644086 644108 644239 644233 644278 644382 644147 644163 644017 644091 644097 644327 644356 644366 644441 644433 644436 644437 644133 644117 644139 643978 644022 644019 644008 644247 644238 644235 644306 644350 644450 644447 644485 644403 644179 644091 644097 644103 644111 644087 643933 643960 643987 644226 644288 644373 644376 644367 644461 644431 644391 644347 644309 644123 644095 644005 644307 644457 644509 644289 644231 644025 644039 644029 644005 643895 643927 644259 644381 644509 644503 644533 644373 644325 644283 644225 644213 644143 644149 644137 644005 644003 643957 643871 643867 643879 643885 644240 644381 644421 644433 644502 644531 644543 644555 644533 644387 644287 643965 643977 643933 644349 644352 
0 0 0 0 0 644344 0 0 0 0 0 0 0 0 0 0 0 0 0 0 0 0 0 0 0 0 0 0 0 0 0 0 0 0 0 0 0 0 0 0 0 0 0 0 0 0 0 0 0 643694 0 0 0 0 0 0 0 0 0 0 0 0 0 0 644224 0 0 0 0 0 0 0 0 0 0 0 0 644981 644516 0 0 0 0 0 0 0 0 0 0 0 0 0 0 0 0 0 0 645109 0 0 0 0 0 0 0 0 643954 0 0 0 0 0 0 0 0 0 0 0 0 644734 0 0 0 0 0 0 0 0 
644697 644694 644714 644664 644667 644729 644722 644693 644609 644647 644748 644815 644738 644669 644575 644601 644625 644692 644848 644547 644574 644719 644731 644598 644560 644557 644579 644710 644704 644749 644852 644759 644751 644488 644562 644568 644798 644826 644836 644862 644854 644893 644896 644783 644767 644763 644449 644493 644490 644479 644718 644709 644706 644777 644820 644823 644820 644861 644918 644829 644741 644745 644745 644705 644609 644404 644431 644458 644691 644759 644830 644833 644824 644898 644927 644924 644911 644930 644773 644713 644478 644777 644782 644838 644937 644881 644675 644689 644526 644491 644366 644398 644709 644802 644728 644722 644816 644956 644957 644933 644875 644863 644793 644799 644787 644542 644507 644443 644342 644338 644350 644356 644671 644754 644746 644758 644733 644740 644775 644811 644839 644949 644936 644615 644625 644420 644767 644773 
644250 644247 644267 644217 644220 644282 644275 644246 644162 644200 644301 644368 644281 644222 644128 644154 644178 644245 644401 644100 644127 644272 644257 644151 644113 644110 644132 644263 644257 644302 644383 644257 644257 644041 644115 644121 644351 644357 644367 644370 644362 644401 644404 644285 644257 644257 644002 644046 644043 644032 644271 644262 644259 644330 644351 644343 644340 644381 644426 644329 644243 644233 644233 644209 644137 643957 643984 644011 644250 644312 644338 644341 644332 644402 644414 644426 644425 644425 644275 644209 644031 644308 644308 644364 644425 644377 644177 644191 644065 644041 643919 643951 644283 644310 644254 644248 644342 644414 644426 644425 644377 644365 644295 644301 644289 644065 644041 643993 643895 643891 643903 643909 644264 644274 644272 644284 644259 644266 644300 644324 644348 644402 644416 644117 644113 643969 644278 644281 
644261 644261 644261 644261 644261 644309 644261 644237 644165 644261 644333 644378 644261 644213 644141 644189 644213 644309 644366 644117 644165 644333 644237 644141 644165 644165 644213 644333 644333 644357 644354 644237 644237 644069 644189 644189 644366 644354 644354 644330 644330 644342 644342 644285 644237 644237 644021 644093 644093 644069 644357 644357 644357 644366 644354 644318 644318 644318 644354 644309 644261 644213 644213 644189 644117 643973 643997 644045 644357 644366 644342 644342 644342 644330 644342 644354 644366 644366 644301 644189 644021 644354 644306 644306 644366 644357 644165 644189 644045 644021 643949 643997 644366 644330 644246 644246 644294 644342 644354 644366 644378 644378 644321 644327 644315 644045 644021 643973 643901 643925 643925 643949 644366 644318 644306 644306 644270 644222 644246 644270 644294 644330 644354 644117 644093 643949 644330 644330 
643728 643725 643745 643695 643698 643736 643753 643736 643688 643678 643743 643786 643769 643724 643666 643668 643680 643699 643805 643650 643653 643714 643774 643689 643639 643636 643634 643705 643699 643732 643773 643802 643794 643615 643629 643635 643755 643747 643757 643736 643728 643779 643782 643855 643817 643806 643600 643608 643605 643606 643701 643692 643689 643734 643741 643697 643694 643735 643839 643858 643834 643803 643800 643772 643712 643579 643594 643597 643676 643716 643716 643719 643710 643772 643813 643845 643868 643887 643850 643780 643629 643698 643656 643712 643897 643880 643791 643808 643665 643642 643553 643561 643668 643676 643602 643596 643690 643842 643878 643900 643901 643895 643860 643863 643857 643681 643658 643618 643553 643537 643549 643543 643630 643628 643620 643632 643607 643614 643649 643685 643713 643823 643897 643771 643743 643607 643643 643647 
644834 644828 644868 644768 644774 644826 644884 644850 644754 644734 644828 644840 644916 644826 644710 644714 644738 644752 644834 644678 644684 644770 644926 644756 644656 644650 644646 644752 644740 644780 644772 644982 644966 644608 644636 644648 644734 644720 644740 644746 644730 644808 644814 645071 645012 644990 644578 644594 644588 644590 644718 644700 644694 644692 644708 644692 644686 644768 644904 645070 645058 644984 644978 644922 644802 644536 644566 644572 644676 644656 644682 644688 644670 644818 644876 644916 644960 644998 645074 644938 644636 644622 644634 644746 645018 645076 644957 644986 644708 644662 644484 644500 644598 644626 644598 644586 644726 644934 644982 645024 645071 645069 645084 645087 645081 644740 644694 644614 644484 644452 644476 644464 644560 644554 644562 644586 644584 644646 644692 644740 644772 644920 645016 644915 644864 644592 644562 644568 
644331 644328 644348 644298 644301 644363 644356 644327 644243 644281 644382 644399 644372 644303 644209 644235 644259 644326 644384 644181 644208 644353 644365 644232 644194 644191 644213 644344 644338 644369 644341 644393 644385 644122 644196 644202 644334 644315 644325 644304 644296 644347 644350 644472 644408 644397 644083 644127 644124 644113 644338 644329 644326 644313 644309 644265 644262 644303 644407 644485 644455 644382 644379 644339 644243 644038 644065 644092 644317 644295 644284 644287 644278 644340 644381 644413 644447 644466 644503 644347 644112 644266 644224 644280 644476 644517 644346 644375 644160 644125 644000 644032 644266 644244 644170 644164 644258 644410 644446 644479 644520 644525 644523 644527 644517 644176 644141 644077 643976 643972 643984 643990 644247 644196 644188 644200 644175 644182 644217 644253 644281 644391 644465 644304 644262 644054 644212 644215 
643347 643344 643364 643314 643317 643355 643372 643355 643307 643297 643362 643364 643388 643343 643285 643287 643299 643318 643349 643269 643272 643333 643393 643308 643258 643255 643253 643324 643318 643346 643306 643421 643413 643234 643248 643254 643299 643280 643290 643269 643261 643312 643315 643476 643436 643425 643219 643227 643224 643225 643315 643306 643303 643278 643274 643230 643227 643268 643372 643477 643461 643422 643419 643391 643331 643198 643213 643216 643294 643260 643249 643252 643243 643305 643346 643378 643412 643431 643477 643399 643248 643231 643189 643245 643441 643494 643410 643427 643284 643261 643172 643180 643231 643209 643135 643129 643223 643375 643411 643444 643485 643481 643487 643490 643484 643300 643277 643237 643172 643156 643168 643162 643212 643161 643153 643165 643140 643147 643182 643218 643246 643356 643430 643392 643362 643226 643177 643180 
0 0 0 643182 0 643175 0 0 0 0 0 0 0 0 0 0 0 0 0 0 643236 0 0 0 0 0 0 0 0 0 0 0 0 0 0 0 0 0 0 0 0 0 0 0 0 0 0 0 0 643253 0 0 0 0 0 0 0 0 0 0 0 0 0 0 643335 0 0 0 0 0 0 0 0 643142 0 0 0 643171 643174 0 0 0 0 0 0 0 0 0 0 0 0 0 0 0 0 0 0 643155 0 0 0 0 0 0 0 643335 643324 0 0 0 0 0 0 0 0 0 0 0 0 643103 0 643138 0 643279 0 0 0 0 
0 0 0 0 0 644092 0 0 0 0 0 0 0 0 0 0 0 0 0 0 0 0 0 0 0 0 0 0 0 0 0 0 0 0 0 0 0 0 0 0 0 0 0 0 0 0 0 0 0 644640 0 0 0 0 0 0 0 0 0 0 0 0 0 0 644870 0 0 0 0 0 0 0 0 0 0 0 0 644043 644058 0 0 0 0 0 0 0 0 0 0 0 0 0 0 0 0 0 0 643963 0 0 0 0 0 0 0 0 645054 0 0 0 0 0 0 0 0 0 0 0 0 643706 0 0 0 0 0 0 0 0 
0 0 643702 643602 0 643588 643714 643732 643780 0 643554 643544 643714 643756 0 0 643668 0 643538 0 643710 0 0 0 0 0 0 643478 643466 0 0 643694 643702 0 643614 643626 0 643424 0 643450 0 643512 0 643615 643679 0 643892 0 0 643808 0 0 0 643396 643412 0 0 0 643534 643602 0 0 643708 643748 643844 0 0 643838 643380 643360 643386 0 0 643498 0 0 0 643523 643574 643740 643950 0 0 0 0 0 643741 0 0 0 0 0 643302 0 0 0 0 643483 0 0 0 0 0 0 0 643911 643946 643984 643914 0 0 0 0 0 643266 643290 0 0 643378 643400 0 643454 0 643783 643825 0 643266 0 
0 0 644054 644059 0 644033 644044 644075 644159 0 644009 643953 644012 644099 0 0 644125 0 643920 0 644167 0 0 0 0 0 0 643935 643923 0 0 643946 643962 0 644071 644083 0 643881 0 643856 0 643861 0 643836 643916 0 644319 0 0 644265 0 0 0 643853 643869 0 0 0 643818 643834 0 0 643950 644006 644126 0 0 644295 643837 643817 643843 0 0 643808 0 0 0 643772 643778 643990 644290 0 0 0 0 0 643968 0 0 0 0 0 643759 0 0 0 0 643740 0 0 0 0 0 0 0 644188 644234 644314 644391 0 0 0 0 0 643723 643747 0 0 643694 643694 0 643706 0 644004 644064 0 643723 0 
644212 644218 644178 644217 644220 644186 644162 644196 644292 644200 644157 644096 644130 644220 644336 644298 644274 644149 644054 644368 644319 644128 644120 644290 644305 644302 644228 644119 644113 644110 644062 644064 644080 644425 644259 644265 644063 644044 644054 643998 644011 643984 643978 643954 644034 644056 644466 644382 644379 644416 644079 644070 644067 644042 644038 643994 643991 643928 643936 643952 643960 644062 644068 644124 644244 644509 644480 644443 644058 644024 644013 644016 644007 643926 643916 643924 643928 643890 643896 644108 644410 643995 643953 643902 643870 643908 644086 644052 644338 644384 644530 644479 643995 643973 643897 643893 643874 643858 643858 643864 643854 643842 643868 643874 643862 644306 644352 644431 644524 644538 644540 644520 643976 643925 643917 643929 643904 643810 643812 643812 643828 643824 643820 644122 644182 644441 643941 643944 
644775 644778 644741 644748 644751 644717 644725 644759 644855 644729 644688 644659 644693 644783 644899 644829 644805 644675 644617 644919 644850 644657 644683 644853 644836 644833 644737 644639 644627 644641 644601 644627 644643 644956 644775 644787 644594 644575 644585 644561 644556 644547 644541 644517 644597 644619 645013 644913 644910 644947 644583 644565 644559 644557 644569 644525 644522 644491 644499 644515 644523 644625 644631 644687 644807 645064 645043 644974 644541 644521 644544 644547 644535 644489 644479 644487 644491 644453 644459 644671 644973 644487 644484 644465 644433 644471 644649 644615 644901 644947 645074 645010 644463 644491 644430 644424 644437 644421 644421 644427 644417 644405 644431 644437 644425 644869 644915 644995 645087 645082 645094 645064 644425 644419 644427 644451 644435 644373 644375 644375 644391 644387 644383 644685 644745 645017 644427 644433 
644755 644761 644721 644799 644802 644739 644705 644739 644835 644782 644723 644639 644673 644763 644879 644870 644846 644731 644597 644911 644897 644710 644663 644833 644887 644884 644810 644701 644695 644692 644611 644607 644623 644981 644841 644847 644645 644626 644634 644541 644557 644527 644521 644497 644577 644599 645011 644964 644961 644992 644661 644652 644646 644624 644620 644547 644553 644471 644479 644495 644503 644605 644611 644667 644787 645039 645023 645013 644628 644606 644595 644598 644589 644469 644459 644467 644471 644433 644439 644651 644953 644574 644535 644445 644413 644451 644629 644595 644881 644927 645055 645061 644550 644555 644449 644459 644417 644401 644401 644407 644397 644385 644411 644417 644405 644849 644895 644961 644972 645047 645027 645065 644512 644506 644499 644511 644486 644353 644355 644355 644371 644367 644363 644665 644725 644947 644514 644520 
644438 644444 644404 644504 644498 644518 644388 644374 644326 644538 644552 644562 644356 644350 644322 644414 644438 644592 644556 644306 644396 644610 644298 644276 644424 644430 644530 644628 644640 644622 644582 644242 644258 644280 644492 644480 644656 644634 644614 644536 644552 644510 644504 644228 644212 644234 644214 644342 644348 644298 644684 644702 644708 644698 644646 644554 644560 644478 644450 644274 644186 644192 644198 644206 644182 644160 644178 644268 644726 644734 644636 644630 644648 644464 644442 644438 644430 644392 644218 644190 644156 644732 644576 644464 644372 644326 644120 644134 644132 644130 644164 644244 644792 644656 644494 644506 644448 644384 644372 644366 644320 644308 644238 644244 644232 644100 644098 644082 644068 644148 644124 644184 644830 644692 644648 644624 644554 644398 644400 644398 644402 644362 644334 644060 644072 644056 644720 644714 
644316 644322 644282 644382 644376 644396 644266 644252 644204 644416 644430 644440 644234 644228 644200 644292 644316 644470 644446 644184 644274 644488 644176 644154 644302 644308 644392 644506 644512 644500 644508 644120 644136 644158 644368 644358 644546 644560 644540 644534 644550 644472 644466 644106 644090 644112 644092 644220 644226 644176 644536 644536 644536 644584 644572 644588 644594 644512 644376 644152 644064 644070 644076 644084 644060 644038 644056 644146 644536 644584 644598 644592 644610 644462 644404 644364 644320 644282 644096 644068 644034 644608 644624 644512 644262 644204 643998 644012 644010 644008 644042 644122 644578 644654 644539 644551 644496 644346 644298 644256 644198 644186 644116 644122 644110 643978 643976 643960 643946 644026 644002 644062 644559 644680 644682 644672 644601 644443 644445 644445 644450 644360 644260 643938 643950 643934 644656 644656 
0 0 640032 640082 0 640089 640024 640017 639993 0 640106 640111 640008 640005 0 0 640049 0 640114 0 640028 0 0 0 0 0 0 640144 640146 0 0 639951 639959 0 640074 640070 0 640171 0 640158 0 640127 0 639944 639936 0 639937 0 0 639979 0 0 0 640182 640177 0 0 0 640079 639967 0 0 639929 639933 639921 0 0 639964 640151 640182 640190 0 0 640122 0 0 0 640032 639939 639925 639908 0 0 0 0 0 639890 0 0 0 0 0 640160 0 0 0 0 640064 0 0 0 0 0 0 0 639880 639879 639871 639851 0 0 0 0 0 640230 640226 0 0 640088 640100 0 640071 0 639860 639866 0 640214 0 
0 0 640133 640183 0 640190 640125 640118 640094 0 640207 640212 640109 640106 0 0 640150 0 640215 0 640129 0 0 0 0 0 0 640245 640246 0 0 640052 640060 0 640174 640171 0 640272 0 640259 0 640228 0 640045 640037 0 640038 0 0 640080 0 0 0 640282 640278 0 0 0 640180 640068 0 0 640030 640034 640022 0 0 640065 640236 640274 640291 0 0 640223 0 0 0 640133 640040 640026 640009 0 0 0 0 0 639991 0 0 0 0 0 640245 0 0 0 0 640165 0 0 0 0 0 0 0 639981 639980 639948 639905 0 0 0 0 0 640342 640339 0 0 640191 640203 0 640172 0 639961 639967 0 640299 0 
644753 644759 644719 644819 644813 644833 644703 644689 644641 644826 644867 644877 644671 644665 644637 644729 644753 644868 644883 644621 644711 644898 644613 644591 644737 644738 644738 644880 644868 644930 644945 644557 644573 644595 644728 644740 644979 644997 644977 644971 644987 644909 644903 644543 644527 644549 644529 644657 644663 644613 644872 644854 644848 644942 645002 645025 645031 644949 644813 644589 644501 644507 644513 644521 644497 644475 644493 644583 644830 644906 645025 645026 645016 644899 644841 644801 644757 644719 644533 644505 644471 644920 645083 644971 644699 644641 644435 644449 644447 644445 644479 644559 644848 645020 645091 645103 644991 644783 644735 644693 644635 644623 644553 644559 644547 644415 644413 644397 644383 644463 644439 644499 644810 644996 645052 645076 645131 645007 644997 644975 644945 644797 644697 644375 644387 644371 644956 644962 
641535 641532 641552 641502 641505 641543 641548 641541 641495 641485 641550 641593 641532 641529 641473 641475 641487 641506 641614 641457 641460 641521 641503 641492 641446 641443 641441 641512 641506 641539 641607 641475 641483 641422 641436 641442 641564 641581 641591 641642 641634 641649 641648 641468 641460 641471 641407 641415 641412 641413 641508 641499 641496 641543 641575 641639 641636 641671 641603 641491 641447 641450 641453 641457 641445 641386 641401 641404 641487 641525 641586 641589 641580 641646 641617 641597 641575 641556 641463 641449 641432 641532 641634 641682 641546 641517 641414 641421 641420 641419 641360 641368 641496 641582 641688 641682 641692 641588 641564 641543 641514 641508 641473 641476 641470 641404 641403 641395 641360 641344 641356 641350 641477 641570 641598 641610 641657 641732 641709 641685 641669 641595 641545 641384 641390 641382 641550 641553 
0 0 643931 643781 0 643928 643925 643888 643712 0 643961 644114 643861 643840 0 0 0 0 0 0 643607 0 0 0 0 0 0 0 0 0 0 643633 643665 0 0 0 0 0 0 644282 0 0 0 0 643573 0 0 0 0 643418 0 0 0 0 0 0 0 0 0 643697 0 0 643545 643561 643513 0 0 643379 643784 0 0 0 0 644290 0 0 0 643957 643585 643529 0 0 0 0 0 0 643389 0 0 0 0 0 643835 0 0 0 0 644070 0 0 0 0 0 0 0 643349 643345 0 0 0 0 0 0 0 0 0 0 0 644410 644394 0 644086 0 643269 0 0 0 0 
0 0 0 0 0 0 0 0 0 0 0 0 0 0 0 0 0 0 0 0 0 0 0 0 0 0 0 0 0 0 0 0 0 0 0 0 0 0 0 0 0 0 0 0 0 0 0 0 0 639681 0 0 0 0 0 0 0 0 0 0 0 0 0 0 0 0 0 0 0 0 0 0 0 0 0 0 0 640017 639921 0 0 0 0 0 0 0 0 0 0 0 0 0 0 0 0 0 0 0 0 0 0 0 0 0 0 0 0 0 0 0 0 0 0 0 0 0 0 0 0 640142 0 0 0 0 0 0 0 0 
644474 644471 644491 644441 644444 644506 644499 644470 644386 644424 644525 644592 644515 644446 644352 644378 644402 644469 644625 644324 644351 644496 644496 644375 644337 644334 644355 644487 644481 644526 644630 644468 644476 644265 644339 644345 644575 644604 644614 644689 644681 644684 644687 644485 644453 644464 644226 644270 644267 644256 644489 644471 644465 644554 644598 644698 644695 644736 644692 644520 644452 644431 644434 644426 644378 644181 644208 644235 644447 644523 644621 644624 644615 644725 644718 644686 644652 644633 644492 644418 644255 644537 644700 644756 644623 644570 644371 644390 644303 644268 644143 644175 644465 644629 644717 644711 644770 644689 644653 644620 644579 644573 644514 644517 644511 644301 644284 644220 644119 644115 644127 644133 644427 644613 644664 644676 644721 644729 644764 644799 644793 644708 644634 644317 644311 644197 644573 644579 
0 0 0 643522 0 643556 0 0 0 0 0 0 0 0 0 0 0 0 0 0 643534 0 0 0 0 0 0 0 0 0 0 0 0 0 0 0 0 0 0 0 0 0 0 0 0 0 0 0 0 643536 0 0 0 0 0 0 0 0 0 0 0 0 0 0 643686 0 0 0 0 0 0 0 0 643658 0 0 0 643706 643692 0 0 0 0 0 0 0 0 0 0 0 0 0 0 0 0 0 0 643706 0 0 0 0 0 0 0 643691 643680 0 0 0 0 0 0 0 0 0 0 0 0 643624 0 643706 0 643706 0 0 0 0 
644798 644792 644832 644732 644738 644814 644848 644814 644718 644698 644828 644914 644870 644790 644674 644678 644702 644740 644956 644642 644648 644770 644863 644720 644620 644614 644610 644752 644740 644806 644907 644891 644883 644572 644600 644612 644856 644855 644875 644881 644865 644943 644949 644949 644901 644895 644542 644558 644552 644554 644744 644726 644720 644814 644843 644827 644821 644903 645016 644973 644925 644877 644877 644837 644741 644500 644530 644536 644702 644778 644817 644823 644805 644949 644990 645022 645043 645062 644965 644845 644600 644757 644769 644881 645069 645021 644829 644853 644658 644623 644448 644464 644720 644761 644733 644721 644861 645019 645055 645069 645045 645045 644985 644991 644979 644674 644639 644575 644448 644416 644440 644428 644682 644689 644697 644721 644719 644781 644826 644862 644890 645000 645058 644781 644757 644552 644697 644703 
0 0 0 642517 0 642493 0 0 0 0 0 0 0 0 0 0 0 0 0 0 642565 0 0 0 0 0 0 0 0 0 0 0 0 0 0 0 0 0 0 0 0 0 0 0 0 0 0 0 0 642581 0 0 0 0 0 0 0 0 0 0 0 0 0 0 642581 0 0 0 0 0 0 0 0 642409 0 0 0 642445 642479 0 0 0 0 0 0 0 0 0 0 0 0 0 0 0 0 0 0 642421 0 0 0 0 0 0 0 642570 642558 0 0 0 0 0 0 0 0 0 0 0 0 642361 0 642409 0 642581 0 0 0 0 
0 0 641709 641659 0 641641 641717 641724 641748 0 641612 641583 641733 641736 0 0 0 0 0 0 641713 0 0 0 0 0 0 641574 641568 0 0 641759 641759 0 641665 641671 0 641499 0 641488 0 0 0 641714 641759 0 0 0 0 641727 0 0 0 641497 0 0 0 0 0 641711 0 0 641771 641783 641809 0 0 641718 641513 0 641468 0 0 641524 0 0 0 641616 641657 641783 641750 0 0 0 0 0 641786 0 0 0 0 0 641450 0 0 0 0 641568 0 0 0 0 0 0 0 641796 641779 0 0 0 0 0 0 0 0 0 0 0 641401 641437 0 641544 0 641788 641809 0 0 0 
641291 641288 641308 641258 641261 641227 641316 641335 641395 641241 641198 641169 641332 641359 641409 641339 641315 641190 641154 641429 641360 641169 641345 641432 641346 641343 641269 641160 641154 641151 641111 641317 641325 641453 641300 641306 641104 641085 641095 641074 641066 641117 641120 641238 641302 641313 641486 641422 641419 641444 641120 641111 641108 641083 641079 641035 641032 641073 641157 641225 641253 641328 641331 641371 641467 641513 641504 641459 641099 641065 641054 641057 641048 641110 641135 641151 641165 641146 641197 641363 641515 641036 640994 641050 641136 641179 641364 641335 641525 641528 641511 641471 641036 641014 640940 640934 641028 641106 641118 641133 641140 641134 641171 641174 641168 641509 641532 641552 641537 641519 641531 641501 641017 640966 640958 640970 640945 640952 640987 641023 641043 641077 641099 641406 641447 641565 640982 640985 
0 0 644404 644554 0 644575 644380 644359 644287 0 644626 644641 644332 644323 0 0 644455 0 644650 0 644392 0 0 0 0 0 0 644740 644758 0 0 644161 644185 0 644536 644518 0 644821 0 644782 0 644689 0 644140 644116 0 644119 0 0 644245 0 0 0 644863 644839 0 0 0 644545 644209 0 0 644095 644107 644071 0 0 644200 644857 644917 644878 0 0 644674 0 0 0 644404 644125 644083 644032 0 0 0 0 0 643978 0 0 0 0 0 644899 0 0 0 0 644500 0 0 0 0 0 0 0 643948 643945 643921 643900 0 0 0 0 0 645001 644965 0 0 644616 644614 0 644521 0 643888 643906 0 645039 0 
644360 644366 644326 644426 644420 644440 644310 644296 644248 644460 644474 644484 644278 644272 644244 644336 644360 644514 644490 644228 644318 644532 644220 644198 644346 644352 644452 644550 644562 644544 644552 644164 644180 644202 644414 644402 644590 644604 644584 644552 644568 644514 644508 644150 644134 644156 644136 644264 644270 644220 644596 644596 644596 644632 644616 644570 644576 644494 644420 644196 644108 644114 644120 644128 644104 644082 644100 644190 644596 644644 644640 644634 644652 644480 644446 644408 644364 644326 644140 644112 644078 644668 644592 644480 644306 644248 644042 644056 644054 644052 644086 644166 644644 644672 644497 644509 644464 644388 644342 644300 644242 644230 644160 644166 644154 644022 644020 644004 643990 644070 644046 644106 644627 644678 644664 644640 644559 644401 644403 644403 644418 644378 644304 643982 643994 643978 644690 644690 
