643719 643699 643694 643714 643691 643684 643696 643702 643696 643684 643661 643666 643668 643662 643671 643662 643676 643665 643654 643659 643655 643645 643659 643656 643651 643654 643654 643654 643650 643666 643647 643647 643634 643651 643645 643652 643636 643642 643639 643641 643647 643642 643648 643628 643628 643634 643611 643630 643614 643619 643625 643643 643616 643622 643624 643626 643630 643641 643627 643608 643622 643627 643614 643607 643605 643612 643609 643612 643614 643611 643605 643624 643622 643620 643604 643592 643586 643593 643596 643588 643582 643595 643587 643595 643604 643583 643598 643574 643583 643592 643571 643580 643588 643580 643590 643581 643584 643566 643581 643589 643568 643567 643580 643576 643559 643575 643563 643560 643567 643559 643570 643560 643576 643548 643559 643568 643562 643556 643547 643506 643506 643532 643546 643541 643556 643554 643551 643553 
0 644982 644875 0 0 644971 644921 0 0 0 0 0 0 0 0 644803 0 0 0 644920 0 0 0 0 0 0 0 0 644815 0 0 0 644893 644920 644854 644897 644851 0 0 0 644826 0 0 0 644803 644845 0 0 0 0 644692 0 0 0 0 644743 0 0 0 0 0 644848 644809 644764 0 0 0 0 0 0 0 0 0 0 644885 644722 644707 644722 0 0 0 0 0 0 0 644566 0 0 644834 644815 644728 644710 644717 644683 0 0 0 0 0 0 644861 0 644851 644767 0 644668 644632 0 0 0 0 0 0 644461 0 0 0 0 0 644587 0 644599 644602 644566 644611 644605 644596 0 
0 0 636169 0 0 0 636137 0 0 0 0 0 0 0 0 0 0 0 0 0 0 0 0 0 0 0 0 0 636124 0 0 0 0 636034 0 0 0 0 0 0 0 0 0 0 0 636013 0 0 0 0 0 0 0 0 0 0 0 0 0 0 0 0 0 635959 0 0 0 0 0 0 0 0 0 0 635868 0 635893 0 0 0 0 0 0 0 0 0 0 0 635790 0 0 0 635905 635953 0 0 0 0 0 0 0 0 635820 635848 0 0 0 0 0 0 0 0 0 0 0 0 0 0 0 635813 0 0 0 0 0 0 0 0 
0 643457 643486 643486 643451 643442 643469 643488 0 643444 643409 643414 643426 643435 0 643469 0 0 0 643432 0 643430 0 0 0 0 0 0 643432 643416 643363 643383 643382 643411 643403 643420 643409 0 0 0 643420 0 0 643340 643386 643407 643384 0 0 0 643432 0 0 0 0 643408 643388 0 0 643284 643334 643387 643374 643380 0 0 0 643415 0 0 0 0 643368 0 643292 643363 643354 643366 0 0 0 0 643368 643402 643406 643390 643380 643214 643235 643316 643307 643341 643360 643353 643363 0 0 0 643388 643335 643232 0 643268 643300 0 643348 643336 643333 0 0 0 643367 0 643355 0 0 0 643290 0 643314 0 643325 643326 643314 643329 643327 643324 643360 
0 643927 643894 0 643960 643867 643886 643916 0 0 0 0 643803 0 0 643812 0 0 0 643805 0 643742 0 0 0 0 0 0 643914 0 643916 0 643847 643855 643711 643765 643725 0 0 0 643778 0 0 0 643643 643705 0 0 0 0 643750 0 0 0 0 643866 643890 0 0 643844 643887 643759 643707 643597 0 0 0 643652 0 0 0 0 643874 0 643863 643563 643515 643553 0 0 0 0 643562 643666 643720 643662 0 0 643794 643743 643635 643575 643525 643513 0 0 0 0 643650 643808 643767 0 643767 643679 0 643505 643481 0 0 0 0 643560 0 643557 0 0 0 643742 0 643355 0 643389 643405 643381 643429 643457 643469 643486 
0 0 644964 0 0 645130 645002 0 0 0 0 0 0 0 0 644882 0 0 0 645075 0 0 0 0 0 0 0 0 644862 0 0 0 645034 645079 645037 645072 645024 0 0 0 0 0 0 0 644986 645018 0 0 0 0 0 0 0 0 0 0 0 0 0 0 0 645013 644974 644937 0 0 0 0 0 0 0 0 0 0 644850 0 644890 0 0 0 0 0 0 0 0 644645 0 0 644697 644908 0 0 644892 644856 0 0 0 0 0 0 644804 0 644864 644860 0 644841 0 0 0 0 0 0 0 644540 0 0 0 0 0 644770 0 644772 644775 0 644784 644778 644769 0 
0 0 0 0 0 0 641173 0 0 0 0 0 0 0 0 0 0 0 0 0 0 0 0 0 0 0 0 0 641125 0 0 0 0 641089 0 0 0 0 0 0 0 0 0 0 0 641111 0 0 0 0 0 0 0 0 0 0 0 0 0 0 0 0 0 641084 0 0 0 0 0 0 0 0 0 0 641042 0 0 0 0 0 0 0 0 0 0 0 0 0 641021 0 0 0 0 641081 0 0 0 0 0 0 0 0 641018 641014 0 0 0 0 0 0 0 0 0 0 0 0 0 0 0 640970 0 0 0 0 0 0 0 0 
0 641546 641579 0 0 641501 641567 641611 0 0 0 0 641453 0 0 641531 0 0 0 641478 0 0 0 0 0 0 0 0 641463 0 0 0 641351 641402 641384 641453 641409 0 0 0 641442 0 0 0 641333 641403 0 0 0 0 641518 0 0 0 0 641439 0 0 0 0 641315 641330 641291 641322 0 0 0 0 0 0 0 0 0 0 641261 641228 641237 641280 0 0 0 0 0 641440 0 641476 0 0 641182 641225 641162 641192 641273 641241 0 0 0 0 641450 0 641153 0 641189 641177 0 641226 641190 0 0 0 0 0 0 641441 0 0 0 0 0 641117 0 641157 641160 641124 641169 641163 641154 0 
643374 643350 643367 643379 643342 643335 643393 643393 643391 643335 643312 643317 643319 643359 643368 643381 643395 643384 643305 643356 643352 643354 643378 643375 643370 643373 643373 643327 643323 643331 643302 643298 643285 643302 643296 643325 643333 643339 643336 643338 643344 643361 643367 643279 643279 643331 643308 643327 643311 643338 643344 643338 643335 643341 643297 643299 643303 643308 643298 643246 643273 643278 643265 643304 643302 643309 643306 643331 643333 643330 643324 643297 643295 643280 643254 643244 643247 643290 643293 643285 643279 643292 643292 643314 643299 643302 643271 643176 643197 643243 643222 643232 643265 643277 643287 643278 643281 643263 643300 643262 643194 643205 643230 643227 643210 643272 643260 643257 643264 643256 643267 643279 643271 643267 643232 643241 643235 643229 643185 643207 643224 643249 643250 643238 643253 643251 643248 643272 
0 643426 643377 643397 643417 643415 643383 643383 0 643424 643413 643408 643399 643391 0 643343 0 0 0 643388 0 643326 0 0 0 0 0 0 643354 643358 643315 643387 643386 643413 643376 643381 643365 0 0 0 643360 0 0 643338 643359 643363 643340 0 0 0 643306 0 0 0 0 643330 643310 0 0 643250 643338 643389 643376 643336 0 0 0 643293 0 0 0 0 643290 0 643290 643343 643327 643322 0 0 0 0 643268 643276 643285 643264 643302 643176 643203 643320 643311 643343 643321 643309 643319 0 0 0 643262 643257 643236 0 643272 643304 0 643304 643292 643289 0 0 0 643241 0 643229 0 0 0 643212 0 643287 0 643281 643282 643270 643285 643283 643280 643234 
0 643540 643491 643511 643543 643551 643497 643497 0 643550 643561 643556 643535 643507 0 643457 0 0 0 643524 0 643440 0 0 0 0 0 0 643502 643506 643463 643539 643556 643561 643512 643517 643501 0 0 0 643474 0 0 643486 643495 643499 643476 0 0 0 643420 0 0 0 0 643478 643458 0 0 643398 643492 643537 643524 643472 0 0 0 643407 0 0 0 0 643438 0 643438 643484 643463 643458 0 0 0 0 643382 643390 643399 643378 643450 643324 643351 643490 643481 643491 643457 643445 643455 0 0 0 643376 643405 643402 0 643442 643474 0 643440 643428 643425 0 0 0 643355 0 643343 0 0 0 643360 0 643423 0 643417 643418 643406 643421 643419 643416 643348 
0 643680 643631 643651 643688 643695 643637 643637 0 643695 643718 643713 643707 643647 0 643597 0 0 0 643674 0 643580 0 0 0 0 0 0 643659 643692 643673 643725 643745 643728 643684 643689 643673 0 0 0 643614 0 0 643696 643661 643671 643626 0 0 0 643560 0 0 0 0 643635 643668 0 0 643608 643702 643714 643701 643639 0 0 0 643547 0 0 0 0 643648 0 643648 643627 643597 643623 0 0 0 0 643522 643530 643539 643518 643607 643534 643561 643732 643684 643639 643597 643609 643627 0 0 0 643516 643615 643612 0 643672 643716 0 643611 643600 643597 0 0 0 643495 0 643483 0 0 0 643570 0 643517 0 643541 643555 643555 643573 643591 643588 643488 
0 644518 644371 0 0 644563 644409 644409 0 0 0 0 644611 0 0 644289 0 0 0 644520 0 0 0 0 0 0 0 0 644311 0 0 0 644569 644566 644648 644613 644517 0 0 0 644340 0 0 0 644597 644591 0 0 0 0 644178 0 0 0 0 644239 0 0 0 0 644461 644624 644603 644548 0 0 0 0 0 0 0 0 0 0 644419 644516 644501 644506 0 0 0 0 0 644088 0 644052 0 0 644338 644587 644522 644504 644503 644467 0 0 0 0 644046 0 644431 0 644491 644561 0 644452 644416 0 0 0 0 0 0 643947 0 0 0 0 0 644381 0 644383 644386 644350 644395 644383 644268 0 
0 644768 644719 0 644680 644759 644801 644773 0 0 0 0 644719 644833 0 644783 0 0 0 644808 0 644700 0 0 0 0 0 0 644603 0 644528 0 644617 644668 644650 644737 644787 0 0 0 644758 0 0 644551 644599 644735 644716 0 0 0 644724 0 0 0 0 644579 644535 0 0 644427 644553 644596 644557 644654 0 0 0 644619 0 0 0 0 644503 0 644479 644494 644503 644658 0 0 0 0 644522 644698 644675 644682 0 644317 644356 644491 644428 644458 644557 644625 644655 0 0 0 644702 644470 644403 0 644455 644443 0 644610 644574 644565 0 0 0 644591 0 644647 0 0 0 644413 0 644383 0 644535 644544 644508 644553 644547 644538 644464 
644904 644898 644879 644899 644858 644868 644949 644921 644915 644858 644822 644832 644836 644945 644959 644934 644948 644915 644808 644905 644943 644917 644931 644928 644923 644926 644904 644839 644799 644803 644760 644794 644768 644802 644790 644848 644893 644905 644899 644915 644935 644914 644920 644756 644756 644855 644879 644905 644885 644891 644875 644862 644866 644872 644809 644775 644755 644754 644728 644690 644744 644754 644728 644801 644867 644899 644899 644884 644886 644883 644877 644797 644735 644709 644708 644686 644692 644807 644813 644833 644833 644872 644824 644867 644823 644833 644747 644618 644642 644684 644642 644662 644728 644793 644825 644844 644850 644814 644853 644702 644636 644634 644660 644652 644618 644795 644795 644801 644816 644800 644822 644832 644784 644771 644706 644705 644687 644657 644594 644612 644646 644725 644739 644739 644757 644789 644784 644778 
0 0 644828 0 0 0 644894 0 0 0 0 0 0 0 0 644974 0 0 0 644777 0 0 0 0 0 0 0 0 644626 0 0 0 644422 644507 644477 0 0 0 0 0 0 0 0 0 0 644652 0 0 0 0 0 0 0 0 0 0 0 0 0 0 0 0 0 644517 0 0 0 0 0 0 0 0 0 0 644240 0 644232 0 0 0 0 0 0 0 0 0 0 0 644105 0 0 0 644322 644524 0 0 0 0 0 0 0 0 644152 644132 0 0 0 0 0 0 0 0 0 644362 0 0 0 0 0 644032 0 0 644389 0 0 644504 644503 0 
644916 644899 644891 644911 644875 644869 644969 644933 644927 644869 644823 644833 644837 644965 644983 644965 644979 644932 644809 644911 644999 645011 644998 644995 644954 644957 644921 644851 644811 644815 644772 644795 644769 644803 644791 644849 644913 644925 644919 644971 645020 644945 644951 644757 644757 644861 644962 644986 644968 644985 644890 644874 644872 644884 644796 644787 644767 644766 644740 644707 644745 644755 644729 644807 644950 644988 644982 644978 644953 644950 644898 644796 644747 644721 644709 644687 644693 644827 644833 644916 644916 644966 644935 644926 644800 644806 644744 644633 644659 644685 644643 644663 644729 644849 644906 644938 644944 644914 644850 644714 644637 644635 644661 644653 644619 644876 644878 644884 644910 644894 644916 644919 644744 644736 644666 644684 644672 644660 644595 644613 644647 644745 644795 644822 644838 644872 644884 644889 
644873 644825 644883 644883 644809 644795 644896 644911 644917 644795 644749 644759 644763 644840 644858 644906 644910 644909 644735 644822 644838 644866 644903 644900 644895 644898 644898 644843 644803 644787 644729 644721 644695 644729 644717 644775 644788 644800 644794 644810 644834 644886 644892 644683 644683 644772 644774 644800 644780 644863 644869 644866 644860 644866 644813 644779 644759 644741 644720 644643 644671 644681 644655 644718 644762 644800 644794 644854 644858 644855 644849 644801 644739 644687 644635 644613 644619 644702 644708 644728 644728 644778 644802 644839 644827 644827 644751 644575 644593 644611 644569 644589 644655 644688 644720 644750 644756 644744 644825 644706 644563 644561 644587 644579 644545 644690 644690 644696 644722 644706 644728 644804 644795 644772 644712 644709 644691 644661 644521 644539 644573 644620 644634 644634 644652 644684 644702 644797 
644813 644848 644763 644803 644827 644863 644776 644776 644764 644837 644836 644831 644879 644780 644771 644696 644724 644702 644881 644819 644751 644662 644690 644684 644674 644680 644680 644683 644733 644777 644763 644826 644863 644870 644872 644862 644806 644800 644803 644765 644723 644656 644668 644797 644855 644836 644723 644740 644720 644610 644622 644658 644604 644616 644623 644685 644717 644751 644735 644741 644803 644876 644863 644809 644729 644650 644653 644596 644600 644594 644582 644657 644713 644733 644773 644823 644795 644783 644786 644742 644716 644631 644546 644562 644580 644538 644629 644701 644719 644841 644815 644811 644784 644758 644756 644645 644642 644588 644534 644647 644761 644786 644797 644825 644791 644741 644705 644690 644659 644667 644656 644492 644524 644468 644551 644581 644581 644593 644796 644715 644702 644704 644706 644682 644712 644684 644639 644478 
0 0 644890 0 0 0 645040 0 0 0 0 0 0 0 0 0 0 0 0 645083 0 0 0 0 0 0 0 0 644758 0 0 0 644884 644935 644917 0 0 0 0 0 0 0 0 0 0 645010 0 0 0 0 0 0 0 0 0 0 0 0 0 0 0 0 0 644929 0 0 0 0 0 0 0 0 0 0 644736 0 644770 0 0 0 0 0 0 0 0 0 0 0 644593 0 0 0 644824 644912 0 0 0 0 0 0 0 0 644722 644710 0 0 0 0 0 0 0 0 0 644578 0 0 0 0 0 644650 0 0 644831 0 0 644882 0 0 
644912 644936 644887 644907 644872 644907 644965 644929 644923 644879 644861 644861 644875 645003 645002 644961 644975 644928 644847 644949 645023 644983 644987 644984 644950 644953 644917 644847 644807 644811 644768 644833 644807 644841 644829 644887 644951 644963 644957 645002 645017 644941 644947 644791 644795 644899 644976 645002 644982 644957 644888 644870 644875 644885 644799 644783 644763 644762 644736 644703 644783 644793 644767 644845 644964 644973 644976 644943 644942 644939 644901 644799 644743 644717 644743 644725 644731 644865 644871 644930 644930 644954 644882 644922 644803 644809 644747 644629 644656 644723 644681 644701 644767 644880 644922 644933 644939 644903 644853 644710 644675 644673 644699 644691 644657 644892 644892 644891 644905 644889 644911 644898 644747 644739 644669 644687 644675 644663 644633 644651 644685 644783 644826 644836 644854 644879 644873 644836 
0 644836 644905 0 644812 644791 644965 644953 0 0 0 0 644743 0 0 645019 0 0 0 644854 0 645118 0 0 0 0 0 0 644773 0 644692 0 644641 644692 644674 644761 644857 0 0 0 645034 0 0 0 644623 644779 0 0 0 0 644836 0 0 0 0 644701 644713 0 0 644563 644605 644620 644581 644698 0 0 0 645107 0 0 0 0 644689 0 644551 644518 644527 644728 0 0 0 0 644988 644890 644701 644710 0 0 644488 644515 644452 644482 644581 644761 0 0 0 0 644776 644590 644443 0 644479 644467 0 644818 644890 0 0 0 0 644965 0 644605 0 0 0 644491 0 644407 0 644605 644680 644776 644761 644867 644858 644948 
644963 644917 644952 644968 644901 644887 645003 644994 644988 644887 644841 644851 644855 644968 644986 645011 645025 644993 644827 644929 644966 644988 645008 645005 645000 645003 644982 644912 644872 644872 644819 644813 644787 644821 644809 644867 644916 644928 644922 644938 644962 644991 644997 644775 644775 644879 644902 644928 644908 644968 644953 644935 644944 644950 644873 644848 644828 644825 644801 644735 644763 644773 644747 644825 644890 644923 644917 644956 644963 644960 644954 644870 644808 644774 644727 644705 644711 644830 644836 644856 644856 644889 644885 644944 644877 644883 644820 644667 644685 644703 644661 644681 644747 644816 644848 644861 644867 644831 644912 644775 644655 644653 644679 644671 644637 644818 644818 644819 644833 644817 644839 644909 644821 644813 644743 644761 644749 644730 644613 644631 644665 644748 644762 644762 644780 644807 644801 644849 
644961 644913 644952 644970 644897 644883 644999 644994 644988 644883 644837 644847 644851 644979 644997 645026 645040 644993 644823 644925 644995 645023 645041 645038 645015 645018 644982 644912 644872 644874 644817 644809 644783 644817 644805 644863 644927 644939 644933 644967 644991 645006 645012 644771 644771 644875 644931 644957 644937 645001 644953 644935 644944 644950 644874 644848 644828 644827 644801 644731 644759 644769 644743 644821 644919 644945 644939 644982 644996 644993 644969 644870 644808 644775 644723 644701 644707 644841 644847 644885 644885 644911 644911 644977 644878 644884 644820 644663 644681 644699 644657 644677 644743 644845 644877 644883 644889 644853 644928 644775 644651 644649 644675 644667 644633 644847 644847 644841 644855 644839 644861 644942 644822 644814 644744 644762 644750 644730 644609 644627 644661 644759 644791 644791 644809 644829 644823 644875 
644900 644852 644950 644910 644836 644822 644938 644938 644950 644822 644776 644786 644790 644917 644935 645017 644989 645002 644762 644864 644917 644945 644989 644995 645023 645026 644991 644921 644881 644814 644756 644748 644722 644756 644744 644802 644865 644877 644871 644889 644913 645014 645020 644710 644710 644814 644853 644879 644859 644993 644962 644944 644953 644959 644891 644857 644837 644768 644748 644670 644698 644708 644682 644760 644841 644866 644860 644926 644988 644985 644977 644879 644806 644714 644662 644640 644646 644779 644785 644807 644806 644832 644832 644969 644905 644920 644829 644602 644620 644638 644596 644616 644682 644767 644799 644804 644810 644774 644953 644784 644590 644588 644614 644606 644572 644769 644768 644762 644776 644760 644782 644933 644875 644867 644790 644787 644769 644739 644548 644566 644600 644697 644713 644713 644731 644750 644744 644852 
644935 644887 644978 644945 644871 644857 644973 644973 644985 644857 644811 644821 644825 644953 644971 645048 645025 645033 644797 644899 644976 645018 645048 645054 645059 645056 645030 644960 644914 644849 644791 644783 644757 644791 644779 644837 644901 644913 644907 644948 644986 645054 645060 644745 644745 644849 644926 644952 644932 645058 645001 644983 644987 644998 644911 644896 644862 644803 644783 644705 644733 644743 644717 644795 644914 644934 644928 644994 645051 645048 645013 644911 644834 644749 644697 644675 644681 644815 644821 644880 644874 644900 644900 645030 644915 644921 644859 644637 644655 644673 644631 644651 644717 644826 644872 644872 644878 644842 644965 644823 644625 644623 644649 644641 644607 644842 644836 644830 644844 644828 644850 645004 644859 644851 644781 644799 644787 644775 644583 644601 644635 644733 644772 644786 644804 644818 644812 644914 
644082 644034 644132 644092 644018 644004 644096 644120 644132 644004 643958 643968 643972 644052 644070 644152 644124 644160 643944 644022 644062 644114 644134 644140 644160 644160 644159 644113 644064 643996 643938 643930 643904 643938 643926 643984 644000 644012 644006 644034 644070 644159 644160 643892 643892 643972 644022 644036 644028 644160 644130 644136 644121 644127 644083 644049 644016 643950 643930 643852 643880 643890 643864 643918 644010 644072 644066 644132 644143 644140 644122 644071 643988 643896 643844 643822 643828 643914 643920 643976 643988 644062 644110 644124 644097 644088 644021 643784 643802 643820 643778 643798 643864 643912 643956 644034 644040 644052 644098 643976 643772 643770 643796 643788 643754 643926 643950 643968 644006 643990 644012 644125 644069 644053 643982 643979 643961 643931 643730 643748 643782 643832 643858 643882 643888 643956 643998 644154 
644975 644927 645025 644985 644927 644897 644943 644979 644991 644913 644867 644877 644865 644886 644904 644986 644958 645017 644837 644869 644872 644876 644944 644950 645008 645002 645039 645080 644985 644905 644847 644839 644813 644847 644819 644843 644834 644846 644840 644844 644856 645026 645014 644801 644785 644819 644784 644822 644790 644928 645051 645069 645042 645048 645045 645020 644929 644859 644839 644761 644789 644799 644773 644765 644772 644786 644780 644846 645019 645022 645030 645050 644897 644805 644753 644727 644721 644748 644754 644738 644726 644752 644752 645008 645015 644985 645004 644693 644711 644729 644687 644707 644723 644722 644742 644724 644730 644694 644992 644949 644681 644679 644705 644697 644663 644712 644688 644682 644696 644680 644702 644937 644959 644915 644931 644949 644937 644914 644639 644641 644641 644666 644668 644644 644674 644670 644664 644772 
0 0 0 0 0 0 0 0 0 0 0 0 0 0 0 0 0 0 0 0 0 0 0 0 0 0 0 0 635605 0 0 0 0 635437 0 0 0 0 0 0 0 0 0 0 0 0 0 0 0 0 0 0 0 0 0 0 0 0 0 0 0 0 0 0 0 0 0 0 0 0 0 0 0 0 635259 0 0 0 0 0 0 0 0 0 0 0 0 0 635136 0 0 0 0 0 0 0 0 0 0 0 0 0 635187 635211 0 0 0 0 0 0 0 0 0 0 0 0 0 0 0 0 0 0 0 0 0 0 0 0 
0 643665 643652 643672 643705 643650 643658 643658 0 643698 643699 643704 643634 643626 0 643618 0 0 0 643623 0 643601 0 0 0 0 0 0 643680 643715 643672 643704 643672 643665 643611 643616 643600 0 0 0 643611 0 0 643661 643588 643598 643575 0 0 0 643581 0 0 0 0 643656 643667 0 0 643605 643655 643641 643628 643566 0 0 0 643568 0 0 0 0 643647 0 643613 643554 643524 643550 0 0 0 0 643543 643551 643560 643539 643628 643533 643556 643637 643613 643566 643524 643536 643554 0 0 0 643537 643614 643553 0 643589 643621 0 643538 643527 643524 0 0 0 643516 0 643504 0 0 0 643569 0 643444 0 643468 643482 643482 643500 643518 643515 643509 
0 644088 644099 0 644206 644030 644073 644109 0 0 0 0 643966 0 0 643997 0 0 0 643946 0 643935 0 0 0 0 0 0 644168 0 644291 0 644068 644064 643874 643906 643866 0 0 0 643926 0 0 0 643806 643846 0 0 0 0 643846 0 0 0 0 644072 644216 0 0 644174 644211 643968 643916 643738 0 0 0 643845 0 0 0 0 644240 0 644162 643750 643678 643694 0 0 0 0 643756 643750 643750 643678 0 0 644099 644031 643887 643784 643666 643654 0 0 0 0 643682 644115 644045 0 644069 643967 0 643646 643622 0 0 0 0 643646 0 643538 0 0 0 643997 0 643518 0 643530 643546 643522 643570 643598 643610 643670 
0 643587 643538 643558 643595 643602 643544 643544 0 643602 643625 643620 643586 643554 0 643504 0 0 0 643575 0 643487 0 0 0 0 0 0 643566 643606 643572 643639 643624 643617 643563 643568 643552 0 0 0 643521 0 0 643595 643546 643550 643527 0 0 0 643467 0 0 0 0 643542 643567 0 0 643507 643601 643593 643580 643523 0 0 0 643454 0 0 0 0 643547 0 643547 643535 643514 643509 0 0 0 0 643429 643437 643446 643425 643514 643433 643460 643603 643585 643547 643508 643496 643506 0 0 0 643423 643514 643511 0 643555 643587 0 643491 643479 643476 0 0 0 643402 0 643390 0 0 0 643469 0 643443 0 643467 643469 643457 643472 643470 643467 643395 
0 0 644413 0 0 0 644431 0 0 0 0 0 0 0 0 0 0 0 0 0 0 0 0 0 0 0 0 0 644407 0 0 0 644665 644662 644606 0 0 0 0 0 0 0 0 0 0 644567 0 0 0 0 0 0 0 0 0 0 0 0 0 0 0 0 0 644486 0 0 0 0 0 0 0 0 0 0 644515 0 644459 0 0 0 0 0 0 0 0 0 0 0 644434 0 0 0 644441 644405 0 0 0 0 0 0 0 0 644587 644573 0 0 0 0 0 0 0 0 0 643969 0 0 0 0 0 644339 0 0 644324 0 0 644327 0 0 
0 0 0 0 0 0 0 0 0 0 0 0 0 0 0 0 0 0 0 0 0 0 0 0 0 0 0 0 0 0 0 0 0 642626 0 0 0 0 0 0 0 0 0 0 0 0 0 0 0 0 0 0 0 0 0 0 0 0 0 0 0 0 0 0 0 0 0 0 0 0 0 0 0 0 642580 0 0 0 0 0 0 0 0 0 0 0 0 0 642529 0 0 0 0 0 0 0 0 0 0 0 0 0 642590 642626 0 0 0 0 0 0 0 0 0 0 0 0 0 0 0 0 0 0 0 0 0 0 0 0 
0 0 644391 0 0 0 644411 0 0 0 0 0 0 0 0 0 0 0 0 0 0 0 0 0 0 0 0 0 644351 0 0 0 644609 644606 644648 0 0 0 0 0 0 0 0 0 0 644595 0 0 0 0 0 0 0 0 0 0 0 0 0 0 0 0 0 644530 0 0 0 0 0 0 0 0 0 0 644459 0 644501 0 0 0 0 0 0 0 0 0 0 0 644378 0 0 0 644485 644449 0 0 0 0 0 0 0 0 644531 644581 0 0 0 0 0 0 0 0 0 643949 0 0 0 0 0 644381 0 0 644368 0 0 644371 0 0 
0 0 644899 0 0 645091 644971 0 0 0 0 0 0 0 0 644851 0 0 0 645082 0 0 0 0 0 0 0 0 644795 0 0 0 645037 645068 645070 645129 645063 0 0 0 0 0 0 0 645019 645085 0 0 0 0 0 0 0 0 0 0 0 0 0 0 0 645044 645005 645004 0 0 0 0 0 0 0 0 0 0 644783 0 644923 0 0 0 0 0 0 0 0 644614 0 0 644630 644939 0 0 644953 644923 0 0 0 0 0 0 644747 0 644851 644891 0 644908 0 0 0 0 0 0 0 644509 0 0 0 0 0 644803 0 644839 644842 0 644851 644845 644812 0 
0 0 644802 0 0 644992 644964 0 0 0 0 0 0 0 0 644916 0 0 0 645067 0 0 0 0 0 0 0 0 644670 0 0 0 644898 644929 644949 645036 645114 0 0 0 0 0 0 0 644898 645054 0 0 0 0 0 0 0 0 0 0 0 0 0 0 0 644895 644856 644973 0 0 0 0 0 0 0 0 0 0 644658 0 644802 0 0 0 0 0 0 0 0 644607 0 0 644505 644790 0 0 644856 645036 0 0 0 0 0 0 644622 0 644712 644742 0 645033 0 0 0 0 0 0 0 644502 0 0 0 0 0 644682 0 644880 644955 0 644976 644970 644947 0 
644846 644870 644821 644841 644806 644885 644899 644863 644857 644813 644800 644795 644900 644945 644936 644895 644909 644862 644878 644936 644958 644910 644922 644919 644884 644887 644851 644781 644741 644745 644702 644778 644827 644846 644860 644918 644971 644965 644968 644972 644944 644875 644881 644725 644826 644930 644956 644961 644953 644884 644822 644804 644813 644819 644751 644717 644697 644696 644670 644637 644731 644824 644798 644876 644962 644883 644886 644853 644877 644874 644838 644739 644677 644651 644677 644756 644762 644896 644902 644954 644942 644864 644792 644858 644761 644767 644689 644563 644590 644754 644712 644732 644798 644912 644946 644878 644875 644821 644811 644644 644641 644678 644701 644722 644688 644916 644904 644898 644892 644896 644889 644813 644705 644697 644627 644645 644629 644599 644664 644682 644716 644814 644858 644860 644878 644886 644872 644746 
644008 644056 643958 643998 643976 644086 644042 644006 643994 643990 643988 643978 644112 644098 644080 643998 644026 643968 644102 644116 644100 644026 644028 644022 643976 643982 643946 643878 643870 643902 643864 643968 644040 644056 644093 644122 644148 644138 644144 644128 644082 643958 643970 643910 644076 644128 644118 644116 644112 643974 643888 643888 643870 643882 643818 643822 643830 643852 643824 643806 643922 644051 644038 644101 644130 644044 644050 643984 643938 643932 643884 643818 643814 643810 643862 644029 644044 644111 644114 644132 644126 644042 643970 643900 643810 643804 643766 643730 643760 643980 643971 644005 644062 644122 644134 644070 644064 644028 643836 643748 643838 643888 643910 643964 643959 644119 644107 644104 644098 644102 644092 643868 643754 643734 643688 643706 643694 643682 643887 644004 644021 644070 644095 644085 644100 644098 644090 643914 
644830 644854 644805 644825 644790 644853 644883 644847 644841 644797 644784 644779 644821 644914 644905 644864 644878 644846 644793 644895 644897 644847 644861 644858 644853 644856 644835 644765 644725 644729 644686 644762 644753 644787 644775 644833 644882 644894 644888 644903 644881 644844 644850 644709 644741 644845 644868 644892 644874 644821 644806 644788 644797 644803 644735 644701 644681 644680 644654 644621 644715 644739 644713 644791 644856 644844 644847 644814 644816 644813 644807 644723 644661 644635 644661 644671 644677 644796 644802 644822 644822 644831 644759 644797 644749 644764 644673 644547 644574 644669 644627 644647 644713 644782 644814 644837 644840 644788 644783 644628 644619 644619 644645 644637 644603 644784 644784 644790 644810 644794 644816 644762 644721 644728 644634 644631 644613 644583 644579 644597 644631 644714 644728 644728 644746 644778 644778 644713 
0 0 644660 0 0 644710 644870 0 0 0 0 0 0 0 0 644846 0 0 0 644815 0 0 0 0 0 0 0 0 644450 0 0 0 644460 644545 644515 644660 644820 0 0 0 645029 0 0 0 644430 644690 0 0 0 0 644555 0 0 0 0 0 0 0 0 0 0 644425 644360 644555 0 0 0 0 0 0 0 0 0 0 644278 0 644270 0 0 0 0 0 0 0 0 644345 0 0 644099 644250 0 0 644360 644660 0 0 0 0 0 0 644122 0 644190 644170 0 644719 0 0 0 0 0 0 0 644170 0 0 0 0 0 644070 0 644400 644525 0 644624 644698 644695 0 
644844 644796 644894 644854 644780 644766 644877 644882 644894 644766 644720 644730 644734 644845 644863 644945 644917 644951 644706 644803 644857 644885 644929 644935 644965 644961 644950 644885 644837 644758 644700 644692 644666 644700 644688 644746 644793 644805 644799 644829 644853 644962 644968 644654 644654 644753 644793 644819 644799 644937 644921 644908 644912 644918 644855 644821 644782 644712 644692 644614 644642 644652 644626 644699 644781 644819 644813 644879 644948 644945 644925 644843 644750 644658 644606 644584 644590 644707 644713 644747 644747 644797 644815 644929 644869 644879 644793 644546 644564 644582 644540 644560 644626 644707 644739 644769 644775 644757 644901 644748 644534 644532 644558 644550 644516 644709 644709 644715 644741 644725 644747 644894 644838 644825 644754 644751 644733 644703 644492 644510 644544 644625 644653 644653 644671 644703 644721 644835 
643312 643288 643337 643317 643256 643273 643355 643343 643349 643249 643214 643219 643257 643350 643359 643400 643386 643384 643243 643318 643367 643369 643403 643406 643399 643402 643373 643303 643263 643221 643168 643188 643187 643216 643234 643275 643324 643330 643327 643353 643359 643390 643396 643145 643217 643293 643323 643342 643326 643391 643344 643326 643335 643341 643273 643239 643219 643174 643152 643089 643139 643192 643179 643266 643317 643324 643321 643354 643386 643383 643353 643261 643193 643123 643097 643170 643185 643281 643284 643300 643294 643307 643307 643367 643287 643302 643211 643019 643040 643121 643112 643146 643215 643292 643302 643293 643296 643278 643329 643166 643037 643048 643073 643105 643100 643287 643275 643272 643279 643271 643282 643332 643259 643267 643172 643169 643151 643121 643028 643145 643174 643240 643265 643253 643268 643266 643263 643317 
0 641353 641310 0 641415 641338 641268 641292 0 0 0 0 641322 641242 0 641204 0 0 0 641263 0 641115 0 0 0 0 0 0 641410 0 641529 0 641432 641401 641295 641280 641216 0 0 0 641173 0 0 641548 641244 641238 641119 0 0 0 641191 0 0 0 0 641386 641486 0 0 641434 641542 641377 641346 641175 0 0 0 641034 0 0 0 0 641504 0 641482 641211 641148 641133 0 0 0 0 640937 641113 641194 641149 0 641324 641363 641486 641361 641247 641130 641094 641122 0 0 0 641123 641471 641398 0 641458 641448 0 641079 641043 641020 0 0 0 641006 0 641114 0 0 0 641420 0 641028 0 641010 641013 640977 641022 641014 640963 640879 
0 0 644802 0 0 644994 644870 0 0 0 0 0 0 0 0 644750 0 0 0 644981 0 0 0 0 0 0 0 0 644688 0 0 0 644946 644967 645111 645072 644978 0 0 0 0 0 0 0 645128 645056 0 0 0 0 0 0 0 0 0 0 0 0 0 0 0 645039 645078 645107 0 0 0 0 0 0 0 0 0 0 644676 0 645034 0 0 0 0 0 0 0 0 644513 0 0 644523 644928 0 0 645064 645030 0 0 0 0 0 0 644640 0 644748 644974 0 645003 0 0 0 0 0 0 0 644408 0 0 0 0 0 644914 0 644946 644949 0 644958 644864 644729 0 
0 0 0 0 0 0 644981 0 0 0 0 0 0 0 0 0 0 0 0 0 0 0 0 0 0 0 0 0 644733 0 0 0 0 645012 0 0 0 0 0 0 0 0 0 0 0 645127 0 0 0 0 0 0 0 0 0 0 0 0 0 0 0 0 0 645060 0 0 0 0 0 0 0 0 0 0 644721 0 0 0 0 0 0 0 0 0 0 0 0 0 644568 0 0 0 0 644985 0 0 0 0 0 0 0 0 644793 644875 0 0 0 0 0 0 0 0 0 0 0 0 0 0 0 644815 0 0 0 0 0 0 0 0 
0 644943 644796 0 644823 644972 644958 644886 0 0 0 0 644954 645060 0 644910 0 0 0 645041 0 645013 0 0 0 0 0 0 644664 0 644655 0 644850 644891 644885 644972 645066 0 0 0 645099 0 0 644724 644834 644990 645123 0 0 0 644727 0 0 0 0 644592 644604 0 0 644568 644742 644831 644792 644909 0 0 0 644914 0 0 0 0 644580 0 644652 644729 644738 644939 0 0 0 0 644839 644781 644592 644601 0 644454 644499 644726 644663 644693 644792 644972 645068 0 0 0 644667 644481 644608 0 644676 644678 0 645023 645003 644994 0 0 0 644758 0 644496 0 0 0 644382 0 644618 0 644816 644891 644937 644966 644976 644967 644737 
644848 644872 644823 644843 644808 644874 644901 644865 644859 644815 644802 644797 644842 644942 644933 644892 644906 644864 644814 644916 644949 644916 644913 644910 644881 644884 644853 644783 644743 644747 644704 644780 644774 644808 644796 644854 644913 644925 644919 644957 644955 644872 644878 644727 644762 644866 644940 644967 644946 644890 644824 644806 644815 644821 644753 644719 644699 644698 644672 644639 644733 644760 644734 644812 644928 644889 644892 644859 644868 644865 644835 644741 644679 644653 644679 644692 644698 644827 644833 644894 644882 644870 644798 644849 644767 644782 644691 644565 644592 644690 644648 644668 644734 644837 644891 644878 644878 644827 644811 644646 644638 644640 644666 644658 644624 644861 644844 644838 644852 644836 644858 644819 644739 644737 644652 644649 644631 644601 644600 644618 644652 644745 644783 644800 644823 644826 644820 644752 
644848 644859 644823 644843 644808 644859 644901 644865 644859 644811 644787 644787 644859 644929 644929 644895 644909 644864 644835 644907 644941 644928 644916 644913 644884 644887 644853 644783 644743 644747 644704 644763 644787 644811 644817 644875 644929 644929 644929 644941 644953 644875 644881 644715 644783 644887 644943 644953 644943 644902 644824 644806 644815 644821 644753 644719 644699 644698 644672 644639 644715 644781 644755 644833 644943 644919 644919 644895 644871 644868 644838 644741 644679 644653 644667 644713 644719 644851 644857 644927 644927 644906 644845 644852 644758 644764 644691 644565 644592 644711 644669 644689 644755 644861 644917 644906 644906 644858 644806 644646 644619 644643 644667 644679 644645 644887 644889 644895 644906 644904 644906 644843 644702 644694 644624 644642 644630 644601 644621 644639 644673 644769 644807 644833 644849 644883 644882 644799 
644669 644626 644694 644674 644610 644596 644712 644700 644706 644596 644550 644560 644564 644692 644710 644764 644750 644749 644536 644638 644726 644816 644779 644782 644775 644772 644746 644676 644630 644578 644525 644522 644496 644530 644518 644576 644640 644652 644646 644698 644758 644770 644776 644484 644484 644588 644733 644724 644739 644842 644717 644699 644708 644714 644646 644612 644578 644531 644509 644444 644472 644482 644456 644534 644721 644761 644755 644803 644778 644775 644733 644634 644550 644480 644436 644414 644420 644554 644560 644687 644689 644739 644756 644759 644660 644675 644584 644376 644394 644412 644370 644390 644456 644576 644644 644711 644717 644705 644709 644539 644364 644362 644388 644380 644346 644614 644651 644657 644683 644667 644689 644797 644632 644640 644545 644542 644524 644494 644322 644340 644374 644472 644522 644593 644576 644645 644663 644766 
0 0 644883 0 0 644563 644803 0 0 0 0 0 0 0 0 644891 0 0 0 644618 0 0 0 0 0 0 0 0 644743 0 0 0 644313 644398 644368 644511 644511 0 0 0 644566 0 0 0 644283 644493 0 0 0 0 645114 0 0 0 0 0 0 0 0 0 0 644278 644213 644358 0 0 0 0 0 0 0 0 0 0 644163 0 644123 0 0 0 0 0 0 0 0 644904 0 0 644058 644103 0 0 644211 644231 0 0 0 0 0 0 643983 0 644043 644023 0 644206 0 0 0 0 0 0 0 644729 0 0 0 0 0 643923 0 644091 644096 0 644111 644101 644086 0 
643575 643551 643600 643580 643525 643522 643570 643594 643600 643518 643482 643488 643490 643534 643545 643586 643572 643607 643462 643516 643529 643531 643565 643568 643597 643594 643618 643636 643542 643490 643437 643454 643428 643462 643444 643490 643482 643494 643488 643504 643521 643606 643600 643414 643410 643466 643468 643494 643474 643557 643629 643647 643620 643626 643606 643566 643490 643443 643421 643358 643404 643414 643388 643412 643456 643486 643483 643516 643610 643613 643609 643600 643462 643392 643366 643346 643346 643396 643402 643422 643422 643469 643469 643599 643608 643587 643550 643288 643309 643344 643302 643322 643370 643382 643414 643444 643450 643438 643585 643495 643296 643294 643320 643312 643278 643384 643384 643390 643416 643400 643422 643564 643580 643552 643511 643508 643490 643460 643254 643266 643288 643314 643328 643328 643346 643378 643396 643479 
635228 635204 635253 635233 635173 635189 635223 635247 635253 635166 635131 635136 635173 635189 635198 635239 635225 635260 635159 635186 635182 635184 635218 635221 635250 635247 635271 635293 635190 635138 635085 635105 635104 635133 635150 635179 635163 635169 635166 635168 635174 635259 635253 635062 635133 635161 635138 635157 635141 635210 635300 635306 635301 635303 635287 635214 635138 635091 635069 635006 635056 635109 635096 635134 635132 635139 635136 635169 635263 635266 635290 635276 635110 635040 635014 635087 635101 635120 635123 635115 635109 635122 635122 635280 635289 635268 635226 634936 634957 635038 635029 635063 635119 635107 635117 635108 635111 635093 635266 635143 634954 634965 634990 635022 635017 635102 635090 635087 635094 635086 635097 635245 635242 635198 635177 635184 635166 635136 634945 635061 635078 635079 635080 635068 635083 635081 635078 635132 
639520 639496 639545 639525 639464 639481 639552 639551 639557 639457 639422 639427 639465 639518 639527 639568 639554 639589 639451 639515 639511 639513 639547 639550 639579 639576 639600 639565 639481 639429 639376 639396 639395 639424 639442 639483 639492 639498 639495 639497 639503 639588 639582 639353 639425 639490 639467 639486 639470 639539 639595 639588 639586 639592 639535 639501 639429 639382 639360 639297 639347 639400 639387 639463 639461 639468 639465 639498 639584 639581 639575 639523 639401 639331 639305 639378 639393 639449 639452 639444 639438 639451 639451 639565 639549 639553 639473 639227 639248 639329 639320 639354 639423 639436 639446 639437 639440 639422 639551 639428 639245 639256 639281 639313 639308 639431 639419 639416 639423 639415 639426 639530 639521 639514 639434 639431 639413 639383 639236 639353 639382 639408 639409 639397 639412 639410 639407 639461 
644918 644870 644968 644928 644878 644840 644909 644944 644956 644864 644830 644840 644808 644841 644859 644941 644913 644983 644780 644835 644827 644831 644899 644905 644963 644957 644999 645020 644948 644869 644811 644803 644776 644798 644762 644808 644789 644801 644795 644799 644811 644975 644969 644765 644728 644785 644739 644777 644745 644883 645028 645033 645037 645031 645047 644976 644893 644823 644803 644725 644753 644750 644724 644731 644727 644741 644735 644801 644967 644970 645012 645026 644861 644769 644717 644670 644664 644703 644709 644693 644681 644707 644707 644986 645043 645014 645004 644657 644675 644693 644651 644658 644688 644677 644697 644679 644685 644649 645010 644906 644645 644643 644669 644661 644627 644667 644643 644637 644651 644635 644657 644913 644987 644944 644957 644976 644964 644903 644603 644584 644606 644621 644623 644599 644629 644625 644619 644727 
0 0 644968 0 0 644712 644752 0 0 0 0 0 0 0 0 644816 0 0 0 644604 0 0 0 0 0 0 0 0 645020 0 0 0 644676 644706 644556 644576 644512 0 0 0 644556 0 0 0 644488 644504 0 0 0 0 644903 0 0 0 0 645071 0 0 0 0 0 644610 644558 644396 0 0 0 0 0 0 0 0 0 0 644556 0 644360 0 0 0 0 0 0 0 0 644735 0 0 644472 644508 0 0 644336 644288 0 0 0 0 0 0 644412 0 644460 644444 0 644268 644220 0 0 0 0 0 0 644595 0 0 0 0 0 644200 0 644176 644180 0 644192 644184 644172 0 
0 643745 643906 0 643866 643685 643744 643816 0 0 0 0 643621 0 0 643792 0 0 0 643601 0 643627 0 0 0 0 0 0 643996 0 643964 0 643712 643708 643529 643561 643521 0 0 0 643589 0 0 0 643461 643501 0 0 0 0 643773 0 0 0 0 643958 644044 0 0 643848 643858 643612 643560 643393 0 0 0 643582 0 0 0 0 644039 0 643823 643404 643333 643349 0 0 0 0 643441 643689 643739 643676 0 0 643773 643688 643532 643428 643321 643309 0 0 0 0 643670 644006 643703 0 643727 643624 0 643301 643277 0 0 0 0 643583 0 643571 0 0 0 643941 0 643173 0 643185 643201 643177 643225 643253 643265 643471 
644829 644793 644844 644834 644869 644763 644776 644812 644818 644859 644861 644871 644731 644715 644733 644772 644766 644792 644703 644709 644701 644689 644747 644748 644764 644770 644770 644774 644910 644930 644961 644881 644807 644793 644685 644695 644663 644675 644669 644673 644685 644746 644758 644927 644651 644659 644613 644651 644619 644700 644712 644748 644694 644706 644714 644862 644964 644967 644959 644920 644915 644745 644719 644605 644601 644615 644609 644650 644690 644684 644672 644762 644976 644942 644905 644629 644587 644577 644583 644567 644555 644581 644567 644652 644670 644628 644806 644886 644895 644819 644729 644653 644575 644551 644571 644553 644559 644523 644624 644920 644857 644843 644857 644787 644705 644541 644517 644511 644525 644509 644531 644582 644614 644558 644728 644794 644830 644868 644803 644507 644493 644495 644497 644473 644503 644499 644493 644556 
644922 644889 644893 644927 644962 644859 644869 644903 644893 644955 644957 644967 644827 644811 644829 644825 644853 644831 644799 644805 644797 644782 644819 644813 644803 644809 644809 644813 644949 645023 645056 644977 644903 644889 644781 644791 644759 644771 644765 644769 644781 644785 644797 645025 644747 644755 644709 644747 644715 644739 644751 644787 644733 644745 644753 644901 645005 645062 645070 645035 645013 644841 644815 644701 644697 644711 644705 644725 644729 644723 644711 644801 645027 645057 645023 644725 644683 644673 644679 644663 644651 644677 644660 644691 644709 644667 644845 645001 645010 644915 644825 644749 644671 644647 644667 644649 644655 644619 644663 644961 644975 644961 644975 644883 644801 644637 644613 644607 644621 644605 644627 644621 644653 644597 644767 644833 644869 644929 644921 644603 644589 644591 644593 644569 644599 644595 644589 644607 
0 643825 643765 0 643931 643768 643781 643783 0 0 0 0 643704 0 0 643663 0 0 0 643684 0 643612 0 0 0 0 0 0 643849 0 644056 0 643820 643804 643612 643644 643604 0 0 0 643663 0 0 0 643544 643584 0 0 0 0 643517 0 0 0 0 643757 643933 0 0 644157 644024 643708 643656 643476 0 0 0 643513 0 0 0 0 643981 0 644115 643488 643416 643432 0 0 0 0 643438 643421 643421 643349 0 0 644133 643820 643652 643524 643404 643392 0 0 0 0 643353 643861 644094 0 644023 643756 0 643384 643360 0 0 0 0 643317 0 643209 0 0 0 643813 0 643256 0 643268 643284 643260 643308 643336 643348 643336 
0 635692 635643 0 0 635707 635649 635649 0 0 0 0 635703 0 0 635609 0 0 0 635686 0 0 0 0 0 0 0 0 635671 0 0 0 635741 635734 635680 635685 635669 0 0 0 635626 0 0 0 635663 635667 0 0 0 0 635572 0 0 0 0 635647 0 0 0 0 635747 635710 635697 635640 0 0 0 0 0 0 0 0 0 0 635717 635652 635631 635626 0 0 0 0 0 635542 0 635530 0 0 635661 635747 635702 635664 635625 635613 0 0 0 0 635528 0 635705 0 635737 635731 0 635608 635596 0 0 0 0 0 0 635495 0 0 0 0 0 635591 0 635585 635586 635574 635589 635587 635584 0 
0 0 644800 0 0 644992 644818 0 0 0 0 0 0 0 0 644698 0 0 0 644929 0 0 0 0 0 0 0 0 644822 0 0 0 645074 645069 645031 645000 644920 0 0 0 0 0 0 0 644980 644970 0 0 0 0 0 0 0 0 0 0 0 0 0 0 0 645097 645060 644911 0 0 0 0 0 0 0 0 0 0 644876 0 644884 0 0 0 0 0 0 0 0 644461 0 0 644723 645068 0 0 644866 644830 0 0 0 0 0 0 644840 0 644948 645026 0 644815 0 0 0 0 0 0 0 644356 0 0 0 0 0 644764 0 644746 644749 0 644758 644752 644669 0 
0 0 644733 0 0 644925 644751 0 0 0 0 0 0 0 0 644631 0 0 0 644862 0 0 0 0 0 0 0 0 644817 0 0 0 645075 645024 645040 644955 644859 0 0 0 0 0 0 0 645037 644937 0 0 0 0 0 0 0 0 0 0 0 0 0 0 0 645096 645119 644966 0 0 0 0 0 0 0 0 0 0 644813 0 644947 0 0 0 0 0 0 0 0 644394 0 0 644660 645065 0 0 644929 644891 0 0 0 0 0 0 644777 0 644885 645089 0 644862 0 0 0 0 0 0 0 644289 0 0 0 0 0 644827 0 644809 644812 0 644821 644745 644610 0 
0 0 644369 0 0 0 644479 0 0 0 0 0 0 0 0 0 0 0 0 0 0 0 0 0 0 0 0 0 644309 0 0 0 644567 644564 644678 0 0 0 0 0 0 0 0 0 0 644665 0 0 0 0 0 0 0 0 0 0 0 0 0 0 0 0 0 644706 0 0 0 0 0 0 0 0 0 0 644417 0 644587 0 0 0 0 0 0 0 0 0 0 0 644336 0 0 0 644617 644671 0 0 0 0 0 0 0 0 644489 644627 0 0 0 0 0 0 0 0 0 644017 0 0 0 0 0 644467 0 0 644590 0 0 644519 0 0 
644773 644797 644748 644768 644733 644812 644826 644790 644784 644740 644727 644722 644818 644872 644863 644822 644836 644789 644790 644863 644891 644889 644855 644852 644811 644814 644778 644708 644668 644672 644629 644705 644748 644773 644772 644830 644892 644892 644895 644905 644899 644802 644808 644652 644738 644842 644935 644916 644932 644863 644749 644731 644740 644746 644678 644644 644624 644623 644597 644564 644658 644736 644710 644788 644941 644885 644888 644855 644810 644807 644765 644666 644604 644578 644604 644668 644674 644808 644814 644918 644929 644866 644794 644791 644692 644707 644616 644490 644517 644666 644624 644644 644710 644830 644886 644880 644877 644823 644741 644571 644568 644605 644628 644634 644600 644856 644891 644885 644894 644883 644891 644815 644664 644664 644577 644574 644556 644526 644576 644594 644628 644726 644776 644824 644818 644873 644866 644748 
644807 644831 644782 644802 644767 644846 644860 644824 644818 644774 644761 644756 644828 644906 644897 644856 644870 644823 644800 644897 644925 644923 644889 644886 644845 644848 644812 644742 644702 644706 644663 644739 644760 644794 644782 644840 644904 644916 644910 644939 644933 644836 644842 644686 644748 644852 644969 644950 644966 644897 644780 644765 644762 644774 644686 644678 644658 644657 644631 644598 644692 644746 644720 644798 644962 644954 644957 644924 644844 644841 644788 644686 644638 644612 644638 644678 644684 644818 644824 644928 644952 644947 644893 644816 644690 644696 644634 644524 644551 644676 644634 644654 644720 644840 644896 644961 644958 644922 644740 644605 644602 644626 644652 644644 644610 644866 644914 644930 644956 644940 644962 644854 644634 644626 644556 644574 644562 644550 644586 644604 644638 644736 644786 644834 644828 644918 644936 644847 
644813 644837 644788 644808 644773 644826 644866 644830 644824 644780 644767 644762 644794 644912 644903 644862 644876 644829 644766 644868 644919 644917 644883 644880 644851 644854 644818 644748 644708 644712 644669 644745 644726 644760 644748 644806 644870 644882 644876 644916 644927 644842 644848 644692 644714 644818 644928 644930 644934 644891 644789 644771 644780 644786 644718 644684 644664 644663 644637 644604 644696 644712 644686 644764 644916 644950 644953 644920 644838 644835 644805 644706 644644 644618 644644 644644 644650 644784 644790 644882 644906 644943 644882 644819 644722 644728 644656 644530 644557 644642 644600 644620 644686 644794 644850 644940 644944 644911 644772 644611 644594 644592 644618 644610 644576 644820 644868 644886 644912 644896 644918 644856 644666 644658 644588 644606 644594 644566 644552 644570 644604 644702 644740 644788 644782 644874 644891 644836 
0 644736 644853 0 644712 644691 644865 644865 0 0 0 0 644643 0 0 644959 0 0 0 644754 0 645036 0 0 0 0 0 0 644741 0 644592 0 644541 644592 644574 644661 644757 0 0 0 644934 0 0 0 644523 644679 0 0 0 0 644822 0 0 0 0 644687 644673 0 0 644463 644505 644520 644481 644598 0 0 0 645117 0 0 0 0 644637 0 644451 644418 644427 644628 0 0 0 0 645004 644876 644687 644696 0 0 644388 644415 644352 644382 644481 644661 0 0 0 0 644762 644576 644343 0 644379 644367 0 644718 644826 0 0 0 0 644987 0 644591 0 0 0 644477 0 644307 0 644505 644580 644688 644661 644859 644872 645006 
644995 644947 645045 645005 644931 644917 645033 645033 645045 644917 644871 644881 644885 644990 645008 645090 645062 645107 644857 644959 644987 644991 645059 645065 645112 645106 645124 645075 644989 644909 644851 644843 644817 644851 644839 644897 644938 644950 644944 644959 644971 645125 645118 644805 644805 644909 644899 644937 644905 645043 645109 645097 645091 645103 645015 645015 644933 644863 644843 644765 644793 644803 644777 644855 644887 644901 644895 644961 645123 645117 645094 645015 644901 644809 644757 644735 644741 644852 644858 644853 644841 644867 644867 645085 645019 645025 644963 644697 644715 644733 644691 644711 644777 644837 644857 644839 644845 644809 645046 644943 644685 644683 644709 644701 644667 644827 644803 644797 644811 644795 644817 645015 644963 644955 644885 644903 644891 644879 644643 644661 644695 644770 644783 644759 644789 644785 644779 644887 
642598 642574 642623 642603 642542 642559 642641 642629 642635 642535 642500 642505 642543 642641 642650 642691 642677 642678 642529 642604 642646 642649 642682 642685 642702 642699 642689 642654 642559 642507 642454 642474 642473 642502 642520 642561 642615 642621 642618 642632 642639 642711 642705 642431 642503 642579 642603 642622 642606 642675 642698 642678 642680 642692 642604 642582 642507 642460 642438 642375 642425 642478 642465 642552 642597 642604 642601 642634 642724 642724 642704 642604 642479 642409 642383 642456 642471 642572 642575 642580 642574 642587 642587 642708 642608 642614 642552 642305 642326 642407 642398 642432 642501 642571 642582 642573 642576 642558 642656 642510 642323 642334 642359 642391 642386 642567 642555 642552 642559 642551 642562 642675 642552 642544 642474 642492 642480 642468 642314 642431 642460 642531 642544 642533 642548 642546 642543 642597 
645028 644980 645078 645038 644964 644950 645065 645066 645078 644950 644904 644914 644918 644997 645015 645097 645069 645139 644890 644991 644983 644987 645055 645061 645119 645113 645161 645104 645022 644942 644884 644876 644850 644884 644872 644930 644945 644957 644951 644955 644967 645137 645125 644838 644838 644941 644895 644933 644901 645039 645137 645126 645119 645131 645044 645048 644966 644896 644876 644798 644826 644836 644810 644887 644883 644897 644891 644957 645115 645109 645097 645044 644934 644842 644790 644768 644774 644859 644865 644849 644837 644863 644863 645077 645048 645053 644992 644730 644748 644766 644724 644744 644810 644833 644853 644835 644841 644805 645049 644974 644718 644716 644742 644734 644700 644823 644799 644793 644807 644791 644813 645007 644992 644983 644914 644932 644920 644908 644676 644694 644728 644777 644779 644755 644785 644781 644775 644883 
644967 644919 645017 644977 644953 644889 644922 644969 644981 644939 644894 644904 644857 644854 644872 644954 644926 644996 644829 644848 644840 644844 644912 644918 644976 644970 645011 645068 645012 644932 644874 644866 644840 644873 644811 644833 644802 644814 644808 644812 644824 644987 644981 644828 644777 644798 644752 644790 644758 644896 645040 645057 645045 645043 645054 645039 644956 644886 644866 644788 644816 644825 644799 644744 644740 644754 644748 644814 644979 644982 645022 645090 644924 644832 644780 644743 644713 644716 644722 644706 644694 644720 644720 644998 645022 644981 645053 644720 644738 644756 644714 644733 644713 644690 644710 644692 644698 644662 644977 644968 644708 644706 644732 644724 644690 644680 644656 644650 644664 644648 644670 644925 644966 644911 644975 644993 644981 644965 644666 644633 644631 644634 644636 644612 644642 644638 644632 644740 
0 643874 644021 0 644010 643814 643878 643962 0 0 0 0 643750 0 0 643917 0 0 0 643730 0 643770 0 0 0 0 0 0 644113 0 644163 0 643866 643850 643658 643690 643650 0 0 0 643718 0 0 0 643590 643630 0 0 0 0 643800 0 0 0 0 644040 644182 0 0 644029 644047 643754 643702 643522 0 0 0 643730 0 0 0 0 644214 0 644001 643534 643462 643478 0 0 0 0 643582 643704 643704 643632 0 0 643953 643855 643698 643570 643450 643438 0 0 0 0 643636 644121 643881 0 643905 643791 0 643430 643406 0 0 0 0 643600 0 643492 0 0 0 644003 0 643302 0 643314 643330 643306 643354 643382 643394 643591 
644803 644771 644771 644798 644843 644741 644750 644772 644766 644836 644839 644849 644709 644693 644711 644703 644722 644709 644681 644687 644679 644655 644693 644690 644681 644687 644687 644691 644827 644894 644936 644859 644785 644771 644663 644673 644641 644653 644647 644651 644663 644663 644675 644906 644629 644637 644591 644629 644597 644617 644629 644665 644611 644623 644631 644779 644883 644930 644940 644941 644894 644723 644697 644583 644579 644593 644587 644598 644607 644601 644589 644679 644904 644957 644930 644607 644565 644555 644561 644545 644533 644559 644537 644569 644587 644545 644723 644907 644916 644797 644707 644631 644553 644529 644549 644531 644537 644501 644541 644838 644882 644868 644882 644765 644683 644519 644495 644489 644503 644487 644509 644499 644531 644475 644645 644711 644747 644808 644828 644485 644471 644473 644475 644451 644481 644477 644471 644485 
0 0 0 0 0 0 0 0 0 0 0 0 0 0 0 0 0 0 0 0 0 0 0 0 0 0 0 0 0 0 0 0 0 642480 0 0 0 0 0 0 0 0 0 0 0 0 0 0 0 0 0 0 0 0 0 0 0 0 0 0 0 0 0 0 0 0 0 0 0 0 0 0 0 0 642480 0 0 0 0 0 0 0 0 0 0 0 0 0 642462 0 0 0 0 0 0 0 0 0 0 0 0 0 642480 642470 0 0 0 0 0 0 0 0 0 0 0 0 0 0 0 0 0 0 0 0 0 0 0 0 
0 644770 644623 0 0 644815 644649 0 0 0 0 0 0 0 0 644529 0 0 0 644760 0 0 0 0 0 0 0 0 644567 0 0 0 644825 644822 644932 644853 644757 0 0 0 644580 0 0 0 644983 644835 0 0 0 0 644418 0 0 0 0 644495 0 0 0 0 0 644894 644933 644916 0 0 0 0 0 0 0 0 0 0 644621 645026 645035 644886 0 0 0 0 0 0 0 644292 0 0 644468 644855 644966 645014 645009 644853 0 0 0 0 0 0 644585 0 644693 644903 0 644796 644688 0 0 0 0 0 0 644187 0 0 0 0 0 644995 0 644925 644902 644820 644853 644643 644508 0 
0 0 636659 0 0 0 636749 0 0 0 0 0 0 0 0 0 0 0 0 0 0 0 0 0 0 0 0 0 636603 0 0 0 0 636865 0 0 0 0 0 0 0 0 0 0 0 636935 0 0 0 0 0 0 0 0 0 0 0 0 0 0 0 0 0 636984 0 0 0 0 0 0 0 0 0 0 636579 0 636998 0 0 0 0 0 0 0 0 0 0 0 636390 0 0 0 636998 636987 0 0 0 0 0 0 0 0 636651 636896 0 0 0 0 0 0 0 0 0 0 0 0 0 0 0 636969 0 0 0 0 0 0 0 0 
0 644880 644733 0 0 644925 644895 0 0 0 0 0 0 0 0 644825 0 0 0 645006 0 0 0 0 0 0 0 0 644601 0 0 0 644859 644880 645042 645027 645053 0 0 0 644906 0 0 0 645043 645081 0 0 0 0 644664 0 0 0 0 644529 0 0 0 0 0 644952 644987 645118 0 0 0 0 0 0 0 0 0 0 644589 644938 644947 645126 0 0 0 0 0 0 0 644538 0 0 644436 644841 644872 644902 645001 645111 0 0 0 0 0 0 644553 0 644661 644881 0 645102 645014 0 0 0 0 0 0 644433 0 0 0 0 0 644827 0 645003 645030 645000 645045 644969 644834 0 
644601 644649 644551 644591 644593 644678 644633 644599 644587 644607 644617 644607 644694 644665 644647 644565 644593 644559 644708 644703 644643 644567 644571 644565 644543 644549 644537 644471 644499 644543 644529 644609 644656 644663 644717 644712 644702 644696 644699 644671 644623 644525 644537 644575 644718 644728 644655 644657 644652 644515 644479 644481 644461 644473 644411 644451 644483 644517 644501 644507 644587 644687 644700 644741 644661 644584 644590 644524 644481 644475 644451 644423 644479 644499 644551 644683 644686 644727 644730 644678 644660 644570 644474 644443 644403 644395 644395 644467 644485 644650 644661 644671 644704 644714 644700 644598 644592 644532 644403 644413 644551 644579 644590 644666 644649 644709 644679 644657 644614 644622 644611 644409 644347 644325 644317 644347 644347 644359 644599 644613 644635 644683 644687 644675 644690 644663 644594 644406 
644739 644763 644714 644734 644699 644778 644792 644756 644750 644706 644693 644688 644794 644838 644829 644788 644802 644755 644808 644829 644857 644860 644821 644818 644777 644780 644744 644674 644634 644638 644595 644671 644720 644739 644809 644824 644864 644858 644861 644871 644870 644768 644774 644618 644775 644854 644906 644887 644903 644834 644715 644697 644706 644712 644644 644610 644590 644589 644563 644530 644624 644761 644747 644825 644912 644841 644844 644811 644776 644773 644731 644632 644570 644544 644570 644705 644711 644845 644851 644929 644907 644822 644750 644757 644658 644673 644582 644456 644483 644689 644661 644681 644747 644867 644922 644836 644833 644779 644707 644537 644534 644571 644594 644671 644637 644898 644918 644893 644850 644858 644847 644771 644630 644631 644543 644540 644522 644492 644591 644631 644665 644763 644813 644866 644860 644894 644830 644704 
644730 644754 644705 644725 644690 644769 644782 644747 644741 644697 644684 644679 644785 644816 644807 644766 644780 644745 644792 644819 644823 644821 644787 644784 644755 644758 644734 644665 644625 644629 644586 644662 644711 644730 644780 644815 644842 644836 644839 644837 644831 644746 644752 644609 644746 644839 644867 644848 644864 644795 644705 644688 644696 644702 644635 644601 644581 644580 644554 644521 644615 644744 644718 644795 644873 644838 644841 644808 644742 644739 644709 644623 644561 644535 644561 644676 644682 644803 644809 644887 644892 644831 644764 644723 644649 644663 644573 644447 644474 644672 644632 644652 644718 644813 644869 644845 644842 644793 644685 644528 644525 644562 644585 644642 644608 644839 644883 644883 644859 644867 644856 644756 644609 644600 644531 644531 644513 644483 644576 644602 644636 644721 644759 644807 644801 644877 644844 644718 
644767 644791 644742 644762 644727 644766 644820 644784 644778 644734 644717 644716 644734 644860 644857 644816 644830 644783 644706 644808 644885 644907 644849 644846 644805 644808 644772 644702 644662 644666 644623 644691 644666 644700 644688 644746 644810 644822 644816 644868 644905 644796 644802 644646 644654 644758 644904 644894 644910 644881 644743 644725 644734 644740 644672 644638 644618 644617 644591 644558 644642 644652 644626 644704 644892 644976 644979 644946 644804 644801 644759 644660 644598 644572 644598 644584 644590 644724 644730 644858 644894 645004 644966 644785 644686 644697 644610 644484 644511 644582 644540 644560 644626 644746 644814 644987 644993 644989 644735 644565 644534 644532 644558 644550 644516 644784 644856 644898 644959 644943 644965 644858 644635 644627 644557 644568 644550 644520 644492 644510 644544 644642 644692 644764 644746 644886 644949 644925 
0 644737 644718 0 644713 644692 644864 644808 0 0 0 0 644644 0 0 644832 0 0 0 644755 0 644997 0 0 0 0 0 0 644586 0 644573 0 644542 644593 644575 644662 644758 0 0 0 644935 0 0 0 644524 644680 0 0 0 0 644649 0 0 0 0 644514 644526 0 0 644464 644506 644521 644482 644599 0 0 0 645042 0 0 0 0 644502 0 644452 644419 644428 644629 0 0 0 0 645147 644703 644514 644523 0 0 644389 644416 644353 644383 644482 644662 0 0 0 0 644589 644403 644344 0 644380 644368 0 644719 644827 0 0 0 0 644814 0 644418 0 0 0 644304 0 644308 0 644506 644581 644689 644662 644872 645007 645047 
0 637784 637882 0 0 637754 637846 637858 0 0 0 0 637722 0 0 637914 0 0 0 637772 0 0 0 0 0 0 0 0 637862 0 0 0 637690 637712 637676 637722 637762 0 0 0 637856 0 0 0 637642 637722 0 0 0 0 638000 0 0 0 0 637910 0 0 0 0 637702 637664 637638 637668 0 0 0 0 0 0 0 0 0 0 637690 637584 637578 637676 0 0 0 0 0 638026 0 637971 0 0 637684 637630 637576 637572 637602 637686 0 0 0 0 637993 0 637642 0 637642 637598 0 637712 637714 0 0 0 0 0 0 637936 0 0 0 0 0 637498 0 637594 637632 637658 637674 637708 637726 0 
0 643493 643677 0 643531 643433 643517 643601 0 0 0 0 643369 0 0 643583 0 0 0 643369 0 643409 0 0 0 0 0 0 643639 0 643419 0 643315 643371 643277 643329 643289 0 0 0 643357 0 0 0 643209 643269 0 0 0 0 643766 0 0 0 0 643711 643555 0 0 643283 643303 643275 643223 643161 0 0 0 643373 0 0 0 0 643507 0 643255 643118 643081 643117 0 0 0 0 643221 643712 643879 643843 0 0 643207 643171 643075 643091 643089 643077 0 0 0 0 643807 643606 643135 0 643159 643107 0 643069 643045 0 0 0 0 643601 0 643748 0 0 0 643633 0 642921 0 642953 642969 642945 642993 643021 643033 643262 
0 0 637711 0 0 637583 637675 0 0 0 0 0 0 0 0 637735 0 0 0 637601 0 0 0 0 0 0 0 0 637691 0 0 0 637519 637541 637505 637551 637583 0 0 0 0 0 0 0 637471 637551 0 0 0 0 0 0 0 0 0 0 0 0 0 0 0 637493 637467 637497 0 0 0 0 0 0 0 0 0 0 637519 0 637407 0 0 0 0 0 0 0 0 637901 0 0 637513 637459 0 0 637431 637483 0 0 0 0 0 0 637471 0 637471 637427 0 637485 0 0 0 0 0 0 0 637874 0 0 0 0 0 637327 0 637415 637429 0 637447 637479 637497 0 
0 643859 643950 643921 643919 643814 643877 643913 0 643905 643884 643899 643766 643814 0 643912 0 0 0 643781 0 643847 0 0 0 0 0 0 643989 643947 643900 643873 643803 643811 643697 643736 643736 0 0 0 643815 0 0 643851 643646 643706 643733 0 0 0 643973 0 0 0 0 644013 643967 0 0 643814 643833 643739 643700 643625 0 0 0 643841 0 0 0 0 643939 0 643803 643589 643550 643607 0 0 0 0 643783 643951 643977 643947 644030 643720 643750 643731 643645 643601 643556 643592 643646 0 0 0 643955 643972 643717 0 643731 643683 0 643601 643613 643628 0 0 0 643915 0 643858 0 0 0 643964 0 643430 0 643484 643511 643523 643544 643610 643649 643805 
0 644757 644662 0 644827 644712 644680 644680 0 0 0 0 644664 644640 0 644560 0 0 0 644631 0 644509 0 0 0 0 0 0 644746 0 644953 0 644778 644757 644595 644610 644562 0 0 0 644585 0 0 644976 644544 644556 644487 0 0 0 644449 0 0 0 0 644674 644830 0 0 645078 644958 644685 644646 644475 0 0 0 644410 0 0 0 0 644878 0 645048 644511 644448 644433 0 0 0 0 644335 644359 644386 644323 0 645094 645109 644796 644661 644547 644430 644394 644424 0 0 0 644317 644779 645084 0 644976 644748 0 644379 644343 644334 0 0 0 644254 0 644218 0 0 0 644752 0 644328 0 644310 644313 644277 644322 644316 644307 644233 
0 0 0 0 0 0 0 0 0 0 0 0 0 0 0 0 0 0 0 0 0 0 0 0 0 0 0 0 0 0 0 0 0 0 0 0 0 0 0 0 0 0 0 0 0 0 0 0 0 0 0 0 0 0 0 0 0 0 0 0 0 0 0 0 0 0 0 0 0 0 0 0 0 0 0 0 0 0 0 0 0 0 0 0 0 0 0 0 644613 0 0 0 0 0 0 0 0 0 0 0 0 0 644462 644234 0 0 0 0 0 0 0 0 0 0 0 0 0 0 0 0 0 0 0 0 0 0 0 0 
0 0 644741 0 0 644933 644759 0 0 0 0 0 0 0 0 644639 0 0 0 644870 0 0 0 0 0 0 0 0 644825 0 0 0 645071 645030 644948 644929 644855 0 0 0 0 0 0 0 644917 644887 0 0 0 0 0 0 0 0 0 0 0 0 0 0 0 645026 645013 644848 0 0 0 0 0 0 0 0 0 0 644939 0 644821 0 0 0 0 0 0 0 0 644402 0 0 644786 645091 0 0 644803 644767 0 0 0 0 0 0 644903 0 645011 645075 0 644752 0 0 0 0 0 0 0 644297 0 0 0 0 0 644701 0 644683 644686 0 644695 644663 644604 0 
0 644796 644649 0 0 644841 644667 0 0 0 0 0 0 0 0 644547 0 0 0 644778 0 0 0 0 0 0 0 0 644725 0 0 0 644983 644940 644958 644871 644775 0 0 0 644598 0 0 0 645009 644853 0 0 0 0 644436 0 0 0 0 644653 0 0 0 0 0 645012 645051 644934 0 0 0 0 0 0 0 0 0 0 644819 645004 644941 644900 0 0 0 0 0 0 0 644310 0 0 644666 645041 645112 645040 644923 644863 0 0 0 0 0 0 644783 0 644891 645089 0 644814 644706 0 0 0 0 0 0 644205 0 0 0 0 0 644821 0 644803 644806 644770 644815 644661 644526 0 
0 644720 644573 0 0 644765 644591 0 0 0 0 0 0 0 0 644471 0 0 0 644702 0 0 0 0 0 0 0 0 644557 0 0 0 644815 644830 644882 644795 644699 0 0 0 644522 0 0 0 644933 644777 0 0 0 0 644360 0 0 0 0 644485 0 0 0 0 0 644902 644941 644858 0 0 0 0 0 0 0 0 0 0 644545 644996 644951 644828 0 0 0 0 0 0 0 644234 0 0 644392 644797 644926 644998 644921 644795 0 0 0 0 0 0 644509 0 644617 644845 0 644738 644630 0 0 0 0 0 0 644129 0 0 0 0 0 644911 0 644833 644810 644746 644779 644585 644450 0 
0 0 633358 0 0 0 633461 0 0 0 0 0 0 0 0 0 0 0 0 0 0 0 0 0 0 0 0 0 633286 0 0 0 0 633553 0 0 0 0 0 0 0 0 0 0 0 633647 0 0 0 0 0 0 0 0 0 0 0 0 0 0 0 0 0 633728 0 0 0 0 0 0 0 0 0 0 633274 0 633742 0 0 0 0 0 0 0 0 0 0 0 633121 0 0 0 633766 633713 0 0 0 0 0 0 0 0 633346 633574 0 0 0 0 0 0 0 0 0 0 0 0 0 0 0 633592 0 0 0 0 0 0 0 0 
0 0 0 0 0 0 644358 0 0 0 0 0 0 0 0 0 0 0 0 0 0 0 0 0 0 0 0 0 644184 0 0 0 0 644439 0 0 0 0 0 0 0 0 0 0 0 644544 0 0 0 0 0 0 0 0 0 0 0 0 0 0 0 0 0 644607 0 0 0 0 0 0 0 0 0 0 644292 0 0 0 0 0 0 0 0 0 0 0 0 0 644211 0 0 0 0 644616 0 0 0 0 0 0 0 0 644364 644520 0 0 0 0 0 0 0 0 0 0 0 0 0 0 0 644364 0 0 0 0 0 0 0 0 
0 644842 644695 0 644722 644887 644857 644785 0 0 0 0 644935 644959 0 644809 0 0 0 644968 0 644936 0 0 0 0 0 0 644563 0 644554 0 644821 644842 644954 644987 645037 0 0 0 645004 0 0 644623 644907 645029 645074 0 0 0 644626 0 0 0 0 644491 644503 0 0 644467 644641 644888 644865 644982 0 0 0 644841 0 0 0 0 644479 0 644551 644802 644811 645012 0 0 0 0 644766 644680 644491 644500 0 644353 644398 644781 644736 644766 644865 645045 645137 0 0 0 644566 644380 644515 0 644623 644751 0 645102 645100 645069 0 0 0 644685 0 644395 0 0 0 644281 0 644691 0 644889 644964 645034 645045 645067 644970 644664 
644726 644750 644701 644721 644686 644763 644779 644743 644737 644693 644680 644675 644735 644825 644816 644775 644789 644742 644707 644808 644842 644840 644806 644803 644764 644767 644731 644661 644621 644625 644582 644658 644667 644701 644689 644747 644811 644823 644817 644856 644850 644755 644761 644605 644655 644759 644878 644867 644881 644814 644702 644684 644693 644699 644631 644597 644577 644576 644550 644517 644611 644653 644627 644705 644867 644885 644888 644855 644761 644758 644718 644619 644557 644531 644557 644585 644591 644725 644731 644833 644857 644902 644845 644742 644645 644660 644569 644443 644470 644583 644541 644561 644627 644745 644801 644916 644913 644874 644694 644524 644521 644533 644559 644551 644517 644771 644819 644849 644899 644883 644905 644779 644617 644623 644530 644527 644509 644479 644493 644511 644545 644643 644691 644739 644733 644837 644882 644799 
644720 644744 644695 644715 644680 644759 644773 644737 644731 644687 644674 644669 644751 644819 644810 644769 644783 644736 644723 644809 644838 644836 644802 644799 644758 644761 644725 644655 644615 644619 644576 644652 644683 644713 644705 644763 644827 644833 644833 644852 644846 644749 644755 644599 644671 644775 644881 644863 644879 644810 644696 644678 644687 644693 644625 644591 644571 644570 644544 644511 644605 644669 644643 644721 644881 644881 644884 644851 644757 644754 644712 644613 644551 644525 644551 644601 644607 644741 644747 644851 644875 644898 644896 644738 644638 644644 644563 644437 644464 644599 644557 644577 644643 644763 644819 644912 644909 644925 644688 644518 644515 644545 644569 644567 644533 644789 644837 644867 644917 644901 644917 644775 644582 644574 644504 644521 644503 644473 644509 644527 644561 644659 644709 644757 644751 644855 644921 644852 
644713 644737 644688 644708 644673 644752 644766 644730 644724 644680 644667 644662 644743 644812 644803 644762 644776 644729 644715 644803 644831 644853 644795 644792 644751 644754 644718 644648 644608 644612 644569 644645 644675 644707 644697 644755 644819 644828 644825 644845 644851 644742 644748 644592 644663 644767 644899 644868 644896 644827 644689 644671 644680 644686 644618 644584 644564 644563 644537 644504 644598 644661 644635 644713 644899 644922 644925 644892 644750 644747 644705 644606 644544 644518 644544 644593 644599 644733 644739 644867 644903 644951 644948 644731 644632 644642 644556 644430 644457 644591 644549 644569 644635 644755 644823 644965 644962 644977 644681 644511 644508 644539 644564 644559 644525 644793 644865 644907 644969 644953 644972 644804 644580 644572 644502 644514 644496 644466 644501 644519 644553 644651 644701 644773 644755 644895 644984 644908 
0 644437 644535 0 0 644407 644510 644522 0 0 0 0 644375 0 0 644578 0 0 0 644436 0 0 0 0 0 0 0 0 644479 0 0 0 644307 644341 644329 644386 644426 0 0 0 644474 0 0 0 644295 644386 0 0 0 0 644664 0 0 0 0 644527 0 0 0 0 644283 644293 644267 644332 0 0 0 0 0 0 0 0 0 0 644247 644225 644231 644340 0 0 0 0 0 644678 0 644703 0 0 644205 644223 644181 644201 644266 644328 0 0 0 0 644716 0 644175 0 644199 644191 0 644330 644330 0 0 0 0 0 0 644649 0 0 0 0 0 644151 0 644258 644274 644274 644292 644324 644342 0 
0 643644 643828 0 643780 643584 643648 643732 0 0 0 0 643520 0 0 643714 0 0 0 643500 0 643540 0 0 0 0 0 0 643948 0 643882 0 643624 643620 643428 643460 643420 0 0 0 643488 0 0 0 643360 643400 0 0 0 0 643802 0 0 0 0 643998 643982 0 0 643757 643766 643524 643472 643292 0 0 0 643504 0 0 0 0 643970 0 643729 643304 643232 643248 0 0 0 0 643352 643718 643754 643691 0 0 643681 643598 643444 643340 643220 643208 0 0 0 0 643685 644044 643609 0 643633 643534 0 643200 643176 0 0 0 0 643612 0 643586 0 0 0 643977 0 643072 0 643084 643100 643076 643124 643152 643164 643393 
0 0 644707 0 0 644829 644725 0 0 0 0 0 0 0 0 644605 0 0 0 644754 0 0 0 0 0 0 0 0 644791 0 0 0 644905 644884 644722 644737 644689 0 0 0 0 0 0 0 644671 644683 0 0 0 0 0 0 0 0 0 0 0 0 0 0 0 644812 644773 644602 0 0 0 0 0 0 0 0 0 0 645105 0 644575 0 0 0 0 0 0 0 0 644368 0 0 645032 644923 0 0 644557 644521 0 0 0 0 0 0 645091 0 645075 644875 0 644506 0 0 0 0 0 0 0 644263 0 0 0 0 0 644455 0 644437 644440 0 644449 644443 644434 0 
642707 642755 642657 642697 642747 642785 642693 642681 642669 642761 642795 642785 642795 642725 642707 642625 642653 642619 642781 642767 642703 642627 642631 642625 642603 642609 642597 642577 642677 642745 642779 642811 642833 642822 642772 642777 642761 642761 642764 642731 642683 642585 642597 642825 642755 642759 642719 642717 642713 642575 642539 642563 642521 642533 642517 642629 642709 642767 642775 642829 642837 642802 642789 642732 642726 642645 642651 642585 642541 642535 642511 642553 642729 642797 642849 642744 642723 642718 642721 642713 642707 642643 642571 642503 642485 642455 642573 642791 642809 642839 642794 642756 642717 642705 642715 642671 642665 642629 642463 642663 642875 642906 642893 642823 642782 642700 642688 642685 642692 642684 642689 642469 642429 642385 642495 642549 642573 642633 642890 642683 642676 642677 642678 642666 642681 642679 642676 642515 
0 0 0 0 0 0 0 0 0 0 0 0 0 0 0 0 0 0 0 0 0 0 0 0 0 0 0 0 0 0 0 0 0 0 0 0 0 0 0 0 0 0 0 0 0 0 0 0 0 0 0 0 0 0 0 0 0 0 0 0 0 0 0 0 0 0 0 0 0 0 0 0 0 0 0 0 0 0 0 0 0 0 0 0 0 0 0 0 644446 0 0 0 0 0 0 0 0 0 0 0 0 0 644549 644409 0 0 0 0 0 0 0 0 0 0 0 0 0 0 0 0 0 0 0 0 0 0 0 0 
0 0 0 0 0 0 0 0 0 0 0 0 0 0 0 0 0 0 0 0 0 0 0 0 0 0 0 0 0 0 0 0 0 0 0 0 0 0 0 0 0 0 0 0 0 0 0 0 0 0 0 0 0 0 0 0 0 0 0 0 0 0 0 0 0 0 0 0 0 0 0 0 0 0 0 0 0 0 0 0 0 0 0 0 0 0 0 0 643978 0 0 0 0 0 0 0 0 0 0 0 0 0 644125 644269 0 0 0 0 0 0 0 0 0 0 0 0 0 0 0 0 0 0 0 0 0 0 0 0 
644551 644599 644501 644541 644591 644629 644537 644525 644513 644605 644639 644629 644661 644569 644551 644469 644497 644463 644689 644611 644547 644471 644475 644469 644447 644453 644441 644421 644521 644589 644553 644655 644693 644671 644707 644661 644621 644609 644615 644575 644527 644429 644441 644599 644741 644661 644563 644561 644557 644419 644383 644407 644365 644377 644361 644473 644519 644541 644513 644495 644611 644719 644745 644715 644575 644489 644495 644429 644385 644379 644355 644397 644503 644499 644551 644779 644776 644707 644701 644609 644585 644487 644415 644347 644329 644299 644417 644419 644449 644719 644801 644791 644758 644697 644641 644515 644509 644473 644307 644437 644527 644577 644599 644751 644813 644671 644623 644593 644543 644559 644537 644313 644273 644229 644339 644393 644383 644371 644617 644734 644729 644730 644725 644689 644698 644605 644539 644359 
0 0 644679 0 0 644871 644841 0 0 0 0 0 0 0 0 644793 0 0 0 644952 0 0 0 0 0 0 0 0 644547 0 0 0 644805 644826 644976 644973 645021 0 0 0 0 0 0 0 644953 645027 0 0 0 0 0 0 0 0 0 0 0 0 0 0 0 644898 644907 645028 0 0 0 0 0 0 0 0 0 0 644535 0 644857 0 0 0 0 0 0 0 0 644484 0 0 644382 644787 0 0 644911 645091 0 0 0 0 0 0 644499 0 644607 644797 0 645126 0 0 0 0 0 0 0 644379 0 0 0 0 0 644737 0 644935 645010 0 645069 645053 644924 0 
0 0 643813 0 0 643941 643921 0 0 0 0 0 0 0 0 643889 0 0 0 643995 0 0 0 0 0 0 0 0 643725 0 0 0 643897 643911 643996 644003 644041 0 0 0 644019 0 0 0 643995 644033 0 0 0 0 643767 0 0 0 0 643677 0 0 0 0 0 643942 643955 644044 0 0 0 0 0 0 0 0 0 0 643717 0 643963 0 0 0 0 0 0 0 0 643683 0 0 643615 643869 0 0 643993 644089 0 0 0 0 0 0 643693 0 643765 643883 0 644120 644164 0 0 0 0 0 0 643613 0 0 0 0 0 643923 0 644025 644062 0 644101 644169 644129 0 
0 644767 644620 0 644647 644812 644782 644710 0 0 0 0 644850 644884 0 644734 0 0 0 644893 0 644893 0 0 0 0 0 0 644488 0 644479 0 644740 644767 644865 644892 644956 0 0 0 644929 0 0 644548 644816 644934 645031 0 0 0 644551 0 0 0 0 644416 644428 0 0 644392 644566 644795 644774 644891 0 0 0 644890 0 0 0 0 644404 0 644476 644711 644720 644921 0 0 0 0 644857 644605 644416 644425 0 644278 644323 644686 644645 644675 644774 644954 645048 0 0 0 644491 644305 644440 0 644548 644660 0 645011 645087 645098 0 0 0 644686 0 644320 0 0 0 644206 0 644600 0 644798 644873 644975 644954 645102 645053 644755 
644719 644743 644694 644714 644679 644758 644772 644736 644730 644686 644673 644668 644774 644818 644809 644768 644782 644735 644788 644809 644837 644859 644801 644798 644757 644760 644724 644654 644614 644618 644575 644651 644700 644719 644790 644804 644844 644838 644841 644851 644857 644748 644754 644598 644756 644834 644905 644874 644902 644833 644694 644677 644676 644688 644600 644590 644570 644569 644543 644510 644604 644743 644728 644806 644911 644928 644931 644898 644756 644753 644702 644600 644550 644524 644550 644686 644692 644826 644832 644928 644946 644950 644902 644730 644604 644610 644548 644436 644463 644670 644642 644662 644728 644848 644912 644964 644961 644931 644654 644517 644514 644551 644574 644652 644618 644886 644958 644980 644978 644986 644975 644804 644548 644540 644470 644488 644476 644464 644571 644612 644646 644744 644794 644866 644848 644984 644970 644857 
644745 644769 644720 644740 644705 644784 644798 644762 644756 644712 644699 644694 644794 644844 644835 644794 644808 644761 644772 644835 644863 644885 644827 644824 644783 644786 644750 644680 644640 644644 644601 644677 644724 644745 644754 644812 644868 644864 644867 644877 644883 644774 644780 644624 644720 644824 644931 644900 644928 644859 644719 644703 644701 644713 644625 644616 644596 644595 644569 644536 644630 644718 644692 644770 644937 644954 644957 644924 644782 644779 644727 644625 644576 644550 644576 644650 644656 644790 644796 644924 644958 644981 644935 644755 644629 644635 644573 644462 644489 644648 644606 644626 644692 644812 644880 644995 644992 644964 644679 644543 644540 644577 644600 644616 644582 644850 644922 644964 645009 645005 645006 644829 644573 644565 644495 644513 644501 644489 644558 644576 644610 644708 644758 644830 644812 644952 644999 644900 
644465 644513 644415 644455 644433 644527 644523 644475 644463 644447 644445 644435 644524 644591 644573 644491 644519 644449 644510 644575 644605 644601 644533 644527 644469 644475 644427 644335 644327 644359 644321 644425 644454 644479 644501 644542 644598 644599 644599 644623 644621 644451 644463 644367 644484 644560 644671 644647 644671 644549 644369 644357 644351 644363 644275 644279 644287 644309 644281 644263 644379 644459 644446 644533 644671 644691 644697 644631 644443 644437 644377 644275 644271 644267 644319 644437 644452 644555 644558 644658 644688 644725 644724 644405 644279 644285 644223 644187 644217 644388 644379 644413 644482 644578 644624 644743 644743 644782 644329 644205 644287 644311 644335 644372 644367 644609 644669 644702 644743 644737 644743 644479 644223 644215 644145 644163 644151 644139 644295 644412 644441 644514 644551 644611 644590 644696 644765 644668 
0 644624 644771 0 644600 644579 644753 644753 0 0 0 0 644531 0 0 644873 0 0 0 644642 0 644924 0 0 0 0 0 0 644687 0 644480 0 644429 644480 644462 644549 644645 0 0 0 644822 0 0 0 644411 644567 0 0 0 0 644980 0 0 0 0 644759 644603 0 0 644351 644393 644408 644369 644486 0 0 0 644959 0 0 0 0 644555 0 644339 644306 644315 644516 0 0 0 0 644818 645046 644873 644882 0 0 644276 644303 644240 644270 644369 644549 0 0 0 0 644948 644654 644231 0 644267 644255 0 644606 644710 0 0 0 0 645151 0 644777 0 0 0 644649 0 644195 0 644393 644468 644576 644549 644695 644686 644848 
644208 644160 644258 644218 644168 644130 644176 644212 644224 644154 644120 644130 644098 644120 644138 644220 644192 644250 644070 644102 644118 644146 644190 644196 644242 644236 644272 644338 644238 644170 644112 644104 644066 644088 644052 644076 644068 644080 644074 644090 644114 644260 644248 644066 644018 644052 644054 644080 644060 644198 644330 644330 644348 644336 644398 644286 644194 644124 644104 644026 644054 644040 644014 643998 644042 644080 644074 644140 644280 644286 644334 644362 644162 644070 644018 643960 643954 643982 643988 644008 644008 644058 644082 644318 644403 644400 644342 643958 643976 643994 643952 643948 643956 643968 644000 644030 644036 644024 644378 644228 643946 643944 643970 643962 643928 643970 643970 643976 644002 643986 644008 644280 644425 644397 644396 644363 644330 644246 643904 643874 643874 643900 643914 643914 643932 643964 643982 644114 
0 0 643239 0 0 0 643189 0 0 0 0 0 0 0 0 0 0 0 0 0 0 0 0 0 0 0 0 0 643219 0 0 0 0 643069 0 0 0 0 0 0 0 0 0 0 0 643065 0 0 0 0 0 0 0 0 0 0 0 0 0 0 0 0 0 643011 0 0 0 0 0 0 0 0 0 0 643029 0 642935 0 0 0 0 0 0 0 0 0 0 0 642987 0 0 0 642959 642981 0 0 0 0 0 0 0 0 642981 642955 0 0 0 0 0 0 0 0 0 643497 0 0 0 0 0 642855 0 0 0 0 0 642977 0 0 
643656 643608 643706 643666 643664 643578 643622 643658 643670 643650 643618 643628 643546 643566 643584 643666 643638 643696 643518 643548 643564 643592 643636 643642 643688 643682 643718 643786 643736 643668 643622 643602 643564 643584 643500 643522 643514 643526 643520 643536 643560 643706 643694 643576 643466 643498 643500 643526 643506 643644 643776 643776 643794 643782 643846 643784 643704 643634 643614 643536 643564 643536 643510 643444 643488 643526 643520 643586 643726 643732 643780 643834 643672 643580 643528 643432 643402 643428 643434 643454 643454 643504 643528 643764 643845 643842 643840 643468 643486 643504 643450 643444 643402 643414 643446 643476 643482 643470 643820 643738 643456 643454 643480 643472 643426 643416 643416 643422 643448 643432 643454 643726 643843 643815 643878 643857 643839 643756 643414 643322 643320 643346 643360 643360 643378 643410 643428 643560 
644872 644824 644922 644882 644904 644794 644814 644862 644874 644890 644879 644889 644762 644746 644764 644846 644818 644888 644734 644740 644732 644736 644804 644810 644868 644862 644910 645002 644997 644929 644882 644863 644825 644824 644716 644726 644694 644706 644700 644704 644716 644886 644874 644836 644682 644690 644644 644682 644650 644788 644968 644980 644986 644974 645062 645045 644964 644894 644874 644796 644824 644776 644750 644636 644632 644646 644640 644706 644894 644900 644960 645062 644932 644840 644788 644660 644618 644608 644614 644598 644586 644612 644612 644932 645053 645017 645101 644728 644746 644764 644711 644684 644606 644582 644602 644584 644590 644554 645004 644998 644716 644714 644740 644732 644687 644572 644548 644542 644556 644540 644562 644858 645003 644947 645104 645122 645100 645016 644674 644538 644524 644526 644528 644504 644534 644530 644524 644632 
644026 643980 644051 644031 644036 643950 643994 644021 644027 644022 644012 644022 643918 643938 643956 644013 643999 644034 643890 643920 643936 643958 643992 643995 644024 644021 644045 644091 644095 644079 644098 644020 643958 643956 643872 643894 643886 643898 643892 643908 643932 644033 644027 644054 643838 643870 643872 643898 643878 643984 644074 644080 644083 644077 644121 644119 644115 644104 644096 644052 644042 643908 643882 643816 643860 643898 643892 643943 644037 644040 644070 644121 644123 644079 644032 643804 643774 643800 643806 643826 643826 643876 643896 644056 644097 644067 644147 644007 644025 643946 643868 643816 643774 643786 643818 643848 643854 643842 644075 644156 643984 643970 643984 643914 643844 643788 643788 643794 643820 643804 643826 644019 644041 643997 644107 644161 644179 644167 643930 643694 643692 643718 643732 643732 643750 643782 643800 643906 
0 644281 644477 0 644441 644221 644261 644357 0 0 0 0 644157 0 0 644325 0 0 0 644113 0 644105 0 0 0 0 0 0 644648 0 644662 0 644309 644281 644065 644085 644021 0 0 0 644065 0 0 0 643997 644013 0 0 0 0 644507 0 0 0 0 644720 644732 0 0 644647 644546 644185 644133 643905 0 0 0 644045 0 0 0 0 644762 0 644596 643953 643869 643849 0 0 0 0 643857 644411 644524 644440 0 0 644578 644333 644153 644001 643845 643797 0 0 0 0 644431 644864 644511 0 644500 644269 0 643777 643729 0 0 0 0 644267 0 644300 0 0 0 644924 0 643709 0 643685 643689 643641 643701 643693 643681 643897 
643650 643674 643625 643645 643682 643689 643631 643631 643625 643689 643712 643707 643705 643641 643632 643591 643605 643594 643719 643668 643624 643574 643588 643585 643580 643583 643583 643585 643653 643693 643722 643726 643739 643722 643728 643699 643667 643661 643664 643638 643608 643571 643577 643745 643721 643693 643620 643625 643617 643548 643554 643572 643545 643551 643555 643629 643681 643716 643726 643743 643751 643746 643755 643698 643626 643571 643574 643541 643543 643540 643534 643579 643697 643743 643769 643702 643672 643684 643687 643643 643625 643564 643516 643524 643533 643512 643601 643705 643720 643781 643760 643714 643672 643671 643665 643578 643575 643545 643510 643664 643759 643784 643793 643789 643742 643666 643644 643623 643592 643600 643589 643489 643505 643477 643562 643595 643613 643655 643804 643592 643590 643616 643630 643630 643647 643629 643584 643482 
0 0 0 0 0 0 644194 0 0 0 0 0 0 0 0 0 0 0 0 0 0 0 0 0 0 0 0 0 644040 0 0 0 0 644295 0 0 0 0 0 0 0 0 0 0 0 644380 0 0 0 0 0 0 0 0 0 0 0 0 0 0 0 0 0 644461 0 0 0 0 0 0 0 0 0 0 644148 0 0 0 0 0 0 0 0 0 0 0 0 0 644067 0 0 0 0 644400 0 0 0 0 0 0 0 0 644220 644376 0 0 0 0 0 0 0 0 0 0 0 0 0 0 0 644616 0 0 0 0 0 0 0 0 
644567 644615 644517 644557 644536 644645 644579 644565 644553 644550 644548 644538 644677 644611 644593 644511 644539 644505 644705 644653 644589 644513 644517 644511 644489 644495 644483 644437 644430 644462 644424 644528 644602 644616 644723 644701 644663 644651 644657 644617 644569 644471 644483 644470 644757 644703 644605 644603 644599 644461 644425 644447 644407 644419 644377 644382 644390 644412 644384 644366 644482 644664 644690 644757 644617 644531 644537 644471 644427 644421 644397 644378 644374 644370 644422 644780 644821 644749 644743 644651 644627 644529 644457 644389 644369 644341 644326 644290 644320 644590 644680 644756 644821 644739 644683 644557 644551 644515 644349 644308 644398 644448 644470 644622 644704 644713 644665 644635 644585 644601 644579 644355 644313 644271 644248 644266 644254 644242 644488 644889 644902 644831 644793 644745 644751 644647 644581 644401 
0 0 644533 0 0 644725 644693 0 0 0 0 0 0 0 0 644621 0 0 0 644804 0 0 0 0 0 0 0 0 644401 0 0 0 644659 644680 644842 644827 644849 0 0 0 0 0 0 0 644893 644879 0 0 0 0 0 0 0 0 0 0 0 0 0 0 0 644752 644791 644960 0 0 0 0 0 0 0 0 0 0 644389 0 644989 0 0 0 0 0 0 0 0 644336 0 0 644236 644641 0 0 645007 644993 0 0 0 0 0 0 644353 0 644461 644689 0 644960 0 0 0 0 0 0 0 644231 0 0 0 0 0 644989 0 645101 645074 0 645017 644807 644672 0 
0 0 644245 0 0 0 644359 0 0 0 0 0 0 0 0 0 0 0 0 0 0 0 0 0 0 0 0 0 644185 0 0 0 644443 644440 644554 0 0 0 0 0 0 0 0 0 0 644545 0 0 0 0 0 0 0 0 0 0 0 0 0 0 0 0 0 644626 0 0 0 0 0 0 0 0 0 0 644293 0 644645 0 0 0 0 0 0 0 0 0 0 0 644212 0 0 0 644663 644655 0 0 0 0 0 0 0 0 644365 644521 0 0 0 0 0 0 0 0 0 643897 0 0 0 0 0 644555 0 0 644692 0 0 644477 0 0 
0 640392 640343 0 0 640407 640445 0 0 0 0 0 0 0 0 640453 0 0 0 640482 0 0 0 0 0 0 0 0 640227 0 0 0 640313 640344 640446 640465 640529 0 0 0 640524 0 0 0 640463 640507 0 0 0 0 640368 0 0 0 0 640203 0 0 0 0 0 640368 640381 640534 0 0 0 0 0 0 0 0 0 0 640103 640434 640457 640572 0 0 0 0 0 0 0 640326 0 0 639980 640259 640328 640398 640503 640591 0 0 0 0 0 0 640043 0 640127 640275 0 640596 640586 0 0 0 0 0 0 640291 0 0 0 0 0 640337 0 640535 640590 640626 640615 640571 640526 0 
0 0 644237 0 0 644429 644351 0 0 0 0 0 0 0 0 644279 0 0 0 644462 0 0 0 0 0 0 0 0 644177 0 0 0 644435 644432 644546 644507 644507 0 0 0 0 0 0 0 644581 644537 0 0 0 0 0 0 0 0 0 0 0 0 0 0 0 644504 644543 644604 0 0 0 0 0 0 0 0 0 0 644285 0 644515 0 0 0 0 0 0 0 0 643994 0 0 644204 644465 0 0 644545 644631 0 0 0 0 0 0 644297 0 644357 644513 0 644636 0 0 0 0 0 0 0 643889 0 0 0 0 0 644395 0 644521 644572 0 644629 644533 644398 0 
0 0 644454 0 0 0 644670 0 0 0 0 0 0 0 0 0 0 0 0 0 0 0 0 0 0 0 0 0 644278 0 0 0 0 644650 0 0 0 0 0 0 0 0 0 0 0 644894 0 0 0 0 0 0 0 0 0 0 0 0 0 0 0 0 0 644800 0 0 0 0 0 0 0 0 0 0 644262 0 644572 0 0 0 0 0 0 0 0 0 0 0 644058 0 0 0 644644 644884 0 0 0 0 0 0 0 0 644358 644492 0 0 0 0 0 0 0 0 0 644054 0 0 0 0 0 644412 0 0 0 0 0 645108 0 0 
0 0 644248 0 0 0 644518 0 0 0 0 0 0 0 0 644438 0 0 0 644675 0 0 0 0 0 0 0 0 644028 0 0 0 644344 644419 644405 0 0 0 0 0 0 0 0 0 0 644580 0 0 0 0 0 0 0 0 0 0 0 0 0 0 0 0 0 644445 0 0 0 0 0 0 0 0 0 0 644008 0 644160 0 0 0 0 0 0 0 0 0 0 0 643753 0 0 0 644250 644550 0 0 0 0 0 0 0 0 644062 644060 0 0 0 0 0 0 0 0 0 643748 0 0 0 0 0 643960 0 0 644415 0 0 644900 645051 0 
0 644595 644734 0 644571 644550 644724 644724 0 0 0 0 644502 0 0 644840 0 0 0 644613 0 644895 0 0 0 0 0 0 644612 0 644451 0 644400 644451 644433 644520 644616 0 0 0 644793 0 0 0 644382 644538 0 0 0 0 644675 0 0 0 0 644540 644552 0 0 644322 644364 644379 644340 644457 0 0 0 644994 0 0 0 0 644518 0 644310 644277 644286 644487 0 0 0 0 645069 644729 644540 644549 0 0 644247 644274 644211 644241 644340 644520 0 0 0 0 644615 644429 644202 0 644238 644226 0 644577 644685 0 0 0 0 644840 0 644444 0 0 0 644330 0 644166 0 644364 644439 644547 644520 644730 644865 645153 
