643622 0 0 643520 643550 0 0 643498 0 643458 643462 0 0 0 643420 0 643386 643404 0 643282 0 0 0 643378 0 0 643304 0 0 0 0 0 0 643378 0 0 643296 643302 643286 0 643290 643170 0 643126 643176 0 0 643246 643280 0 0 643058 0 643280 0 643236 0 0 0 643202 0 0 0 0 0 0 0 642938 0 0 0 0 0 0 0 0 0 0 0 0 643236 0 0 0 642912 643028 643197 0 0 0 0 0 0 643184 643172 643216 0 0 643101 0 0 0 0 0 0 643170 643128 0 0 643178 642806 0 643108 0 0 0 0 0 0 0 0 643144 0 0 0 643144 0 643106 
641492 641526 641509 641461 641498 641489 641449 641462 641446 641430 641454 641430 641417 641433 641411 641407 641394 641403 641433 641398 641399 641269 641272 641412 641413 641416 641411 641420 641381 641324 641399 641393 641408 641412 641410 641223 641187 641232 641344 641377 641380 641380 641386 641382 641369 641349 641346 641180 641257 641374 641319 641334 641348 641159 641163 641235 641254 641258 641255 641254 641357 641358 641363 641311 641308 641316 641313 641310 641312 641161 641135 641138 641115 641188 641199 641251 641298 641301 641321 641343 641341 641345 641327 641353 641297 641326 641078 641139 641174 641171 641176 641292 641295 641315 641321 641331 641323 641070 641062 641079 641105 641102 641136 641200 641197 641250 641217 641302 641304 641312 641281 641263 641096 641078 641081 641037 641023 641112 641109 641106 641152 641189 641186 641157 641160 641237 641243 641242 
645050 0 645077 645141 645064 0 645121 645058 644810 645064 644932 0 0 0 645007 0 644956 644983 0 644666 0 0 0 644806 0 0 644803 644796 0 0 0 0 0 644806 0 0 644669 644792 644806 0 644710 644710 0 644686 644579 0 0 644716 644797 0 0 644474 644516 644585 0 644731 0 0 0 644680 0 0 0 0 0 0 0 644402 644408 0 0 0 0 0 0 0 0 0 0 0 644593 0 644551 0 644363 644450 644486 0 0 0 0 0 0 644515 644533 644563 644507 0 644538 0 0 0 0 0 0 644632 644569 0 0 644506 644315 0 644432 0 0 0 0 0 0 0 0 644593 0 0 0 644593 0 644536 
644355 0 0 644392 644376 0 0 644386 0 644372 644302 0 0 0 644327 0 644276 644303 0 644101 0 0 0 644176 0 0 644219 0 0 0 0 0 0 644200 0 0 644068 644169 644126 0 644128 644152 0 644112 644043 0 0 644097 644241 0 0 643973 0 644012 0 644177 0 0 0 644090 0 0 0 0 0 0 0 643925 0 0 0 0 0 0 0 0 0 0 0 0 643975 0 0 0 643899 643957 643898 0 0 0 0 0 0 643885 643951 643969 0 0 643917 0 0 0 0 0 0 644024 643979 0 0 643912 643867 0 643898 0 0 0 0 0 0 0 0 644039 0 0 0 643985 0 643880 
644925 0 0 644961 645035 0 0 644945 0 644873 644887 0 0 0 644803 0 644735 644771 0 644562 0 0 0 644719 0 0 644755 0 0 0 0 0 0 644749 0 0 644329 644497 644535 0 644644 644626 0 644596 644446 0 0 644399 644522 0 0 644306 0 644217 0 644435 0 0 0 644367 0 0 0 0 0 0 0 644210 0 0 0 0 0 0 0 0 0 0 0 0 644453 0 0 0 644158 644274 644085 0 0 0 0 0 0 644331 644408 644437 0 0 644161 0 0 0 0 0 0 644303 644219 0 0 644361 644094 0 644013 0 0 0 0 0 0 0 0 644251 0 0 0 644251 0 644175 
645057 645079 645129 645135 645141 645137 645143 645129 644919 645113 645067 644887 644861 644893 645075 644841 645041 645059 645025 644823 644825 644855 644861 644983 644985 644991 644981 644923 644789 645001 644957 644945 644975 644983 644847 644787 644787 644877 644941 644913 644919 644919 644895 644855 644765 644725 644719 644837 644939 644907 644665 644695 644723 644731 644799 644895 644933 644917 644911 644861 644873 644875 644885 644649 644643 644659 644653 644647 644651 644711 644683 644689 644715 644883 644895 644879 644877 644855 644847 644845 644841 644849 644813 644865 644621 644679 644665 644823 644869 644863 644849 644789 644795 644789 644801 644821 644733 644697 644713 644751 644771 644777 644817 644825 644819 644829 644787 644763 644767 644783 644589 644553 644629 644617 644623 644607 644627 644769 644763 644757 644801 644803 644797 644763 644769 644803 644791 644765 
644751 0 644821 644860 644828 0 644862 644834 644595 644831 644750 0 0 0 644793 0 644759 644777 0 644474 0 0 0 644666 0 0 644664 644618 0 0 0 0 0 644666 0 0 644419 644550 644644 0 644602 644589 0 644514 644387 0 0 644486 644635 0 0 644282 644313 644335 0 644591 0 0 0 644583 0 0 0 0 0 0 0 644210 644216 0 0 0 0 0 0 0 0 0 0 0 644472 0 644495 0 644171 644258 644236 0 0 0 0 0 0 644382 644448 644466 644332 0 644302 0 0 0 0 0 0 644523 644472 0 0 644409 644123 0 644182 0 0 0 0 0 0 0 0 644497 0 0 0 644484 0 644403 
644347 0 0 644419 644423 0 0 644445 0 644431 644364 0 0 0 644386 0 644335 644362 0 644096 0 0 0 644238 0 0 644281 0 0 0 0 0 0 644262 0 0 644034 644148 644185 0 644190 644214 0 644128 644038 0 0 644084 644277 0 0 643968 0 643978 0 644213 0 0 0 644126 0 0 0 0 0 0 0 643920 0 0 0 0 0 0 0 0 0 0 0 0 644037 0 0 0 643894 643952 643864 0 0 0 0 0 0 643947 644013 644031 0 0 643900 0 0 0 0 0 0 644066 644015 0 0 643974 643862 0 643864 0 0 0 0 0 0 0 0 644075 0 0 0 644027 0 643939 
644884 0 644844 644766 644811 0 644730 644733 645115 644673 644679 0 0 0 644616 0 644565 644592 0 645003 0 0 0 644553 0 0 644961 645001 0 0 0 0 0 644697 0 0 644414 644439 644415 0 644745 644881 0 644887 644916 0 0 644355 644406 0 0 644811 644852 644360 0 644340 0 0 0 644289 0 0 0 0 0 0 0 644739 644745 0 0 0 0 0 0 0 0 0 0 0 644412 0 644722 0 644700 644787 644261 0 0 0 0 0 0 644262 644568 644526 644710 0 644181 0 0 0 0 0 0 644241 644178 0 0 644469 644652 0 644207 0 0 0 0 0 0 0 0 644202 0 0 0 644202 0 644145 
0 0 0 0 0 0 0 0 0 643813 0 0 0 0 643836 0 0 0 0 0 0 0 0 643705 0 0 643516 0 0 0 0 0 0 0 0 0 643209 0 0 0 0 0 0 643152 642972 0 0 643309 643660 0 0 0 0 0 0 643656 0 0 0 643660 0 0 0 0 0 0 0 0 0 0 0 0 0 0 0 0 0 0 0 0 0 0 0 0 0 642800 0 0 0 0 0 0 0 0 0 0 0 0 0 0 0 0 0 0 0 0 0 0 0 643464 0 0 642905 0 0 0 0 0 0 0 0 0 0 0 0 0 0 0 
0 0 0 0 0 0 0 0 0 643756 643782 0 0 0 643770 0 0 0 0 0 0 0 0 643768 0 0 643623 0 0 0 0 0 0 0 0 0 643486 643552 0 0 0 0 0 643441 643351 0 0 643536 643682 0 0 0 0 0 0 643686 0 0 0 643692 0 0 0 0 0 0 0 643233 0 0 0 0 0 0 0 0 0 0 0 0 643697 0 0 0 643207 643265 0 0 0 0 0 0 0 0 643642 0 0 0 0 0 0 0 0 0 0 643676 643655 0 0 643645 643175 0 643340 0 0 0 0 0 0 0 0 0 0 0 0 0 0 0 
643940 643952 643927 643877 643916 643907 643865 643878 643986 643846 643872 644026 644033 644025 643827 644025 643810 643819 643851 643962 644017 643731 643728 643811 643849 643855 643927 643936 643999 643740 643785 643773 643839 643878 643926 643729 643621 643648 643719 643741 643891 643896 643902 643898 643943 643967 643964 643596 643673 643807 643873 643930 643966 643649 643579 643651 643670 643674 643671 643635 643737 643775 643785 643857 643860 643876 643879 643882 643930 643679 643653 643656 643549 643604 643615 643653 643651 643633 643649 643673 643705 643785 643835 643869 643895 643938 643538 643555 643590 643587 643592 643591 643597 643617 643773 643757 643839 643486 643478 643495 643521 643518 643552 643599 643593 643603 643561 643591 643631 643719 643839 643881 643614 643596 643599 643531 643449 643528 643525 643522 643568 643577 643571 643537 643543 643577 643565 643539 
644869 644869 644819 644767 644797 644779 644743 644745 644926 644705 644709 644977 645008 644992 644667 644976 644633 644651 644667 644889 645008 644667 644661 644625 644674 644680 644808 644838 645002 644589 644599 644587 644664 644708 644818 644665 644543 644549 644533 644555 644716 644758 644770 644762 644846 644971 644965 644493 644527 644632 644712 644809 644975 644585 644483 644483 644521 644505 644499 644449 644562 644600 644610 644680 644686 644718 644722 644725 644909 644631 644609 644606 644471 644485 644483 644467 644465 644447 644463 644487 644530 644610 644652 644704 644738 644817 644473 644411 644457 644451 644437 644405 644411 644431 644598 644582 644644 644393 644377 644387 644415 644409 644405 644413 644407 644417 644375 644405 644456 644544 644644 644700 644600 644570 644567 644467 644367 644357 644351 644345 644389 644391 644385 644351 644357 644391 644379 644353 
644883 644883 644833 644781 644811 644793 644757 644759 644932 644719 644723 645000 645054 645054 644681 645010 644647 644665 644681 644909 645048 644681 644675 644639 644689 644695 644814 644856 645042 644603 644613 644601 644679 644735 644837 644701 644557 644563 644547 644569 644728 644777 644789 644781 644871 644993 644987 644507 644541 644659 644731 644845 645003 644613 644497 644497 644535 644519 644513 644463 644577 644627 644637 644699 644705 644737 644743 644749 644943 644679 644657 644654 644485 644499 644497 644481 644479 644461 644477 644501 644545 644638 644670 644723 644775 644861 644487 644425 644471 644465 644451 644419 644425 644445 644610 644610 644663 644407 644391 644401 644429 644423 644419 644427 644421 644431 644389 644419 644471 644572 644663 644747 644648 644618 644615 644497 644381 644371 644365 644359 644403 644405 644399 644365 644371 644405 644393 644367 
0 0 0 0 0 0 0 0 0 643686 0 0 0 0 643721 0 0 0 0 0 0 0 0 643628 0 0 643438 0 0 0 0 0 0 0 0 0 643156 0 0 0 0 0 0 643114 642934 0 0 643256 643533 0 0 0 0 0 0 643545 0 0 0 643511 0 0 0 0 0 0 0 0 0 0 0 0 0 0 0 0 0 0 0 0 0 0 0 0 0 642762 0 0 0 0 0 0 0 0 0 0 0 0 0 0 0 0 0 0 0 0 0 0 0 643392 0 0 642852 0 0 0 0 0 0 0 0 0 0 0 0 0 0 0 
644887 644891 644841 644789 644819 644801 644765 644767 645003 644727 644731 645019 645020 645012 644689 645042 644655 644673 644689 644949 645026 644678 644675 644647 644697 644703 644885 644909 645032 644611 644621 644609 644687 644743 644889 644676 644565 644571 644555 644577 644751 644829 644841 644833 644906 644982 644976 644515 644549 644667 644776 644869 644986 644596 644505 644505 644543 644527 644521 644471 644585 644635 644645 644748 644751 644779 644782 644785 644914 644642 644616 644617 644493 644507 644505 644489 644487 644469 644485 644509 644553 644645 644723 644775 644798 644877 644485 644433 644479 644473 644459 644427 644433 644453 644633 644617 644715 644415 644399 644409 644437 644431 644427 644435 644429 644439 644397 644427 644479 644579 644706 644760 644577 644559 644562 644478 644389 644379 644373 644367 644411 644413 644407 644373 644379 644413 644401 644375 
0 0 0 0 0 0 0 0 0 645054 645078 0 0 0 645111 0 645140 0 0 644454 0 0 0 645022 0 0 644775 0 0 0 0 0 0 645022 0 0 644453 644588 0 0 0 644652 0 644502 644367 0 0 644528 644837 0 0 0 0 644369 0 644903 0 0 0 644892 0 0 0 0 0 0 0 644190 0 0 0 0 0 0 0 0 0 0 0 0 644809 0 0 0 644151 644238 644270 0 0 0 0 0 0 0 644749 644779 0 0 0 0 0 0 0 0 0 644844 644781 0 0 644722 644103 0 644216 0 0 0 0 0 0 0 0 0 0 0 0 644805 0 644748 
644888 0 0 644993 645006 0 0 645074 0 645086 645122 0 0 0 645137 0 645100 645127 0 644514 0 0 0 645002 0 0 644835 0 0 0 0 0 0 645002 0 0 644473 644608 644950 0 644906 644712 0 644562 644427 0 0 644548 644857 0 0 644322 0 644389 0 644883 0 0 0 644832 0 0 0 0 0 0 0 644250 0 0 0 0 0 0 0 0 0 0 0 0 644789 0 0 0 644211 644298 644290 0 0 0 0 0 0 644711 644729 644759 0 0 644362 0 0 0 0 0 0 644784 644721 0 0 644702 644163 0 644236 0 0 0 0 0 0 0 0 644745 0 0 0 644745 0 644688 
643833 643846 643871 643848 643882 643891 643860 643895 643766 643879 643926 643750 643737 643753 643898 643727 643915 643906 643940 643718 643719 643610 643613 643940 643928 643928 643825 643768 643701 643793 643940 643940 643928 643916 643730 643564 643528 643597 643915 643940 643892 643784 643754 643734 643689 643669 643666 643553 643716 643916 643639 643654 643668 643500 643522 643738 643719 643763 643766 643819 643928 643916 643916 643631 643628 643636 643633 643630 643632 643502 643476 643479 643456 643593 643630 643795 643891 643877 643893 643894 643902 643904 643844 643763 643617 643646 643419 643594 643607 643610 643653 643835 643841 643838 643892 643904 643673 643423 643431 643462 643484 643487 643597 643747 643747 643843 643805 643812 643828 643868 643601 643583 643437 643419 643422 643378 643364 643621 643624 643627 643675 643747 643747 643723 643723 643821 643809 643783 
0 0 0 0 0 0 0 0 0 644571 644577 0 0 0 644514 0 644463 0 0 645127 0 0 0 644451 0 0 644880 0 0 0 0 0 0 644595 0 0 644320 644337 0 0 0 644967 0 644973 645054 0 0 644253 644304 0 0 0 0 644326 0 644238 0 0 0 644187 0 0 0 0 0 0 0 644875 0 0 0 0 0 0 0 0 0 0 0 0 644310 0 0 0 644856 644943 644189 0 0 0 0 0 0 0 644466 644424 0 0 0 0 0 0 0 0 0 644139 644076 0 0 644367 644764 0 644175 0 0 0 0 0 0 0 0 0 0 0 0 644100 0 644043 
644864 644864 644814 644762 644792 644774 644738 644740 644948 644700 644704 645008 645035 645019 644662 645026 644628 644646 644662 644900 645053 644662 644656 644620 644670 644676 644830 644848 645053 644584 644594 644582 644660 644704 644828 644682 644538 644544 644528 644550 644712 644768 644780 644772 644862 645021 645018 644488 644522 644628 644722 644836 645008 644594 644478 644478 644516 644500 644494 644444 644558 644596 644606 644690 644696 644728 644734 644740 644950 644657 644635 644632 644466 644480 644478 644462 644460 644442 644458 644482 644526 644606 644662 644714 644766 644852 644468 644406 644452 644446 644432 644400 644406 644426 644594 644578 644654 644388 644372 644382 644410 644404 644400 644408 644402 644412 644370 644400 644452 644540 644654 644738 644626 644596 644593 644478 644362 644352 644346 644340 644384 644386 644380 644346 644352 644386 644374 644348 
642545 642509 642459 642479 642437 642419 642455 642421 642453 642417 642349 642508 642499 642519 642379 642501 642345 642363 642307 642441 642475 642617 642611 642265 642279 642285 642335 642377 642451 642445 642239 642227 642269 642289 642381 642619 642493 642499 642245 642195 642249 642309 642333 642337 642425 642387 642381 642443 642477 642213 642347 642412 642397 642539 642433 642433 642471 642433 642427 642305 642167 642181 642191 642327 642333 642353 642359 642364 642337 642557 642529 642535 642421 642435 642433 642359 642213 642159 642139 642127 642135 642167 642191 642279 642377 642420 642423 642361 642407 642401 642387 642081 642087 642071 642131 642139 642279 642343 642327 642337 642365 642359 642355 642363 642357 642237 642231 642045 642061 642101 642315 642357 642475 642463 642469 642421 642317 642307 642301 642295 642339 642341 642335 642301 642307 642211 642163 642101 
644906 644862 644812 644856 644790 644772 644832 644786 644734 644794 644702 644753 644750 644780 644756 644718 644722 644740 644660 644666 644714 645014 645014 644618 644620 644626 644616 644634 644678 644834 644592 644580 644610 644618 644614 644988 644929 644935 644622 644548 644554 644554 644566 644558 644618 644614 644608 644879 644880 644542 644498 644561 644612 644933 644869 644836 644874 644822 644816 644694 644508 644510 644520 644474 644474 644498 644498 644498 644540 644935 644909 644912 644857 644871 644869 644748 644602 644536 644504 644480 644476 644484 644448 644500 644488 644553 644843 644797 644843 644837 644823 644446 644452 644424 644436 644456 644440 644779 644763 644773 644801 644795 644791 644766 644760 644626 644620 644398 644402 644418 644426 644430 644857 644845 644851 644811 644753 644743 644737 644731 644775 644744 644738 644716 644722 644600 644552 644490 
0 0 0 0 0 0 0 0 0 0 0 0 0 0 0 0 0 0 0 0 0 0 0 644888 0 0 644275 0 0 0 0 0 0 0 0 0 0 0 0 0 0 0 0 643857 0 0 0 0 0 0 0 0 0 0 0 0 0 0 0 644651 0 0 0 0 0 0 0 0 0 0 0 0 0 0 0 0 0 0 0 0 0 0 0 0 0 643417 0 0 0 0 0 0 0 0 0 0 0 0 0 0 0 0 0 0 0 0 0 0 0 0 0 0 643197 0 0 0 0 0 0 0 0 0 0 0 0 0 0 0 
643801 643825 643850 643828 643861 643870 643840 643863 643791 643859 643905 643775 643762 643778 643878 643752 643887 643886 643904 643743 643744 643590 643593 643872 643908 643911 643850 643793 643726 643773 643846 643834 643900 643929 643755 643544 643508 643577 643804 643802 643897 643809 643779 643759 643714 643694 643691 643533 643696 643866 643664 643679 643693 643480 643502 643718 643699 643743 643746 643720 643798 643834 643844 643656 643653 643661 643658 643655 643657 643482 643456 643459 643436 643573 643610 643738 643736 643718 643722 643734 643766 643820 643844 643788 643642 643671 643399 643574 643587 643590 643633 643664 643670 643678 643784 643792 643698 643403 643411 643442 643464 643467 643577 643684 643678 643688 643646 643652 643692 643754 643626 643608 643417 643399 643402 643358 643344 643601 643602 643599 643645 643662 643656 643622 643628 643662 643650 643624 
643765 643789 643814 643792 643825 643834 643804 643827 643757 643823 643869 643738 643700 643720 643842 643704 643859 643850 643890 643709 643676 643650 643653 643887 643910 643907 643816 643759 643652 643785 643874 643868 643907 643911 643721 643608 643616 643661 643841 643852 643895 643775 643745 643725 643680 643588 643582 643641 643744 643897 643630 643642 643598 643588 643611 643766 643747 643779 643782 643799 643856 643881 643886 643622 643619 643627 643624 643621 643538 643556 643540 643546 643545 643669 643694 643808 643807 643798 643806 643818 643840 643868 643850 643754 643604 643626 643508 643682 643683 643686 643717 643777 643780 643790 643844 643854 643664 643512 643520 643551 643573 643576 643685 643781 643778 643783 643762 643777 643803 643835 643592 643560 643487 643475 643481 643465 643453 643709 643712 643715 643741 643770 643767 643750 643753 643770 643764 643751 
0 0 0 0 0 0 0 0 0 0 0 0 0 0 0 0 0 0 0 0 0 0 0 0 0 0 637092 0 0 0 0 0 0 0 0 0 0 0 0 0 0 0 0 0 0 0 0 0 0 0 0 0 0 0 0 0 0 0 0 636449 0 0 0 0 0 0 0 0 0 0 0 0 0 0 0 0 0 0 0 0 0 0 0 0 0 636331 0 0 0 0 0 0 0 0 0 0 0 0 0 0 0 0 0 0 0 0 0 0 0 0 0 0 635790 0 0 0 0 0 0 0 0 0 0 0 0 0 0 0 
644721 0 644807 644731 644776 0 644695 644698 644985 644638 644644 0 0 0 644581 0 644530 644557 0 645027 0 0 0 644518 0 0 644947 645096 0 0 0 0 0 644662 0 0 644274 644387 644380 0 644710 645040 0 645061 644962 0 0 644313 644371 0 0 644857 644763 644190 0 644305 0 0 0 644254 0 0 0 0 0 0 0 644785 644716 0 0 0 0 0 0 0 0 0 0 0 644377 0 644828 0 644746 644833 644091 0 0 0 0 0 0 644227 644533 644491 644883 0 644135 0 0 0 0 0 0 644206 644143 0 0 644434 644698 0 644037 0 0 0 0 0 0 0 0 644167 0 0 0 644167 0 644110 
644826 644826 644776 644724 644754 644736 644700 644702 644925 644662 644666 644969 645000 644984 644624 645003 644590 644608 644624 644921 645010 644624 644618 644582 644631 644637 644807 644857 645016 644546 644556 644544 644621 644665 644849 644644 644500 644506 644490 644512 644673 644789 644801 644793 644883 644984 644980 644450 644484 644589 644743 644857 644991 644556 644440 644440 644478 644462 644456 644406 644519 644557 644567 644711 644717 644749 644755 644761 644944 644623 644601 644598 644428 644442 644440 644424 644422 644404 644420 644444 644487 644567 644671 644735 644787 644873 644430 644368 644414 644408 644394 644362 644368 644388 644555 644539 644675 644350 644334 644344 644372 644366 644362 644370 644364 644374 644332 644362 644413 644501 644675 644759 644574 644556 644559 644440 644324 644314 644308 644302 644346 644348 644342 644308 644314 644348 644336 644310 
644865 0 644915 644967 644937 0 644991 644989 644705 645029 644986 0 0 0 645037 0 645020 645029 0 644609 0 0 0 644918 0 0 644823 644709 0 645115 0 0 644910 644918 644633 644815 644815 644905 644922 0 644854 644741 644681 644641 644551 0 0 644865 645069 0 0 644481 644509 644759 0 645061 0 0 0 645012 0 644810 0 0 0 0 0 644433 644437 0 0 0 644743 0 0 0 0 0 0 0 644776 644784 644748 644699 644407 644465 644693 0 0 0 0 0 0 644724 644736 644756 644519 0 644741 0 0 0 0 0 0 644944 644938 644698 0 644718 644375 0 644657 0 0 0 0 0 0 0 0 644980 0 0 0 644918 0 644790 
644574 644622 644672 644628 644694 644712 644652 644698 644536 644690 644782 644492 644454 644474 644728 644458 644762 644744 644824 644476 644430 644344 644350 644866 644830 644824 644654 644564 644406 644614 644878 644874 644840 644796 644512 644276 644276 644366 644823 644858 644788 644608 644560 644532 644442 644342 644336 644326 644532 644856 644402 644396 644352 644220 644288 644576 644538 644602 644608 644733 644840 644841 644846 644398 644392 644396 644390 644384 644292 644200 644172 644178 644204 644382 644432 644688 644777 644777 644793 644817 644824 644828 644750 644590 644358 644380 644154 644408 644410 644416 644478 644735 644741 644761 644804 644814 644470 644186 644202 644240 644260 644266 644414 644646 644652 644729 644696 644735 644753 644793 644362 644314 644118 644106 644112 644096 644116 644462 644468 644474 644526 644662 644662 644636 644638 644716 644709 644683 
644432 644446 644471 644459 644482 644491 644471 644494 644366 644490 644526 644350 644337 644353 644509 644327 644526 644517 644547 644318 644319 644269 644272 644568 644543 644540 644425 644368 644301 644452 644581 644585 644548 644520 644330 644223 644187 644256 644571 644571 644504 644384 644354 644334 644289 644269 644266 644212 644375 644558 644228 644254 644268 644159 644181 644397 644378 644422 644425 644522 644543 644557 644561 644208 644205 644225 644222 644219 644232 644161 644135 644138 644115 644252 644289 644477 644527 644497 644501 644503 644511 644543 644461 644363 644206 644246 644078 644253 644266 644269 644312 644443 644449 644447 644507 644515 644262 644082 644090 644121 644143 644146 644256 644432 644435 644503 644473 644421 644437 644477 644154 644148 644096 644078 644081 644037 644023 644280 644283 644286 644336 644443 644446 644427 644424 644477 644453 644415 
644648 0 644783 644741 644816 0 644777 644834 644619 644834 644948 0 0 0 644891 0 644927 644915 0 644475 0 0 0 644949 0 0 644796 644625 0 644723 0 0 644987 645009 644511 644216 644216 644351 644840 0 644961 644673 644583 644523 644388 0 0 644291 644600 0 0 644283 644325 644132 0 644666 0 0 0 644717 0 644898 0 0 0 0 0 644211 644217 0 0 0 644108 0 0 0 0 0 0 0 644799 644871 644834 644610 644172 644259 644033 0 0 0 0 0 0 644663 644811 644829 644340 0 644105 0 0 0 0 0 0 644669 644606 644624 0 644772 644124 0 643979 0 0 0 0 0 0 0 0 644630 0 0 0 644630 0 644573 
0 0 0 0 0 0 0 0 0 644913 645051 0 0 0 644970 0 644999 0 0 644619 0 0 0 644991 0 0 644940 0 0 0 0 0 0 645133 0 0 644292 644427 0 0 0 644817 0 644667 644532 0 0 644367 644676 0 0 0 0 644208 0 644742 0 0 0 644727 0 0 0 0 0 0 0 644355 0 0 0 0 0 0 0 0 0 0 0 0 644850 0 0 0 644316 644403 644109 0 0 0 0 0 0 0 644910 644934 0 0 0 0 0 0 0 0 0 644679 644616 0 0 644877 644268 0 644055 0 0 0 0 0 0 0 0 0 0 0 0 644640 0 644583 
644879 0 644897 644845 644875 0 644821 644823 645055 644783 644787 0 0 0 644745 0 644711 644729 0 645073 0 0 0 644703 0 0 644989 645081 0 644667 0 0 644743 644799 645110 644581 644581 644621 644611 0 644831 645041 645080 645070 645042 0 0 644569 644605 0 0 644972 644901 644525 0 644561 0 0 0 644527 0 644691 0 0 0 0 0 644924 644865 0 0 0 644509 0 0 0 0 0 0 0 644609 644713 644899 645014 644898 644956 644459 0 0 0 0 0 0 644509 644713 644685 644951 0 644451 0 0 0 0 0 0 644495 644453 644483 0 644647 644866 0 644423 0 0 0 0 0 0 0 0 644469 0 0 0 644469 0 644431 
644324 0 644300 644348 644300 0 644348 644324 644156 644348 644300 0 0 0 644348 0 644348 644348 0 644084 0 0 0 644300 0 0 644156 644108 0 644444 0 0 644276 644252 644060 644538 644540 644540 644348 0 644204 644084 644060 644036 644036 0 0 644540 644516 0 0 643988 644024 644540 0 644516 0 0 0 644444 0 644252 0 0 0 0 0 643916 643952 0 0 0 644481 0 0 0 0 0 0 0 644276 644228 644108 644036 643916 643980 644457 0 0 0 0 0 0 644300 644204 644228 643916 0 644433 0 0 0 0 0 0 644420 644444 644300 0 644228 643844 0 644464 0 0 0 0 0 0 0 0 644516 0 0 0 644420 0 644372 
0 0 0 0 0 0 0 0 0 0 0 0 0 0 0 0 0 0 0 0 0 0 0 644293 0 0 644290 0 0 0 0 0 0 0 0 0 645115 0 0 0 0 0 0 644203 0 0 0 0 0 0 0 0 0 0 0 0 0 0 0 644461 0 0 0 0 0 0 0 0 0 0 0 0 0 0 0 0 0 0 0 0 0 0 0 0 0 644073 0 0 0 0 0 0 0 0 0 0 0 0 0 0 0 0 0 0 0 0 0 0 0 0 0 0 644906 0 0 0 0 0 0 0 0 0 0 0 0 0 0 0 
0 0 0 0 0 0 0 0 0 641471 0 0 0 0 641436 0 0 0 0 0 0 0 0 641298 0 0 641286 0 0 0 0 0 0 0 0 0 641635 641674 0 0 0 0 0 641168 641125 0 0 641658 641632 0 0 0 0 0 0 641588 0 0 0 641410 0 0 0 0 0 0 0 0 0 0 0 0 0 0 0 0 0 0 0 0 641156 0 0 0 0 641058 0 0 0 0 0 0 0 0 641116 0 0 0 0 0 0 0 0 0 0 0 641336 0 0 641098 640941 0 641546 0 0 0 0 0 0 0 0 0 0 0 0 0 0 0 
644271 0 0 644447 644415 0 0 644519 0 644571 644591 0 0 0 644647 0 644715 644679 0 643759 0 0 0 644759 0 0 644187 0 0 0 0 0 0 644567 0 0 644031 644163 644879 0 644503 644023 0 643823 643643 0 0 644131 644423 0 0 643503 0 643919 0 644511 0 0 0 644781 0 0 0 0 0 0 0 643407 0 0 0 0 0 0 0 0 0 0 0 0 644693 0 0 0 643355 643471 643847 0 0 0 0 0 0 644663 644581 644625 0 0 643943 0 0 0 0 0 0 644767 644725 0 0 644587 643291 0 643739 0 0 0 0 0 0 0 0 644695 0 0 0 644741 0 644698 
644550 644564 644614 644605 644636 644654 644629 644674 644476 644667 644724 644432 644394 644414 644705 644398 644739 644721 644766 644416 644370 644321 644327 644808 644770 644764 644594 644504 644346 644591 644834 644843 644780 644736 644452 644253 644253 644343 644833 644853 644728 644548 644500 644472 644382 644282 644276 644303 644509 644812 644342 644336 644292 644197 644265 644553 644515 644579 644585 644731 644833 644830 644825 644338 644332 644336 644330 644324 644232 644177 644149 644155 644181 644359 644409 644665 644807 644810 644829 644819 644817 644819 644690 644530 644298 644320 644131 644385 644387 644393 644455 644772 644778 644764 644797 644807 644410 644163 644179 644217 644237 644243 644391 644623 644629 644759 644726 644738 644754 644788 644302 644254 644095 644083 644089 644073 644093 644439 644445 644451 644503 644645 644651 644636 644631 644746 644747 644721 
644718 0 0 644799 644898 0 0 644904 0 644892 645026 0 0 0 644949 0 644968 644959 0 644632 0 0 0 644978 0 0 644953 0 0 0 0 0 0 645108 0 0 644271 644406 644840 0 645100 644830 0 644680 644545 0 0 644346 644655 0 0 644440 0 644187 0 644707 0 0 0 644714 0 0 0 0 0 0 0 644368 0 0 0 0 0 0 0 0 0 0 0 0 644837 0 0 0 644329 644416 644088 0 0 0 0 0 0 644687 644923 644929 0 0 644160 0 0 0 0 0 0 644666 644603 0 0 644872 644281 0 644034 0 0 0 0 0 0 0 0 644627 0 0 0 644627 0 644570 
0 0 0 0 0 0 0 0 0 644751 644757 0 0 0 644694 0 644643 0 0 644937 0 0 0 644631 0 0 645046 0 0 0 0 0 0 644775 0 0 644162 644297 0 0 0 645135 0 645027 644892 0 0 644237 644484 0 0 0 0 644078 0 644418 0 0 0 644367 0 0 0 0 0 0 0 644715 0 0 0 0 0 0 0 0 0 0 0 0 644490 0 0 0 644676 644763 643979 0 0 0 0 0 0 0 644646 644604 0 0 0 0 0 0 0 0 0 644319 644256 0 0 644547 644628 0 643925 0 0 0 0 0 0 0 0 0 0 0 0 644280 0 644223 
643750 0 643830 643778 643808 0 643754 643756 643926 643716 643720 0 0 0 643678 0 643644 643662 0 643974 0 0 0 643636 0 0 643922 644022 0 643600 0 0 643676 643732 644034 643452 643433 643540 643544 0 643764 644004 644052 644037 643953 0 0 643477 643538 0 0 643883 643778 643377 0 643494 0 0 0 643460 0 643624 0 0 0 0 0 643835 643754 0 0 0 643325 0 0 0 0 0 0 0 643542 643646 643850 643987 643809 643867 643263 0 0 0 0 0 0 643442 643646 643618 643916 0 643295 0 0 0 0 0 0 643428 643386 643416 0 643580 643777 0 643263 0 0 0 0 0 0 0 0 643402 0 0 0 643402 0 643364 
0 0 0 0 0 0 0 0 0 0 0 0 0 0 0 0 0 0 0 0 0 0 0 0 0 0 640962 0 0 0 0 0 0 0 0 0 0 0 0 0 0 0 0 641004 0 0 0 0 0 0 0 0 0 0 0 0 0 0 0 640731 0 0 0 0 0 0 0 0 0 0 0 0 0 0 0 0 0 0 0 0 0 0 0 0 0 640914 0 0 0 0 0 0 0 0 0 0 0 0 0 0 0 0 0 0 0 0 0 0 0 0 0 0 640665 0 0 0 0 0 0 0 0 0 0 0 0 0 0 0 
0 0 0 0 0 0 0 0 0 640903 0 0 0 0 640884 0 0 0 0 0 0 0 0 640863 0 0 641006 0 0 0 0 0 0 0 0 0 640809 0 0 0 0 0 0 641050 641062 0 0 640797 640814 0 0 0 0 0 0 640792 0 0 0 640775 0 0 0 0 0 0 0 0 0 0 0 0 0 0 0 0 0 0 0 0 0 0 0 0 0 640994 0 0 0 0 0 0 0 0 0 0 0 0 0 0 0 0 0 0 0 0 0 0 0 640835 0 0 640721 0 0 0 0 0 0 0 0 0 0 0 0 0 0 0 
644804 644804 644754 644702 644732 644714 644678 644680 644853 644640 644644 644921 644975 644955 644602 644931 644568 644586 644602 644806 644983 644602 644596 644560 644599 644605 644735 644754 644978 644524 644534 644522 644589 644633 644734 644622 644478 644484 644468 644490 644641 644674 644686 644678 644768 645010 645013 644428 644462 644557 644628 644742 644976 644534 644418 644418 644456 644440 644434 644384 644487 644525 644535 644596 644602 644634 644640 644646 644976 644602 644582 644576 644406 644420 644418 644402 644400 644382 644398 644422 644455 644535 644568 644620 644672 644758 644408 644346 644392 644386 644372 644340 644346 644366 644523 644507 644560 644328 644312 644322 644350 644344 644340 644348 644342 644352 644310 644340 644381 644469 644560 644644 644584 644552 644546 644418 644302 644292 644286 644280 644324 644326 644320 644286 644292 644326 644314 644288 
644744 644756 644728 644676 644706 644688 644652 644654 644829 644614 644618 644853 644866 644850 644576 644868 644542 644560 644576 644791 644884 644535 644532 644534 644573 644579 644741 644777 644894 644498 644508 644496 644563 644607 644743 644533 644425 644452 644442 644464 644615 644701 644713 644703 644748 644926 644929 644400 644436 644531 644618 644711 644913 644453 644383 644392 644430 644414 644408 644358 644461 644499 644509 644590 644593 644621 644624 644627 644913 644499 644477 644474 644353 644394 644392 644376 644374 644356 644372 644396 644429 644509 644595 644647 644640 644719 644342 644320 644366 644360 644346 644314 644320 644340 644497 644481 644584 644290 644282 644296 644324 644318 644314 644322 644316 644326 644284 644314 644355 644443 644548 644602 644468 644438 644435 644335 644253 644266 644260 644254 644298 644300 644294 644260 644266 644300 644288 644262 
0 0 0 0 0 0 0 0 0 644775 0 0 0 0 644737 0 0 0 0 0 0 0 0 644599 0 0 644597 0 0 0 0 0 0 0 0 0 645080 0 0 0 0 0 0 644539 644473 0 0 645106 644933 0 0 0 0 0 0 644889 0 0 0 644711 0 0 0 0 0 0 0 0 0 0 0 0 0 0 0 0 0 0 0 0 0 0 0 0 0 644387 0 0 0 0 0 0 0 0 0 0 0 0 0 0 0 0 0 0 0 0 0 0 0 644399 0 0 644946 0 0 0 0 0 0 0 0 0 0 0 0 0 0 0 
0 0 0 0 0 0 0 0 0 643565 0 0 0 0 643552 0 0 0 0 0 0 0 0 643419 0 0 643264 0 0 0 0 0 0 0 0 0 643408 0 0 0 0 0 0 642950 642785 0 0 643493 643721 0 0 0 0 0 0 643697 0 0 0 643532 0 0 0 0 0 0 0 0 0 0 0 0 0 0 0 0 0 0 0 0 0 0 0 0 0 642613 0 0 0 0 0 0 0 0 0 0 0 0 0 0 0 0 0 0 0 0 0 0 0 643183 0 0 643104 0 0 0 0 0 0 0 0 0 0 0 0 0 0 0 
644606 644654 644704 644660 644726 644744 644684 644730 644615 644722 644814 644571 644533 644553 644760 644537 644794 644776 644856 644555 644509 644376 644382 644898 644896 644890 644733 644643 644485 644646 644903 644897 644906 644875 644591 644308 644308 644398 644846 644881 644867 644687 644639 644611 644521 644421 644415 644358 644564 644927 644481 644475 644431 644252 644320 644608 644570 644634 644640 644756 644897 644911 644916 644477 644471 644475 644469 644463 644371 644232 644204 644210 644236 644414 644464 644720 644800 644791 644807 644831 644875 644898 644829 644669 644437 644459 644186 644440 644442 644448 644510 644749 644755 644775 644874 644884 644549 644218 644234 644272 644292 644298 644446 644678 644684 644752 644719 644749 644801 644854 644423 644387 644150 644138 644144 644128 644148 644494 644500 644506 644558 644691 644688 644659 644662 644735 644723 644697 
643681 643693 643668 643630 643657 643648 643618 643631 643769 643599 643613 643729 643692 643684 643580 643730 643563 643572 643592 643793 643698 643458 643461 643571 643596 643599 643714 643771 643704 643493 643558 643552 643591 643619 643809 643412 643374 643401 643513 643536 643635 643755 643785 643805 643812 643672 643669 643349 643426 643581 643856 643825 643695 643348 643332 643404 643423 643427 643424 643423 643540 643565 643570 643848 643845 643853 643850 643847 643683 643350 643324 643327 643302 643357 643368 643420 643467 643464 643480 643492 643524 643576 643678 643776 643834 643817 643267 643308 643343 643340 643345 643422 643428 643436 643576 643562 643840 643239 643231 643248 643274 643271 643305 643369 643366 643419 643386 643410 643450 643538 643818 643800 643285 643267 643270 643226 643202 643281 643278 643275 643321 643358 643355 643326 643329 643406 643396 643370 
641524 0 0 641422 641452 0 0 641400 0 641360 641364 0 0 0 641322 0 641288 641306 0 641780 0 0 0 641280 0 0 641566 0 0 0 0 0 0 641376 0 0 641198 641204 641188 0 641408 641648 0 641748 641838 0 0 641148 641182 0 0 641876 0 641254 0 641138 0 0 0 641104 0 0 0 0 0 0 0 641782 0 0 0 0 0 0 0 0 0 0 0 0 641186 0 0 0 641808 641890 641128 0 0 0 0 0 0 641086 641290 641262 0 0 641032 0 0 0 0 0 0 641072 641030 0 0 641224 641696 0 641250 0 0 0 0 0 0 0 0 641046 0 0 0 641046 0 641008 
644581 0 0 644428 644473 0 0 644395 0 644335 644341 0 0 0 644278 0 644227 644254 0 644781 0 0 0 644215 0 0 644628 0 0 0 0 0 0 644359 0 0 644092 644101 644077 0 644407 644583 0 644589 644724 0 0 644017 644068 0 0 644685 644999 644176 0 644002 0 0 0 643951 0 0 0 0 0 0 0 644541 644993 0 0 0 0 0 0 0 0 0 0 0 644074 0 0 0 644580 644709 643987 0 0 0 0 0 0 643924 644230 644188 644412 0 643843 0 0 0 0 0 0 643903 643840 0 0 644131 644412 0 644249 0 0 0 0 0 0 0 0 643864 0 0 0 643864 0 643807 
0 0 0 0 0 0 0 0 0 642035 641967 0 0 0 641997 0 0 0 0 0 0 0 0 641883 0 0 641953 0 0 0 0 0 0 0 0 0 642259 642234 0 0 0 0 0 641954 641999 0 0 642234 642109 0 0 0 0 642285 0 642065 0 0 0 641923 0 0 0 0 0 0 0 641938 0 0 0 0 0 0 0 0 0 0 0 0 641753 0 0 0 641941 641970 642215 0 0 0 0 0 0 0 641749 0 0 0 0 0 0 0 0 0 0 641855 641849 0 0 641719 641895 0 642234 0 0 0 0 0 0 0 0 0 0 0 0 641829 0 0 
644260 644248 644227 644273 644216 644207 644261 644226 644096 644242 644172 644092 644071 644103 644223 644051 644206 644215 644151 644012 644035 644469 644472 644130 644119 644122 644057 644042 643999 644328 644117 644111 644114 644106 644008 644471 644569 644524 644156 644095 644050 643990 643984 643968 643959 643935 643929 644558 644405 644068 643849 643900 643933 644541 644577 644383 644402 644358 644355 644258 644063 644052 644057 643829 643826 643846 643843 643840 643861 644491 644501 644507 644559 644528 644491 644303 644158 644113 644085 644061 644047 644027 643949 643939 643827 643889 644534 644517 644514 644511 644468 644056 644059 644033 643991 644013 643849 644534 644526 644531 644545 644542 644514 644348 644345 644206 644221 644020 644010 643994 643775 643763 644483 644485 644491 644505 644515 644490 644487 644484 644444 644337 644334 644353 644356 644193 644151 644102 
0 0 0 0 0 0 0 0 0 643579 0 0 0 0 643617 0 0 0 0 0 0 0 0 643494 0 0 643276 0 0 0 0 0 0 0 0 0 643379 0 0 0 0 0 0 642924 642744 0 0 643479 643757 0 0 0 0 0 0 643783 0 0 0 643617 0 0 0 0 0 0 0 0 0 0 0 0 0 0 0 0 0 0 0 0 0 0 0 0 0 642572 0 0 0 0 0 0 0 0 0 0 0 0 0 0 0 0 0 0 0 0 0 0 0 643258 0 0 643075 0 0 0 0 0 0 0 0 0 0 0 0 0 0 0 
644308 644308 644333 644359 644344 644353 644371 644370 644228 644390 644366 644212 644199 644215 644393 644189 644376 644385 644345 644180 644181 644359 644362 644324 644325 644328 644287 644230 644163 644448 644299 644287 644320 644324 644192 644319 644283 644352 644305 644255 644292 644246 644216 644196 644151 644131 644128 644308 644453 644273 644101 644116 644130 644255 644277 644443 644456 644454 644451 644365 644227 644241 644251 644093 644090 644098 644095 644092 644094 644257 644231 644234 644211 644348 644385 644413 644273 644219 644199 644187 644195 644227 644239 644225 644079 644108 644174 644349 644362 644365 644402 644141 644147 644131 644191 644199 644135 644178 644186 644217 644239 644242 644352 644408 644405 644297 644291 644105 644121 644161 644063 644045 644192 644174 644177 644133 644119 644338 644335 644332 644378 644389 644383 644361 644367 644271 644223 644161 
644818 644818 644868 644920 644890 644908 644944 644941 644658 644973 644947 644626 644600 644632 644992 644580 644983 644998 644921 644562 644564 644884 644890 644879 644881 644887 644774 644662 644528 645060 644853 644841 644871 644879 644586 644816 644816 644906 644883 644809 644815 644694 644634 644594 644504 644464 644458 644866 645058 644803 644404 644434 644462 644760 644828 645078 645061 645091 645087 644972 644769 644771 644781 644388 644382 644398 644392 644386 644390 644740 644712 644718 644744 644922 644972 645026 644863 644797 644765 644741 644737 644745 644709 644652 644360 644418 644694 644936 644949 644952 644995 644707 644713 644685 644697 644717 644472 644726 644742 644780 644800 644806 644939 645011 645005 644904 644898 644659 644663 644679 644328 644292 644658 644646 644652 644636 644656 644955 644949 644943 644987 644989 644983 644949 644955 644878 644825 644751 
644783 644783 644833 644885 644855 644873 644909 644907 644623 644947 644925 644591 644565 644597 644973 644545 644973 644973 644925 644527 644529 644825 644831 644908 644897 644900 644741 644627 644493 645028 644895 644889 644892 644877 644551 644757 644757 644847 644934 644861 644828 644659 644599 644559 644469 644429 644423 644807 645013 644846 644369 644399 644427 644701 644769 645029 645019 645041 645041 645001 644821 644823 644833 644353 644347 644363 644357 644351 644355 644681 644653 644659 644685 644863 644913 645029 644915 644849 644817 644793 644789 644797 644727 644617 644325 644383 644635 644889 644891 644897 644957 644759 644765 644737 644749 644769 644437 644667 644683 644721 644741 644747 644895 645014 645011 644940 644934 644711 644715 644731 644293 644257 644599 644587 644593 644577 644597 644909 644909 644909 644957 645003 645000 644971 644974 644914 644866 644803 
0 0 0 0 0 0 0 0 0 0 0 0 0 0 0 0 0 0 0 0 0 0 0 0 0 0 637374 0 0 0 0 0 0 0 0 0 0 0 0 0 0 0 0 0 0 0 0 0 0 0 0 0 0 0 0 0 0 0 0 638384 0 0 0 0 0 0 0 0 0 0 0 0 0 0 0 0 0 0 0 0 0 0 0 0 0 636300 0 0 0 0 0 0 0 0 0 0 0 0 0 0 0 0 0 0 0 0 0 0 0 0 0 0 636907 0 0 0 0 0 0 0 0 0 0 0 0 0 0 0 
644358 644394 644444 644424 644466 644484 644448 644482 644282 644486 644554 644250 644224 644256 644524 644204 644558 644540 644596 644186 644188 644236 644242 644638 644624 644618 644400 644286 644152 644458 644653 644659 644634 644590 644210 644180 644206 644282 644638 644675 644558 644318 644258 644218 644128 644088 644082 644256 644412 644654 644028 644058 644086 644150 644218 644456 644418 644470 644476 644584 644679 644670 644665 644012 644006 644022 644016 644010 644014 644128 644102 644108 644134 644310 644348 644544 644630 644621 644629 644641 644663 644647 644472 644276 643984 644042 644084 644338 644338 644344 644394 644600 644603 644613 644619 644641 644096 644116 644132 644170 644190 644196 644344 644526 644532 644606 644585 644600 644626 644622 643952 643916 644048 644036 644042 644026 644046 644392 644398 644404 644442 644541 644544 644537 644534 644593 644587 644574 
644360 0 644507 644441 644540 0 644477 644546 644430 644534 644672 0 0 0 644591 0 644642 644615 0 644322 0 0 0 644798 0 0 644607 644460 0 644420 0 0 644810 644798 644370 643913 643913 644048 644781 0 644820 644520 644442 644394 644259 0 0 643988 644297 0 0 644178 644148 643829 0 644363 0 0 0 644625 0 644939 0 0 0 0 0 644142 644052 0 0 0 643805 0 0 0 0 0 0 0 644853 644961 644739 644481 644103 644154 643730 0 0 0 0 0 0 644703 644925 644945 644271 0 643802 0 0 0 0 0 0 644673 644619 644664 0 644896 644061 0 643676 0 0 0 0 0 0 0 0 644501 0 0 0 644643 0 644586 
644334 644358 644383 644361 644394 644403 644373 644396 644296 644392 644438 644292 644278 644310 644411 644257 644428 644419 644459 644212 644242 644219 644222 644480 644479 644476 644355 644274 644206 644354 644493 644499 644484 644480 644212 644185 644185 644230 644478 644515 644458 644278 644236 644204 644159 644142 644136 644210 644313 644518 644049 644100 644140 644157 644191 644335 644316 644348 644351 644424 644519 644534 644529 644029 644026 644046 644043 644040 644068 644140 644124 644130 644137 644238 644263 644391 644470 644461 644469 644481 644503 644529 644367 644233 644027 644092 644100 644251 644252 644255 644286 644440 644443 644453 644501 644523 644083 644104 644112 644143 644165 644168 644254 644370 644373 644446 644425 644440 644466 644504 643975 643969 644082 644082 644088 644059 644045 644278 644281 644284 644310 644381 644384 644377 644374 644433 644427 644414 
644753 644767 644717 644665 644695 644677 644641 644643 644921 644603 644607 644849 644775 644759 644565 644851 644531 644549 644565 644977 644787 644523 644529 644523 644573 644579 644809 644923 644799 644487 644497 644485 644563 644619 644999 644455 644441 644447 644431 644453 644651 644891 644951 644991 645015 644735 644729 644391 644425 644543 645155 645041 644781 644399 644381 644381 644419 644403 644397 644347 644461 644511 644521 645161 645157 645149 645143 645137 644757 644379 644351 644357 644369 644383 644381 644365 644363 644345 644361 644385 644429 644533 644737 644933 645111 645025 644333 644309 644355 644349 644335 644303 644309 644329 644533 644505 645113 644291 644275 644285 644313 644307 644303 644311 644305 644315 644273 644303 644355 644467 645103 645067 644297 644285 644291 644275 644265 644255 644249 644243 644287 644289 644283 644249 644255 644289 644277 644251 
644734 644760 644710 644658 644688 644670 644634 644636 644908 644596 644600 644830 644756 644740 644558 644832 644524 644542 644558 644958 644768 644504 644510 644516 644566 644572 644802 644916 644780 644480 644490 644478 644556 644612 644992 644436 644428 644440 644424 644446 644644 644884 644944 644984 644996 644716 644710 644384 644418 644536 645136 645022 644762 644380 644374 644374 644412 644396 644390 644340 644454 644504 644514 645168 645162 645130 645124 645118 644738 644360 644332 644338 644356 644376 644374 644358 644356 644338 644354 644378 644422 644526 644730 644926 645092 645006 644314 644302 644348 644342 644328 644296 644302 644322 644526 644498 645106 644284 644268 644278 644306 644300 644296 644304 644298 644308 644266 644296 644348 644460 645110 645074 644278 644266 644272 644256 644258 644248 644242 644236 644280 644282 644276 644242 644248 644282 644270 644244 
644802 644804 644754 644702 644732 644714 644678 644680 644964 644640 644644 644908 644834 644818 644602 644910 644568 644586 644602 645036 644846 644582 644586 644560 644610 644616 644846 644960 644858 644524 644534 644522 644600 644656 645036 644514 644478 644484 644468 644490 644688 644928 644988 645028 645074 644794 644788 644428 644462 644580 645138 645100 644840 644458 644418 644418 644456 644440 644434 644384 644498 644548 644558 645114 645114 645136 645130 645124 644816 644438 644410 644416 644406 644420 644418 644402 644400 644382 644398 644422 644466 644570 644774 644970 645098 645084 644392 644346 644392 644386 644372 644340 644346 644366 644570 644542 645078 644328 644312 644322 644350 644344 644340 644348 644342 644352 644310 644340 644392 644504 645066 645030 644356 644344 644350 644334 644302 644292 644286 644280 644324 644326 644320 644286 644292 644326 644314 644288 
644788 644796 644746 644694 644724 644706 644670 644672 644956 644632 644636 644890 644816 644800 644594 644892 644560 644578 644594 645018 644828 644564 644570 644552 644602 644608 644838 644952 644840 644516 644526 644514 644592 644648 645028 644496 644470 644476 644460 644482 644680 644920 644980 645020 645056 644776 644770 644420 644454 644572 645150 645082 644822 644440 644410 644410 644448 644432 644426 644376 644490 644540 644550 645126 645126 645144 645138 645132 644798 644420 644392 644398 644398 644412 644410 644394 644392 644374 644390 644414 644458 644562 644766 644962 645106 645066 644374 644338 644384 644378 644364 644332 644338 644358 644562 644534 645096 644320 644304 644314 644342 644336 644332 644340 644334 644344 644302 644332 644384 644496 645074 645038 644338 644326 644332 644316 644294 644284 644278 644272 644316 644318 644312 644278 644284 644318 644306 644280 
0 0 0 0 0 0 0 0 0 643931 643933 0 0 0 643912 0 0 0 0 0 0 0 0 643891 0 0 644034 0 0 0 0 0 0 0 0 0 643834 643853 0 0 0 0 0 644125 644148 0 0 643809 643842 0 0 0 0 0 0 643820 0 0 0 643803 0 0 0 0 0 0 0 644209 0 0 0 0 0 0 0 0 0 0 0 0 643844 0 0 0 644196 644153 0 0 0 0 0 0 0 0 643896 0 0 0 0 0 0 0 0 0 0 643787 643766 0 0 643863 644179 0 643736 0 0 0 0 0 0 0 0 0 0 0 0 0 0 0 
644574 0 0 644421 644466 0 0 644388 0 644328 644334 0 0 0 644271 0 644220 644247 0 644846 0 0 0 644208 0 0 644637 0 0 0 0 0 0 644352 0 0 644085 644094 644070 0 644400 644648 0 644654 644789 0 0 644010 644061 0 0 644750 645096 644169 0 643995 0 0 0 643944 0 0 0 0 0 0 0 644606 645112 0 0 0 0 0 0 0 0 0 0 0 644067 0 0 0 644645 644774 643980 0 0 0 0 0 0 643917 644223 644181 644477 0 643836 0 0 0 0 0 0 643896 643833 0 0 644124 644477 0 644250 0 0 0 0 0 0 0 0 643857 0 0 0 643857 0 643800 
644283 644259 644234 644256 644223 644214 644244 644221 644195 644225 644179 644235 644242 644258 644206 644232 644189 644198 644158 644171 644224 644398 644395 644137 644138 644141 644136 644145 644206 644263 644124 644118 644133 644137 644135 644432 644402 644387 644139 644102 644105 644105 644111 644107 644152 644174 644171 644377 644304 644099 644032 644125 644173 644430 644372 644282 644301 644269 644266 644193 644082 644083 644088 644004 644007 644035 644038 644041 644137 644446 644432 644435 644366 644373 644354 644226 644129 644081 644061 644049 644057 644070 644052 644078 644054 644133 644367 644336 644359 644356 644331 644003 644009 643993 644046 644056 643998 644327 644319 644324 644338 644335 644333 644247 644244 644153 644153 643967 643983 644023 643962 644014 644405 644399 644402 644372 644305 644309 644306 644303 644307 644236 644233 644240 644243 644133 644085 644023 
644806 644758 644708 644752 644686 644668 644728 644682 644630 644690 644598 644694 644683 644715 644652 644663 644618 644636 644556 644582 644647 645036 645030 644514 644516 644522 644512 644530 644611 644766 644488 644476 644506 644514 644510 645078 645080 645014 644518 644444 644450 644450 644462 644454 644544 644547 644541 645030 644848 644438 644404 644502 644545 645126 645033 644804 644842 644778 644772 644626 644404 644406 644416 644372 644378 644410 644416 644422 644473 645103 645099 645105 645035 644998 644948 644692 644498 644432 644400 644376 644372 644380 644344 644396 644430 644501 645037 644948 644970 644964 644902 644342 644348 644320 644332 644352 644336 644957 644941 644951 644979 644973 644942 644734 644728 644546 644552 644294 644298 644314 644336 644375 645058 645058 645064 645033 644931 644894 644888 644882 644854 644712 644706 644720 644726 644520 644460 644386 
644784 644736 644686 644730 644664 644646 644706 644660 644608 644668 644576 644676 644674 644706 644630 644649 644596 644614 644534 644560 644638 645014 645008 644492 644494 644500 644490 644508 644602 644744 644466 644454 644484 644492 644488 645060 645068 644992 644496 644422 644428 644428 644440 644432 644522 644538 644532 645018 644826 644416 644382 644484 644536 645118 645020 644782 644820 644756 644750 644604 644382 644384 644394 644350 644356 644388 644394 644400 644464 645094 645100 645106 645029 644976 644926 644670 644476 644410 644378 644354 644350 644358 644322 644374 644412 644484 645031 644936 644948 644942 644880 644320 644326 644298 644310 644330 644314 644951 644935 644945 644973 644967 644930 644712 644706 644524 644530 644272 644276 644292 644314 644361 645058 645058 645064 645031 644925 644882 644876 644870 644832 644690 644684 644698 644704 644498 644438 644364 
644778 0 644690 644734 644668 0 644710 644664 644612 644672 644580 0 0 0 644634 0 644600 644618 0 644522 0 0 0 644496 0 0 644494 644512 0 644748 0 0 644488 644496 644492 644960 645086 644996 644500 0 644432 644432 644444 644436 644464 0 0 645036 644830 0 0 644394 644422 645048 0 644786 0 0 0 644608 0 644388 0 0 0 0 0 644346 644350 0 0 0 645158 0 0 0 0 0 0 0 644354 644362 644326 644378 644320 644378 645150 0 0 0 0 0 0 644302 644314 644334 644318 0 645090 0 0 0 0 0 0 644528 644534 644276 0 644296 644288 0 644994 0 0 0 0 0 0 0 0 644694 0 0 0 644502 0 644368 
644053 644041 644066 644116 644077 644078 644128 644097 643889 644113 644043 643885 643884 643912 644094 643850 644077 644086 644022 643805 643854 644177 644180 644001 643990 643993 643928 643867 643819 644162 643988 643982 643985 643977 643805 644167 644225 644236 644027 643966 643921 643861 643829 643797 643752 643755 643749 644250 644203 643939 643642 643693 643753 644197 644231 644181 644200 644168 644165 644092 643934 643923 643928 643622 643619 643639 643636 643633 643681 644177 644173 644176 644179 644268 644253 644125 644028 643984 643956 643932 643918 643898 643820 643810 643620 643685 644142 644251 644264 644261 644230 643927 643930 643904 643862 643884 643676 644146 644154 644185 644207 644210 644248 644146 644143 644052 644055 643891 643881 643865 643568 643562 644142 644140 644143 644101 644087 644224 644221 644218 644206 644135 644132 644139 644142 644039 644009 643972 
644759 644759 644809 644857 644809 644809 644857 644833 644599 644857 644809 644567 644541 644573 644857 644521 644857 644857 644803 644503 644505 644961 644967 644761 644763 644769 644665 644603 644469 644953 644735 644723 644753 644761 644527 644941 645009 645077 644765 644691 644697 644593 644569 644535 644445 644405 644399 645059 645025 644685 644345 644375 644403 644953 645021 645025 645025 645001 645001 644873 644651 644653 644663 644329 644323 644339 644333 644327 644331 644933 644905 644911 644937 645093 645095 644939 644745 644679 644647 644623 644619 644627 644591 644545 644301 644359 644887 645069 645093 645093 645095 644589 644595 644567 644579 644599 644413 644919 644935 644973 644993 644997 645069 644981 644975 644793 644799 644541 644545 644561 644269 644233 644851 644839 644845 644829 644849 645069 645069 645069 645095 644959 644953 644967 644973 644767 644707 644633 
644253 644241 644266 644316 644277 644286 644328 644315 644089 644347 644321 644085 644084 644112 644366 644050 644381 644374 644333 644005 644054 644312 644315 644333 644309 644309 644148 644067 644024 644443 644333 644333 644309 644285 644005 644278 644253 644322 644381 644333 644237 644071 644029 643997 643952 643992 643989 644278 644406 644285 643842 643893 643979 644225 644247 644428 644409 644441 644444 644467 644309 644285 644285 643822 643819 643839 643836 643833 643931 644227 644201 644204 644181 644318 644355 644459 644405 644381 644357 644333 644309 644261 644141 644026 643820 643885 644144 644319 644332 644335 644378 644357 644357 644333 644237 644261 643876 644148 644156 644187 644209 644212 644322 644435 644435 644453 644467 644333 644309 644261 643768 643762 644162 644144 644147 644103 644089 644346 644349 644350 644398 644435 644435 644423 644423 644453 644429 644405 
644422 644434 644484 644512 644506 644524 644536 644546 644346 644574 644594 644302 644264 644284 644612 644268 644646 644628 644636 644286 644240 644274 644280 644678 644640 644634 644464 644374 644216 644544 644704 644716 644650 644606 644322 644206 644206 644296 644746 644748 644598 644418 644370 644342 644252 644152 644146 644256 644462 644682 644212 644206 644162 644150 644218 644506 644468 644532 644538 644684 644742 644714 644704 644208 644202 644206 644200 644194 644102 644130 644102 644108 644134 644312 644362 644618 644787 644756 644740 644728 644726 644704 644560 644400 644168 644190 644084 644338 644340 644346 644408 644711 644714 644700 644706 644716 644280 644116 644132 644170 644190 644196 644344 644576 644582 644751 644718 644687 644689 644697 644172 644124 644048 644036 644042 644026 644046 644392 644398 644404 644456 644598 644604 644590 644584 644738 644744 644731 
644415 644427 644477 644505 644499 644517 644529 644539 644339 644567 644587 644295 644257 644277 644605 644261 644639 644621 644629 644279 644233 644270 644276 644671 644633 644627 644457 644367 644209 644540 644697 644709 644643 644599 644315 644202 644202 644292 644739 644731 644591 644411 644363 644335 644245 644145 644139 644252 644458 644675 644205 644199 644155 644146 644214 644502 644464 644528 644534 644680 644727 644702 644697 644201 644195 644199 644193 644187 644095 644126 644098 644104 644130 644308 644358 644614 644765 644785 644777 644765 644743 644691 644553 644393 644161 644183 644080 644334 644336 644342 644404 644754 644757 644743 644691 644705 644273 644112 644128 644166 644186 644192 644340 644572 644578 644741 644726 644730 644732 644724 644165 644117 644044 644032 644038 644022 644042 644388 644394 644400 644452 644594 644600 644586 644580 644754 644790 644765 
644408 644419 644469 644474 644491 644509 644498 644532 644259 644536 644579 644227 644201 644233 644574 644181 644608 644590 644621 644163 644165 644286 644292 644663 644613 644607 644377 644263 644129 644508 644689 644701 644623 644567 644187 644230 644266 644332 644708 644722 644535 644295 644235 644195 644105 644065 644059 644316 644462 644643 644005 644035 644063 644210 644290 644506 644468 644520 644526 644648 644706 644669 644664 643989 643983 643999 643993 643987 643991 644178 644162 644168 644206 644360 644398 644594 644720 644753 644765 644752 644722 644646 644449 644253 643961 644019 644156 644398 644388 644394 644444 644736 644739 644724 644634 644660 644073 644188 644204 644242 644262 644268 644404 644576 644582 644696 644693 644711 644701 644679 643929 643893 644120 644108 644114 644098 644118 644452 644458 644464 644492 644598 644604 644602 644596 644709 644723 644710 
644399 644435 644485 644465 644507 644525 644489 644523 644287 644527 644595 644255 644229 644261 644565 644209 644599 644581 644637 644191 644193 644277 644283 644679 644641 644635 644405 644291 644157 644499 644695 644701 644651 644595 644215 644221 644244 644323 644680 644717 644563 644323 644263 644223 644133 644093 644087 644294 644453 644660 644033 644063 644091 644188 644256 644497 644459 644511 644517 644626 644713 644676 644671 644017 644011 644027 644021 644015 644019 644168 644140 644146 644172 644350 644389 644585 644690 644723 644735 644747 644729 644653 644477 644281 643989 644047 644122 644376 644378 644384 644435 644706 644709 644719 644641 644667 644101 644154 644170 644208 644228 644234 644382 644567 644573 644666 644663 644706 644708 644686 643957 643921 644086 644074 644080 644064 644084 644430 644436 644442 644483 644583 644586 644579 644576 644679 644693 644680 
0 0 0 0 0 0 0 0 0 644638 0 0 0 0 644714 0 0 0 0 0 0 0 0 644954 0 0 644466 0 0 0 0 0 0 0 0 0 643810 0 0 0 0 0 0 644102 643922 0 0 643910 644322 0 0 0 0 0 0 644410 0 0 0 644698 0 0 0 0 0 0 0 0 0 0 0 0 0 0 0 0 0 0 0 0 645068 0 0 0 0 643750 0 0 0 0 0 0 0 0 0 0 0 0 0 0 0 0 0 0 0 0 0 0 0 644970 0 0 643494 0 0 0 0 0 0 0 0 0 0 0 0 0 0 0 
643813 0 643862 643840 643873 0 643852 643875 643829 643871 643917 0 0 0 643890 0 643907 643898 0 643781 0 0 0 643959 0 0 643888 643831 0 643798 0 0 643963 643959 643793 643569 643533 643602 643950 0 643967 643847 643817 643797 643752 0 0 643558 643721 0 0 643717 643731 643505 0 643743 0 0 0 643867 0 643998 0 0 0 0 0 643693 643695 0 0 0 643461 0 0 0 0 0 0 0 643934 644010 643924 643826 643680 643709 643424 0 0 0 0 0 0 643846 643978 643986 643736 0 643436 0 0 0 0 0 0 643869 643827 643820 0 643948 643664 0 643442 0 0 0 0 0 0 0 0 643789 0 0 0 643843 0 643804 
644763 0 644861 644817 644883 0 644841 644887 644939 644879 644971 0 0 0 644917 0 644951 644933 0 644863 0 0 0 644997 0 0 645057 644963 0 644803 0 0 645037 645055 644887 644465 644465 644555 644905 0 645115 644995 644935 644895 644805 0 0 644515 644721 0 0 644735 644763 644409 0 644765 0 0 0 644821 0 644985 0 0 0 0 0 644687 644691 0 0 0 644393 0 0 0 0 0 0 0 644903 645007 645135 644953 644661 644719 644343 0 0 0 0 0 0 644803 645007 644979 644773 0 644391 0 0 0 0 0 0 644789 644747 644777 0 644941 644629 0 644307 0 0 0 0 0 0 0 0 644763 0 0 0 644763 0 644725 
640922 0 640992 640970 641003 0 640980 640981 641014 640961 640963 0 0 0 640942 0 640925 640934 0 641026 0 0 0 640921 0 0 641064 641081 0 640903 0 0 640941 640969 641086 640744 640780 640839 640875 0 640985 641105 641115 641119 641040 0 0 640819 640872 0 0 640977 640854 640724 0 640850 0 0 0 640833 0 640915 0 0 0 0 0 640929 640818 0 0 0 640744 0 0 0 0 0 0 0 640874 640926 641028 641126 640903 640961 640706 0 0 0 0 0 0 640824 640926 640912 641005 0 640757 0 0 0 0 0 0 640817 640796 640811 0 640893 640871 0 640634 0 0 0 0 0 0 0 0 640804 0 0 0 640804 0 640785 
0 0 0 0 0 0 0 0 0 642957 642977 0 0 0 642956 0 0 0 0 0 0 0 0 642935 0 0 643053 0 0 0 0 0 0 0 0 0 642813 642837 0 0 0 0 0 643113 643113 0 0 642813 642873 0 0 0 0 0 0 642864 0 0 0 642847 0 0 0 0 0 0 0 643147 0 0 0 0 0 0 0 0 0 0 0 0 642888 0 0 0 643147 643137 0 0 0 0 0 0 0 0 642940 0 0 0 0 0 0 0 0 0 0 642831 642810 0 0 642907 643147 0 642801 0 0 0 0 0 0 0 0 0 0 0 0 0 0 0 
0 0 0 0 0 0 0 0 0 0 0 0 0 0 0 0 0 0 0 0 0 0 0 0 0 0 0 0 0 0 0 0 0 0 0 0 0 0 0 0 0 0 0 0 0 0 0 0 0 0 0 0 0 0 0 0 0 0 0 0 0 0 0 0 0 0 0 0 0 0 0 0 0 0 0 0 0 0 0 0 0 0 0 0 0 642466 0 0 0 0 0 0 0 0 0 0 0 0 0 0 0 0 0 0 0 0 0 0 0 0 0 0 0 0 0 0 0 0 0 0 0 0 0 0 0 0 0 0 
0 0 0 0 0 0 0 0 0 644388 644250 0 0 0 644331 0 0 0 0 0 0 0 0 644124 0 0 644121 0 0 0 0 0 0 0 0 0 645009 644874 0 0 0 0 0 644034 644087 0 0 644934 644625 0 0 0 0 0 0 644559 0 0 0 644292 0 0 0 0 0 0 0 643910 0 0 0 0 0 0 0 0 0 0 0 0 643911 0 0 0 643871 643958 645122 0 0 0 0 0 0 0 643851 0 0 0 0 0 0 0 0 0 0 644172 644181 0 0 643824 643817 0 644882 0 0 0 0 0 0 0 0 0 0 0 0 0 0 0 
644704 644704 644754 644806 644776 644794 644830 644826 644544 644858 644797 644512 644486 644518 644851 644466 644817 644835 644755 644448 644450 644906 644912 644713 644715 644721 644659 644548 644414 644955 644687 644675 644705 644713 644472 644886 645022 645024 644717 644643 644649 644580 644520 644480 644390 644350 644344 645072 645027 644637 644290 644320 644348 644966 645057 645003 645027 644977 644971 644825 644603 644605 644615 644274 644268 644284 644278 644272 644276 644906 644918 644924 644973 645088 645089 644891 644697 644631 644599 644575 644571 644579 644543 644537 644246 644304 644923 645139 645114 645117 645099 644541 644547 644519 644531 644551 644358 644955 644971 645009 645029 645035 645139 644933 644927 644745 644751 644493 644497 644513 644214 644178 644887 644875 644881 644865 644885 645109 645103 645097 645053 644911 644905 644919 644925 644719 644659 644585 
644348 644347 644372 644422 644383 644392 644434 644413 644188 644429 644359 644156 644130 644162 644410 644110 644393 644402 644338 644092 644094 644550 644556 644317 644306 644309 644244 644173 644058 644515 644304 644298 644301 644293 644111 644530 644578 644639 644343 644282 644237 644177 644135 644103 644034 643994 643988 644607 644592 644255 643934 643964 643992 644522 644576 644570 644589 644545 644542 644445 644250 644239 644244 643918 643912 643928 643922 643916 643920 644502 644474 644480 644506 644647 644666 644490 644345 644300 644272 644248 644234 644214 644136 644126 643890 643948 644456 644618 644653 644650 644643 644243 644246 644220 644178 644200 643982 644477 644485 644516 644538 644541 644615 644535 644532 644393 644408 644207 644197 644181 643858 643822 644420 644408 644414 644398 644418 644591 644588 644585 644619 644524 644521 644540 644543 644380 644338 644289 
644352 644352 644402 644454 644416 644425 644467 644448 644192 644464 644394 644160 644134 644166 644445 644114 644428 644437 644373 644096 644098 644554 644560 644352 644341 644344 644279 644196 644062 644550 644339 644333 644336 644328 644120 644523 644570 644647 644378 644317 644272 644210 644168 644128 644038 643998 643992 644620 644627 644290 643938 643968 643996 644514 644582 644605 644624 644580 644577 644480 644285 644274 644279 643922 643916 643932 643926 643920 643924 644493 644466 644472 644498 644667 644688 644525 644380 644335 644307 644283 644269 644249 644171 644161 643894 643952 644448 644641 644675 644672 644665 644278 644281 644255 644213 644235 644006 644480 644496 644534 644554 644560 644638 644570 644567 644428 644443 644242 644232 644216 643862 643826 644412 644400 644406 644390 644410 644614 644611 644608 644641 644559 644556 644575 644578 644415 644373 644324 
644741 644741 644791 644843 644813 644831 644867 644865 644581 644905 644899 644549 644523 644555 644943 644503 644920 644938 644858 644485 644487 644942 644948 644816 644818 644824 644699 644585 644451 645021 644790 644778 644808 644816 644509 644910 644940 645024 644820 644746 644752 644617 644557 644517 644427 644387 644381 644990 645083 644740 644327 644357 644385 644884 644952 645106 645089 645080 645074 644928 644706 644708 644718 644311 644305 644321 644315 644309 644313 644864 644836 644842 644868 645046 645090 644994 644800 644734 644702 644678 644674 644682 644646 644575 644283 644341 644818 645072 645074 645080 645136 644644 644650 644622 644634 644654 644395 644850 644866 644904 644924 644930 645078 645036 645030 644848 644854 644596 644600 644616 644251 644215 644782 644770 644776 644760 644780 645093 645087 645081 645119 645014 645008 645021 645027 644822 644762 644688 
644365 644365 644415 644431 644437 644455 644455 644489 644205 644493 644525 644173 644147 644179 644531 644127 644565 644547 644567 644109 644111 644243 644249 644609 644559 644553 644323 644209 644075 644465 644635 644647 644569 644513 644133 644187 644223 644289 644665 644679 644481 644241 644181 644141 644051 644011 644005 644273 644419 644589 643951 643981 644009 644167 644247 644463 644425 644477 644483 644605 644671 644621 644611 643935 643929 643945 643939 643933 643937 644135 644119 644125 644187 644317 644355 644551 644697 644743 644759 644735 644701 644599 644395 644199 643907 643965 644149 644355 644345 644351 644401 644778 644781 644755 644599 644627 644019 644193 644209 644235 644243 644249 644361 644533 644539 644673 644679 644742 644732 644658 643875 643839 644077 644077 644083 644103 644135 644409 644415 644421 644449 644555 644561 644559 644553 644699 644729 644752 
644450 644474 644524 644504 644546 644564 644528 644574 644386 644566 644634 644342 644304 644324 644604 644308 644638 644620 644676 644326 644280 644220 644226 644718 644680 644674 644504 644414 644256 644490 644744 644756 644690 644646 644362 644152 644152 644242 644738 644788 644638 644458 644410 644382 644292 644192 644186 644202 644408 644722 644252 644246 644202 644096 644164 644452 644414 644478 644484 644630 644792 644754 644744 644248 644242 644246 644240 644234 644142 644076 644048 644054 644080 644258 644308 644564 644758 644824 644856 644856 644824 644744 644600 644440 644208 644230 644030 644284 644286 644292 644354 644870 644873 644871 644756 644772 644320 644062 644078 644116 644136 644142 644290 644522 644528 644710 644704 644858 644860 644810 644212 644164 643994 643982 643988 643972 643992 644338 644344 644350 644402 644544 644550 644536 644530 644736 644796 644820 
644051 0 0 644118 644147 0 0 644175 0 644180 644235 0 0 0 644218 0 644252 644234 0 643864 0 0 0 644319 0 0 644078 0 0 0 0 0 0 644259 0 0 643910 643976 644352 0 644236 643996 0 643896 643806 0 0 643960 644106 0 0 643736 0 643854 0 644150 0 0 0 644292 0 0 0 0 0 0 0 643688 0 0 0 0 0 0 0 0 0 0 0 0 644432 0 0 0 643662 643720 643836 0 0 0 0 0 0 644470 644354 644382 0 0 643896 0 0 0 0 0 0 644360 644366 0 0 644410 643630 0 643764 0 0 0 0 0 0 0 0 644242 0 0 0 644383 0 644450 
0 0 0 0 0 0 0 0 0 639960 0 0 0 0 639960 0 0 0 0 0 0 0 0 640008 0 0 640068 0 0 0 0 0 0 0 0 0 639672 639720 0 0 0 0 0 640068 640068 0 0 639672 639792 0 0 0 0 0 0 639792 0 0 0 639864 0 0 0 0 0 0 0 0 0 0 0 0 0 0 0 0 0 0 0 0 640032 0 0 0 0 640068 0 0 0 0 0 0 0 0 640068 0 0 0 0 0 0 0 0 0 0 0 639864 0 0 640068 640063 0 639648 0 0 0 0 0 0 0 0 0 0 0 0 0 0 0 
0 0 0 0 0 0 0 0 0 641337 641429 0 0 0 641375 0 641409 0 0 641233 0 0 0 641513 0 0 641375 0 0 0 0 0 0 641469 0 0 640923 641013 0 0 0 641365 0 641313 641223 0 0 640973 641179 0 0 0 0 640867 0 641223 0 0 0 641390 0 0 0 0 0 0 0 641178 0 0 0 0 0 0 0 0 0 0 0 0 641539 0 0 0 641152 641174 640758 0 0 0 0 0 0 0 641539 641539 0 0 0 0 0 0 0 0 0 641415 641391 0 0 641539 641156 0 640756 0 0 0 0 0 0 0 0 0 0 0 0 641415 0 641463 
644088 0 0 644114 644189 0 0 644099 0 644027 644057 0 0 0 643970 0 643919 643946 0 644544 0 0 0 643931 0 0 644432 0 0 0 0 0 0 644099 0 0 643485 643642 643766 0 644171 644591 0 644750 644624 0 0 643550 643676 0 0 644676 644156 643392 0 643610 0 0 0 643595 0 0 0 0 0 0 0 644819 644108 0 0 0 0 0 0 0 0 0 0 0 643762 0 0 0 644767 644644 643254 0 0 0 0 0 0 643562 643970 643914 644941 0 643310 0 0 0 0 0 0 643534 643450 0 0 643838 644733 0 643188 0 0 0 0 0 0 0 0 643472 0 0 0 643482 0 643406 
644628 644616 644601 644647 644590 644581 644635 644600 644464 644609 644517 644454 644428 644460 644571 644408 644537 644555 644475 644380 644392 644837 644840 644433 644435 644441 644431 644416 644356 644685 644407 644395 644425 644433 644380 644828 644947 644898 644437 644363 644369 644364 644358 644342 644327 644292 644286 644942 644767 644357 644217 644262 644290 644916 644973 644723 644761 644697 644691 644545 644323 644325 644335 644197 644194 644214 644211 644208 644218 644848 644868 644874 645019 644902 644865 644611 644417 644351 644319 644295 644291 644299 644263 644313 644188 644246 645028 644891 644888 644883 644821 644261 644267 644239 644251 644271 644223 645058 645050 645031 645011 645008 644885 644653 644647 644465 644471 644213 644217 644233 644143 644120 644862 644898 644904 645018 645031 644837 644831 644825 644773 644631 644625 644639 644645 644439 644379 644305 
644351 0 0 644451 644353 0 0 644347 0 644359 644221 0 0 0 644302 0 644251 644278 0 643975 0 0 0 644095 0 0 644092 0 0 0 0 0 0 644095 0 0 644833 644803 644101 0 643999 643999 0 643983 643891 0 0 644883 644596 0 0 643786 0 644767 0 644530 0 0 0 644263 0 0 0 0 0 0 0 643714 0 0 0 0 0 0 0 0 0 0 0 0 643882 0 0 0 643675 643762 644951 0 0 0 0 0 0 643804 643822 643852 0 0 645055 0 0 0 0 0 0 644143 644152 0 0 643795 643621 0 644686 0 0 0 0 0 0 0 0 644392 0 0 0 644104 0 643903 
644112 644100 644125 644175 644136 644129 644183 644148 643948 644164 644094 643940 643914 643946 644145 643894 644128 644137 644073 643864 643878 644321 644324 644052 644041 644044 643979 643926 643842 644250 644039 644033 644036 644028 643864 644314 644418 644404 644078 644017 643972 643912 643888 643856 643811 643778 643772 644443 644327 643990 643701 643748 643776 644389 644448 644305 644324 644280 644277 644180 643985 643974 643979 643681 643678 643698 643695 643692 643704 644333 644341 644347 644454 644447 644413 644225 644080 644035 644007 643983 643969 643949 643871 643861 643674 643732 644453 644436 644435 644432 644390 643978 643981 643955 643913 643935 643735 644491 644499 644496 644482 644485 644433 644270 644267 644128 644143 643942 643932 643916 643627 643606 644323 644347 644353 644443 644456 644409 644406 644403 644366 644259 644256 644275 644278 644115 644073 644024 
644701 644701 644743 644789 644723 644705 644765 644719 644541 644727 644635 644509 644483 644515 644689 644463 644655 644673 644593 644445 644447 644903 644909 644551 644553 644559 644549 644545 644411 644803 644525 644513 644543 644551 644469 644883 645027 645021 644555 644481 644487 644487 644499 644477 644387 644347 644341 645077 644885 644475 644287 644317 644345 644971 645087 644841 644879 644815 644809 644663 644441 644443 644453 644271 644265 644281 644275 644269 644273 644903 644923 644929 645095 645035 644985 644729 644535 644469 644437 644413 644409 644417 644381 644433 644243 644301 645069 645009 645007 645001 644939 644379 644385 644357 644369 644389 644355 645125 645141 645147 645147 645147 645003 644771 644765 644583 644589 644331 644335 644351 644211 644175 644917 644953 644959 645035 645059 644955 644949 644943 644891 644749 644743 644757 644763 644557 644497 644423 
644696 644696 644736 644784 644732 644714 644774 644728 644536 644736 644644 644504 644478 644510 644698 644458 644664 644682 644602 644440 644442 644898 644904 644560 644562 644568 644558 644540 644406 644812 644534 644522 644552 644560 644464 644878 645022 645016 644564 644490 644496 644496 644496 644472 644382 644342 644336 645072 644894 644484 644282 644312 644340 644966 645082 644850 644888 644824 644818 644672 644450 644452 644462 644266 644260 644276 644270 644264 644268 644898 644918 644924 645094 645044 644994 644738 644544 644478 644446 644422 644418 644426 644390 644442 644238 644296 645068 645018 645016 645010 644948 644388 644394 644366 644378 644398 644350 645120 645136 645144 645144 645144 645012 644780 644774 644592 644598 644340 644344 644360 644206 644170 644912 644948 644954 645030 645050 644964 644958 644952 644900 644758 644752 644766 644772 644566 644506 644432 
644698 644698 644748 644800 644770 644788 644824 644822 644538 644862 644806 644506 644480 644512 644860 644460 644826 644844 644764 644442 644444 644900 644906 644722 644724 644730 644656 644542 644408 644968 644696 644684 644714 644722 644466 644880 645004 645018 644726 644652 644658 644574 644514 644474 644384 644344 644338 645054 645035 644646 644284 644314 644342 644948 645027 645012 645038 644986 644980 644834 644612 644614 644624 644268 644262 644278 644272 644266 644270 644900 644900 644906 644943 645082 645084 644900 644706 644640 644608 644584 644580 644588 644552 644532 644240 644298 644893 645133 645110 645116 645110 644550 644556 644528 644540 644560 644352 644925 644941 644979 644999 645005 645136 644942 644936 644754 644760 644502 644506 644522 644208 644172 644857 644845 644851 644835 644855 645106 645100 645094 645062 644920 644914 644928 644934 644728 644668 644594 
644712 644712 644760 644810 644771 644780 644822 644809 644552 644841 644815 644520 644494 644526 644860 644474 644877 644868 644836 644456 644458 644888 644894 644835 644820 644817 644642 644556 644422 644947 644809 644797 644825 644785 644480 644840 644840 644930 644839 644765 644745 644565 644523 644488 644398 644358 644352 644890 645012 644759 644298 644328 644356 644784 644852 645034 645015 645013 645016 644947 644725 644727 644737 644282 644276 644292 644286 644280 644284 644764 644736 644742 644768 644933 644970 645013 644819 644753 644721 644697 644693 644701 644654 644520 644254 644312 644718 644934 644947 644950 644993 644663 644669 644641 644653 644673 644366 644750 644766 644802 644824 644827 644937 645053 645047 644867 644873 644615 644619 644635 644222 644186 644682 644670 644676 644660 644680 644961 644964 644967 645017 645031 645025 645015 645021 644841 644781 644707 
644696 644696 644746 644798 644768 644786 644822 644820 644536 644860 644856 644504 644478 644510 644898 644458 644932 644914 644898 644440 644442 644891 644897 644907 644890 644884 644654 644540 644406 644976 644881 644869 644896 644844 644464 644847 644847 644937 644911 644837 644812 644572 644512 644472 644382 644342 644336 644897 645038 644831 644282 644312 644340 644791 644859 645082 645044 645060 645066 645019 644797 644799 644809 644266 644260 644276 644270 644264 644268 644771 644743 644749 644775 644953 645003 645085 644891 644825 644793 644769 644765 644773 644725 644530 644238 644296 644725 644979 644981 644987 645049 644735 644741 644713 644725 644745 644350 644757 644773 644811 644831 644837 644985 645127 645121 644939 644945 644687 644691 644707 644206 644170 644689 644677 644683 644667 644687 645033 645039 645045 645097 645105 645099 645106 645112 644913 644853 644779 
0 0 0 0 0 0 0 0 0 644542 0 0 0 0 644618 0 0 0 0 0 0 0 0 644702 0 0 644130 0 0 0 0 0 0 0 0 0 644058 644238 0 0 0 0 0 643766 643586 0 0 644158 644570 0 0 0 0 0 0 644658 0 0 0 645013 0 0 0 0 0 0 0 0 0 0 0 0 0 0 0 0 0 0 0 0 644782 0 0 0 0 643414 0 0 0 0 0 0 0 0 644640 0 0 0 0 0 0 0 0 0 0 645049 645079 0 0 644676 643234 0 643742 0 0 0 0 0 0 0 0 0 0 0 0 0 0 0 
0 0 0 0 0 0 0 0 0 642574 0 0 0 0 642574 0 0 0 0 0 0 0 0 642526 0 0 642382 0 0 0 0 0 0 0 0 0 642530 642578 0 0 0 0 0 642262 642262 0 0 642530 642650 0 0 0 0 0 0 642650 0 0 0 642662 0 0 0 0 0 0 0 0 0 0 0 0 0 0 0 0 0 0 0 0 642502 0 0 0 0 642214 0 0 0 0 0 0 0 0 642430 0 0 0 0 0 0 0 0 0 0 0 642662 0 0 642454 642070 0 642506 0 0 0 0 0 0 0 0 0 0 0 0 0 0 0 
639195 0 639195 639186 639195 0 639186 639195 639195 639186 639195 0 0 0 639186 0 639186 639186 0 639195 0 0 0 639195 0 0 639195 639195 0 639101 0 0 639195 639195 639195 638981 638909 638957 639186 0 639195 639195 639195 639195 639195 0 0 638909 639029 0 0 639195 639195 638909 0 639029 0 0 0 639101 0 639195 0 0 0 0 0 639195 639195 0 0 0 638837 0 0 0 0 0 0 0 639195 639195 639195 639195 639195 639195 638813 0 0 0 0 0 0 639195 639195 639195 639195 0 638789 0 0 0 0 0 0 639125 639101 639195 0 639195 639195 0 638885 0 0 0 0 0 0 0 0 639029 0 0 0 639125 0 639173 
644438 644486 644536 644492 644558 644576 644516 644562 644450 644554 644646 644406 644368 644388 644592 644372 644626 644608 644688 644390 644344 644208 644214 644730 644728 644722 644568 644478 644320 644478 644756 644768 644738 644710 644426 644140 644140 644230 644726 644800 644702 644522 644474 644446 644356 644256 644250 644190 644396 644786 644310 644310 644266 644084 644152 644440 644402 644466 644472 644618 644840 644818 644808 644294 644288 644304 644298 644292 644206 644064 644036 644042 644068 644246 644296 644552 644746 644812 644844 644868 644872 644808 644664 644504 644266 644294 644018 644272 644274 644280 644342 644870 644873 644895 644820 644836 644378 644050 644066 644104 644124 644130 644278 644510 644516 644698 644692 644882 644920 644874 644234 644198 643982 643970 643976 643960 643980 644326 644332 644338 644390 644532 644538 644524 644518 644724 644784 644820 
0 0 0 0 0 0 0 0 0 640766 0 0 0 0 640766 0 0 0 0 0 0 0 0 640790 0 0 640818 0 0 0 0 0 0 0 0 0 640518 0 0 0 0 0 0 640778 640760 0 0 640518 640638 0 0 0 0 0 0 640638 0 0 0 640710 0 0 0 0 0 0 0 0 0 0 0 0 0 0 0 0 0 0 0 0 0 0 0 0 0 640717 0 0 0 0 0 0 0 0 0 0 0 0 0 0 0 0 0 0 0 0 0 0 0 640818 0 0 640429 0 0 0 0 0 0 0 0 0 0 0 0 0 0 0 
0 0 0 0 0 0 0 0 0 638010 0 0 0 0 637972 0 0 0 0 0 0 0 0 637978 0 0 638408 0 0 0 0 0 0 0 0 0 637558 637614 0 0 0 0 0 638710 638735 0 0 637510 637664 0 0 0 0 0 0 637620 0 0 0 637658 0 0 0 0 0 0 0 0 0 0 0 0 0 0 0 0 0 0 0 0 637908 0 0 0 0 638741 0 0 0 0 0 0 0 0 638084 0 0 0 0 0 0 0 0 0 0 0 637584 0 0 637994 638921 0 637303 0 0 0 0 0 0 0 0 0 0 0 0 0 0 0 
643438 643426 643376 643348 643354 643336 643324 643314 643514 643286 643266 643548 643520 643512 643248 643558 643214 643232 643224 643574 643526 643344 643338 643182 643220 643226 643396 643486 643532 643218 643156 643144 643210 643254 643538 643356 643268 643250 643114 643112 643262 643442 643490 643518 643608 643500 643497 643218 643192 643178 643648 643644 643523 643320 643220 643148 643186 643158 643152 643078 643108 643146 643156 643652 643658 643654 643660 643666 643511 643322 643308 643311 643232 643198 643184 643108 643058 643028 643032 643044 643076 643156 643300 643460 643680 643644 643246 643136 643170 643164 643138 642974 642980 642988 643144 643128 643580 643178 643162 643160 643176 643170 643130 643078 643072 643034 643004 642962 643002 643090 643668 643696 643281 643275 643278 643260 643176 643082 643076 643070 643090 643056 643050 643028 643034 643008 642984 642946 
0 0 0 0 0 0 0 0 0 0 0 0 0 0 0 0 0 0 0 0 0 0 0 0 0 0 0 0 0 0 0 0 0 0 0 0 0 0 0 0 0 0 0 0 0 0 0 0 0 0 0 0 0 0 0 0 0 0 0 0 0 0 0 0 0 0 0 0 0 0 0 0 0 0 0 0 0 0 0 0 0 0 0 0 0 643486 0 0 0 0 0 0 0 0 0 0 0 0 0 0 0 0 0 0 0 0 0 0 0 0 0 0 643869 0 0 0 0 0 0 0 0 0 0 0 0 0 0 0 
644668 644620 644570 644614 644548 644530 644590 644544 644492 644552 644460 644572 644645 644662 644514 644570 644480 644498 644418 644444 644627 644898 644892 644376 644378 644384 644374 644392 644597 644628 644350 644338 644368 644376 644372 644966 644966 644876 644380 644306 644312 644312 644324 644316 644406 644533 644527 644916 644710 644300 644266 644380 644531 645022 644947 644666 644704 644640 644634 644488 644266 644268 644278 644234 644240 644272 644278 644284 644459 645042 645070 645064 644983 644860 644810 644554 644360 644294 644262 644238 644234 644242 644206 644258 644310 644396 644997 644834 644832 644826 644764 644204 644210 644182 644194 644214 644198 644929 644913 644911 644927 644921 644828 644596 644590 644408 644414 644156 644160 644176 644198 644282 645096 645111 645108 645019 644905 644780 644774 644768 644716 644574 644568 644582 644588 644382 644322 644248 
644708 644660 644610 644654 644588 644570 644630 644584 644532 644592 644500 644612 644667 644687 644554 644605 644520 644538 644458 644484 644649 644938 644932 644416 644418 644424 644414 644432 644615 644668 644390 644378 644408 644416 644412 645006 645006 644916 644420 644346 644352 644352 644364 644356 644446 644551 644545 644956 644750 644340 644306 644420 644549 645062 644986 644706 644744 644680 644674 644528 644306 644308 644318 644274 644280 644312 644318 644324 644477 645069 645095 645092 645012 644900 644850 644594 644400 644334 644302 644278 644274 644282 644246 644298 644350 644434 645014 644874 644872 644866 644804 644244 644250 644222 644234 644254 644238 644934 644918 644928 644956 644950 644868 644636 644630 644448 644454 644196 644200 644216 644238 644317 645113 645132 645129 645024 644908 644820 644814 644808 644756 644614 644608 644622 644628 644422 644362 644288 
644602 644566 644541 644587 644530 644521 644575 644540 644430 644550 644458 644482 644472 644504 644512 644452 644478 644496 644416 644370 644436 644825 644822 644374 644376 644382 644371 644356 644400 644626 644348 644336 644366 644374 644322 644870 644907 644838 644378 644304 644310 644304 644298 644282 644327 644336 644330 644882 644708 644298 644197 644290 644334 644935 644913 644664 644702 644638 644632 644486 644264 644266 644276 644169 644172 644200 644203 644206 644262 644892 644912 644918 644979 644842 644805 644552 644358 644292 644260 644236 644232 644240 644204 644253 644219 644290 645016 644832 644828 644824 644762 644202 644208 644180 644192 644212 644163 644988 644980 644973 644951 644948 644826 644594 644588 644406 644412 644154 644158 644174 644127 644164 644906 644942 644948 645033 644975 644778 644772 644766 644714 644572 644566 644580 644586 644380 644320 644246 
644141 644105 644080 644126 644069 644060 644114 644079 643969 644095 644025 643974 643948 643980 644076 643928 644059 644068 644004 643895 643912 644352 644355 643983 643972 643975 643910 643895 643876 644181 643970 643964 643967 643959 643861 644348 644446 644377 644009 643948 643903 643843 643837 643821 643842 643812 643806 644421 644258 643921 643732 643782 643810 644434 644450 644236 644255 644211 644208 644111 643916 643905 643910 643708 643709 643729 643726 643723 643738 644368 644388 644394 644492 644381 644344 644156 644011 643966 643938 643914 643900 643880 643802 643792 643708 643766 644507 644380 644367 644364 644321 643909 643912 643886 643844 643866 643702 644501 644493 644474 644464 644461 644377 644201 644198 644059 644074 643873 643863 643847 643658 643640 644380 644404 644410 644502 644536 644353 644350 644347 644297 644190 644187 644206 644209 644046 644004 643955 
644697 644697 644747 644799 644769 644787 644823 644821 644537 644861 644835 644505 644479 644511 644883 644459 644867 644883 644805 644441 644443 644899 644905 644763 644765 644771 644655 644541 644407 644976 644737 644725 644755 644763 644465 644879 644977 645006 644767 644693 644699 644573 644513 644473 644383 644343 644337 645027 645039 644687 644283 644313 644341 644921 644991 645051 645045 645027 645021 644875 644653 644655 644665 644267 644261 644277 644271 644265 644269 644876 644873 644879 644907 645058 645072 644941 644747 644681 644649 644625 644621 644629 644593 644531 644239 644297 644857 645109 645086 645092 645112 644591 644597 644569 644581 644601 644351 644889 644905 644943 644963 644969 645115 644983 644977 644795 644801 644543 644547 644563 644207 644171 644821 644809 644815 644799 644819 645121 645115 645109 645092 644961 644955 644969 644975 644769 644709 644635 
644696 644696 644746 644798 644768 644780 644822 644809 644536 644840 644792 644504 644478 644510 644840 644458 644836 644840 644774 644440 644442 644898 644904 644732 644734 644740 644642 644540 644406 644936 644706 644694 644724 644732 644464 644878 644972 645014 644736 644662 644668 644565 644512 644472 644382 644342 644336 645022 645008 644656 644282 644312 644340 644916 645008 645008 645008 644984 644984 644844 644622 644624 644634 644266 644260 644276 644270 644264 644268 644872 644868 644874 644937 645054 645070 644910 644716 644650 644618 644594 644590 644598 644562 644520 644238 644296 644887 645078 645071 645074 645078 644560 644566 644538 644550 644570 644350 644919 644935 644973 644993 644999 645078 644952 644946 644764 644770 644512 644516 644532 644206 644170 644838 644839 644845 644829 644849 645078 645078 645074 645070 644930 644924 644938 644944 644738 644678 644604 
644645 644645 644695 644747 644717 644735 644771 644769 644485 644809 644805 644453 644427 644459 644847 644407 644855 644855 644807 644389 644391 644847 644853 644793 644782 644783 644603 644489 644355 644925 644780 644773 644777 644759 644413 644827 644915 644965 644815 644741 644711 644521 644461 644421 644331 644291 644285 644965 644987 644731 644231 644261 644289 644859 644927 645023 644993 644999 644999 644921 644701 644703 644713 644215 644209 644225 644219 644213 644217 644828 644811 644817 644843 645010 645031 644966 644795 644729 644697 644673 644669 644677 644612 644479 644187 644245 644793 645047 645038 645044 645077 644639 644645 644617 644629 644649 644299 644825 644841 644879 644899 644905 645053 645011 645008 644843 644849 644591 644595 644611 644155 644119 644757 644745 644751 644735 644755 645087 645087 645087 645095 645000 644997 645016 645019 644817 644757 644683 
644702 644690 644715 644765 644726 644735 644777 644764 644538 644796 644770 644534 644514 644546 644815 644494 644828 644823 644766 644454 644478 644899 644902 644724 644726 644732 644597 644516 644442 644902 644698 644686 644716 644724 644454 644877 644865 644934 644728 644654 644660 644520 644478 644446 644401 644378 644372 644890 644969 644648 644291 644342 644376 644837 644859 644991 644972 644968 644971 644836 644614 644616 644626 644271 644268 644288 644285 644282 644304 644826 644798 644804 644793 644930 644967 644902 644708 644642 644610 644586 644582 644590 644554 644475 644269 644332 644756 644931 644944 644947 644990 644552 644558 644530 644542 644562 644325 644760 644768 644799 644821 644824 644934 644944 644938 644756 644762 644504 644508 644524 644217 644206 644744 644732 644738 644715 644701 644958 644960 644960 645004 644922 644916 644918 644924 644730 644670 644596 
644384 0 0 644537 644492 0 0 644570 0 644630 644624 0 0 0 644687 0 644738 644711 0 644000 0 0 0 644746 0 0 644321 0 0 0 0 0 0 644606 0 0 644542 644677 644813 0 644558 644198 0 644048 643913 0 0 644617 644876 0 0 643808 0 644458 0 644942 0 0 0 644969 0 0 0 0 0 0 0 643736 0 0 0 0 0 0 0 0 0 0 0 0 644631 0 0 0 643697 643784 644359 0 0 0 0 0 0 644554 644555 644587 0 0 644431 0 0 0 0 0 0 644877 644895 0 0 644545 643649 0 644305 0 0 0 0 0 0 0 0 645058 0 0 0 644851 0 644653 
644685 644685 644735 644787 644757 644775 644811 644809 644525 644849 644845 644493 644467 644499 644887 644447 644921 644903 644887 644429 644431 644825 644831 644927 644879 644873 644643 644529 644395 644965 644927 644927 644889 644833 644453 644763 644763 644853 644975 644918 644801 644561 644501 644461 644371 644331 644325 644813 644989 644879 644271 644301 644329 644707 644775 645033 644995 645035 645041 645071 644878 644876 644879 644255 644249 644265 644259 644253 644257 644687 644659 644665 644691 644869 644919 645086 644972 644906 644874 644850 644846 644851 644715 644519 644227 644285 644641 644895 644897 644903 644965 644816 644822 644794 644806 644826 644339 644673 644689 644727 644747 644753 644901 645103 645105 645020 645026 644768 644772 644788 644195 644159 644605 644593 644599 644583 644603 644949 644955 644961 645013 645105 645105 645105 645105 644994 644934 644860 
644661 644661 644711 644763 644733 644751 644787 644785 644501 644825 644821 644469 644443 644475 644863 644423 644897 644879 644863 644405 644407 644861 644867 644905 644855 644849 644619 644505 644371 644941 644914 644902 644865 644809 644429 644817 644818 644908 644944 644870 644777 644537 644477 644437 644347 644307 644301 644868 645003 644864 644247 644277 644305 644762 644830 645047 645009 645025 645031 645052 644830 644832 644842 644231 644225 644241 644235 644229 644233 644742 644714 644720 644746 644924 644974 645063 644924 644858 644826 644802 644798 644806 644691 644495 644203 644261 644696 644950 644952 644958 645020 644768 644774 644746 644758 644778 644315 644728 644744 644782 644802 644808 644956 645117 645123 644972 644978 644720 644724 644740 644171 644135 644660 644648 644654 644638 644658 645004 645010 645016 645068 645132 645131 645144 645150 644946 644886 644812 
644651 644651 644701 644753 644723 644741 644777 644775 644491 644815 644811 644459 644433 644465 644853 644413 644887 644869 644853 644395 644397 644853 644859 644888 644845 644839 644609 644495 644361 644931 644894 644882 644855 644799 644419 644809 644822 644911 644924 644850 644767 644527 644467 644427 644337 644297 644291 644872 644993 644844 644237 644267 644295 644766 644834 645037 644999 645015 645021 645032 644810 644812 644822 644221 644215 644231 644225 644219 644223 644746 644718 644724 644750 644928 644977 645051 644904 644838 644806 644782 644778 644786 644681 644485 644193 644251 644700 644954 644956 644962 645023 644748 644754 644726 644738 644758 644305 644732 644748 644786 644806 644812 644960 645102 645105 644952 644958 644700 644704 644720 644161 644125 644664 644652 644658 644642 644662 645008 645014 645020 645071 645112 645112 645126 645132 644926 644866 644792 
0 0 0 0 0 0 0 0 0 644577 644569 0 0 0 644653 0 0 0 0 0 0 0 0 644737 0 0 644165 0 0 0 0 0 0 0 0 0 643983 644163 0 0 0 0 0 643801 643621 0 0 644083 644495 0 0 0 0 643871 0 644583 0 0 0 644939 0 0 0 0 0 0 0 643385 0 0 0 0 0 0 0 0 0 0 0 0 644903 0 0 0 643333 643449 643739 0 0 0 0 0 0 0 644717 0 0 0 0 0 0 0 0 0 0 645099 645077 0 0 644797 643269 0 643667 0 0 0 0 0 0 0 0 0 0 0 0 645133 0 0 
644323 644323 644373 644424 644395 644413 644448 644447 644163 644486 644483 644131 644105 644137 644524 644085 644558 644540 644525 644067 644069 644308 644314 644567 644517 644511 644281 644167 644033 644530 644593 644605 644527 644471 644091 644252 644288 644354 644658 644635 644439 644199 644139 644099 644009 643969 643963 644338 644484 644547 643909 643939 643967 644232 644312 644528 644490 644542 644548 644670 644619 644579 644569 643893 643887 643903 643897 643891 643895 644200 644184 644190 644252 644382 644420 644616 644703 644712 644685 644661 644635 644557 644353 644157 643865 643923 644214 644420 644410 644416 644466 644656 644659 644633 644547 644573 643977 644258 644274 644300 644308 644314 644426 644598 644604 644727 644724 644620 644610 644592 643833 643797 644142 644142 644148 644168 644199 644474 644480 644486 644514 644620 644626 644624 644618 644740 644726 644689 
0 0 0 0 0 0 0 0 0 643544 643562 0 0 0 643601 0 643652 0 0 643046 0 0 0 643688 0 0 643331 0 0 0 0 0 0 643568 0 0 643197 643308 0 0 0 643244 0 643098 642963 0 0 643272 643494 0 0 0 0 643113 0 643560 0 0 0 643755 0 0 0 0 0 0 0 642786 0 0 0 0 0 0 0 0 0 0 0 0 643813 0 0 0 642747 642834 643062 0 0 0 0 0 0 0 643709 643737 0 0 0 0 0 0 0 0 0 643838 643844 0 0 643775 642699 0 642972 0 0 0 0 0 0 0 0 0 0 0 0 643864 0 643941 
