644793 644727 644727 644763 644775 644793 644775 644775 644751 644793 644775 644631 644655 644679 644673 644657 644695 644775 644751 644663 644647 644635 644727 644679 644631 644605 644637 644611 644645 644625 644793 644775 644601 644569 644609 644591 644607 644569 644537 644585 644571 644547 644577 644487 644513 644517 644509 644583 644535 644469 644471 644459 644449 644443 644471 644447 644467 644559 644511 644487 644391 644443 644427 644429 644455 644511 644463 644415 644343 644385 644511 644463 644355 644399 644463 644333 644367 644271 644309 644415 644391 644343 644295 644295 644319 644271 644199 644223 644245 644415 644391 644343 644247 644151 644343 644367 644295 644271 644199 644175 644119 644319 644271 644223 644247 644175 644127 644103 644367 644319 644295 644223 644199 644081 644247 644223 644175 644151 644319 644295 644271 644247 644127 644103 643999 644295 644295 644247 
0 641125 641123 641031 641091 641015 641065 641091 641095 640977 641027 0 641125 641107 640975 640759 640835 640967 641051 641051 641019 0 641005 641077 641083 0 641047 0 640867 640879 640863 640937 640975 0 640943 0 641051 641055 640943 640943 640867 640671 640659 641115 640847 640663 640463 0 641089 640759 0 641075 0 640755 640715 640523 640511 0 0 641079 641047 641043 641011 640919 640683 0 641069 641073 0 640639 0 641047 640579 640571 0 640679 640973 640813 640847 0 640945 0 640833 640859 640835 0 640669 640717 0 0 640867 0 0 640557 0 0 0 0 640625 0 640467 0 640651 640585 0 640583 0 640477 0 0 640641 0 0 640391 0 0 0 0 0 0 0 0 0 0 0 640551 0 0 
0 0 645103 645097 645103 0 0 0 645103 644995 645029 0 645067 0 645055 644965 645003 644969 0 0 645065 0 0 0 644997 0 0 0 645003 645007 0 0 0 0 645027 0 644941 0 644955 645003 644989 644905 644911 0 644931 644899 644817 0 0 644887 0 0 0 0 0 644829 644825 0 0 0 0 0 0 644847 644873 0 0 0 0 0 0 0 0 644817 0 644751 0 0 0 0 0 0 0 0 0 0 0 644635 0 0 0 0 0 644543 0 0 0 0 644563 0 0 0 644517 644499 0 0 0 644515 0 0 644483 0 0 0 0 0 0 0 0 0 0 0 0 0 0 0 0 0 
645145 645103 645119 645131 645141 645053 645083 645109 645151 645015 645045 645035 645029 645085 645071 645003 645041 644985 645045 645061 645045 0 644977 645001 644959 0 645035 645009 645037 645023 644901 644955 644999 0 645007 644959 644903 644967 644935 644983 644969 644939 644945 644887 644911 644915 644855 0 644869 644867 644817 644857 0 644841 644869 644845 644859 644835 644793 644811 644787 644841 644825 644827 644853 644779 644777 644757 644729 644783 644731 644755 644753 644797 644743 644731 644705 644659 644707 644637 644653 644649 644637 644663 644615 644619 644589 644607 0 644601 644575 644587 644565 644505 644499 0 644541 644521 644525 0 644517 0 644479 644461 644517 644507 644487 644491 644477 644471 644445 644451 644471 644479 644437 0 644433 644439 0 0 644395 0 644407 644403 0 644355 0 644371 
0 0 638885 638901 638901 0 0 0 638901 638901 638901 0 638813 0 638853 638787 638825 638901 0 0 638827 0 0 0 638789 0 0 0 638817 638805 0 0 0 0 638789 0 638765 0 638717 638765 638751 638719 638725 0 638693 638697 638639 0 0 638649 0 0 0 0 0 638627 638639 0 0 0 0 0 0 638609 638635 0 0 0 0 0 0 0 0 638579 0 638513 0 0 0 0 0 0 0 0 0 0 0 638381 0 0 0 0 0 638309 0 0 0 0 638357 0 0 0 638429 638381 0 0 0 638261 0 0 638453 0 0 0 0 0 0 0 0 0 0 0 0 0 0 0 0 0 
0 642098 642082 642042 642080 642124 642124 642112 642062 642124 642124 0 642028 642018 641998 641918 641956 642124 642124 641988 641972 0 642122 642074 642026 0 641962 0 641948 641950 642124 642124 641926 0 641934 0 642002 641894 641862 641910 641896 641850 641856 641834 641838 641842 641770 0 641930 641794 0 641784 0 641768 641796 641772 641770 0 0 641882 641742 641768 641752 641754 641780 0 641858 641810 0 641710 0 641858 641680 641724 0 641658 641762 641630 641634 0 641786 0 641690 641674 641714 0 641556 641586 0 0 641786 0 0 641544 0 0 0 0 641594 0 641444 0 641666 641618 0 641570 0 641462 0 0 641690 0 0 641406 0 0 0 0 0 0 0 0 0 0 0 641690 0 0 
0 0 640010 640058 640058 0 640058 640058 640034 640066 640058 0 639938 639962 640010 640066 640066 640058 640034 0 639962 0 640010 639962 639914 0 639938 0 640034 640010 640066 0 0 0 639962 0 639890 0 639890 639938 639962 640034 640058 0 639914 640010 640066 0 639818 639914 0 0 0 0 0 640010 640034 0 0 639770 0 0 0 639794 639938 0 639746 0 0 639890 0 0 639890 639938 0 639818 0 0 639650 0 0 0 639578 0 639602 0 0 639506 0 0 0 0 0 639434 0 0 0 0 639482 0 639410 0 639554 639506 0 0 0 639386 0 0 639578 0 0 639410 0 0 0 0 0 0 0 0 0 0 0 639578 0 0 
0 0 645089 645047 645085 0 0 645101 645067 645055 645081 0 645041 0 645005 644923 644961 645021 0 0 644991 0 0 645065 645017 0 0 0 644953 644957 0 0 0 0 644953 0 644969 0 644881 644929 644915 644855 644861 0 644857 644849 644775 0 0 644813 0 0 0 0 0 644779 644775 0 0 0 0 0 0 644773 644799 0 0 0 0 0 0 0 644699 644743 0 644677 0 0 644653 0 0 0 0 0 0 0 0 644605 0 0 0 0 0 644537 0 0 0 0 644585 0 0 0 644545 644527 0 0 0 644481 0 0 644511 0 0 644425 0 0 0 0 0 0 0 0 0 0 0 644421 0 0 
0 0 638961 638957 638961 0 0 0 638961 638961 638961 0 638903 0 638915 638833 638871 638961 0 0 638903 0 0 0 638879 0 0 0 638863 638867 0 0 0 0 638865 0 638855 0 638793 638841 638827 638765 638771 0 638769 638759 638685 0 0 638725 0 0 0 0 0 638689 638685 0 0 0 0 0 0 638685 638711 0 0 0 0 0 0 0 0 638655 0 638589 0 0 0 0 0 0 0 0 0 0 0 638471 0 0 0 0 0 638399 0 0 0 0 638447 0 0 0 638519 638471 0 0 0 638351 0 0 638543 0 0 0 0 0 0 0 0 0 0 0 0 0 0 0 0 0 
0 0 645085 645043 645081 0 0 0 645073 645085 645135 0 645031 0 645001 644895 644933 645075 0 0 644975 0 0 0 645053 0 0 0 644959 644953 0 0 0 0 644937 0 645011 0 644865 644913 644899 644861 644857 0 644841 644845 644747 0 0 644797 0 0 0 0 0 644775 644781 0 0 0 0 0 0 644757 644783 0 0 0 0 0 0 0 0 644727 0 644661 0 0 0 0 0 0 0 0 0 0 0 644589 0 0 0 0 0 644547 0 0 0 0 644623 0 0 0 644587 644569 0 0 0 644465 0 0 644553 0 0 0 0 0 0 0 0 0 0 0 0 0 0 0 0 0 
0 0 642530 642502 642540 0 0 0 642522 642596 642596 0 642476 0 642446 642378 642416 642596 0 0 642420 0 0 0 642486 0 0 0 642408 642398 0 0 0 0 642382 0 642462 0 642310 642358 642344 642310 642316 0 642286 642290 642230 0 0 642242 0 0 0 0 0 642220 642230 0 0 0 0 0 0 642202 642228 0 0 0 0 0 0 0 0 642172 0 642106 0 0 0 0 0 0 0 0 0 0 0 642034 0 0 0 0 0 641992 0 0 0 0 642054 0 0 0 642126 642078 0 0 0 641910 0 0 642150 0 0 0 0 0 0 0 0 0 0 0 0 0 0 0 0 0 
642186 642258 642258 642208 642210 642186 642210 642210 642234 642186 642210 642344 642330 642306 642214 642060 642098 642210 642234 642300 642284 0 642258 642306 642344 0 642322 642296 642138 642166 642186 642210 642286 0 642246 642036 642344 642340 642284 642270 642208 642040 642022 642344 642236 642058 641912 0 642344 642192 641874 642344 0 642190 642156 641988 641960 642344 642344 642344 642344 642334 642318 642272 642140 642344 642344 642344 642344 642132 642344 642344 642102 642084 642344 642152 642344 642344 642296 642344 642344 642344 642344 642344 642344 642344 642344 642344 0 642344 642344 642344 642344 642344 642344 0 642344 642344 642344 0 642344 0 642344 642344 642344 642344 642344 642344 642344 642344 642344 642344 642344 642308 642344 0 642344 642344 0 0 642344 0 642344 642344 0 642344 0 642344 
0 0 645062 644972 645010 0 0 0 645016 644966 645016 0 645140 0 644978 644824 644862 644956 0 0 645048 0 0 0 645138 0 0 0 644902 644930 0 0 0 0 645010 0 645082 0 644984 645022 644972 644804 644786 0 644960 644822 644676 0 0 644916 0 0 0 0 0 644752 644724 0 0 0 0 0 0 644876 644892 0 0 0 0 0 0 0 0 644836 0 644780 0 0 0 0 0 0 0 0 0 0 0 644708 0 0 0 0 0 644666 0 0 0 0 644704 0 0 0 644658 644640 0 0 0 644584 0 0 644624 0 0 0 0 0 0 0 0 0 0 0 0 0 0 0 0 0 
0 0 633246 633236 633246 0 0 633246 633246 633246 633246 0 633246 633246 633194 633112 633150 633246 0 0 633216 0 633246 633246 633230 0 0 0 633142 633146 0 0 0 0 633178 0 633206 0 633138 633178 633140 633044 633050 0 633114 633038 632964 0 0 633070 0 0 0 0 0 632968 632964 0 0 0 0 0 0 633030 633048 0 0 0 0 632986 0 0 632956 632992 0 632934 0 0 632910 0 0 0 0 0 0 0 0 632822 0 0 0 0 0 632750 0 0 0 0 632798 0 0 0 632870 632822 0 0 0 632702 0 0 632894 0 0 632682 0 0 0 0 0 0 0 0 0 0 0 632894 0 0 
0 0 645062 645090 645052 0 0 0 645084 644906 644956 0 644984 0 645136 645048 645086 644896 0 0 645088 0 0 0 644914 0 0 0 645116 645120 0 0 0 0 645100 0 644858 0 645028 645076 645078 645018 645010 0 645020 645012 644900 0 0 644976 0 0 0 0 0 644942 644938 0 0 0 0 0 0 644932 644962 0 0 0 0 0 0 0 0 644906 0 644840 0 0 0 0 0 0 0 0 0 0 0 644562 0 0 0 0 0 644460 0 0 0 0 644480 0 0 0 644434 644416 0 0 0 644446 0 0 644400 0 0 0 0 0 0 0 0 0 0 0 0 0 0 0 0 0 
635309 635209 635225 635315 635277 635217 635219 635245 635271 635179 635181 635141 635135 635193 635309 635463 635425 635121 635157 635223 635239 0 635083 635107 635065 0 635201 635227 635385 635357 635065 635091 635237 0 635277 635487 635009 635125 635205 635253 635315 635483 635501 634993 635277 635465 635611 0 634975 635321 635649 634995 0 635299 635367 635535 635563 634941 634899 634917 634893 635011 635027 635121 635383 634885 634883 634863 634835 635357 634837 634861 635387 635439 634849 635265 634811 634765 634953 634743 634759 634755 634743 634769 634721 634725 634695 634713 0 634707 634681 634693 634671 634611 634605 0 634647 634627 634631 0 634663 0 634585 634567 634623 634613 634593 634597 634583 634577 634551 634557 634577 634701 634543 0 634539 634545 0 0 634501 0 634513 634509 0 634461 0 634477 
0 0 645011 645069 645031 0 0 0 645049 644895 644935 0 644921 0 645095 645111 645119 644875 0 0 645025 0 0 0 644851 0 0 0 645133 645117 0 0 0 0 645063 0 644795 0 644991 645039 645069 645057 645063 0 645021 645035 644963 0 0 644987 0 0 0 0 0 644965 644977 0 0 0 0 0 0 644901 644973 0 0 0 0 0 0 0 0 644917 0 644851 0 0 0 0 0 0 0 0 0 0 0 644499 0 0 0 0 0 644397 0 0 0 0 644417 0 0 0 644371 644353 0 0 0 644383 0 0 644337 0 0 0 0 0 0 0 0 0 0 0 0 0 0 0 0 0 
0 0 0 644225 0 0 0 0 0 0 0 0 0 0 0 643941 0 644611 0 0 0 0 0 0 644439 0 0 0 644039 644047 0 0 0 0 0 0 644503 0 0 0 0 643843 0 0 0 643831 0 0 0 0 0 0 0 0 0 0 0 0 0 0 0 0 0 0 0 0 0 0 0 0 0 0 0 643739 0 0 0 0 0 0 0 0 0 0 0 0 0 644183 0 0 0 0 0 644171 0 0 0 0 0 0 0 0 0 0 0 0 0 0 0 0 0 0 0 0 0 0 0 0 0 0 0 0 0 0 0 0 0 0 
0 0 640931 640889 640927 0 640985 640959 640909 640967 640993 0 640949 640915 640847 640765 640803 640933 640993 0 640869 0 640943 641001 640995 0 640883 0 640795 640799 640853 0 0 0 640831 0 640989 0 640831 640831 640793 640697 640703 0 640783 640691 640617 0 640989 640739 0 0 0 0 0 640621 640617 0 0 640999 0 0 0 640819 640701 0 641005 0 0 640679 0 0 640649 640645 0 640699 0 0 640801 0 0 0 640867 0 640899 0 0 640753 0 0 0 0 0 640711 0 0 0 0 640787 0 640611 0 640763 640745 0 0 0 640629 0 0 640729 0 0 640573 0 0 0 0 0 0 0 0 0 0 0 640639 0 0 
0 645073 645089 645067 645045 644937 644987 645013 645087 644899 644949 0 645095 645129 645075 644921 644959 644889 644973 645137 645121 0 644947 645043 645041 0 645135 0 644999 645027 644785 644859 645099 0 645083 0 644985 645083 645051 645083 645045 644901 644883 644969 645027 644919 644773 0 644951 644983 0 644963 0 644957 644969 644849 644821 0 0 644893 644869 644957 644941 644943 644953 0 644859 644839 0 644899 0 644837 644869 644897 0 644847 644787 644741 644823 0 644735 0 644719 644745 644697 0 644671 644689 0 0 644657 0 0 644587 0 0 0 0 644607 0 644627 0 644561 644543 0 644589 0 644573 0 0 644527 0 0 644595 0 0 0 0 0 0 0 0 0 0 0 644437 0 0 
0 0 644702 644696 644658 0 0 0 644700 644512 644562 0 644696 0 644762 644628 644666 644502 0 0 644774 0 0 0 644650 0 0 0 644706 644734 0 0 0 0 644774 0 644618 0 644774 644774 644740 644608 644590 0 644730 644626 644480 0 0 644686 0 0 0 0 0 644556 644528 0 0 0 0 0 0 644766 644648 0 0 0 0 0 0 0 0 644592 0 644646 0 0 0 0 0 0 0 0 0 0 0 644706 0 0 0 0 0 644676 0 0 0 0 644648 0 0 0 644530 644560 0 0 0 644710 0 0 644472 0 0 0 0 0 0 0 0 0 0 0 0 0 0 0 0 0 
645088 645110 645118 645115 645096 645042 645067 645080 645117 645023 645048 645098 645095 645124 645160 645101 645120 645018 645060 645139 645147 645177 645047 645081 645060 645120 645128 645141 645140 645154 644966 645003 645146 645138 645166 645089 645032 645090 645130 645154 645149 645091 645082 645024 645120 645100 645027 645018 645015 645098 645008 645025 645088 645085 645099 645065 645051 644998 644977 644986 644974 645033 645041 645078 645091 644970 644969 644959 644945 645056 644946 644958 645041 645063 644952 645030 644933 644910 645004 644899 644907 644905 644899 644912 644888 644890 644875 644884 644916 644881 644868 644874 644863 644833 644830 644853 644851 644841 644843 644855 644859 644830 644820 644811 644839 644834 644824 644826 644819 644816 644803 644806 644816 644878 644799 644797 644797 644800 644782 644778 644778 644790 644784 644782 644863 644758 644775 644766 
0 0 645030 644954 644992 0 0 645024 644998 645090 645088 0 644990 644980 644946 644806 644844 645116 0 0 644934 0 645158 645066 645012 0 0 0 644884 644898 0 0 0 0 644896 0 645020 0 644824 644872 644858 644786 644768 0 644800 644790 644658 0 0 644756 0 0 0 0 0 644720 644706 0 0 0 0 0 0 644716 644742 0 0 0 0 644672 0 0 644642 644686 0 644620 0 0 644596 0 0 0 0 0 0 0 0 644548 0 0 0 0 0 644506 0 0 0 0 644582 0 0 0 644676 644658 0 0 0 644424 0 0 644642 0 0 644368 0 0 0 0 0 0 0 0 0 0 0 644552 0 0 
0 0 645010 644920 644958 0 0 644990 644964 644938 644988 0 645066 0 644926 644772 644810 644928 0 0 644986 0 0 645094 645094 0 0 0 644850 644878 0 0 0 0 644948 0 645070 0 644948 644948 644910 644752 644734 0 644900 644770 644624 0 0 644856 0 0 0 0 0 644700 644672 0 0 0 0 0 0 644904 644818 0 0 0 0 0 0 0 644766 644762 0 644808 0 0 644784 0 0 0 0 0 0 0 0 644736 0 0 0 0 0 644694 0 0 0 0 644750 0 0 0 644710 644692 0 0 0 644612 0 0 644676 0 0 644556 0 0 0 0 0 0 0 0 0 0 0 644586 0 0 
0 0 0 644696 0 0 0 0 0 0 0 0 0 0 0 644474 0 0 0 0 0 0 0 0 645031 0 0 0 644591 644633 0 0 0 0 0 0 644995 0 0 0 0 644444 0 0 0 644471 0 0 0 0 0 0 0 0 0 0 0 0 0 0 0 0 0 0 0 0 0 0 0 0 0 0 0 644504 0 0 0 0 0 0 0 0 0 0 0 0 0 644603 0 0 0 0 0 644540 0 0 0 0 0 0 0 0 0 0 0 0 0 0 0 0 0 0 0 0 0 0 0 0 0 0 0 0 0 0 0 0 0 0 
645092 645114 645122 645099 645100 645046 645071 645084 645121 645027 645052 645174 645149 645154 645102 645025 645044 645022 645064 645145 645137 645107 645051 645111 645136 645162 645156 645143 645064 645078 644970 645007 645138 645144 645118 645013 645108 645144 645128 645130 645099 645015 645006 645100 645116 645024 644951 645094 645091 645094 644932 645089 645084 645081 645073 644989 644975 645074 645053 645062 645050 645081 645073 645074 645065 645046 645045 645035 645021 645052 645022 645034 645037 645037 645028 645026 645009 644986 645014 644975 644983 644981 644975 644988 644964 644966 644951 644960 644982 644957 644944 644950 644939 644909 644906 644929 644927 644917 644919 644931 644919 644906 644896 644887 644915 644910 644900 644902 644895 644892 644879 644882 644892 644900 644875 644873 644873 644876 644858 644854 644854 644866 644860 644858 644859 644834 644851 644842 
0 0 645051 645015 645007 0 644949 644975 645039 644861 644911 0 645097 645111 645055 644901 644939 644851 644935 0 645111 0 644909 645029 645051 0 645127 0 644979 645007 644747 0 0 0 645087 0 645005 0 645089 645103 645049 644881 644863 0 645055 644899 644753 0 644971 645011 0 0 0 0 0 644829 644801 0 0 644913 0 0 0 644981 644973 0 644879 0 0 644937 0 0 644907 644917 0 644885 0 0 644861 0 0 0 644739 0 644717 0 0 644709 0 0 0 0 0 644607 0 0 0 0 644627 0 644633 0 644581 644563 0 0 0 644593 0 0 644547 0 0 644633 0 0 0 0 0 0 0 0 0 0 0 644457 0 0 
644972 645016 645032 645026 644988 644880 644930 644956 645030 644842 644892 645060 645040 645074 645096 644978 645016 644832 644916 645104 645120 0 644890 644988 644984 0 645106 645122 645056 645084 644728 644802 645122 0 645122 644954 644928 645044 645088 645122 645104 644958 644940 644912 645084 644976 644830 0 644894 645040 644792 644914 0 645014 645028 644906 644878 644860 644818 644836 644812 644930 644944 644992 645012 644804 644802 644782 644754 644956 644756 644780 644926 644956 644768 644904 644730 644684 644848 644662 644678 644674 644662 644688 644640 644644 644614 644632 0 644626 644600 644612 644590 644530 644524 0 644566 644546 644550 0 644582 0 644504 644486 644542 644532 644512 644516 644502 644496 644470 644476 644496 644608 644462 0 644458 644464 0 0 644420 0 644432 644428 0 644380 0 644396 
0 0 643797 643785 643785 0 0 0 643797 643761 643785 0 643761 0 643797 643761 643761 643785 0 0 643785 0 0 0 643737 0 0 0 643797 643797 0 0 0 0 643785 0 643713 0 643713 643761 643785 643733 643727 0 643737 643727 643617 0 0 643715 0 0 0 0 0 643657 643653 0 0 0 0 0 0 643617 643701 0 0 0 0 0 0 0 0 643645 0 643579 0 0 0 0 0 0 0 0 0 0 0 643329 0 0 0 0 0 643257 0 0 0 0 643305 0 0 0 643377 643329 0 0 0 643209 0 0 643401 0 0 0 0 0 0 0 0 0 0 0 0 0 0 0 0 0 
0 0 644813 644777 644777 0 0 0 644801 644753 644777 0 644753 0 644813 644747 644753 644777 0 0 644777 0 0 0 644729 0 0 0 644801 644813 0 0 0 0 644777 0 644705 0 644705 644753 644777 644727 644709 0 644729 644733 644599 0 0 644697 0 0 0 0 0 644663 644647 0 0 0 0 0 0 644609 644683 0 0 0 0 0 0 0 0 644627 0 644561 0 0 0 0 0 0 0 0 0 0 0 644321 0 0 0 0 0 644249 0 0 0 0 644297 0 0 0 644369 644321 0 0 0 644201 0 0 644393 0 0 0 0 0 0 0 0 0 0 0 0 0 0 0 0 0 
0 0 625916 625918 625956 0 0 625988 625918 626078 626052 0 625862 625852 625832 625794 625832 626112 0 0 625806 0 626058 625938 625884 0 0 0 625804 625784 626170 0 0 0 625768 0 625892 0 625696 625744 625730 625706 625732 0 625672 625676 625646 0 0 625628 0 0 0 0 0 625606 625626 0 0 0 0 0 0 625588 625614 0 0 0 0 625544 0 0 625514 625558 0 625492 0 0 625468 0 0 0 0 0 0 0 0 625420 0 0 0 0 0 625378 0 0 0 0 625454 0 0 0 625644 625566 0 0 0 625296 0 0 625694 0 0 625240 0 0 0 0 0 0 0 0 0 0 0 625694 0 0 
0 0 641600 641564 641640 0 641756 641704 641580 641872 641832 0 641564 641520 641432 641304 641380 641952 641808 0 641428 0 641884 641692 641632 0 641432 0 641352 641336 641902 641964 0 0 641352 0 641672 0 641280 641328 641276 641156 641192 0 641208 641120 641008 0 641524 641120 0 0 0 0 0 640980 640996 0 0 641496 0 0 0 641160 641068 0 641492 0 0 640976 0 0 640916 640956 0 640944 0 0 641064 0 0 0 641268 0 641384 0 0 641112 0 0 641554 0 0 641100 0 0 0 0 641204 0 640918 0 641458 641404 0 0 0 640954 0 0 641424 0 0 640842 0 0 0 0 0 0 0 0 0 0 0 641334 0 0 
0 641755 641771 641765 641727 641619 641669 641695 641769 641581 641631 0 641771 641805 641855 641701 641771 641571 641655 641835 641851 0 641629 641719 641725 0 641837 0 641809 641839 641467 641541 641873 0 641875 0 641693 641833 641875 641875 641847 641613 641601 641797 641827 641625 641405 0 641731 641739 0 641823 0 641735 641695 641485 641453 0 0 641721 641673 641839 641855 641875 641663 0 641711 641667 0 641619 0 641689 641559 641551 0 641659 641567 641425 641707 0 641539 0 641427 641453 641429 0 641283 641325 0 0 641461 0 0 641151 0 0 0 0 641219 0 641179 0 641245 641179 0 641177 0 641089 0 0 641235 0 0 641217 0 0 0 0 0 0 0 0 0 0 0 641145 0 0 
645055 645077 645085 645082 645063 645009 645034 645047 645084 644990 645015 645137 645112 645117 645127 645062 645081 644985 645027 645132 645140 645144 645014 645074 645099 645159 645145 645158 645101 645115 644933 644970 645163 645177 645155 645050 645071 645129 645165 645167 645136 645052 645043 645063 645153 645061 644988 645057 645054 645131 644969 645064 645121 645118 645110 645026 645012 645037 645016 645025 645013 645072 645080 645111 645102 645009 645008 644998 644984 645089 644985 644997 645074 645074 644991 645063 644972 644949 645043 644938 644946 644944 644938 644951 644927 644929 644914 644923 644955 644920 644907 644913 644902 644872 644869 644892 644890 644880 644882 644894 644898 644869 644859 644850 644878 644873 644863 644865 644858 644855 644842 644845 644855 644917 644838 644836 644836 644839 644821 644817 644817 644829 644823 644821 644896 644797 644814 644805 
0 0 632799 632799 632799 0 0 0 632799 632799 632799 0 632799 0 632799 632788 632799 632799 0 0 632799 0 0 0 632799 0 0 0 632799 632799 0 0 0 0 632799 0 632799 0 632799 632799 632799 632754 632757 0 632797 632751 632714 0 0 632775 0 0 0 0 0 632716 632714 0 0 0 0 0 0 632799 632756 0 0 0 0 0 0 0 0 632728 0 632755 0 0 0 0 0 0 0 0 0 0 0 632679 0 0 0 0 0 632607 0 0 0 0 632655 0 0 0 632703 632679 0 0 0 632559 0 0 632715 0 0 0 0 0 0 0 0 0 0 0 0 0 0 0 0 0 
643945 643869 643885 643975 643937 643853 643879 643905 643931 643815 643841 643801 643795 643853 643969 644099 644061 643781 643817 643883 643899 0 643743 643767 643725 0 643861 643887 644045 644017 643701 643751 643897 0 643937 644119 643669 643785 643865 643913 643975 644095 644119 643653 643937 644071 644119 0 643635 643975 644119 643655 0 643951 643999 644071 644095 643601 643559 643577 643553 643671 643687 643781 643999 643545 643543 643523 643495 643951 643497 643521 643951 643999 643509 643879 643471 643425 643613 643403 643419 643415 643403 643429 643381 643385 643355 643373 0 643367 643341 643353 643331 643271 643265 0 643307 643287 643291 0 643323 0 643245 643227 643283 643273 643253 643257 643243 643237 643211 643217 643237 643361 643203 0 643199 643205 0 0 643161 0 643173 643169 0 643121 0 643137 
0 0 0 644698 0 0 0 0 0 0 0 0 0 0 0 644476 0 0 0 0 0 0 0 0 645055 0 0 0 644593 644635 0 0 0 0 0 0 645113 0 0 0 0 644446 0 0 0 0 0 0 0 0 0 0 0 0 0 0 0 0 0 0 0 0 0 0 0 0 0 0 0 0 0 0 0 644512 0 0 0 0 0 0 0 0 0 0 0 0 0 644459 0 0 0 0 0 644396 0 0 0 0 0 0 0 0 0 0 0 0 0 0 0 0 0 0 0 0 0 0 0 0 0 0 0 0 0 0 0 0 0 0 
0 636499 636523 636480 636433 636259 636346 636385 636508 636202 636289 0 636640 636643 636580 636366 636404 636199 636337 636676 636687 0 636310 636514 636619 0 636726 0 636492 636544 636031 636154 636724 0 636668 0 636619 636856 636812 636716 636634 636394 636352 636762 636720 636436 636218 0 636711 636676 0 636771 0 636722 636606 636366 636314 0 0 636648 636660 636787 636792 636815 636590 0 636609 636603 0 636664 0 636576 636634 636534 0 636719 636549 636528 636685 0 636459 0 636483 636522 636438 0 636459 636474 0 0 636342 0 0 636357 0 0 0 0 636363 0 636439 0 636258 636255 0 636348 0 636360 0 0 636195 0 0 636451 0 0 0 0 0 0 0 0 0 0 0 636060 0 0 
0 0 641264 641258 641220 0 641162 641188 641262 641074 641124 0 641318 641328 641316 641202 641240 641064 641148 0 641364 0 641122 641242 641282 0 641384 0 641280 641308 640960 0 0 0 641364 0 641250 0 641398 641388 641350 641182 641164 0 641374 641200 641054 0 641288 641330 0 0 0 0 0 641130 641102 0 0 641278 0 0 0 641398 641282 0 641268 0 0 641270 0 0 641240 641226 0 641290 0 0 641398 0 0 0 641296 0 641250 0 0 641338 0 0 0 0 0 641308 0 0 0 0 641280 0 641384 0 641162 641192 0 0 0 641342 0 0 641104 0 0 641398 0 0 0 0 0 0 0 0 0 0 0 641014 0 0 
0 0 643907 643901 643863 0 0 0 643905 643717 643767 0 643901 0 643991 643933 643933 643707 0 0 643981 0 0 0 643855 0 0 0 643981 644005 0 0 0 0 644017 0 643823 0 644017 644017 644017 643981 643957 0 644017 644005 643933 0 0 644017 0 0 0 0 0 644005 643981 0 0 0 0 0 0 644017 644017 0 0 0 0 0 0 0 0 644017 0 644017 0 0 0 0 0 0 0 0 0 0 0 643911 0 0 0 0 0 643881 0 0 0 0 643853 0 0 0 643735 643765 0 0 0 643915 0 0 643677 0 0 0 0 0 0 0 0 0 0 0 0 0 0 0 0 0 
0 0 638700 638700 638700 0 0 0 638700 638700 638700 0 638700 0 638700 638696 638700 638700 0 0 638700 0 0 0 638688 0 0 0 638700 638700 0 0 0 0 638700 0 638664 0 638664 638700 638700 638628 638634 0 638688 638622 638548 0 0 638658 0 0 0 0 0 638552 638548 0 0 0 0 0 0 638568 638632 0 0 0 0 0 0 0 0 638576 0 638522 0 0 0 0 0 0 0 0 0 0 0 638280 0 0 0 0 0 638208 0 0 0 0 638256 0 0 0 638328 638280 0 0 0 638160 0 0 638352 0 0 0 0 0 0 0 0 0 0 0 0 0 0 0 0 0 
642635 642615 642615 642635 642635 642635 642635 642635 642635 642635 642635 642519 642543 642567 642615 642635 642635 642635 642635 642567 642567 0 642615 642567 642519 0 642543 642543 642635 642615 642635 642635 642543 0 642567 642635 642495 642471 642495 642543 642567 642635 642635 642375 642519 642615 642583 0 642423 642519 642545 642351 0 642495 642543 642567 642583 642447 642399 642375 642279 642351 642351 642399 642543 642399 642351 642303 642231 642495 642399 642351 642475 642519 642351 642423 642255 642159 642255 642303 642279 642231 642183 642183 642207 642159 642087 642111 0 642303 642279 642231 642135 642039 642231 0 642183 642159 642087 0 642015 0 642159 642111 642135 642063 642015 641991 642255 642207 642183 642111 642087 642015 642135 0 642063 642039 0 0 642159 0 642015 641991 0 642183 0 642135 
0 0 641727 641749 641749 0 0 0 641751 641725 641749 0 641655 0 641727 641725 641725 641749 0 0 641679 0 0 0 641631 0 0 0 641751 641727 0 0 0 0 641679 0 641607 0 641607 641655 641679 641751 641749 0 641631 641727 641663 0 0 641631 0 0 0 0 0 641669 641689 0 0 0 0 0 0 641511 641655 0 0 0 0 0 0 0 0 641621 0 641535 0 0 0 0 0 0 0 0 0 0 0 641223 0 0 0 0 0 641151 0 0 0 0 641199 0 0 0 641271 641223 0 0 0 641103 0 0 641295 0 0 0 0 0 0 0 0 0 0 0 0 0 0 0 0 0 
0 638283 638307 638191 638217 638017 638117 638169 638259 637941 638041 0 638424 638409 638233 637966 638023 637921 638089 638379 638362 0 638037 638277 638385 0 638425 0 638107 638161 637713 637861 638377 0 638305 0 638369 638573 638449 638353 638248 637960 637921 638757 638329 637999 637744 0 638589 638263 0 638710 0 638308 638182 637894 637840 0 0 638627 638620 638694 638675 638611 638158 0 638580 638564 0 638221 0 638536 638176 638074 0 638395 638484 638428 638498 0 638368 0 638384 638434 638328 0 638323 638350 0 0 638212 0 0 638192 0 0 0 0 638208 0 638202 0 638080 638068 0 638184 0 638176 0 0 638000 0 0 638156 0 0 0 0 0 0 0 0 0 0 0 637820 0 0 
0 0 644272 644266 644228 0 0 0 644270 644082 644132 0 644316 0 644356 644324 644324 644072 0 0 644382 0 0 0 644270 0 0 0 644372 644396 0 0 0 0 644420 0 644238 0 644434 644434 644444 644318 644300 0 644458 644336 644190 0 0 644446 0 0 0 0 0 644266 644238 0 0 0 0 0 0 644446 644408 0 0 0 0 0 0 0 0 644352 0 644406 0 0 0 0 0 0 0 0 0 0 0 644326 0 0 0 0 0 644296 0 0 0 0 644268 0 0 0 644150 644180 0 0 0 644330 0 0 644092 0 0 0 0 0 0 0 0 0 0 0 0 0 0 0 0 0 
642247 642291 642291 642271 642271 642247 642271 642271 642291 642247 642271 642219 642243 642267 642291 642247 642247 642271 642291 642267 642267 0 642291 642267 642219 0 642243 642243 642291 642291 642247 642271 642243 0 642267 642271 642195 642171 642195 642243 642267 642291 642271 642075 642219 642291 642201 0 642123 642219 642163 642051 0 642195 642243 642249 642245 642147 642099 642075 641979 642051 642051 642099 642243 642099 642051 642003 641931 642195 642099 642051 642181 642225 642051 642123 641955 641859 641955 642003 641979 641931 641883 641883 641907 641859 641787 641811 0 642003 641979 641931 641835 641739 641931 0 641883 641859 641787 0 641715 0 641859 641811 641835 641763 641715 641691 641955 641907 641883 641811 641787 641715 641835 0 641763 641739 0 0 641859 0 641715 641691 0 641883 0 641835 
0 0 636031 636109 636071 0 0 0 636077 635949 635975 0 635941 0 636115 636233 636195 635915 0 0 636045 0 0 0 635871 0 0 0 636191 636163 0 0 0 0 636083 0 635815 0 636011 636059 636121 636289 636295 0 636083 636271 636381 0 0 636127 0 0 0 0 0 636341 636369 0 0 0 0 0 0 635927 636189 0 0 0 0 0 0 0 0 636245 0 636071 0 0 0 0 0 0 0 0 0 0 0 635519 0 0 0 0 0 635417 0 0 0 0 635437 0 0 0 635391 635373 0 0 0 635403 0 0 635357 0 0 0 0 0 0 0 0 0 0 0 0 0 0 0 0 0 
644236 644336 644320 644230 644268 644328 644326 644300 644274 644320 644356 644404 644410 644352 644236 644082 644120 644327 644380 644322 644306 644246 644380 644438 644480 644360 644344 644318 644160 644188 644263 644312 644308 644324 644268 644058 644523 644419 644340 644292 644230 644062 644044 644409 644268 644080 643934 644544 644499 644224 643896 644371 644252 644246 644178 644010 643982 644526 644505 644485 644365 644355 644339 644317 644162 644498 644483 644431 644351 644188 644474 644486 644158 644106 644480 644209 644411 644313 644269 644427 644435 644429 644371 644345 644416 644353 644275 644293 644265 644409 644396 644402 644371 644287 644358 644381 644379 644369 644339 644279 644199 644358 644348 644339 644367 644321 644269 644229 644347 644344 644331 644334 644344 644161 644327 644325 644325 644328 644310 644306 644306 644318 644312 644309 644031 644286 644303 644294 
0 0 643383 643248 643305 0 643376 643353 643314 643308 643357 0 643518 643431 643257 643026 643083 643327 643393 0 643362 0 643404 643512 643587 0 643419 0 643143 643185 643251 0 0 0 643305 0 643607 0 643413 643341 643248 642996 642969 0 643305 643023 642804 0 643704 643239 0 0 0 0 0 642918 642876 0 0 643671 0 0 0 643479 643146 0 643630 0 0 643185 0 0 643140 643062 0 643293 0 0 643301 0 0 0 643390 0 643405 0 0 643229 0 0 0 0 0 643166 0 0 0 0 643240 0 643016 0 643289 643232 0 0 0 643043 0 0 643296 0 0 642959 0 0 0 0 0 0 0 0 0 0 0 643251 0 0 
639026 639026 639026 639026 639026 639026 639026 639026 639026 639026 639026 639026 639026 639026 639026 639026 639026 639026 639026 639026 639026 0 639026 639026 639026 0 639026 639026 639026 639026 639026 639026 639026 0 639026 639026 639026 639024 639026 639026 639026 639008 639014 638928 639026 639002 638928 0 638976 639026 638890 638904 0 639026 639026 638932 638928 639000 638952 638928 638832 638904 638904 638952 639012 638952 638904 638856 638784 638990 638952 638904 638960 638956 638904 638960 638808 638712 638808 638856 638832 638784 638736 638736 638760 638712 638640 638664 0 638856 638832 638784 638688 638592 638784 0 638736 638712 638640 0 638568 0 638712 638664 638688 638616 638568 638544 638808 638760 638736 638664 638640 638568 638688 0 638616 638592 0 0 638712 0 638568 638544 0 638736 0 638688 
641571 641543 641559 641594 641563 641479 641505 641531 641581 641441 641467 641571 641541 641575 641615 641656 641637 641407 641467 641596 641604 0 641417 641489 641495 0 641597 641610 641641 641639 641327 641377 641615 0 641623 641680 641463 641595 641623 641623 641642 641690 641687 641567 641647 641693 641730 0 641501 641669 641749 641590 0 641670 641680 641728 641730 641443 641449 641491 641563 641598 641606 641629 641688 641435 641481 641509 641553 641699 641387 641459 641714 641716 641447 641689 641505 641555 641617 641389 641429 641473 641509 641535 641463 641515 641557 641551 0 641353 641351 641411 641485 641521 641323 0 641413 641417 641493 0 641592 0 641375 641405 641437 641499 641527 641555 641277 641319 641317 641395 641439 641611 641357 0 641425 641455 0 0 641291 0 641447 641467 0 641227 0 641291 
0 641632 641648 641630 641604 641496 641546 641572 641646 641458 641508 0 641702 641712 641636 641482 641520 641448 641532 641722 641706 0 641506 641626 641680 0 641744 0 641560 641588 641344 641418 641708 0 641668 0 641672 641796 641740 641692 641630 641448 641436 641776 641668 641460 641240 0 641710 641624 0 641802 0 641646 641578 641320 641288 0 0 641700 641702 641790 641774 641728 641552 0 641690 641694 0 641556 0 641668 641496 641440 0 641596 641596 641454 641634 0 641568 0 641456 641482 641458 0 641312 641354 0 0 641490 0 0 641180 0 0 0 0 641248 0 641204 0 641274 641208 0 641206 0 641118 0 0 641264 0 0 641166 0 0 0 0 0 0 0 0 0 0 0 641174 0 0 
644985 645007 645015 645012 644993 644939 644964 644977 645014 644920 644945 645069 645042 645047 645057 645062 645043 644915 644957 645062 645070 645076 644944 645004 645031 645091 645075 645088 645071 645081 644863 644900 645093 645109 645089 645092 645027 645087 645125 645101 645108 645094 645085 645021 645137 645103 645030 645015 645012 645159 645011 645022 645169 645172 645152 645068 645054 644995 644974 644983 644971 645030 645038 645085 645144 644967 644966 644956 644942 645157 644943 644955 645142 645116 644949 645133 644930 644907 645001 644896 644904 644902 644896 644909 644885 644887 644872 644881 644913 644878 644865 644871 644860 644830 644827 644850 644848 644838 644840 644852 644856 644827 644817 644808 644836 644831 644821 644823 644816 644813 644800 644803 644813 644875 644796 644794 644794 644797 644779 644775 644775 644787 644781 644779 644966 644755 644772 644763 
0 644219 644235 644229 644191 644083 644133 644159 644233 644045 644095 0 644275 644299 644319 644329 644291 644035 644119 644329 644345 0 644093 644213 644229 0 644341 0 644347 644367 643931 644005 644377 0 644383 0 644197 644337 644393 644393 644421 644347 644329 644301 644441 644365 644219 0 644235 644463 0 644327 0 644463 644449 644295 644267 0 0 644225 644297 644343 644359 644405 644433 0 644215 644243 0 644411 0 644193 644381 644377 0 644431 644239 644289 644381 0 644163 0 644243 644269 644197 0 644291 644285 0 0 644085 0 0 644255 0 0 0 0 644227 0 644331 0 644109 644139 0 644233 0 644289 0 0 644051 0 0 644369 0 0 0 0 0 0 0 0 0 0 0 643961 0 0 
0 644854 644870 644864 644826 644718 644768 644794 644868 644680 644730 0 644924 644934 644954 644964 644926 644670 644754 644964 644980 0 644728 644848 644878 0 644990 0 644982 645002 644566 644640 645026 0 645018 0 644846 644970 645042 645042 645056 645032 645012 644838 645090 645050 644904 0 644820 645132 0 644840 0 645132 645132 644980 644952 0 0 644762 644738 644856 644872 644966 645132 0 644728 644708 0 645110 0 644706 645080 645076 0 645066 644656 644610 644798 0 644604 0 644588 644614 644566 0 644540 644558 0 0 644526 0 0 644456 0 0 0 0 644476 0 644508 0 644430 644412 0 644458 0 644442 0 0 644396 0 0 644546 0 0 0 0 0 0 0 0 0 0 0 644306 0 0 
0 0 644235 644229 644191 0 0 0 644233 644045 644095 0 644169 0 644319 644329 644291 644035 0 0 644273 0 0 0 644099 0 0 0 644347 644367 0 0 0 0 644311 0 644043 0 644239 644287 644349 644445 644415 0 644311 644475 644439 0 0 644355 0 0 0 0 0 644511 644487 0 0 0 0 0 0 644155 644417 0 0 0 0 0 0 0 0 644463 0 644299 0 0 0 0 0 0 0 0 0 0 0 643747 0 0 0 0 0 643645 0 0 0 0 643665 0 0 0 643619 643601 0 0 0 643631 0 0 643585 0 0 0 0 0 0 0 0 0 0 0 0 0 0 0 0 0 
0 0 643933 644011 643973 0 0 0 643979 643843 643877 0 643843 0 644017 644127 644089 643817 0 0 643947 0 0 0 643773 0 0 0 644093 644065 0 0 0 0 643985 0 643717 0 643913 643961 644023 644191 644197 0 643985 644173 644235 0 0 644029 0 0 0 0 0 644207 644231 0 0 0 0 0 0 643829 644091 0 0 0 0 0 0 0 0 644135 0 643973 0 0 0 0 0 0 0 0 0 0 0 643421 0 0 0 0 0 643319 0 0 0 0 643339 0 0 0 643293 643275 0 0 0 643305 0 0 643259 0 0 0 0 0 0 0 0 0 0 0 0 0 0 0 0 0 
644596 644746 644722 644587 644644 644727 644731 644692 644653 644743 644772 0 644857 644770 644596 644365 644422 644762 644808 644725 644701 0 644839 644897 644962 0 644758 0 644482 644524 644616 644727 644704 0 644644 644329 645026 644870 644752 644680 644587 644335 644308 644877 644644 644362 644143 0 645046 644578 0 644802 0 644611 644509 644257 644215 645090 645056 644990 644739 644778 644754 644757 644485 645051 644964 644856 0 644524 0 644979 644479 644401 0 644611 644790 644571 644577 644876 644868 0 644676 644637 644761 0 644460 644505 0 0 644783 0 0 644442 0 0 644716 644682 644556 0 644292 0 644639 644604 0 644511 0 644319 0 0 644588 0 644585 644235 644576 0 0 644513 0 0 0 0 0 644435 0 644453 0 0 
644566 644716 644692 644557 644614 644690 644701 644662 644623 644705 644732 0 644827 644740 644566 644335 644392 644717 644768 644695 644671 0 644799 644861 644927 0 644728 0 644452 644494 644564 644675 644674 0 644614 644299 644986 644842 644722 644650 644557 644305 644278 644931 644614 644332 644113 0 645062 644548 0 644856 0 644581 644479 644227 644185 645066 645098 645038 644793 644832 644808 644809 644455 645095 645012 644910 0 644494 0 645023 644449 644371 0 644629 644844 644625 644631 644908 644914 0 644730 644691 644805 0 644514 644559 0 0 644815 0 0 644496 0 0 644758 644726 644604 0 644346 0 644671 644642 0 644562 0 644373 0 0 644620 0 644631 644289 644608 0 0 644557 0 0 0 0 0 644479 0 644485 0 0 
0 0 644793 644658 644715 0 644786 644763 644724 644730 644789 0 644922 644841 644667 644436 644493 644715 644825 0 644772 0 644802 644938 644977 0 644823 0 644553 644595 644559 0 0 0 644715 0 644985 0 644769 644745 644658 644406 644379 0 644685 644433 644214 0 645022 644619 0 0 0 0 0 644328 644286 0 0 645051 0 0 0 644799 644550 0 645024 0 0 644541 0 0 644496 644466 0 644607 0 0 644673 0 0 0 644760 0 644799 0 0 644601 0 0 0 0 0 644538 0 0 0 0 644624 0 644388 0 644607 644580 0 0 0 644415 0 0 644556 0 0 644331 0 0 0 0 0 0 0 0 0 0 0 644421 0 0 
0 641178 641179 641083 641083 640956 641043 641076 641131 640899 640986 0 641321 641275 641165 640980 640999 640896 641034 641275 641272 0 641007 641211 641313 0 641323 0 641091 641141 640728 640851 641309 0 641253 0 641301 641440 641382 641301 641234 641042 640997 641584 641322 641087 640906 0 641466 641300 0 641620 0 641335 641244 641052 641002 0 0 641523 641659 641620 641615 641520 641236 0 641544 641630 0 641306 0 641511 641291 641208 0 641424 641607 641599 641631 0 641505 0 641577 641606 641520 0 641563 641575 0 0 641388 0 0 641523 0 0 0 0 641505 0 641527 0 641364 641385 0 641502 0 641515 0 0 641289 0 0 641517 0 0 0 0 0 0 0 0 0 0 0 641154 0 0 
0 641717 641733 641719 641689 641581 641631 641657 641731 641543 641593 0 641787 641797 641767 641565 641641 641533 641617 641815 641815 0 641591 641711 641759 0 641839 0 641673 641705 641429 641503 641839 0 641809 0 641727 641857 641851 641833 641741 641477 641465 641831 641763 641489 641269 0 641765 641675 0 641857 0 641671 641613 641349 641317 0 0 641755 641755 641857 641857 641835 641581 0 641745 641749 0 641555 0 641723 641495 641469 0 641595 641649 641507 641737 0 641621 0 641509 641535 641511 0 641365 641407 0 0 641543 0 0 641233 0 0 0 0 641301 0 641257 0 641327 641261 0 641259 0 641171 0 0 641317 0 0 641257 0 0 0 0 0 0 0 0 0 0 0 641227 0 0 
0 644477 644493 644431 644401 644269 644343 644369 644467 644231 644305 0 644619 644605 644517 644215 644291 644245 644353 644623 644623 0 644351 644519 644615 0 644671 0 644371 644427 644117 644215 644661 0 644587 0 644587 644717 644681 644635 644511 644175 644139 644691 644581 644211 643919 0 644625 644493 0 644715 0 644493 644407 644071 644015 0 0 644615 644567 644715 644715 644657 644375 0 644603 644561 0 644377 0 644581 644317 644263 0 644417 644461 644319 644535 0 644433 0 644321 644347 644323 0 644177 644219 0 0 644355 0 0 644045 0 0 0 0 644113 0 644069 0 644139 644073 0 644071 0 643983 0 0 644129 0 0 644067 0 0 0 0 0 0 0 0 0 0 0 644039 0 0 
0 0 624621 624537 0 0 0 0 0 0 0 0 624810 0 624715 624436 0 624249 0 0 0 0 0 0 624813 0 0 0 624632 624708 0 0 0 0 0 0 624837 0 625083 0 0 624378 0 0 624977 624432 0 0 0 624864 0 0 0 0 0 624222 624138 0 0 0 0 0 0 625208 624678 0 0 0 0 0 0 0 0 624510 0 624952 0 0 0 0 0 0 0 0 0 0 0 624663 0 0 0 0 0 624510 0 0 0 0 624540 0 0 0 624471 624444 0 0 0 624489 0 0 624420 0 0 0 0 0 0 0 0 0 0 0 0 0 0 0 0 0 
0 0 644868 644862 644824 0 644766 644792 644866 644678 644728 0 644912 644932 644952 644962 644924 644668 644752 0 644978 0 644726 644846 644866 0 644978 0 644980 645000 644564 0 0 0 645016 0 644824 0 645020 645030 645054 645040 645016 0 645078 645064 644934 0 644790 645122 0 0 0 0 0 645010 644982 0 0 644732 0 0 0 644936 645126 0 644698 0 0 645116 0 0 645090 645096 0 645044 0 0 644768 0 0 0 644558 0 644536 0 0 644528 0 0 0 0 0 644426 0 0 0 0 644446 0 644478 0 644400 644382 0 0 0 644412 0 0 644366 0 0 644516 0 0 0 0 0 0 0 0 0 0 0 644276 0 0 
644495 644645 644621 644486 644543 644623 644630 644591 644552 644649 644671 0 644756 644669 644495 644264 644321 644665 644707 644624 644600 0 644745 644793 644859 0 644657 0 644381 644423 644509 644620 644603 0 644543 644228 644927 644771 644651 644579 644486 644234 644207 644922 644543 644261 644042 0 644996 644477 0 644859 0 644510 644408 644156 644114 645009 645078 645032 644806 644835 644811 644774 644384 645075 645018 644923 0 644423 0 645040 644378 644300 0 644561 644857 644638 644644 644937 644942 0 644743 644704 644830 0 644527 644572 0 0 644844 0 0 644509 0 0 644790 644756 644620 0 644359 0 644700 644673 0 644578 0 644386 0 0 644649 0 644659 644302 644637 0 0 644586 0 0 0 0 0 644502 0 644514 0 0 
0 0 644383 644290 644309 0 644338 644325 644336 644278 644353 0 644500 644447 644341 644192 644211 644263 644389 0 644424 0 644350 644490 644559 0 644467 0 644279 644317 644107 0 0 0 644405 0 644599 0 644513 644441 644386 644230 644197 0 644453 644263 644118 0 644700 644431 0 0 0 0 0 644228 644190 0 0 644775 0 0 0 644651 644376 0 644792 0 0 644437 0 0 644422 644348 0 644555 0 0 644689 0 0 0 644722 0 644745 0 0 644613 0 0 0 0 0 644520 0 0 0 0 644606 0 644446 0 644585 644558 0 0 0 644431 0 0 644514 0 0 644427 0 0 0 0 0 0 0 0 0 0 0 644379 0 0 
0 637887 637855 637771 637847 637915 637939 637911 637811 637877 637903 0 637891 637823 637687 637523 637599 637843 637903 637763 637731 0 637853 637925 637931 0 637759 0 637583 637591 637763 637813 637687 0 637655 0 637899 637767 637655 637655 637579 637387 637399 637839 637559 637375 637227 0 637937 637471 0 637787 0 637467 637427 637235 637227 0 0 637927 637847 637755 637723 637631 637395 0 637917 637935 0 637351 0 637895 637291 637283 0 637391 637925 637657 637665 0 637865 0 637777 637745 637789 0 637509 637569 0 0 637787 0 0 637477 0 0 0 0 637579 0 637285 0 637605 637539 0 637537 0 637321 0 0 637595 0 0 637209 0 0 0 0 0 0 0 0 0 0 0 637505 0 0 
644306 644378 644378 644306 644330 644306 644330 644330 644350 644306 644330 644474 644450 644426 644312 644158 644196 644330 644354 644398 644382 0 644378 644426 644474 0 644420 644394 644236 644264 644306 644330 644384 0 644344 644134 644498 644496 644416 644368 644306 644138 644120 644618 644344 644156 644010 0 644570 644300 643972 644626 0 644322 644254 644086 644058 644546 644594 644618 644714 644610 644594 644500 644238 644594 644642 644690 644760 644264 644594 644642 644234 644182 644642 644356 644738 644690 644668 644690 644714 644760 644714 644714 644738 644690 644618 644642 0 644690 644714 644760 644666 644570 644760 0 644714 644690 644618 0 644526 0 644690 644642 644666 644594 644546 644522 644738 644738 644714 644642 644618 644488 644666 0 644594 644570 0 0 644690 0 644546 644522 0 644714 0 644666 
0 0 640742 640736 640698 0 0 640666 640740 640552 640602 0 640796 640806 640826 640836 640798 640542 0 0 640852 0 640600 640720 640774 0 0 0 640854 640874 0 0 0 0 640890 0 640754 0 640950 640914 640928 640950 640922 0 640986 640974 640878 0 0 641030 0 0 0 0 0 640954 640926 0 0 0 0 0 0 640962 641044 0 0 0 0 641082 0 0 641082 641046 0 641082 0 0 640938 0 0 0 0 0 0 0 0 640842 0 0 0 0 0 640812 0 0 0 0 640784 0 0 0 640666 640696 0 0 0 640846 0 0 640608 0 0 640926 0 0 0 0 0 0 0 0 0 0 0 640518 0 0 
644150 644300 644276 644141 644198 644288 644285 644246 644207 644345 644342 644402 644411 644324 644150 643919 643976 644432 644378 644279 644255 0 644489 644453 644516 0 644312 644273 644036 644078 644303 644414 644258 0 644198 643883 644597 644411 644303 644234 644141 643889 643862 644527 644198 643916 643697 0 644612 644132 643640 644464 0 644162 644063 643811 643769 644675 644714 644641 644437 644440 644416 644381 644039 644735 644632 644542 644404 644075 644769 644665 644030 643955 644683 644177 644500 644329 644287 644689 644638 644524 644422 644383 644515 644389 644254 644287 0 644641 644614 644617 644410 644260 644524 0 644566 644536 644350 0 644122 0 644530 644506 644482 644317 644227 644161 644479 644494 644467 644503 644431 644065 644479 0 644428 644359 0 0 644404 0 644347 644293 0 644332 0 644380 
0 644381 644365 644275 644313 644373 644371 644345 644319 644379 644403 0 644455 644397 644281 644127 644165 644403 644427 644367 644351 0 644451 644483 644525 0 644389 0 644205 644233 644379 644403 644353 0 644313 0 644571 644465 644385 644337 644275 644107 644089 644597 644313 644125 643979 0 644615 644269 0 644595 0 644291 644223 644055 644027 0 0 644673 644649 644579 644563 644469 644207 0 644707 644703 0 644233 0 644715 644203 644151 0 644325 644705 644559 644563 0 644739 0 644629 644603 644689 0 644485 644515 0 0 644739 0 0 644473 0 0 0 0 644549 0 644373 0 644641 644593 0 644519 0 644391 0 0 644665 0 0 644335 0 0 0 0 0 0 0 0 0 0 0 644665 0 0 
640835 640893 640901 640874 640855 640789 640826 640839 640888 640770 640807 641001 640964 640957 640943 640912 640893 640777 640831 640972 640980 0 640830 640914 640963 0 640997 641010 640945 640967 640713 640762 641015 0 640999 640960 640947 641017 641045 641023 641018 640994 640967 640964 641069 641021 640948 0 640955 641091 640929 640965 0 641092 641080 641022 640996 640937 640917 640926 640914 640973 640981 641028 641088 640910 640909 640899 640885 641121 640886 640898 641130 641106 640892 641100 640873 640844 640944 640839 640847 640845 640839 640852 640828 640824 640773 640794 0 640821 640808 640814 640785 640707 640770 0 640791 640775 640741 0 640721 0 640754 640721 640761 640720 640686 640676 640759 640756 640743 640716 640714 640740 640721 0 640683 640674 0 0 640712 0 640646 640632 0 640698 0 640688 
0 0 635117 635138 635119 0 0 0 635128 635058 635071 0 635108 0 635159 635200 635181 635041 0 0 635148 0 0 0 635085 0 0 0 635185 635183 0 0 0 0 635167 0 635055 0 635153 635167 635186 635234 635231 0 635191 635237 635244 0 0 635213 0 0 0 0 0 635246 635244 0 0 0 0 0 0 635063 635232 0 0 0 0 0 0 0 0 635258 0 635147 0 0 0 0 0 0 0 0 0 0 0 634715 0 0 0 0 0 634628 0 0 0 0 634662 0 0 0 634675 634642 0 0 0 634597 0 0 634670 0 0 0 0 0 0 0 0 0 0 0 0 0 0 0 0 0 
644409 644559 644535 644400 644457 644547 644544 644505 644466 644569 644601 644661 644670 644583 644409 644178 644235 644565 644637 644538 644514 0 644652 644712 644775 0 644571 0 644295 644337 644409 644520 644517 0 644457 644142 644857 644685 644565 644493 644400 644148 644121 644874 644457 644175 643956 0 644910 644391 0 644859 0 644424 644322 644070 644028 644931 645005 644988 644895 644835 644811 644691 644298 644995 645027 644988 0 644337 0 645054 644292 644214 645056 644475 644970 644777 644757 644988 645031 645006 644882 644843 644985 644837 644666 644711 0 0 644919 644985 644846 644648 0 0 644918 644888 644762 0 644498 0 644825 644798 0 644717 644603 644525 0 644813 644774 0 644803 644441 644762 0 0 644737 0 0 0 0 0 644657 0 644639 0 0 
0 0 623735 623654 0 0 0 0 0 0 0 0 623924 0 623861 623759 0 623363 0 0 0 0 0 0 623927 0 0 0 623867 623933 0 0 0 0 0 0 623951 0 624245 0 0 623914 0 0 624245 623983 0 0 0 624289 0 0 0 0 0 623898 623820 0 0 0 0 0 0 624447 624204 0 0 0 0 0 0 0 0 624150 0 624514 0 0 0 0 0 0 0 0 0 0 0 623837 0 0 0 0 0 623684 0 0 0 0 623714 0 0 0 623645 623618 0 0 0 623663 0 0 623594 0 0 0 0 0 0 0 0 0 0 0 0 0 0 0 0 0 
0 637968 637938 637854 637930 637936 637962 637980 637894 637898 637924 0 637970 637906 637770 637606 637682 637864 637924 637846 637814 0 637874 637946 637952 0 637842 0 637666 637674 637784 637834 637770 0 637738 0 637920 637850 637738 637738 637662 637470 637482 637922 637642 637458 637310 0 637958 637554 0 637870 0 637550 637510 637318 637310 0 0 637948 637930 637838 637806 637714 637478 0 637938 637966 0 637434 0 637916 637374 637366 0 637474 637962 637838 637762 0 637886 0 637906 637916 637896 0 637690 637750 0 0 637808 0 0 637630 0 0 0 0 637698 0 637466 0 637724 637658 0 637656 0 637502 0 0 637714 0 0 637390 0 0 0 0 0 0 0 0 0 0 0 637624 0 0 
0 640286 640270 640172 640218 640152 640202 640228 640224 640114 640164 0 640358 640302 640136 639900 639976 640104 640188 640260 640228 0 640162 640282 640336 0 640280 0 640008 640040 640000 640074 640208 0 640152 0 640328 640360 640224 640176 640076 639812 639800 640502 640104 639824 639604 0 640438 640016 0 640500 0 640036 639948 639684 639652 0 0 640476 640602 640468 640436 640296 639916 0 640490 640566 0 639920 0 640468 639860 639804 0 640032 640610 640710 640488 0 640510 0 640686 640712 640616 0 640708 640714 0 0 640432 0 0 640702 0 0 0 0 640674 0 640664 0 640556 640586 0 640680 0 640710 0 0 640494 0 0 640588 0 0 0 0 0 0 0 0 0 0 0 640404 0 0 
0 0 640001 639846 639791 0 0 639743 639926 639500 639647 0 640298 0 640081 639646 639736 639557 0 0 640294 0 0 640112 640337 0 0 0 639938 640054 0 0 0 0 640297 0 640397 0 640621 640405 640258 639629 639542 0 640452 639716 639130 0 0 640316 0 0 0 0 0 639470 639346 0 0 0 0 0 0 640961 640075 0 0 0 0 0 0 0 640109 639879 0 640564 0 0 641238 0 0 0 0 0 0 0 0 640883 0 0 0 0 0 640658 0 0 0 0 640736 0 0 0 640739 640664 0 0 0 640589 0 0 640708 0 0 640735 0 0 0 0 0 0 0 0 0 0 0 640573 0 0 
644303 644453 644429 644294 644351 644434 644438 644399 644360 644472 644482 0 644564 644477 644303 644072 644129 644536 644518 644432 644408 0 644604 644604 644669 0 644465 0 644189 644231 644428 644533 644411 0 644351 644036 644738 644579 644459 644387 644294 644042 644015 644777 644351 644069 643850 0 644804 644285 0 644774 0 644318 644216 643964 643922 644830 644896 644890 644830 644750 644726 644585 644192 644910 644936 644934 0 644231 0 644958 644186 644108 0 644369 644893 644688 644680 645038 644999 0 644793 644754 644883 0 644577 644622 0 0 644979 0 0 644559 0 0 644897 644857 644673 0 644409 0 644857 644789 0 644628 0 644436 0 0 644810 0 644727 644352 644798 0 0 644639 0 0 0 0 0 644555 0 644675 0 0 
0 637798 637766 637682 637758 637926 637874 637822 637722 637972 637946 0 637802 637734 637598 637434 637510 637972 637946 637674 637642 0 637972 637906 637894 0 637670 0 637494 637502 637892 637942 637598 0 637566 0 637950 637678 637566 637566 637490 637298 637310 637750 637470 637286 637138 0 637882 637382 0 637698 0 637378 637338 637146 637138 0 0 637902 637756 637666 637634 637542 637306 0 637922 637866 0 637262 0 637954 637202 637194 0 637302 637838 637546 637554 0 637970 0 637686 637634 637818 0 637398 637458 0 0 637914 0 0 637374 0 0 0 0 637526 0 637174 0 637712 637646 0 637466 0 637210 0 0 637702 0 0 637098 0 0 0 0 0 0 0 0 0 0 0 637612 0 0 
644035 644185 644161 644026 644083 644166 644170 644131 644092 644155 644211 644287 644296 644209 644035 643804 643861 644157 644247 644164 644140 0 644239 644336 644401 0 644197 0 643921 643963 644041 644127 644143 0 644083 643768 644461 644311 644191 644119 644026 643774 643747 644509 644083 643801 643582 0 644536 644017 0 644506 0 644050 643948 643696 643654 644517 644595 644622 644659 644482 644458 644317 643924 644581 644668 644704 0 643963 0 644675 643918 643840 644665 644101 644775 644636 644562 644679 644755 644821 644729 644690 644798 644696 644561 644594 0 0 644677 644774 644713 644567 0 0 644728 644708 644657 0 644429 0 644666 644648 0 644624 644534 644468 0 644658 644632 0 644658 644372 644624 0 0 644626 0 0 0 0 0 644584 0 644542 0 0 
0 0 643986 643851 643908 0 643985 643956 643917 643933 643982 0 644121 644034 643860 643629 643686 643952 644018 0 643965 0 644029 644137 644206 0 644022 0 643746 643788 643876 0 0 0 643908 0 644232 0 644016 643944 643851 643599 643572 0 643908 643626 643407 0 644347 643842 0 0 0 0 0 643521 643479 0 0 644424 0 0 0 644142 643749 0 644457 0 0 643788 0 0 643743 643665 0 643926 0 0 644394 0 0 0 644665 0 644664 0 0 644502 0 0 0 0 0 644439 0 0 0 0 644531 0 644289 0 644584 644527 0 0 0 644316 0 0 644589 0 0 644232 0 0 0 0 0 0 0 0 0 0 0 644544 0 0 
0 643708 643700 643631 643650 643623 643660 643660 643665 643604 643641 0 643780 643740 643658 643545 643564 643611 643665 643725 643717 0 643664 643748 643799 0 643748 0 643608 643634 643547 643596 643730 0 643698 0 643807 643822 643770 643722 643679 643559 643538 643924 643722 643580 643471 0 643898 643700 0 643923 0 643723 643665 643545 643519 0 0 643929 643974 643915 643907 643860 643657 0 643936 643972 0 643694 0 643925 643679 643629 0 643776 643996 644017 643944 0 643946 0 644023 644023 643999 0 643993 644008 0 0 643907 0 0 643976 0 0 0 0 643994 0 643937 0 643958 643962 0 643985 0 643946 0 0 643929 0 0 643918 0 0 0 0 0 0 0 0 0 0 0 643884 0 0 
0 0 644604 644469 644526 0 644613 644574 644535 644583 644632 0 644687 644624 644478 644247 644304 644586 644668 0 644555 0 644673 644741 644762 0 644588 0 644364 644406 644430 0 0 0 644498 0 644782 0 644534 644510 644441 644217 644190 0 644450 644244 644025 0 644807 644384 0 0 0 0 0 644139 644097 0 0 644836 0 0 0 644564 644315 0 644853 0 0 644306 0 0 644261 644231 0 644372 0 0 644672 0 0 0 644901 0 644926 0 0 644730 0 0 0 0 0 644667 0 0 0 0 644773 0 644517 0 644796 644769 0 0 0 644544 0 0 644745 0 0 644460 0 0 0 0 0 0 0 0 0 0 0 644610 0 0 
643907 644024 644021 643928 643947 643897 643946 643952 643974 643878 643927 644159 644132 644085 643979 643830 643849 643897 643963 644070 644062 0 643974 644082 644157 0 644105 0 643917 643955 643821 643882 644087 0 644043 643842 644177 644215 644151 644079 644024 643868 643835 644377 644091 643901 643700 0 644304 644069 0 644400 0 644104 644022 643814 643772 644239 644314 644371 644523 644392 644384 644289 644014 644307 644402 644488 0 644075 0 644391 644036 643958 644385 644193 644558 644675 644517 644428 644484 644578 644668 644672 644609 644675 644606 644632 0 0 644445 644547 644640 644551 0 0 644620 644626 644596 0 644493 0 644605 644576 0 644575 644515 644478 0 644537 644572 0 644569 644474 644576 0 0 644520 0 0 0 0 0 644454 0 644527 0 0 
0 644603 644603 644539 644555 644483 644533 644555 644579 644445 644495 0 644675 644651 644545 644391 644429 644435 644519 644631 644615 0 644493 644613 644667 0 644653 0 644469 644497 644331 644405 644617 0 644577 0 644659 644729 644649 644601 644539 644371 644353 644843 644577 644389 644243 0 644769 644533 0 644859 0 644555 644487 644319 644291 0 0 644807 644939 644843 644827 644733 644471 0 644821 644897 0 644497 0 644799 644467 644415 0 644589 644941 645059 644901 0 644841 0 645017 645035 644947 0 645107 645107 0 0 644763 0 0 645101 0 0 0 0 645073 0 645087 0 644907 644985 0 645079 0 645075 0 0 644825 0 0 645049 0 0 0 0 0 0 0 0 0 0 0 644735 0 0 
0 0 0 643014 0 0 0 0 0 0 0 0 0 0 0 642792 0 0 0 0 0 0 0 0 643351 0 0 0 642909 642951 0 0 0 0 0 0 643375 0 0 0 0 642762 0 0 0 0 0 0 0 0 0 0 0 0 0 0 0 0 0 0 0 0 0 0 0 0 0 0 0 0 0 0 0 642828 0 0 0 0 0 0 0 0 0 0 0 0 0 643897 0 0 0 0 0 643898 0 0 0 0 0 0 0 0 0 0 0 0 0 0 0 0 0 0 0 0 0 0 0 0 0 0 0 0 0 0 0 0 0 0 
643716 643761 643777 643755 643733 643625 643675 643701 643769 643587 643637 643884 643831 643838 643804 643691 643710 643577 643661 643853 643861 643821 643635 643755 643809 643906 643878 643881 643754 643780 643473 643547 643876 643896 643844 643691 643801 643948 643916 643868 643825 643705 643684 644025 643868 643726 643617 643821 643911 643846 643598 644063 643872 643869 643811 643691 643665 643829 643883 643949 644117 644071 644077 644006 643803 643869 643963 644039 644143 643840 643821 643941 643825 643775 643929 643922 644083 644181 644162 643919 643983 644063 644123 644149 644065 644141 644193 644199 644218 643883 643905 644001 644123 644133 643913 643923 644027 644043 644129 644165 644183 643949 644001 644053 644075 644123 644127 644143 643855 643921 643931 644043 644075 644190 643995 644025 644049 644067 643853 643881 643917 643977 644047 644055 644149 643841 643875 643929 
644039 644189 644165 644030 644087 644177 644174 644135 644096 644234 644231 644291 644300 644213 644039 643808 643865 644317 644267 644168 644144 0 644378 644342 644405 0 644201 644162 643925 643967 644297 644347 644147 0 644087 643772 644489 644306 644195 644123 644030 643778 643751 644456 644087 643805 643586 0 644507 644021 643529 644441 0 644054 643952 643700 643658 644570 644609 644570 644518 644417 644393 644276 643928 644630 644609 644613 644485 643967 644688 644642 643922 643844 644660 644072 644581 644410 644368 644780 644719 644605 644503 644464 644596 644470 644335 644368 0 644809 644794 644696 644491 644341 644710 0 644646 644617 644431 0 644203 0 644660 644582 644563 644398 644308 644242 644665 644680 644653 644592 644512 644146 644652 0 644509 644440 0 0 644590 0 644428 644374 0 644518 0 644566 
0 0 637636 637552 637628 0 637744 637692 637592 637872 637820 0 637672 637604 637468 637304 637380 637940 637820 0 637512 0 637920 637776 637764 0 637540 0 637364 637372 637960 0 0 0 637436 0 637828 0 637436 637436 637360 637168 637180 0 637340 637156 637008 0 637752 637252 0 0 0 0 0 637016 637008 0 0 637772 0 0 0 637412 637176 0 637792 0 0 637132 0 0 637072 637064 0 637172 0 0 637436 0 0 0 637570 0 637710 0 0 637342 0 0 637984 0 0 637258 0 0 0 0 637410 0 637058 0 637766 637634 0 0 0 637094 0 0 637784 0 0 636982 0 0 0 0 0 0 0 0 0 0 0 637694 0 0 
644251 644401 644377 644242 644299 644389 644386 644347 644308 644445 644443 644503 644512 644425 644251 644020 644077 644503 644479 644380 644356 0 644575 644554 644617 0 644413 0 644137 644179 644367 644473 644359 0 644299 643984 644701 644527 644407 644335 644242 643990 643963 644725 644299 644017 643798 0 644752 644233 0 644722 0 644266 644164 643912 643870 644803 644866 644839 644862 644698 644674 644533 644140 644883 644890 644919 0 644179 0 644923 644134 644056 644941 644317 644972 644797 644759 645024 645056 645028 644902 644863 645007 644857 644686 644731 0 0 645002 645097 644866 644668 0 0 645025 644989 644782 0 644518 0 644957 644915 0 644737 644623 644545 0 644949 644910 0 644861 644461 644898 0 0 644767 0 0 0 0 0 644677 0 644775 0 0 
644164 644314 644290 644155 644212 644281 644299 644260 644221 644243 644305 644416 644425 644338 644164 643933 643990 644241 644341 644293 644269 0 644327 644463 644530 0 644326 0 644050 644092 644085 644196 644272 0 644212 643897 644553 644440 644320 644248 644155 643903 643876 644638 644212 643930 643711 0 644665 644146 0 644635 0 644179 644077 643825 643783 644605 644683 644750 644788 644611 644587 644446 644053 644669 644787 644833 0 644092 0 644765 644047 643969 644753 644230 644911 644980 644698 644754 644843 644959 645013 644974 644985 645040 644967 645000 0 0 644733 644895 645109 644949 0 0 644970 645011 645063 0 644799 0 644949 645008 0 645018 644904 644826 0 644793 644826 0 645023 644742 644956 0 0 644967 0 0 0 0 0 644907 0 644691 0 0 
0 0 0 643783 0 0 0 0 0 0 0 0 0 0 0 643561 0 0 0 0 0 0 0 0 644118 0 0 0 643678 643720 0 0 0 0 0 0 644138 0 0 0 0 643531 0 0 0 0 0 0 0 0 0 0 0 0 0 0 0 0 0 0 0 0 0 0 0 0 0 0 0 0 0 0 0 643597 0 0 0 0 0 0 0 0 0 0 0 0 0 644686 0 0 0 0 0 644791 0 0 0 0 0 0 0 0 0 0 0 0 0 0 0 0 0 0 0 0 0 0 0 0 0 0 0 0 0 0 0 0 0 0 
643678 643828 643804 643669 643726 643816 643813 643774 643735 643873 643870 643930 643939 643852 643678 643447 643504 643960 643906 643807 643783 0 644017 643981 644044 0 643840 643801 643564 643606 644020 644005 643786 0 643726 643411 644128 643954 643834 643762 643669 643417 643390 644152 643726 643444 643225 0 644179 643660 643168 644149 0 643693 643591 643339 643297 644230 644293 644266 644302 644125 644101 643960 643567 644314 644317 644347 644375 643606 644386 644350 643561 643483 644368 643744 644425 644315 644212 644527 644503 644495 644408 644369 644498 644375 644240 644273 0 644570 644608 644588 644396 644246 644694 0 644552 644522 644336 0 644108 0 644585 644492 644468 644303 644213 644147 644671 644686 644667 644507 644417 644051 644579 0 644414 644345 0 0 644643 0 644333 644279 0 644635 0 644619 
644515 644615 644599 644509 644547 644607 644605 644579 644553 644645 644643 644683 644689 644631 644515 644361 644399 644703 644667 644601 644585 644525 644741 644717 644759 644639 644623 644597 644439 644467 644691 644733 644587 644603 644547 644337 644815 644699 644619 644571 644509 644341 644323 644831 644547 644359 644213 644843 644849 644503 644175 644829 644531 644525 644457 644289 644261 644883 644925 644907 644931 644813 644797 644703 644441 644939 644941 644961 644987 644467 644987 644963 644437 644385 644975 644559 645013 644913 644871 645081 645065 645067 644983 644957 645053 644953 644839 644869 644853 645101 645123 645129 644959 644827 645141 645141 645079 645051 644903 644831 644727 645141 645093 645015 645007 644873 644797 644745 645073 645113 645087 645025 644957 644689 645079 645043 644947 644893 645045 645037 645037 645061 644877 644833 644607 644997 645031 645013 
644152 644302 644278 644143 644200 644290 644287 644248 644209 644333 644343 0 644413 644326 644152 643921 643978 644381 644379 644281 644257 0 644462 644455 644518 0 644314 0 644038 644080 644233 644344 644260 0 644200 643885 644599 644428 644308 644236 644143 643891 643864 644626 644200 643918 643699 0 644653 644134 0 644623 0 644167 644065 643813 643771 644691 644757 644740 644776 644599 644575 644434 644041 644771 644791 644821 0 644080 0 644819 644035 643957 0 644218 644899 644923 644686 644902 644957 0 644999 644960 645031 0 644835 644880 0 0 644881 0 0 644817 0 0 645105 645101 644931 0 644667 0 645052 645041 0 644886 0 644694 0 0 644972 0 644997 644610 645011 0 0 644909 0 0 0 0 0 644825 0 644837 0 0 
644179 644329 644305 644170 644227 644313 644314 644275 644236 644329 644361 0 644440 644353 644179 643948 644005 644334 644397 644308 644284 0 644421 644482 644545 0 644341 0 644065 644107 644178 644289 644287 0 644227 643912 644616 644455 644335 644263 644170 643918 643891 644653 644227 643945 643726 0 644680 644161 0 644650 0 644194 644092 643840 643798 644690 644763 644767 644803 644626 644602 644461 644068 644758 644815 644848 0 644107 0 644834 644062 643984 0 644245 644926 644984 644713 644847 644935 0 645028 644989 645048 0 644898 644943 0 0 644826 0 0 644880 0 0 645063 645094 644994 0 644730 0 645031 645029 0 644949 0 644757 0 0 644919 0 645026 644673 644993 0 0 644957 0 0 0 0 0 644879 0 644784 0 0 
0 0 629991 629784 0 0 0 0 0 0 0 0 630234 0 629865 629526 0 629920 0 0 0 0 0 0 630373 0 0 0 629715 629793 0 0 0 0 0 0 630477 0 630201 0 0 629568 0 0 630057 629631 0 0 0 629991 0 0 0 0 0 629526 629448 0 0 0 0 0 0 630471 629862 0 0 0 0 0 0 0 0 629778 0 630219 0 0 0 0 0 0 0 0 0 0 0 631294 0 0 0 0 0 631362 0 0 0 0 631402 0 0 0 631235 631352 0 0 0 631239 0 0 631112 0 0 0 0 0 0 0 0 0 0 0 0 0 0 0 0 0 
644841 644871 644879 644838 644857 644803 644828 644841 644860 644784 644809 644925 644906 644899 644841 644764 644783 644779 644821 644884 644876 644846 644808 644868 644895 644903 644895 644882 644803 644817 644727 644764 644877 644885 644857 644752 644891 644933 644893 644869 644838 644754 644745 644999 644857 644763 644690 644901 644946 644835 644671 644998 644849 644846 644812 644728 644714 644905 644932 644965 645049 644990 644982 644935 644804 644925 644972 645010 645068 644817 644901 644961 644802 644776 644955 644863 645032 645105 645019 644950 644982 645028 645070 645083 645035 645085 645142 645127 645107 644932 644943 644997 645082 645148 644953 644952 645022 645036 645110 645146 645162 644977 645015 645054 645058 645125 645161 645163 644918 644963 644974 645049 645083 645143 645018 645040 645088 645115 644929 644949 644973 645009 645121 645119 645008 644929 644946 644985 
0 0 644476 644428 644428 0 644398 644424 644452 644310 644360 0 644548 644524 644452 644298 644336 644300 644384 0 644522 0 644358 644478 644532 0 644548 0 644376 644404 644196 0 0 0 644484 0 644524 0 644556 644508 644446 644278 644260 0 644484 644296 644150 0 644634 644440 0 0 0 0 0 644226 644198 0 0 644672 0 0 0 644640 644378 0 644686 0 0 644404 0 0 644374 644322 0 644496 0 0 644808 0 0 0 644882 0 644812 0 0 644980 0 0 0 0 0 645026 0 0 0 0 644962 0 645040 0 644772 644850 0 0 0 645040 0 0 644690 0 0 645024 0 0 0 0 0 0 0 0 0 0 0 644600 0 0 
644498 644598 644582 644492 644530 644590 644588 644562 644536 644628 644626 644666 644672 644614 644498 644344 644382 644686 644650 644584 644568 644508 644724 644700 644742 644622 644606 644580 644422 644450 644706 644716 644570 644586 644530 644320 644798 644682 644602 644554 644492 644324 644306 644814 644530 644342 644196 644826 644832 644486 644158 644812 644514 644508 644440 644272 644244 644866 644908 644890 644914 644796 644780 644686 644424 644922 644924 644944 644948 644450 644970 644946 644420 644368 644958 644542 644996 644898 644854 645064 645048 645028 644968 644942 645038 644938 644824 644854 644838 645100 645126 645090 644944 644812 645134 645152 645064 645036 644888 644816 644712 645152 645078 645000 644992 644858 644782 644730 645088 645130 645104 645010 644942 644674 645072 645028 644932 644878 645062 645054 645054 645078 644862 644818 644592 645014 645048 645030 
0 0 641633 641588 0 0 0 0 0 0 0 0 0 0 641591 641514 0 641685 0 0 0 0 0 0 641713 0 0 0 641553 641567 0 0 0 0 0 0 641741 0 641643 0 0 641504 0 0 641607 641513 0 0 0 641585 0 0 0 0 0 641478 641464 0 0 0 0 0 0 0 641554 0 0 0 0 0 0 0 0 641526 0 0 0 0 0 0 0 0 0 0 0 0 0 641813 0 0 0 0 0 641720 0 0 0 0 0 0 0 0 641953 641886 0 0 0 641631 0 0 641886 0 0 0 0 0 0 0 0 0 0 0 0 0 0 0 0 0 
0 0 0 643044 0 0 0 0 0 0 0 0 0 0 0 642946 0 643141 0 0 0 0 0 0 643313 0 0 0 643033 643071 0 0 0 0 0 0 643365 0 0 0 0 642984 0 0 0 643017 0 0 0 643185 0 0 0 0 0 642982 0 0 0 0 0 0 0 0 643130 0 0 0 0 0 0 0 0 643102 0 0 0 0 0 0 0 0 0 0 0 0 0 643663 0 0 0 0 0 643590 0 0 0 0 0 0 0 0 0 643736 0 0 0 0 0 0 643674 0 0 0 0 0 0 0 0 0 0 0 0 0 0 0 0 0 
643987 644137 644113 643978 644035 644125 644122 644083 644044 644163 644179 644239 644248 644161 643987 643756 643813 644164 644215 644116 644092 0 644247 644290 644353 0 644149 644110 643873 643915 644008 644119 644095 0 644035 643720 644437 644263 644143 644071 643978 643726 643699 644461 644035 643753 643534 0 644488 643969 643477 644458 0 644002 643900 643648 643606 644525 644599 644575 644611 644434 644410 644269 643876 644589 644626 644656 644677 643915 644530 644659 643870 643792 644671 644053 644725 644746 644512 644677 644763 644797 644791 644752 644836 644806 644729 644762 0 644623 644656 644796 644873 644735 644665 0 644846 644874 644825 0 644597 0 644815 644870 644916 644792 644702 644636 644572 644683 644704 644855 644882 644540 644810 0 644844 644834 0 0 644689 0 644816 644768 0 644569 0 644711 
0 0 643171 643036 643093 0 643154 643141 643102 643092 643141 0 643306 643219 643045 642814 642871 643111 643177 0 643150 0 643188 643296 643371 0 643207 0 642931 642973 643035 643096 0 0 643093 0 643391 0 643201 643129 643036 642784 642757 0 643093 642811 642592 0 643516 643027 0 0 0 0 0 642706 642664 0 0 643569 0 0 0 643327 642934 0 643576 0 0 642973 0 0 642928 642850 0 643111 0 0 643443 0 0 0 643664 0 643639 0 0 643659 0 0 643547 0 0 643640 0 0 0 0 643692 0 643500 0 643619 643658 0 643683 0 643527 0 0 643578 0 0 643443 0 0 0 0 0 0 0 0 0 0 0 643533 0 0 
644066 644216 644192 644057 644114 644077 644140 644158 644123 644020 644095 644318 644327 644240 644066 643835 643892 644005 644131 644195 644171 0 644092 644268 644346 0 644228 0 643952 643994 643849 643960 644174 0 644114 643799 644341 644342 644222 644150 644057 643805 643778 644540 644114 643832 643613 0 644496 644048 0 644537 0 644081 643979 643727 643685 644383 644464 644558 644690 644513 644489 644348 643955 644443 644584 644684 0 643994 0 644551 643949 643871 644533 644132 644752 644882 644600 644518 644614 644752 644864 644876 644773 644906 644987 644960 0 0 644497 644659 644912 645092 0 0 644734 644776 644992 0 645013 0 644713 644830 0 645034 645108 645052 0 644557 644590 0 644917 644956 644722 0 0 645013 0 0 0 0 0 645021 0 644455 0 0 
0 0 0 631429 0 0 0 0 0 0 0 0 0 0 631510 631171 0 631303 0 0 0 0 0 0 631901 0 0 0 631360 631438 0 0 0 0 0 0 631928 0 631846 0 0 631213 0 0 0 631276 0 0 0 631636 0 0 0 0 0 631171 631093 0 0 0 0 0 0 0 631507 0 0 0 0 0 0 0 0 631423 0 0 0 0 0 0 0 0 0 0 0 0 0 632722 0 0 0 0 0 632803 0 0 0 0 0 0 0 0 0 632537 0 0 0 632828 0 0 632209 0 0 0 0 0 0 0 0 0 0 0 0 0 0 0 0 0 
643828 643978 643954 643819 643876 643966 643963 643924 643885 644023 644020 644080 644089 644002 643828 643597 643654 644110 644056 643957 643933 0 644167 644131 644194 0 643990 643951 643714 643756 644186 644155 643936 0 643876 643561 644278 644104 643984 643912 643819 643567 643540 644302 643876 643594 643375 0 644329 643810 643318 644299 0 643843 643741 643489 643447 644380 644443 644416 644449 644275 644251 644110 643717 644464 644467 644497 644454 643756 644536 644500 643711 643633 644518 643894 644548 644379 644335 644677 644650 644574 644472 644433 644565 644439 644304 644337 0 644731 644767 644667 644460 644310 644789 0 644616 644586 644400 0 644172 0 644649 644556 644532 644367 644277 644211 644836 644769 644747 644571 644481 644115 644652 0 644478 644409 0 0 644743 0 644397 644343 0 644707 0 644719 
643846 643996 643972 643837 643894 643958 643968 643942 643903 643996 644006 644098 644107 644020 643846 643615 643672 644066 644042 643975 643951 0 644128 644128 644194 0 644008 0 643732 643774 644110 644096 643954 0 643894 643579 644262 644122 644002 643930 643837 643585 643558 644320 643894 643612 643393 0 644332 643828 0 644317 0 643861 643759 643507 643465 644354 644420 644414 644447 644293 644269 644128 643735 644434 644460 644493 0 643774 0 644482 643729 643651 644494 643912 644545 644498 644345 644613 644597 644601 644568 644540 644624 644550 644425 644458 0 0 644675 644663 644558 644426 0 0 644664 644648 644502 0 644293 0 644690 644614 0 644472 644396 644332 0 644764 644755 0 644556 644236 644686 0 0 644492 0 0 0 0 0 644432 0 644671 0 0 
0 0 0 643038 0 0 0 0 0 0 0 0 0 0 0 642816 0 643209 0 0 0 0 0 0 643381 0 0 0 642933 642975 0 0 0 0 0 0 643433 0 0 0 0 642786 0 0 0 642813 0 0 0 643029 0 0 0 0 0 642708 0 0 0 0 0 0 0 0 642936 0 0 0 0 0 0 0 0 642852 0 0 0 0 0 0 0 0 0 0 0 0 0 643759 0 0 0 0 0 643690 0 0 0 0 0 0 0 0 0 643856 0 0 0 0 0 0 643956 0 0 0 0 0 0 0 0 0 0 0 0 0 0 0 0 0 
643904 644054 644030 643895 643952 644042 644039 644000 643961 644099 644096 644156 644165 644078 643904 643673 643730 644179 644132 644033 644009 0 644241 644207 644270 0 644066 644027 643790 643832 644048 644159 644012 0 643952 643637 644354 644180 644060 643988 643895 643643 643616 644378 643952 643670 643451 0 644405 643886 643394 644375 0 643919 643817 643565 643523 644456 644519 644492 644528 644351 644327 644186 643793 644540 644543 644573 644593 643832 644568 644576 643787 643709 644594 643970 644641 644662 644428 644713 644729 644713 644707 644668 644752 644722 644673 644692 0 644663 644696 644801 644791 644679 644704 0 644847 644867 644769 0 644541 0 644854 644901 644863 644736 644646 644580 644611 644722 644743 644898 644850 644484 644851 0 644847 644778 0 0 644728 0 644766 644712 0 644608 0 644752 
644080 644230 644206 644071 644128 644213 644215 644176 644137 644237 644261 0 644341 644254 644080 643849 643906 644222 644297 644209 644185 0 644309 644383 644446 0 644242 0 643966 644008 644066 644177 644188 0 644128 643813 644517 644356 644236 644164 644071 643819 643792 644554 644128 643846 643627 0 644581 644062 0 644551 0 644095 643993 643741 643699 644600 644673 644668 644704 644527 644503 644362 643969 644660 644715 644749 0 644008 0 644737 643963 643885 0 644146 644827 644893 644614 644735 644831 0 644929 644890 644949 0 644959 644947 0 0 644714 0 0 644969 0 0 644951 644990 645055 0 644819 0 644927 645020 0 645036 0 644846 0 0 644807 0 645092 644762 644924 0 0 645051 0 0 0 0 0 644967 0 644672 0 0 
0 0 638285 638132 638075 0 0 638027 638210 637784 637931 0 638582 0 638376 637966 638033 637841 0 0 638581 0 0 638396 638621 0 0 0 638239 638353 0 0 0 0 638594 0 638681 0 638918 638702 638560 638017 637924 0 638758 638110 637601 0 0 638662 0 0 0 0 0 637935 637817 0 0 0 0 0 0 639344 638459 0 0 0 0 0 0 0 638545 638319 0 638994 0 0 639998 0 0 0 0 0 0 0 0 640541 0 0 0 0 0 640727 0 0 0 0 640562 0 0 0 640061 640322 0 0 0 640757 0 0 639866 0 0 640881 0 0 0 0 0 0 0 0 0 0 0 639731 0 0 
644045 644195 644171 644036 644093 644183 644180 644141 644102 644240 644237 0 644306 644219 644045 643814 643871 644326 644273 644174 644150 0 644384 644348 644411 0 644207 0 643931 643973 644307 644356 644153 0 644093 643778 644495 644321 644201 644129 644036 643784 643757 644519 644093 643811 643592 0 644546 644027 0 644516 0 644060 643958 643706 643664 644597 644660 644633 644669 644492 644468 644327 643934 644681 644684 644714 0 643973 0 644717 643928 643850 0 644111 644792 644810 644579 644884 644870 0 644879 644840 644924 0 644736 644781 0 0 644946 0 0 644718 0 0 645023 645017 644832 0 644568 0 645063 644998 0 644787 0 644595 0 0 645033 0 644913 644511 645063 0 0 644817 0 0 0 0 0 644727 0 644898 0 0 
644095 644195 644179 644089 644127 644179 644185 644159 644133 644198 644209 644263 644269 644211 644095 643941 643979 644239 644233 644181 644165 644105 644282 644294 644339 644219 644203 644177 644019 644047 644201 644250 644167 644183 644127 643917 644379 644278 644199 644151 644089 643921 643903 644362 644127 643939 643793 644404 644404 644083 643755 644348 644111 644105 644037 643869 643841 644424 644445 644436 644414 644332 644316 644246 644021 644452 644453 644456 644448 644047 644476 644464 644017 643965 644470 644114 644484 644482 644342 644523 644515 644517 644516 644490 644534 644522 644494 644510 644458 644513 644524 644548 644559 644506 644534 644533 644571 644581 644557 644498 644418 644558 644596 644611 644583 644540 644488 644448 644499 644544 644555 644616 644584 644380 644599 644621 644579 644552 644510 644530 644554 644590 644544 644522 644248 644510 644527 644566 
643928 644064 644048 643928 643972 644020 644030 644004 643990 644055 644068 644180 644174 644104 643937 643706 643763 644052 644104 644066 644042 0 644139 644190 644256 0 644099 644060 643823 643865 643896 644007 644045 0 643985 643670 644324 644213 644093 644021 643928 643676 643649 644400 643985 643703 643484 0 644394 643919 643427 644408 0 643952 643850 643598 643556 644414 644482 644476 644545 644384 644360 644219 643826 644488 644522 644566 644603 643865 644418 644544 643820 643742 644556 644003 644627 644673 644456 644565 644658 644683 644695 644669 644717 644713 644743 644725 0 644511 644541 644679 644767 644771 644547 0 644730 644760 644807 0 644667 0 644697 644790 644810 644815 644741 644689 644454 644565 644586 644775 644857 644610 644694 0 644858 644837 0 0 644571 0 644821 644777 0 644451 0 644595 
643988 644138 644114 643979 644036 644113 644123 644084 644045 644110 644161 0 644249 644162 643988 643757 643814 644108 644197 644117 644093 0 644194 644283 644349 0 644150 0 643874 643916 643952 644063 644096 0 644036 643721 644415 644264 644144 644072 643979 643727 643700 644462 644036 643754 643535 0 644487 643970 0 644459 0 644003 643901 643649 643607 644472 644550 644569 644612 644435 644411 644270 643877 644536 644615 644657 0 643916 0 644632 643871 643793 0 644054 644735 644804 644522 644621 644710 0 644837 644798 644847 0 644906 644882 0 0 644600 0 0 644995 0 0 644837 644878 644996 0 644887 0 644816 644933 0 645013 0 644916 0 0 644693 0 645005 644830 644825 0 0 645056 0 0 0 0 0 645029 0 644558 0 0 
643718 643804 643796 643727 643746 643764 643775 643762 643761 643783 643794 643886 643877 643836 643754 643641 643660 643824 643818 643821 643813 643771 643867 643879 643924 643864 643844 643831 643704 643730 643840 643839 643826 643846 643794 643621 643964 643918 643866 643818 643775 643625 643607 643996 643818 643643 643497 643990 644005 643787 643459 643995 643815 643809 643741 643573 643545 644022 644043 644034 644046 643987 643979 643932 643725 644050 644051 644061 644075 643751 644074 644062 643721 643669 644068 643831 644087 644048 644016 644121 644113 644115 644083 644070 644118 644068 644011 644026 644018 644139 644152 644146 644071 644005 644190 644167 644131 644117 644043 644007 643955 644176 644138 644099 644095 644028 643990 643964 644201 644190 644179 644104 644070 643936 644135 644113 644065 644038 644224 644204 644180 644144 644030 644008 643855 644200 644207 644168 
644390 644490 644474 644384 644422 644482 644480 644454 644428 644520 644518 644558 644564 644506 644390 644236 644274 644578 644542 644476 644460 644400 644616 644592 644634 644514 644498 644472 644314 644342 644634 644608 644462 644478 644422 644212 644690 644574 644494 644446 644384 644216 644198 644706 644422 644234 644088 644718 644724 644378 644050 644704 644406 644400 644332 644164 644136 644758 644800 644782 644806 644688 644672 644578 644316 644814 644816 644836 644864 644342 644862 644838 644312 644260 644850 644434 644888 644866 644746 644956 644940 644944 644934 644908 644978 644906 644792 644822 644806 644992 645018 645006 644912 644780 645094 645048 645030 645004 644856 644784 644680 645094 645046 644968 644960 644826 644750 644698 645098 645122 645126 644978 644910 644642 645040 644996 644900 644846 645142 645148 645126 645058 644830 644786 644560 645120 645148 645102 
643826 643976 643952 643817 643874 643964 643961 643922 643883 644021 644018 644078 644087 644000 643826 643595 643652 644108 644054 643955 643931 0 644165 644129 644192 0 643988 643949 643712 643754 644155 644141 643934 0 643874 643559 644276 644102 643982 643910 643817 643565 643538 644300 643874 643592 643373 0 644327 643808 643316 644297 0 643841 643739 643487 643445 644378 644441 644414 644441 644273 644249 644108 643715 644462 644465 644495 644504 643754 644527 644498 643709 643631 644516 643892 644552 644547 644339 644669 644642 644624 644616 644577 644663 644607 644484 644517 0 644705 644734 644717 644640 644490 644809 0 644760 644754 644580 0 644352 0 644804 644736 644712 644547 644457 644391 644802 644835 644858 644748 644661 644295 644810 0 644658 644589 0 0 644871 0 644577 644523 0 644805 0 644859 
644392 644492 644476 644386 644424 644484 644482 644456 644430 644522 644520 644560 644566 644508 644392 644238 644276 644580 644544 644478 644462 644402 644618 644594 644636 644516 644500 644474 644316 644344 644630 644610 644464 644480 644424 644214 644692 644576 644496 644448 644386 644218 644200 644708 644424 644236 644090 644720 644726 644380 644052 644706 644408 644402 644334 644166 644138 644760 644802 644784 644808 644690 644674 644580 644318 644816 644818 644838 644866 644344 644864 644840 644314 644262 644852 644436 644890 644936 644748 644958 644942 644946 644958 644932 644980 644976 644888 644918 644900 644994 645020 645008 645006 644876 645086 645050 645054 645074 644952 644880 644776 645096 645116 645064 645054 644922 644846 644794 645024 645110 645134 645074 645006 644738 645134 645092 644996 644942 645046 645086 645134 645152 644926 644882 644656 645046 645080 645134 
643873 644017 643999 643864 643921 643973 643983 643957 643930 643973 644021 644125 644127 644047 643873 643642 643699 643967 644057 644002 643978 0 644054 644143 644209 0 644035 643996 643759 643801 643811 643922 643981 0 643921 643606 644273 644149 644029 643957 643864 643612 643585 644347 643921 643639 643420 0 644347 643855 643363 644344 0 643888 643786 643534 643492 644335 644413 644429 644497 644320 644296 644155 643762 644399 644475 644519 644562 643801 644333 644489 643756 643678 644483 643939 644586 644632 644398 644480 644573 644642 644654 644628 644672 644672 644701 644684 0 644426 644459 644600 644726 644786 644468 0 644651 644681 644766 0 644697 0 644618 644711 644728 644784 644788 644736 644375 644486 644507 644696 644778 644640 644615 0 644788 644840 0 0 644492 0 644842 644824 0 644372 0 644516 
643959 644109 644085 643950 644007 644076 644088 644055 644016 644048 644110 0 644220 644133 643959 643728 643785 644035 644146 644088 644064 0 644122 644248 644314 0 644121 0 643845 643887 643879 643990 644067 0 644007 643692 644358 644235 644115 644043 643950 643698 643671 644433 644007 643725 643506 0 644452 643941 0 644430 0 643974 643872 643620 643578 644410 644488 644534 644583 644406 644382 644241 643848 644473 644579 644624 0 643887 0 644570 643842 643764 0 644025 644700 644775 644493 644548 644644 0 644804 644769 644790 0 644880 644853 0 0 644527 0 0 645006 0 0 644764 644806 644964 0 644925 0 644743 644860 0 644994 0 645009 0 0 644620 0 644946 644868 644752 0 0 645034 0 0 0 0 0 645100 0 644485 0 0 
643589 643637 643653 643628 643609 643501 643551 643577 643642 643463 643513 643757 643707 643711 643697 643666 643647 643453 643537 643726 643734 643728 643511 643631 643685 643779 643751 643764 643699 643721 643349 643423 643769 643797 643753 643714 643677 643821 643825 643777 643772 643748 643721 643899 643825 643775 643684 643697 643787 643847 643665 643936 643869 643872 643834 643758 643732 643705 643759 643825 643993 643944 643952 643927 643842 643745 643839 643915 644031 643901 643697 643817 643892 643842 643805 643963 643959 644093 644059 643795 643859 643951 644035 644061 643965 644053 644105 644111 644127 643759 643781 643889 644035 644045 643801 643799 643939 643955 644041 644077 644092 643849 643913 643965 643987 644035 644039 644055 643731 643821 643843 643955 643987 644111 643907 643937 643961 643979 643753 643793 643829 643889 643959 643967 644248 643753 643787 643841 
0 0 643570 643435 643492 0 0 0 643501 643533 643556 0 643699 0 643444 643213 643270 643586 0 0 643549 0 0 0 643758 0 0 0 643330 643372 0 0 0 0 643492 0 643802 0 643592 643528 643435 643183 643156 0 643492 643210 642991 0 0 643426 0 0 0 0 0 643105 643063 0 0 0 0 0 0 643622 643333 0 0 0 0 0 0 0 643319 643249 0 643430 0 0 0 0 0 0 0 0 0 0 0 643820 0 0 0 0 0 643731 0 0 0 0 643817 0 0 0 643984 643897 0 0 0 643634 0 0 644029 0 0 0 0 0 0 0 0 0 0 0 0 0 0 644074 0 0 
643040 643126 643118 643049 643068 643086 643097 643084 643083 643105 643116 643208 643199 643158 643076 642963 642982 643146 643140 643143 643135 643093 643189 643201 643246 643186 643166 643153 643026 643052 643162 643161 643148 643168 643116 642963 643286 643240 643188 643140 643097 642977 642956 643354 643140 642998 642889 643312 643339 643118 642870 643365 643144 643141 643083 642963 642937 643344 643389 643392 643452 643357 643349 643278 643075 643396 643421 643455 643505 643112 643420 643432 643097 643047 643438 643194 643505 643566 643434 643515 643519 643545 643575 643562 643574 643586 643530 643545 643537 643533 643558 643576 643590 643524 643620 643585 643623 643635 643562 643526 643474 643632 643656 643618 643614 643547 643509 643483 643619 643646 643671 643623 643589 643455 643654 643632 643584 643557 643672 643696 643698 643663 643549 643527 643414 643684 643699 643687 
643755 643905 643881 643746 643803 643888 643890 643851 643812 643926 643936 644007 644016 643929 643755 643524 643581 643996 643972 643884 643860 0 644058 644058 644121 0 643917 643878 643641 643683 644040 644026 643863 0 643803 643488 644192 644031 643911 643839 643746 643494 643467 644229 643803 643521 643302 0 644256 643737 643245 644226 0 643770 643668 643416 643374 644284 644350 644343 644379 644202 644178 644037 643644 644364 644390 644424 644466 643683 644412 644412 643638 643560 644424 643821 644502 644538 644289 644554 644550 644578 644583 644544 644615 644598 644543 644576 0 644590 644628 644640 644665 644549 644728 0 644689 644709 644639 0 644411 0 644751 644753 644713 644606 644516 644450 644716 644759 644785 644763 644695 644354 644793 0 644685 644631 0 0 644827 0 644615 644571 0 644751 0 644851 
