644799 644781 644790 644767 644801 644775 644722 644735 644746 644754 644722 644728 644714 644702 644718 644713 644646 644688 644661 644695 644698 644708 644690 644704 644628 644670 644675 644623 644654 644663 644670 644678 644665 644670 644670 644662 644609 644578 644370 644517 644558 644603 644349 644091 644065 643995 643937 643961 643655 643285 642935 642869 642881 642811 642739 642625 642069 641979 642019 641903 641847 641809 641805 641725 641733 641687 641613 641619 641549 641535 641571 641559 641547 641553 641511 641521 641503 641511 641519 641513 641525 641513 641519 641501 641499 641511 641477 641469 641459 641459 641439 641423 641435 641431 641409 641419 641395 641403 641407 641614 641363 641373 641357 641391 641359 641371 641377 641339 641345 641419 641470 641317 641329 641309 641301 641295 641317 641325 641287 641271 641269 641275 641287 641295 641289 641243 641241 641263 
0 645116 0 644985 645058 0 644918 644931 644895 645053 644892 644975 644832 0 0 0 644736 644790 644745 644742 644793 0 644861 644903 0 0 0 0 644688 644679 0 644691 0 0 0 0 644625 644604 644396 644457 644472 644535 644121 643899 643857 643683 0 643581 643315 642760 642235 642136 642154 642049 641941 641770 640936 640801 640861 640687 640603 640546 640540 640420 640432 640363 640259 640261 640156 0 0 640171 0 0 640099 0 0 0 0 0 0 0 0 0 640081 640099 0 640036 640021 640021 0 0 639985 639979 0 639961 0 0 639943 640115 0 0 0 639919 639871 0 0 0 0 639843 639888 0 0 0 639784 639775 0 0 639763 639739 0 0 0 0 0 639697 0 639727 
0 645091 645139 645095 645103 645057 645021 645023 644993 644989 644997 644937 644957 644885 644917 644907 644893 644929 644899 644891 644877 644897 644861 644889 644857 644821 644831 644847 644861 644855 644821 644857 644811 644821 644821 644805 644819 644805 644713 644707 644717 644759 644483 644335 644307 644191 644123 644123 644043 643673 643323 643257 643269 643199 643127 643013 642457 642367 642407 642291 642235 642193 642193 642113 642121 642075 641953 642007 641937 0 0 641947 0 0 641899 0 0 0 0 0 0 0 0 0 641887 641899 0 641857 641847 641847 641827 0 641823 641819 0 641807 0 0 641795 641697 641751 0 0 641779 641747 0 0 0 0 641631 641661 0 0 0 641689 641683 0 0 641675 641659 0 0 0 0 0 641631 0 641651 
0 0 0 644932 644965 0 644932 644949 644902 644964 644936 0 644903 0 0 0 0 644887 0 644800 644810 0 0 0 0 0 0 0 644819 644801 0 644766 0 0 0 0 644801 644802 644573 644704 644699 644717 644480 644332 0 644188 0 644120 643851 643481 643131 643065 643077 643007 642935 642821 642265 642175 642215 0 0 642005 0 641921 0 0 641819 641815 0 0 0 0 0 0 641707 0 0 0 0 0 0 0 0 0 0 0 0 0 641655 641655 0 0 641631 641627 0 0 0 0 0 641702 0 0 0 0 0 0 0 0 0 641628 641658 0 0 0 0 0 0 0 0 0 0 0 0 0 0 641439 0 0 
0 0 0 644859 644910 0 644861 644895 644888 644928 644903 0 644877 0 0 0 0 644861 0 644786 644796 0 0 0 0 0 0 0 644793 644775 0 644752 0 0 0 0 644775 644785 644509 644687 644673 644691 644463 644315 0 644171 0 644103 643787 643417 643067 643001 643013 642943 642871 642757 642201 642111 642151 0 0 641941 0 641857 0 0 641755 641751 0 0 0 0 0 0 641643 0 0 0 0 0 0 0 0 0 0 0 0 0 641591 641591 0 0 641567 641563 0 0 0 0 0 641688 0 0 0 0 0 0 0 0 0 641611 641641 0 0 0 0 0 0 0 0 0 0 0 0 0 0 641375 0 0 
0 644821 644878 644926 644965 645019 644922 644979 644952 644848 645016 644782 644973 644790 644834 644823 644917 644948 644915 644799 644778 644808 644754 644782 644864 644694 644709 644849 644846 644820 644694 644748 644679 644694 644690 644650 644807 644810 644399 644675 644654 644693 644350 644128 644086 643912 643810 643810 643316 642750 642236 642137 642155 642050 641942 641771 640937 640802 640862 640688 640604 640547 640541 640421 640433 640364 640268 640262 640157 0 0 640172 0 0 640100 0 0 0 0 0 0 0 0 0 640082 640100 0 640037 640022 640022 639992 0 639986 639980 0 639962 0 0 639944 640008 639878 0 0 639920 639872 0 0 0 0 640072 640117 0 0 0 639785 639776 0 0 639764 639740 0 0 0 0 0 639698 0 639728 
0 0 0 0 0 0 644358 0 644293 644203 644406 0 644342 0 0 0 0 644350 0 644163 644158 0 0 0 0 0 0 0 644276 644218 0 644095 0 0 0 0 644282 644271 643708 644147 644095 644086 643714 643342 0 643133 0 643000 642264 641503 640824 640692 640716 640576 640432 640204 639092 638912 638992 0 0 638572 0 638404 0 0 638200 638192 0 0 0 0 0 0 637976 0 0 0 0 0 0 0 0 0 0 0 0 0 637872 637872 0 0 637824 637816 0 0 0 0 0 637841 0 0 0 0 0 0 0 0 0 637997 638076 0 0 0 0 0 0 0 0 0 0 0 0 0 0 637440 0 0 
0 0 0 644768 644778 0 644807 644823 644764 644660 644836 0 644794 0 0 0 0 644802 0 644641 644635 0 0 0 0 0 0 0 644731 644674 0 644590 0 0 0 0 644717 644703 644297 644583 644564 644578 644247 643991 0 643809 0 643707 643237 642682 642157 642058 642076 641971 641863 641692 640858 640723 640783 0 0 640468 0 640342 0 0 640163 640183 0 0 0 0 0 0 640021 0 0 0 0 0 0 0 0 0 0 0 0 0 639943 639943 0 0 639907 639901 0 0 0 0 0 639865 0 0 0 0 0 0 0 0 0 639967 640014 0 0 0 0 0 0 0 0 0 0 0 0 0 0 639619 0 0 
0 0 0 0 0 0 644689 0 645055 644765 644833 0 644990 0 0 0 0 644944 0 644920 644944 0 0 0 0 0 0 0 644882 644870 0 644852 0 0 0 0 644798 644756 643913 644574 644594 644678 644126 643739 0 643542 0 643406 642469 641729 641029 640897 640921 640781 640637 640409 639297 639117 639197 0 0 638777 0 638609 0 0 638405 638397 0 0 0 0 0 0 638181 0 0 0 0 0 0 0 0 0 0 0 0 0 638077 638077 0 0 638029 638021 0 0 0 0 0 638590 0 0 0 0 0 0 0 0 0 638422 638482 0 0 0 0 0 0 0 0 0 0 0 0 0 0 637645 0 0 
0 0 0 0 0 0 644380 0 644476 644570 644404 0 644428 0 0 0 0 644404 0 644441 644475 0 0 0 0 0 0 0 644402 644399 0 644407 0 0 0 0 644356 644308 643878 644251 644261 644300 643947 643565 0 643472 0 643404 642795 642239 641715 641616 641634 641529 641421 641250 640416 640281 640341 0 0 640026 0 639900 0 0 639747 639741 0 0 0 0 0 0 639579 0 0 0 0 0 0 0 0 0 0 0 0 0 639501 639501 0 0 639465 639459 0 0 0 0 0 639918 0 0 0 0 0 0 0 0 0 639605 639682 0 0 0 0 0 0 0 0 0 0 0 0 0 0 639177 0 0 
0 0 0 0 0 0 644687 0 644614 644558 644728 0 644656 0 0 0 0 644650 0 644420 644416 0 0 0 0 0 0 0 644525 644465 0 644352 0 0 0 0 644500 644496 643986 644312 644296 644321 643870 643560 0 643286 0 643150 642542 641796 641102 640970 640994 640854 640710 640482 639370 639190 639270 0 0 638850 0 638682 0 0 638478 638470 0 0 0 0 0 0 638254 0 0 0 0 0 0 0 0 0 0 0 0 0 638150 638150 0 0 638102 638094 0 0 0 0 0 638098 0 0 0 0 0 0 0 0 0 638166 638226 0 0 0 0 0 0 0 0 0 0 0 0 0 0 637718 0 0 
0 644809 0 644776 644857 0 644767 644813 644797 644915 644813 644939 644773 0 0 0 644709 644745 644715 644654 644681 0 644845 644909 0 0 0 0 644654 644633 0 644603 0 0 0 0 644615 644618 644222 644472 644462 644501 644136 643900 643860 643698 0 643596 643139 642584 642059 641960 641978 641873 641765 641594 640760 640625 640685 640511 640427 640370 640364 640244 640256 640187 640091 640085 639980 0 0 639995 0 0 639923 0 0 0 0 0 0 0 0 0 639905 639923 0 639860 639845 639845 0 0 639809 639803 0 639785 0 0 639767 640055 0 0 0 639743 639695 0 0 0 0 639858 639903 0 0 0 639608 639599 0 0 639587 639563 0 0 0 0 0 639521 0 639551 
0 0 0 0 0 0 644814 0 645058 644748 644958 0 645080 0 0 0 0 645034 0 644893 644865 0 0 0 0 0 0 0 644939 644921 0 644825 0 0 0 0 644855 644814 644038 644631 644651 644735 644183 643840 0 643599 0 643463 642594 641854 641154 641022 641046 640906 640762 640534 639422 639242 639322 0 0 638902 0 638734 0 0 638530 638522 0 0 0 0 0 0 638306 0 0 0 0 0 0 0 0 0 0 0 0 0 638202 638202 0 0 638154 638146 0 0 0 0 0 638505 0 0 0 0 0 0 0 0 0 638479 638539 0 0 0 0 0 0 0 0 0 0 0 0 0 0 637770 0 0 
0 644769 644706 644680 644793 644809 644647 644716 644941 644916 644755 644935 644875 645040 645019 645029 644759 644843 644803 644803 644842 645037 645038 645007 644749 644987 645002 644738 644759 644750 644758 644752 644972 645032 644982 644867 644696 644673 644065 644528 644543 644606 644192 643937 643905 643754 643652 643652 642982 642427 641902 641803 641821 641716 641608 641437 640603 640468 640528 640354 640270 640213 640207 640087 640099 640030 639934 639928 639823 0 0 639838 0 0 639766 0 0 0 0 0 0 0 0 0 639748 639766 0 639703 639688 639688 639658 0 639652 639646 0 639628 0 0 639610 640252 639544 0 0 639586 639538 0 0 0 0 639914 639959 0 0 0 639451 639442 0 0 639430 639406 0 0 0 0 0 639364 0 639394 
0 644898 644835 644805 644922 644934 644772 644841 644975 645031 644880 644979 644918 645053 645084 645072 644822 644876 644831 644822 644861 645057 645017 645043 644768 644957 644972 644753 644774 644765 644777 644771 644942 644957 644954 644889 644711 644690 644190 644543 644558 644621 644207 643985 643943 643769 643667 643667 643107 642552 642027 641928 641946 641841 641733 641562 640728 640593 640653 640479 640395 640338 640332 640212 640224 640155 640059 640053 639948 0 0 639963 0 0 639891 0 0 0 0 0 0 0 0 0 639873 639891 0 639828 639813 639813 639783 0 639777 639771 0 639753 0 0 639735 640257 639669 0 0 639711 639663 0 0 0 0 639929 639974 0 0 0 639576 639567 0 0 639555 639531 0 0 0 0 0 639489 0 639519 
0 644677 644638 644650 644725 644755 644648 644705 644830 644800 644744 644782 644812 644878 644894 644888 644755 644791 644761 644728 644750 644878 644854 644854 644719 644814 644824 644709 644723 644710 644684 644690 644804 644824 644808 644702 644681 644667 644139 644569 644562 644601 644259 643982 643942 643814 643722 643732 643056 642476 641976 641877 641895 641790 641682 641511 640677 640542 640602 640428 640344 640287 640281 640161 640173 640104 640008 640002 639897 0 0 639912 0 0 639840 0 0 0 0 0 0 0 0 0 639822 639840 0 639777 639762 639762 639732 0 639726 639720 0 639702 0 0 639684 640142 639618 0 0 639660 639612 0 0 0 0 639958 640024 0 0 0 639525 639516 0 0 639504 639480 0 0 0 0 0 639438 0 639468 
0 0 0 644854 644833 0 644959 644962 644982 644716 645001 0 645052 0 0 0 645096 645090 645120 644858 644837 0 0 0 0 0 0 0 645020 644939 0 644807 0 0 0 0 645045 645037 644412 644890 644892 644867 644554 644287 0 644116 0 644014 643329 642774 642249 642150 642168 642063 641955 641784 640950 640815 640875 0 640617 640560 640554 640434 640446 0 640281 640275 640170 0 0 640185 0 0 640113 0 0 0 0 0 0 0 0 0 0 0 0 640050 640035 640035 0 0 639999 639993 0 639975 0 0 0 640067 0 0 0 0 0 0 0 0 0 640276 640321 0 0 0 639798 639789 0 0 0 639753 0 0 0 0 0 639711 0 639741 
0 0 0 0 0 0 644790 0 644928 644594 644916 0 645006 0 0 0 0 645014 0 644834 644796 0 0 0 0 0 0 0 644956 644918 0 644800 0 0 0 0 644884 644822 644014 644700 644776 644845 644326 643830 0 643656 0 643585 642570 641830 641130 640998 641022 640882 640738 640510 639398 639218 639298 0 0 638878 0 638710 0 0 638506 638498 0 0 0 0 0 0 638282 0 0 0 0 0 0 0 0 0 0 0 0 0 638178 638178 0 0 638130 638122 0 0 0 0 0 638518 0 0 0 0 0 0 0 0 0 638504 638606 0 0 0 0 0 0 0 0 0 0 0 0 0 0 637746 0 0 
0 0 0 644845 644824 0 644935 644944 644962 644707 644983 0 645034 0 0 0 645080 645061 645085 644860 644839 0 0 0 0 0 0 0 645013 644941 0 644809 0 0 0 0 645042 645004 644386 644875 644890 644860 644539 644254 0 644101 0 643999 643303 642748 642223 642124 642142 642037 641929 641758 640924 640789 640849 0 640591 640534 640528 640408 640420 0 640255 640249 640144 0 0 640159 0 0 640087 0 0 0 0 0 0 0 0 0 0 0 0 640024 640009 640009 0 0 639973 639967 0 639949 0 0 0 640069 0 0 0 0 0 0 0 0 0 640258 640306 0 0 0 639772 639763 0 0 0 639727 0 0 0 0 0 639685 0 639715 
0 0 0 0 0 0 644512 0 644903 644649 644656 0 644832 0 0 0 0 644792 0 645019 645048 0 0 0 0 0 0 0 644912 644963 0 644976 0 0 0 0 644807 644656 643736 644673 644721 644805 644253 643580 0 643623 0 643533 642292 641552 640852 640720 640744 640604 640460 640232 639120 638940 639020 0 0 638600 0 638432 0 0 638228 638220 0 0 0 0 0 0 638004 0 0 0 0 0 0 0 0 0 0 0 0 0 637900 637900 0 0 637852 637844 0 0 0 0 0 638778 0 0 0 0 0 0 0 0 0 638417 638578 0 0 0 0 0 0 0 0 0 0 0 0 0 0 637468 0 0 
0 0 0 0 0 0 644215 0 644547 644326 644335 0 644487 0 0 0 0 644471 0 644627 644656 0 0 0 0 0 0 0 644551 644582 0 644606 0 0 0 0 644497 644415 643564 644436 644453 644492 644110 643408 0 643415 0 643363 642120 641351 640680 640548 640572 640432 640288 640060 638948 638768 638848 0 0 638428 0 638260 0 0 638056 638048 0 0 0 0 0 0 637832 0 0 0 0 0 0 0 0 0 0 0 0 0 637728 637728 0 0 637680 637672 0 0 0 0 0 638501 0 0 0 0 0 0 0 0 0 638210 638370 0 0 0 0 0 0 0 0 0 0 0 0 0 0 637296 0 0 
0 644767 644693 644657 644780 644786 644624 644693 644944 644903 644732 644897 644864 645023 645011 645026 644744 644834 644804 644836 644886 645040 645044 644969 644758 645004 645014 644748 644782 644773 644802 644785 644992 645020 644975 644877 644719 644682 644042 644551 644566 644629 644215 643925 643895 643777 643675 643675 642959 642404 641879 641780 641798 641693 641585 641414 640580 640445 640505 640331 640247 640190 640184 640064 640076 640007 639911 639905 639800 0 0 639815 0 0 639743 0 0 0 0 0 0 0 0 0 639725 639743 0 639680 639665 639665 639635 0 639629 639623 0 639605 0 0 639587 640285 639521 0 0 639563 639515 0 0 0 0 639936 639982 0 0 0 639428 639419 0 0 639407 639383 0 0 0 0 0 639341 0 639371 
0 0 0 642105 642187 0 642083 642129 642297 642299 642155 0 642243 0 0 0 642163 642223 642205 642383 642407 0 642403 0 0 0 0 0 642291 642335 0 642383 0 0 0 0 642237 642155 641695 642191 642263 642311 642167 641617 641597 641663 0 641663 640973 640603 640253 640187 640199 640129 640057 639943 639387 639297 639337 639221 639165 639127 639123 639043 639051 639005 638941 638937 638867 0 0 638877 0 0 638829 0 0 0 0 0 0 0 0 0 0 638829 0 638787 638777 638777 0 0 638753 638749 0 638737 0 0 638725 642477 0 0 0 638709 638677 0 0 0 0 639041 639143 0 0 0 638619 638613 0 0 638605 638589 0 0 0 0 0 638561 0 638581 
0 644740 0 644696 644788 0 644687 644744 644834 644863 644783 644893 644799 0 0 0 644735 644771 644741 644683 644710 0 644878 644946 0 0 0 0 644672 644651 0 644632 0 0 0 0 644633 644636 644166 644501 644480 644519 644177 643950 643910 643740 0 643638 643083 642515 642003 641904 641922 641817 641709 641538 640704 640569 640629 640455 640371 640314 640308 640188 640200 640131 640035 640029 639924 0 0 639939 0 0 639867 0 0 0 0 0 0 0 0 0 639849 639867 0 639804 639789 639789 0 0 639753 639747 0 639729 0 0 639711 640084 0 0 0 639687 639639 0 0 0 0 639900 639945 0 0 0 639552 639543 0 0 639531 639507 0 0 0 0 0 639465 0 639495 
0 644633 644647 644695 644705 644745 644745 644755 644813 644675 644781 644655 644833 644743 644747 644757 644860 644848 644863 644785 644783 644765 644759 644703 644883 644767 644772 644888 644856 644815 644727 644751 644762 644731 644699 644643 644882 644839 644394 644776 644784 644755 644552 644316 644296 644260 644192 644192 643672 643302 642952 642886 642898 642828 642756 642642 642086 641996 642036 641920 641864 641826 641822 641742 641750 641704 641640 641636 641566 0 0 641576 0 0 641528 0 0 0 0 0 0 0 0 0 641516 641528 0 641486 641476 641476 641456 0 641452 641448 0 641436 0 0 641424 641639 641380 0 0 641408 641376 0 0 0 0 641694 641730 0 0 0 641318 641312 0 0 641304 641288 0 0 0 0 0 641260 0 641280 
0 644597 644558 644570 644645 644675 644584 644630 644810 644720 644669 644738 644777 644852 644828 644843 644716 644771 644767 644840 644862 644858 644888 644810 644770 644936 644931 644785 644840 644822 644784 644790 644939 644862 644790 644670 644807 644728 644073 644697 644678 644706 644375 643956 643926 643940 643846 643846 642990 642412 641910 641811 641829 641724 641616 641445 640611 640476 640536 640362 640278 640221 640215 640095 640107 640038 639942 639936 639831 0 0 639846 0 0 639774 0 0 0 0 0 0 0 0 0 639756 639774 0 639711 639696 639696 639666 0 639660 639654 0 639636 0 0 639618 640242 639552 0 0 639594 639546 0 0 0 0 640076 640150 0 0 0 639459 639450 0 0 639438 639414 0 0 0 0 0 639372 0 639402 
0 644627 644564 644552 644651 644669 644543 644600 644816 644774 644639 644769 644759 644895 644882 644897 644675 644741 644726 644816 644855 644912 644931 644841 644729 644968 644968 644744 644785 644777 644771 644765 644958 644895 644847 644727 644743 644680 643990 644608 644606 644645 644272 643873 643843 643832 643732 643732 642907 642352 641827 641728 641746 641641 641533 641362 640528 640393 640453 640279 640195 640138 640132 640012 640024 639955 639859 639853 639748 0 0 639763 0 0 639691 0 0 0 0 0 0 0 0 0 639673 639691 0 639628 639613 639613 639583 0 639577 639571 0 639553 0 0 639535 640265 639469 0 0 639511 639463 0 0 0 0 639976 640039 0 0 0 639376 639367 0 0 639355 639331 0 0 0 0 0 639289 0 639319 
0 644620 644634 644682 644692 644732 644732 644742 644802 644662 644768 644642 644820 644730 644734 644744 644848 644836 644852 644770 644766 644754 644744 644690 644864 644738 644743 644864 644827 644800 644712 644736 644733 644720 644686 644630 644854 644822 644386 644766 644770 644740 644542 644308 644288 644246 644182 644182 643664 643294 642944 642878 642890 642820 642748 642634 642078 641988 642028 641912 641856 641818 641814 641734 641742 641696 641632 641628 641558 0 0 641568 0 0 641520 0 0 0 0 0 0 0 0 0 641508 641520 0 641478 641468 641468 641448 0 641444 641440 0 641428 0 0 641416 641624 641372 0 0 641400 641368 0 0 0 0 641670 641720 0 0 0 641310 641304 0 0 641296 641280 0 0 0 0 0 641252 0 641272 
0 0 0 0 0 0 644231 0 644489 644125 644375 0 644525 0 0 0 0 644511 0 644581 644555 0 0 0 0 0 0 0 644633 644635 0 644547 0 0 0 0 644537 644375 643455 644369 644451 644541 644121 643299 0 643325 0 643257 642011 641271 640571 640439 640463 640323 640179 639951 638839 638659 638739 0 0 638319 0 638151 0 0 637947 637939 0 0 0 0 0 0 637723 0 0 0 0 0 0 0 0 0 0 0 0 0 637619 637619 0 0 637571 637563 0 0 0 0 0 639109 0 0 0 0 0 0 0 0 0 638147 638275 0 0 0 0 0 0 0 0 0 0 0 0 0 0 637187 0 0 
0 0 0 0 0 0 644665 0 644845 644497 644785 0 644903 0 0 0 0 644895 0 644937 644889 0 0 0 0 0 0 0 644963 645001 0 644910 0 0 0 0 644909 644808 643947 644831 644862 644898 644428 643771 0 643771 0 643708 642503 641763 641063 640931 640955 640815 640671 640443 639331 639151 639231 0 0 638811 0 638643 0 0 638439 638431 0 0 0 0 0 0 638215 0 0 0 0 0 0 0 0 0 0 0 0 0 638111 638111 0 0 638063 638055 0 0 0 0 0 638590 0 0 0 0 0 0 0 0 0 638555 638735 0 0 0 0 0 0 0 0 0 0 0 0 0 0 637679 0 0 
0 644523 644520 644515 644607 644632 644506 644563 644772 644550 644602 644484 644722 644634 644658 644673 644638 644704 644689 644925 644922 644688 644670 644556 644692 644730 644715 644707 644806 644875 644982 644962 644745 644586 644514 644394 644749 644650 644020 644737 644856 644897 644555 643903 643873 643975 643933 644041 642937 642334 641857 641758 641776 641671 641563 641392 640558 640423 640483 640309 640225 640168 640162 640042 640054 639985 639889 639883 639778 0 0 639793 0 0 639721 0 0 0 0 0 0 0 0 0 639703 639721 0 639658 639643 639643 639613 0 639607 639601 0 639583 0 0 639565 640330 639499 0 0 639541 639493 0 0 0 0 640039 640210 0 0 0 639406 639397 0 0 639385 639361 0 0 0 0 0 639319 0 639349 
0 0 0 0 0 0 0 0 0 0 0 0 0 0 0 0 0 0 0 0 0 0 0 0 0 0 0 0 0 0 0 644704 0 0 0 0 0 0 643512 0 644586 0 644292 643356 0 643428 0 643428 642068 641328 640628 640496 640520 640380 640236 640008 638896 638716 638796 0 0 638376 0 638208 0 0 638004 637996 0 0 0 0 0 0 637780 0 0 0 0 0 0 0 0 0 0 0 0 0 637676 637676 0 0 637628 637620 0 0 0 0 0 639052 0 0 0 0 0 0 0 0 0 638204 638396 0 0 0 0 0 0 0 0 0 0 0 0 0 0 637244 0 0 
0 644687 644606 644570 644693 644699 644537 644606 644858 644833 644645 644851 644777 644965 644941 644956 644657 644747 644720 644919 644969 644971 645001 644923 644711 645048 645038 644723 644829 644856 644886 644868 645058 644977 644907 644787 644751 644645 643955 644634 644649 644712 644298 643838 643808 643857 643758 643758 642872 642317 641792 641693 641711 641606 641498 641327 640493 640358 640418 640244 640160 640103 640097 639977 639989 639920 639824 639818 639713 0 0 639728 0 0 639656 0 0 0 0 0 0 0 0 0 639638 639656 0 639593 639578 639578 639548 0 639542 639536 0 639518 0 0 639500 640385 639434 0 0 639476 639428 0 0 0 0 639959 640065 0 0 0 639341 639332 0 0 639320 639296 0 0 0 0 0 639254 0 639284 
0 644611 644548 644536 644635 644653 644526 644584 644782 644758 644623 644800 644728 644890 644858 644868 644635 644708 644689 644718 644752 644878 644914 644872 644663 644888 644898 644655 644682 644676 644679 644673 644878 644930 644918 644816 644627 644589 643944 644479 644501 644553 644150 643813 643781 643699 643607 643610 642861 642306 641781 641682 641700 641595 641487 641316 640482 640347 640407 640233 640149 640092 640086 639966 639978 639909 639813 639807 639702 0 0 639717 0 0 639645 0 0 0 0 0 0 0 0 0 639627 639645 0 639582 639567 639567 639537 0 639531 639525 0 639507 0 0 639489 640173 639423 0 0 639465 639417 0 0 0 0 639843 639909 0 0 0 639330 639321 0 0 639309 639285 0 0 0 0 0 639243 0 639273 
0 644653 644609 644597 644696 644714 644588 644645 644793 644776 644684 644806 644754 644876 644869 644861 644694 644724 644691 644640 644672 644846 644840 644877 644640 644780 644795 644625 644622 644601 644588 644589 644765 644876 644917 644870 644583 644586 644079 644451 644430 644469 644127 643918 643876 643702 643600 643600 642996 642416 641916 641817 641835 641730 641622 641451 640617 640482 640542 640368 640284 640227 640221 640101 640113 640044 639948 639942 639837 0 0 639852 0 0 639780 0 0 0 0 0 0 0 0 0 639762 639780 0 639717 639702 639702 639672 0 639666 639660 0 639642 0 0 639624 640046 639558 0 0 639600 639552 0 0 0 0 639862 639907 0 0 0 639465 639456 0 0 639444 639420 0 0 0 0 0 639378 0 639408 
0 644740 644671 644635 644758 644764 644602 644671 644777 644876 644710 644906 644711 644892 644888 644878 644611 644671 644629 644644 644689 644868 644868 644932 644575 644822 644837 644565 644590 644581 644605 644593 644807 644900 644936 644992 644527 644499 644020 644359 644374 644437 644023 643777 643737 643585 643483 643483 642937 642382 641857 641758 641776 641671 641563 641392 640558 640423 640483 640309 640225 640168 640162 640042 640054 639985 639889 639883 639778 0 0 639793 0 0 639721 0 0 0 0 0 0 0 0 0 639703 639721 0 639658 639643 639643 639613 0 639607 639601 0 639583 0 0 639565 640088 639499 0 0 639541 639493 0 0 0 0 639745 639790 0 0 0 639406 639397 0 0 639385 639361 0 0 0 0 0 639319 0 639349 
0 0 0 0 0 0 644809 0 644817 644477 644857 0 644907 0 0 0 0 644959 0 644852 644816 0 0 0 0 0 0 0 645015 644956 0 644784 0 0 0 0 645059 644941 644083 644906 644920 644864 644458 643899 0 643861 0 643738 642639 641899 641199 641067 641091 640951 640807 640579 639467 639287 639367 0 0 638947 0 638779 0 0 638575 638567 0 0 0 0 0 0 638351 0 0 0 0 0 0 0 0 0 0 0 0 0 638247 638247 0 0 638199 638191 0 0 0 0 0 638464 0 0 0 0 0 0 0 0 0 638681 638812 0 0 0 0 0 0 0 0 0 0 0 0 0 0 637815 0 0 
0 0 0 0 0 0 644722 0 644766 644390 644770 0 644850 0 0 0 0 644906 0 644740 644702 0 0 0 0 0 0 0 644920 644842 0 644706 0 0 0 0 645016 645048 644170 644966 644902 644794 644562 644014 0 643922 0 643842 642726 641986 641286 641154 641178 641038 640894 640666 639554 639374 639454 0 0 639034 0 638866 0 0 638662 638654 0 0 0 0 0 0 638438 0 0 0 0 0 0 0 0 0 0 0 0 0 638334 638334 0 0 638286 638278 0 0 0 0 0 638394 0 0 0 0 0 0 0 0 0 638760 638872 0 0 0 0 0 0 0 0 0 0 0 0 0 0 637902 0 0 
0 0 0 0 0 0 0 0 0 0 0 0 0 0 0 0 0 0 0 0 0 0 0 0 0 0 0 0 0 0 0 0 0 0 0 0 0 0 641115 0 0 0 640661 640969 0 640873 0 640805 641115 641115 641115 641115 641115 641115 641115 641115 641115 641115 641115 0 0 640165 0 641115 0 0 639925 640525 0 0 0 0 0 0 641115 0 0 0 0 0 0 0 0 0 0 0 0 0 641115 639853 0 0 641115 640429 0 0 0 0 0 637761 0 0 0 0 0 0 0 0 0 639595 639625 0 0 0 0 0 0 0 0 0 0 0 0 0 0 639925 0 0 
0 0 0 0 0 0 644562 0 644606 644230 644610 0 644690 0 0 0 0 644746 0 644790 644738 0 0 0 0 0 0 0 644882 644886 0 644762 0 0 0 0 644966 644968 644116 645106 644956 644848 644722 643960 0 644056 0 644002 642672 641918 641232 641100 641124 640984 640840 640612 639500 639320 639400 0 0 638980 0 638812 0 0 638608 638600 0 0 0 0 0 0 638384 0 0 0 0 0 0 0 0 0 0 0 0 0 638280 638280 0 0 638232 638224 0 0 0 0 0 638448 0 0 0 0 0 0 0 0 0 638808 639024 0 0 0 0 0 0 0 0 0 0 0 0 0 0 637848 0 0 
0 0 0 0 0 0 0 0 0 0 0 0 0 0 0 0 0 0 0 0 0 0 0 0 0 0 0 0 0 0 0 644594 0 0 0 0 0 0 643470 0 644674 0 644356 643314 0 643410 0 643492 642026 641286 640586 640454 640478 640338 640194 639966 638854 638674 638754 0 0 638334 0 638166 0 0 637962 637954 0 0 0 0 0 0 637738 0 0 0 0 0 0 0 0 0 0 0 0 0 637634 637634 0 0 637586 637578 0 0 0 0 0 639094 0 0 0 0 0 0 0 0 0 638162 638390 0 0 0 0 0 0 0 0 0 0 0 0 0 0 637202 0 0 
0 0 0 0 0 0 644541 0 644691 644365 644623 0 644727 0 0 0 0 644759 0 644853 644819 0 0 0 0 0 0 0 644889 644895 0 644887 0 0 0 0 644883 644733 643813 644793 644981 644981 644587 643657 0 643725 0 643793 642369 641629 640929 640797 640821 640681 640537 640309 639197 639017 639097 0 0 638677 0 638509 0 0 638305 638297 0 0 0 0 0 0 638081 0 0 0 0 0 0 0 0 0 0 0 0 0 637977 637977 0 0 637929 637921 0 0 0 0 0 638751 0 0 0 0 0 0 0 0 0 638505 638695 0 0 0 0 0 0 0 0 0 0 0 0 0 0 637545 0 0 
0 0 0 0 0 0 0 0 0 0 0 0 0 0 0 0 0 0 0 0 0 0 0 0 0 0 0 0 0 0 0 0 0 0 0 0 0 0 638663 0 0 0 638663 638663 0 638663 0 638663 638648 638175 638240 638567 638609 638574 638538 638517 637939 637894 638334 0 0 638663 0 638295 0 0 638663 638542 0 0 0 0 0 0 637401 0 0 0 0 0 0 0 0 0 0 0 0 0 637301 638663 0 0 637301 638496 0 0 0 0 0 636012 0 0 0 0 0 0 0 0 0 638663 638663 0 0 0 0 0 0 0 0 0 0 0 0 0 0 638654 0 0 
0 0 0 642109 642095 0 642183 642181 642173 642017 642207 0 642221 0 0 0 642293 642245 642269 642173 642149 0 642053 0 0 0 0 0 642245 642221 0 642173 0 0 0 0 642293 642341 642467 642365 642293 642245 642389 642791 642791 642791 0 642791 642267 640895 641451 641843 641855 641785 641713 641599 640849 640759 640993 640281 640315 640783 640321 640699 640321 640323 640597 640593 639351 0 0 639553 0 0 640243 0 0 0 0 0 0 0 0 0 0 639841 0 639799 640143 640433 0 0 640143 640405 0 639509 0 0 639923 642077 0 0 0 639907 639923 0 0 0 0 640609 640681 0 0 0 639793 639835 0 0 639923 639505 0 0 0 0 0 640217 0 639593 
0 0 0 642068 642054 0 642142 642140 642146 641976 642166 0 642194 0 0 0 642266 642218 642242 642146 642122 0 642026 0 0 0 0 0 642218 642194 0 642146 0 0 0 0 642266 642314 642426 642338 642266 642218 642362 642782 642782 642782 0 642782 642244 640854 641428 641816 641828 641758 641686 641572 640826 640736 640966 640240 640280 640756 640298 640672 640298 640300 640570 640566 639310 0 0 639512 0 0 640220 0 0 0 0 0 0 0 0 0 0 639800 0 639758 640120 640406 0 0 640120 640378 0 639468 0 0 639900 642050 0 0 0 639884 639900 0 0 0 0 640596 640668 0 0 0 639770 639812 0 0 639900 639464 0 0 0 0 0 640190 0 639552 
643486 643462 643476 643524 643534 643574 643574 643584 643619 643504 643610 643484 643640 643553 643561 643566 643672 643654 643669 643654 643647 643571 643565 643527 643690 643585 643580 643695 643688 643681 643619 643637 643590 643537 643513 643472 643709 643716 643690 643751 643684 643657 643663 643951 643965 643997 643963 643963 643400 642238 642608 642721 642733 642663 642591 642477 641898 641808 641871 641432 641448 641661 641478 641577 641466 641444 641475 641471 640646 640668 640668 640800 640860 640938 641316 640618 640672 640716 640760 640754 640766 640898 640904 640922 640992 641004 640934 640962 641240 641311 640968 640988 641228 641283 640686 640732 640852 641004 641080 640953 640928 640938 640922 641064 641080 640900 640906 641048 641054 641522 641603 640738 640786 640910 640938 641004 641026 640998 641044 640692 640834 640840 640888 640932 640998 641095 640698 640756 
0 643111 643130 643166 643159 643185 643203 643202 643214 643120 643215 643098 643235 643148 643156 643161 643267 643249 643264 643265 643248 643166 643160 643122 643285 643180 643175 643290 643283 643286 643237 643261 643185 643132 643108 643068 643304 643311 643345 643360 643295 643265 643205 643546 643560 643618 643649 643601 643320 642452 642822 642655 642625 642590 642554 642461 642140 642050 642038 641646 641662 641345 641692 641783 641728 641752 641132 641430 640860 0 0 641014 0 0 641582 0 0 0 0 0 0 0 0 0 641206 641218 0 641176 641530 641014 641182 0 641506 641288 0 640946 0 0 641294 640149 641142 0 0 641278 641318 0 0 0 0 641122 641215 0 0 0 641152 641218 0 0 641352 640906 0 0 0 0 0 640942 0 640970 
0 0 0 0 0 0 0 0 0 0 0 0 0 0 0 0 0 0 0 0 0 0 0 0 0 0 0 0 0 0 0 0 0 0 0 0 0 0 632280 0 0 0 632341 632682 0 632814 0 632882 632146 629595 630525 630549 630453 630383 630311 630049 628116 627801 628426 0 0 625693 0 627436 0 0 624907 626403 0 0 0 0 0 0 626091 0 0 0 0 0 0 0 0 0 0 0 0 0 625837 624563 0 0 625789 625970 0 0 0 0 0 626281 0 0 0 0 0 0 0 0 0 624707 625001 0 0 0 0 0 0 0 0 0 0 0 0 0 0 624527 0 0 
0 0 0 0 0 0 0 0 0 0 0 0 0 0 0 0 0 0 0 0 0 0 0 0 0 0 0 0 0 0 0 0 0 0 0 0 0 0 628823 0 0 0 627902 628820 0 628724 0 628622 629680 628206 628816 629542 629626 629556 629484 629442 627928 627748 629076 0 0 629207 0 628998 0 0 629126 629492 0 0 0 0 0 0 626716 0 0 0 0 0 0 0 0 0 0 0 0 0 626516 629264 0 0 626516 629400 0 0 0 0 0 623234 0 0 0 0 0 0 0 0 0 628796 628733 0 0 0 0 0 0 0 0 0 0 0 0 0 0 629680 0 0 
0 0 0 0 0 0 0 0 0 0 0 0 0 0 0 0 0 0 0 0 0 0 0 0 0 0 0 0 0 0 0 0 0 0 0 0 0 0 641290 0 0 0 641151 641018 0 640922 0 640888 641196 642049 641700 640653 640539 640574 640610 640559 641187 641097 640502 0 0 638843 0 640325 0 0 638576 639478 0 0 0 0 0 0 640629 0 0 0 0 0 0 0 0 0 0 0 0 0 640577 638550 0 0 640553 639428 0 0 0 0 0 638744 0 0 0 0 0 0 0 0 0 638346 638397 0 0 0 0 0 0 0 0 0 0 0 0 0 0 638766 0 0 
0 0 0 0 0 0 0 0 0 0 0 0 0 0 0 0 0 0 0 0 0 0 0 0 0 0 0 0 0 0 0 0 0 0 0 0 0 0 641062 0 0 0 640719 641081 0 641009 0 0 641307 641189 641409 641049 640998 641013 641013 640977 641277 641277 640787 0 0 639388 0 640571 0 0 639121 639971 0 0 0 0 0 0 641301 0 0 0 0 0 0 0 0 0 0 0 0 0 641325 639095 0 0 641313 639875 0 0 0 0 0 637930 0 0 0 0 0 0 0 0 0 638891 638942 0 0 0 0 0 0 0 0 0 0 0 0 0 0 639311 0 0 
0 0 0 0 0 0 0 0 0 0 0 0 0 0 0 0 0 0 0 0 0 0 0 0 0 0 0 0 0 0 0 0 0 0 0 0 0 0 643665 0 0 0 642979 643743 0 643695 0 0 644387 643224 643834 645101 644969 645039 645030 644916 643496 643406 644310 0 0 643065 0 644016 0 0 642771 643910 0 0 0 0 0 0 642842 0 0 0 0 0 0 0 0 0 0 0 0 0 642694 642791 0 0 642718 643722 0 0 0 0 0 639767 0 0 0 0 0 0 0 0 0 642431 642461 0 0 0 0 0 0 0 0 0 0 0 0 0 0 643151 0 0 
0 0 0 0 0 0 641837 0 641682 641632 641789 0 641733 0 0 0 0 641755 0 641631 641612 0 0 0 0 0 0 0 641721 641682 0 641614 0 0 0 0 641772 641837 642199 641824 641721 641670 641748 642358 0 642338 0 642304 642684 641365 641975 642989 643067 643032 642971 642911 641509 641419 642305 0 0 641429 0 642011 0 0 641162 641905 0 0 0 0 0 0 640879 0 0 0 0 0 0 0 0 0 0 0 0 0 640755 641136 0 0 640767 641717 0 0 0 0 0 639707 0 0 0 0 0 0 0 0 0 640932 640983 0 0 0 0 0 0 0 0 0 0 0 0 0 0 641352 0 0 
0 0 0 0 0 0 0 0 0 0 0 0 0 0 0 0 0 0 0 0 0 0 0 0 0 0 0 0 0 0 0 0 0 0 0 0 0 0 642481 0 0 0 642265 642721 0 642769 0 0 642817 641469 642079 643441 643471 643471 643425 643353 641741 641651 642867 0 0 642295 0 642681 0 0 642055 642617 0 0 0 0 0 0 641087 0 0 0 0 0 0 0 0 0 0 0 0 0 640939 641983 0 0 640963 642429 0 0 0 0 0 640401 0 0 0 0 0 0 0 0 0 641935 642007 0 0 0 0 0 0 0 0 0 0 0 0 0 0 642055 0 0 
0 0 0 0 0 0 0 0 0 0 0 0 0 0 0 0 0 0 0 0 0 0 0 0 0 0 0 0 0 0 0 0 0 0 0 0 0 0 643556 0 0 0 642870 643634 0 643586 0 0 644278 643202 643812 645058 644987 645057 645105 645033 643474 643384 644427 0 0 643095 0 644133 0 0 642801 643989 0 0 0 0 0 0 642820 0 0 0 0 0 0 0 0 0 0 0 0 0 642672 642821 0 0 642696 643839 0 0 0 0 0 639658 0 0 0 0 0 0 0 0 0 642461 642491 0 0 0 0 0 0 0 0 0 0 0 0 0 0 643181 0 0 
0 0 0 0 0 0 0 0 0 0 0 0 0 0 0 0 0 0 0 0 0 0 0 0 0 0 0 0 0 0 0 0 0 0 0 0 0 0 641959 0 0 0 641273 642037 0 641989 0 0 642681 642295 642775 643467 643455 643525 643567 643601 643039 643027 643487 0 0 642005 0 643379 0 0 641711 642893 0 0 0 0 0 0 642721 0 0 0 0 0 0 0 0 0 0 0 0 0 642623 641731 0 0 642647 642797 0 0 0 0 0 638061 0 0 0 0 0 0 0 0 0 641371 641401 0 0 0 0 0 0 0 0 0 0 0 0 0 0 642091 0 0 
0 0 0 0 0 0 0 0 0 0 0 0 0 0 0 0 0 0 0 0 0 0 0 0 0 0 0 0 0 0 0 0 0 0 0 0 0 0 641917 0 0 0 641339 641875 0 0 0 0 642471 642742 642917 642282 642126 0 0 642193 643295 643303 642136 0 0 640222 0 641959 0 0 639928 641112 0 0 0 0 0 0 642814 0 0 0 0 0 0 0 0 0 0 0 0 0 642714 639948 0 0 0 641062 0 0 0 0 0 638283 0 0 0 0 0 0 0 0 0 0 639618 0 0 0 0 0 0 0 0 0 0 0 0 0 0 640308 0 0 
0 0 0 0 0 0 0 0 0 0 0 0 0 0 0 0 0 0 0 0 0 0 0 0 0 0 0 0 0 0 0 0 0 0 0 0 0 0 641479 0 0 0 640793 641557 0 0 0 0 642201 642571 642921 642526 642442 0 0 642626 643782 643872 642992 0 0 642026 0 643070 0 0 641972 642576 0 0 0 0 0 0 643465 0 0 0 0 0 0 0 0 0 0 0 0 0 643317 642046 0 0 0 642668 0 0 0 0 0 637581 0 0 0 0 0 0 0 0 0 0 641704 0 0 0 0 0 0 0 0 0 0 0 0 0 0 642352 0 0 
0 0 0 636186 636104 0 636208 636162 635994 635990 636136 0 636048 0 0 0 0 636068 0 635892 635878 0 0 0 0 0 0 0 636000 635946 0 635858 0 0 0 0 636054 636136 636596 636086 635952 635898 635910 636674 0 636626 0 636558 637318 637334 637814 638104 638092 638162 638234 638348 638078 638078 638886 0 637766 637956 0 638886 0 0 637902 638506 637430 0 0 637526 0 0 638030 0 0 0 0 0 0 0 0 0 0 0 0 637694 637982 637994 0 0 638006 638598 0 637574 0 0 0 632698 0 0 0 0 0 0 0 0 0 637682 637640 0 0 0 637790 637838 0 0 0 637646 0 0 0 0 0 638282 0 637694 
0 0 0 640036 640002 0 640010 639988 639892 639984 639962 0 639898 0 0 0 639906 639894 639888 639790 639800 0 639880 0 0 0 0 0 639826 639796 0 639756 0 0 0 0 639832 639866 640062 639792 639730 639724 639592 639828 639800 639684 0 639616 640280 641394 641192 639818 639662 639732 639804 639774 641530 641620 639900 642362 642338 637758 642290 639762 642218 642170 637464 638668 642362 0 0 642362 0 0 642074 0 0 0 0 0 0 0 0 0 0 642362 0 642362 642122 637484 0 0 642098 638664 0 642362 0 0 642290 636692 0 0 0 642290 642242 0 0 0 0 637124 637154 0 0 0 642314 642266 0 0 642170 642362 0 0 0 0 0 637844 0 642362 
0 0 0 640015 639981 0 639989 639967 639871 639963 639941 0 639877 0 0 0 639885 639873 639867 639769 639779 0 639859 0 0 0 0 0 639805 639775 0 639735 0 0 0 0 639811 639845 640041 639771 639709 639703 639571 639863 639835 639719 0 639651 640315 641373 641227 639853 639697 639767 639839 639809 641565 641655 639935 642341 642341 637793 642325 639797 642253 642205 637499 638703 642341 0 0 642341 0 0 642109 0 0 0 0 0 0 0 0 0 0 642341 0 642341 642157 637519 0 0 642133 638699 0 642341 0 0 642325 636671 0 0 0 642325 642277 0 0 0 0 637159 637189 0 0 0 642341 642301 0 0 642205 642341 0 0 0 0 0 637879 0 642341 
0 0 0 635090 635008 0 635112 635066 634898 634894 635040 0 634952 0 0 0 0 634972 0 634796 634782 0 0 0 0 0 0 0 634904 634850 0 634762 0 0 0 0 634958 635040 635500 634990 634856 634802 634814 635578 0 635530 0 635462 635854 635278 635758 636478 636550 636550 636550 636622 636022 636022 636862 0 0 638006 0 637078 0 0 637982 637678 0 0 0 0 0 0 635974 0 0 0 0 0 0 0 0 0 0 0 0 0 635926 638006 0 0 635950 637774 0 0 0 0 0 631602 0 0 0 0 0 0 0 0 0 637762 637720 0 0 0 0 0 0 0 0 0 0 0 0 0 0 638006 0 0 
0 0 0 639990 639956 0 639964 639942 639846 639938 639916 0 639852 0 0 0 639860 639848 639842 639744 639754 0 639834 0 0 0 0 0 639780 639750 0 639710 0 0 0 0 639786 639820 640016 639746 639684 639678 639546 639854 639850 639744 0 639676 640340 641348 641218 639878 639722 639792 639864 639834 641590 641680 639960 642316 642316 637818 642316 639822 642278 642230 637524 638728 642316 0 0 642316 0 0 642134 0 0 0 0 0 0 0 0 0 0 642316 0 642316 642182 637544 0 0 642158 638724 0 642316 0 0 642316 636646 0 0 0 642316 642302 0 0 0 0 637184 637214 0 0 0 642316 642316 0 0 642230 642316 0 0 0 0 0 637904 0 642316 
0 637711 637721 637697 637663 637635 637671 637649 637553 637645 637623 637641 637559 637565 637573 637563 637567 637555 637549 637451 637461 637553 637541 637593 637531 637501 637511 637521 637487 637457 637405 637417 637491 637549 637573 637605 637493 637527 637723 637453 637391 637385 637253 637561 637557 637465 637445 637397 638109 638527 638657 638271 638187 638257 638329 638371 638055 637965 638737 637529 637521 636845 637527 638767 637527 637529 636551 637755 636887 0 0 636993 0 0 637449 0 0 0 0 0 0 0 0 0 637101 637113 0 637071 637349 636571 637065 0 637349 637751 0 636901 0 0 637129 634353 637013 0 0 637113 637129 0 0 0 0 636211 636241 0 0 0 636999 637041 0 0 637129 636825 0 0 0 0 0 636931 0 636865 
0 0 0 639946 639912 0 639920 639898 639802 639894 639872 0 639808 0 0 0 639816 639804 639798 639700 639710 0 639790 0 0 0 0 0 639736 639706 0 639666 0 0 0 0 639742 639776 639972 639702 639640 639634 639502 639810 639806 639714 0 639646 640358 641304 641174 639896 639740 639810 639882 639852 641608 641698 639978 642272 642272 637836 642272 639840 642272 642248 637542 638746 642272 0 0 642272 0 0 642152 0 0 0 0 0 0 0 0 0 0 642272 0 642272 642200 637562 0 0 642176 638742 0 642272 0 0 642272 636602 0 0 0 642272 642272 0 0 0 0 637202 637232 0 0 0 642272 642272 0 0 642248 642272 0 0 0 0 0 637922 0 642272 
0 0 0 639931 639897 0 639905 639883 639787 639879 639857 0 639793 0 0 0 639801 639789 639783 639685 639695 0 639775 0 0 0 0 0 639721 639691 0 639651 0 0 0 0 639727 639761 639957 639687 639625 639619 639487 639795 639791 639699 0 639631 640343 641289 641159 639931 639775 639845 639917 639887 641643 641733 640013 642257 642257 637871 642257 639875 642257 642257 637577 638781 642257 0 0 642257 0 0 642187 0 0 0 0 0 0 0 0 0 0 642257 0 642257 642235 637597 0 0 642211 638777 0 642257 0 0 642257 636587 0 0 0 642257 642257 0 0 0 0 637237 637267 0 0 0 642257 642257 0 0 642257 642257 0 0 0 0 0 637957 0 642257 
0 0 0 0 0 0 0 0 0 0 0 0 0 0 0 0 0 0 0 0 0 0 0 0 0 0 0 0 0 0 0 0 0 0 0 0 0 0 626899 0 0 0 626183 627049 0 627001 0 626903 627235 626659 627139 627859 627931 627931 627931 628003 627403 627403 628243 0 0 629419 0 628459 0 0 629629 629059 0 0 0 0 0 0 627355 0 0 0 0 0 0 0 0 0 0 0 0 0 627307 629559 0 0 627331 629155 0 0 0 0 0 619061 0 0 0 0 0 0 0 0 0 629357 629386 0 0 0 0 0 0 0 0 0 0 0 0 0 0 629629 0 0 
0 0 0 0 0 0 0 0 0 0 0 0 0 0 0 0 0 0 0 0 0 0 0 0 0 0 0 0 0 0 0 0 0 0 0 0 0 0 641922 0 0 0 641611 642155 0 642179 0 642156 642203 640975 641578 642515 642551 642551 642551 642564 641108 641018 642318 0 0 642800 0 642348 0 0 642560 643102 0 0 0 0 0 0 640478 0 0 0 0 0 0 0 0 0 0 0 0 0 640354 642488 0 0 640366 642999 0 0 0 0 0 638887 0 0 0 0 0 0 0 0 0 642440 642512 0 0 0 0 0 0 0 0 0 0 0 0 0 0 642560 0 0 
0 0 0 637178 636973 0 637233 637118 636698 636688 637053 0 636833 0 0 0 0 636883 0 636443 636408 0 0 0 0 0 0 0 636713 636578 0 636358 0 0 0 0 636848 637053 637439 636928 636593 636458 636488 636434 0 636074 0 635904 637564 640933 639844 636409 636019 636194 636374 636299 640689 640914 636614 0 642804 631259 0 636269 0 0 630524 633534 645021 0 0 644676 0 0 642324 0 0 0 0 0 0 0 0 0 0 0 0 644109 642694 630574 0 0 642634 633524 0 0 0 0 0 628458 0 0 0 0 0 0 0 0 0 629674 629749 0 0 0 644007 643824 0 0 0 0 0 0 0 0 0 631474 0 644372 
641809 641797 641855 641879 641797 641793 641901 641855 641687 641683 641829 641631 641741 641579 641611 641601 641821 641761 641779 641585 641571 641591 641555 641583 641785 641515 641525 641775 641693 641639 641515 641551 641505 641515 641515 641499 641747 641829 642086 641779 641645 641591 641603 641684 641656 641540 641472 641472 642136 643381 643048 641674 641518 641588 641660 641630 643386 643476 641756 644272 644232 639614 644178 641618 644106 644056 639320 640524 645076 645105 645081 645000 644916 644814 644040 645059 645090 645076 645040 645046 645034 644854 644848 644818 644724 644712 644794 644754 644188 639340 644736 644704 644164 640520 645031 645024 644876 644676 644576 638391 644764 644754 644770 644592 644528 644804 644798 644596 644590 638980 639010 644937 644927 644770 644730 644640 644618 644658 644456 644894 644849 644846 644792 644736 644646 639700 644864 644886 
641860 641848 641906 641930 641848 641844 641952 641906 641738 641734 641880 641682 641792 641630 641662 641652 641860 641812 641830 641636 641622 641642 641606 641634 641824 641566 641576 641814 641744 641690 641566 641602 641556 641566 641566 641550 641786 641844 641981 641782 641684 641642 641594 641579 641551 641435 641367 641367 642031 643384 642943 641569 641413 641483 641555 641525 643281 643371 641651 644167 644127 639509 644073 641513 644001 643951 639215 640419 644997 644990 645008 644895 644811 644709 643935 644981 644974 644967 644935 644941 644929 644749 644743 644713 644619 644607 644689 644649 644083 639235 644631 644599 644059 640415 644892 644885 644771 644571 644471 638442 644659 644649 644665 644487 644423 644699 644693 644491 644485 638875 638905 644798 644792 644665 644625 644535 644513 644553 644351 644756 644726 644729 644687 644631 644541 639595 644726 644747 
0 0 0 637203 636998 0 637258 637143 636723 636713 637078 0 636858 0 0 0 0 636908 0 636468 636433 0 0 0 0 0 0 0 636738 636603 0 636383 0 0 0 0 636873 637078 637918 636953 636618 636483 636513 636913 0 636553 0 636383 638043 640958 640323 636888 636498 636673 636853 636778 641168 641393 637093 0 643283 631738 0 636748 0 0 631003 634013 644652 0 0 645037 0 0 642803 0 0 0 0 0 0 0 0 0 0 0 0 644530 643173 631053 0 0 643113 634003 0 0 0 0 0 628483 0 0 0 0 0 0 0 0 0 630153 630228 0 0 0 644390 644215 0 0 0 0 0 0 0 0 0 631953 0 644347 
641794 641782 641840 641864 641782 641778 641886 641840 641672 641668 641814 641616 641726 641564 641596 641586 641806 641746 641764 641570 641556 641576 641540 641568 641770 641500 641510 641760 641678 641624 641500 641536 641490 641500 641500 641484 641732 641814 642257 641764 641630 641576 641588 641926 641898 641782 641714 641714 642378 643366 643290 641916 641760 641830 641902 641872 643628 643718 641998 644514 644474 639856 644420 641860 644348 644298 639562 640766 644831 644865 644853 645023 645070 645056 644282 644803 644881 644937 644993 644987 644999 645086 645083 645056 644966 644954 645032 644996 644430 639582 644978 644946 644406 640762 644926 644972 645019 644918 644818 638376 644967 644972 644964 644834 644770 644983 644986 644838 644832 639222 639252 644941 644953 644928 644912 644871 644860 644892 644698 644895 644893 644899 644911 644909 644874 639942 644865 644887 
641883 641871 641929 641953 641871 641867 641975 641929 641761 641757 641903 641705 641815 641653 641685 641675 641895 641835 641853 641659 641645 641665 641629 641657 641859 641589 641599 641849 641767 641713 641589 641625 641579 641589 641589 641573 641821 641903 642242 641852 641719 641665 641664 641877 641849 641733 641665 641665 642329 643454 643241 641867 641711 641781 641853 641823 643579 643669 641949 644465 644425 639807 644371 641811 644299 644249 639513 640717 644626 644648 644648 644780 644840 644859 644233 644598 644652 644696 644740 644734 644746 644843 644849 644831 644778 644772 644807 644793 644366 639533 644769 644744 644342 640713 644666 644712 644725 644718 644644 638465 644693 644703 644687 644652 644596 644701 644707 644642 644639 639173 639203 644647 644659 644639 644631 644625 644647 644655 644524 644601 644599 644605 644617 644625 644619 639893 644571 644593 
0 0 0 0 0 0 0 0 0 0 0 0 0 0 0 0 0 0 0 0 0 0 0 0 0 0 0 0 0 0 0 0 0 0 0 0 0 0 642312 0 0 0 641626 642390 0 642342 0 0 643034 643404 643754 642812 642656 642726 642798 642768 644524 644614 642894 0 0 640752 0 642756 0 0 640458 641662 0 0 0 0 0 0 645142 0 0 0 0 0 0 0 0 0 0 0 0 0 645034 640478 0 0 645046 641658 0 0 0 0 0 638414 0 0 0 0 0 0 0 0 0 640118 640148 0 0 0 0 0 0 0 0 0 0 0 0 0 0 640838 0 0 
641781 641769 641827 641851 641769 641765 641873 641827 641659 641655 641801 641603 641713 641551 641583 641573 641793 641733 641751 641557 641543 641563 641527 641555 641757 641487 641497 641747 641665 641611 641487 641523 641477 641487 641487 641471 641719 641801 642046 641751 641617 641563 641575 641644 641616 641500 641432 641432 642096 643353 643008 641634 641478 641548 641620 641590 643346 643436 641716 644232 644192 639574 644138 641578 644066 644016 639280 640484 645082 645066 645067 644936 644876 644774 644000 645081 645058 645020 644976 644982 644970 644814 644808 644778 644684 644672 644754 644714 644148 639300 644696 644664 644124 640480 645029 645004 644836 644636 644536 638363 644724 644714 644730 644552 644488 644764 644758 644556 644550 638940 638970 644947 644902 644730 644690 644600 644578 644618 644416 644904 644818 644812 644752 644696 644606 639660 644874 644896 
641761 641749 641807 641831 641749 641745 641853 641807 641639 641635 641781 641583 641693 641531 641563 641553 641773 641713 641731 641537 641523 641543 641507 641535 641737 641467 641477 641727 641645 641591 641467 641503 641457 641467 641467 641451 641699 641781 642062 641731 641597 641543 641555 641672 641644 641528 641460 641460 642124 643333 643036 641662 641506 641576 641648 641618 643374 643464 641744 644260 644220 639602 644166 641606 644094 644044 639308 640512 645064 645083 645047 644952 644892 644802 644028 645058 645076 645036 644992 644998 644986 644842 644836 644806 644712 644700 644782 644742 644176 639328 644724 644692 644152 640508 645043 645020 644864 644664 644564 638343 644752 644742 644758 644580 644516 644792 644786 644584 644578 638968 638998 644975 644930 644758 644718 644628 644606 644646 644444 644929 644846 644840 644780 644724 644634 639688 644899 644921 
641818 641806 641864 641888 641806 641802 641910 641864 641696 641692 641838 641640 641750 641588 641620 641610 641830 641770 641788 641594 641580 641600 641564 641592 641794 641524 641534 641784 641702 641648 641524 641560 641514 641524 641524 641508 641756 641838 642141 641788 641654 641600 641612 641739 641711 641595 641527 641527 642191 643390 643103 641729 641573 641643 641715 641685 643441 643531 641811 644327 644287 639669 644233 641673 644161 644111 639375 640579 645039 645072 645054 645043 644971 644869 644095 645011 645088 645095 645083 645088 645077 644909 644903 644873 644779 644767 644849 644809 644243 639395 644791 644759 644219 640575 645030 645037 644931 644731 644631 638400 644819 644809 644825 644647 644583 644859 644853 644651 644645 639035 639065 644938 644944 644825 644785 644695 644673 644713 644511 644892 644878 644881 644847 644791 644701 639755 644862 644884 
641792 641780 641838 641862 641780 641776 641884 641838 641670 641666 641812 641614 641724 641562 641594 641584 641804 641744 641762 641568 641554 641574 641538 641566 641768 641498 641508 641758 641676 641622 641498 641534 641488 641498 641498 641482 641730 641812 642194 641762 641628 641574 641586 641805 641777 641661 641593 641593 642257 643364 643169 641795 641639 641709 641781 641751 643507 643597 641877 644393 644353 639735 644299 641739 644227 644177 639441 640645 644947 644981 644969 645076 645024 644935 644161 644919 644997 645050 645084 645081 645087 644975 644969 644939 644845 644833 644915 644875 644309 639461 644857 644825 644285 640641 645005 645027 644979 644797 644697 638374 644885 644875 644890 644713 644649 644919 644916 644717 644711 639101 639131 644938 644950 644878 644846 644761 644739 644779 644577 644892 644888 644891 644885 644849 644767 639821 644862 644884 
641832 641820 641878 641902 641820 641816 641924 641878 641710 641706 641852 641654 641764 641602 641634 641624 641844 641784 641802 641608 641594 641614 641578 641606 641808 641538 641548 641798 641716 641662 641538 641574 641528 641538 641538 641522 641770 641852 642196 641802 641668 641614 641626 641794 641766 641650 641582 641582 642246 643404 643158 641784 641628 641698 641770 641740 643496 643586 641866 644382 644342 639724 644288 641728 644216 644166 639430 640634 644979 645013 645001 645087 645026 644924 644150 644951 645029 645078 645085 645082 645088 644964 644958 644928 644834 644822 644904 644864 644298 639450 644846 644814 644274 640630 645000 645021 644974 644786 644686 638414 644874 644864 644880 644702 644638 644914 644908 644706 644700 639090 639120 644919 644931 644880 644840 644750 644728 644768 644566 644873 644871 644877 644872 644846 644756 639810 644843 644865 
641852 641840 641898 641922 641840 641836 641944 641898 641730 641726 641872 641674 641784 641622 641654 641644 641864 641804 641822 641628 641614 641634 641598 641626 641828 641558 641568 641818 641736 641682 641558 641594 641548 641558 641558 641542 641790 641872 642104 641821 641688 641634 641633 641702 641674 641558 641490 641490 642154 643423 643066 641692 641536 641606 641678 641648 643404 643494 641774 644290 644250 639632 644196 641636 644124 644074 639338 640542 644946 644963 644957 645012 644934 644832 644058 644920 644971 644999 644992 644989 644995 644872 644866 644836 644742 644730 644812 644772 644206 639358 644754 644722 644182 640538 644917 644918 644858 644694 644594 638434 644782 644772 644788 644610 644546 644822 644816 644614 644608 638998 639028 644825 644825 644767 644748 644658 644636 644676 644474 644779 644759 644762 644756 644748 644664 639718 644749 644771 
641807 641795 641853 641877 641795 641791 641899 641853 641685 641681 641827 641629 641739 641577 641609 641599 641819 641759 641777 641583 641569 641589 641553 641581 641783 641513 641523 641773 641691 641637 641513 641549 641503 641513 641513 641497 641745 641827 642282 641777 641643 641589 641601 641964 641936 641820 641752 641752 642416 643379 643328 641954 641798 641868 641940 641910 643666 643756 642036 644552 644512 639894 644458 641898 644386 644336 639600 640804 644794 644828 644816 644996 645059 645082 644320 644766 644844 644900 644956 644950 644962 645090 645093 645084 645004 644992 645060 645028 644468 639620 645007 644979 644444 640800 644894 644947 645007 644953 644856 638389 644967 644972 644964 644872 644808 644983 644986 644876 644870 639260 639290 644929 644941 644921 644912 644885 644888 644912 644736 644883 644881 644887 644899 644907 644882 639980 644853 644875 
641669 641657 641715 641739 641657 641653 641761 641715 641547 641543 641689 641491 641601 641439 641471 641461 641681 641621 641639 641445 641431 641451 641415 641443 641645 641375 641385 641635 641553 641499 641375 641411 641365 641375 641375 641359 641607 641689 642149 641639 641505 641451 641463 641914 641886 641770 641702 641702 642366 643241 643278 641904 641748 641818 641890 641860 643616 643706 641986 644502 644462 639844 644408 641848 644336 644286 639550 640754 644716 644745 644727 644865 644931 644973 644270 644702 644765 644805 644845 644842 644848 644986 644989 645004 644954 644942 645015 644984 644418 639570 644966 644934 644394 640750 644826 644867 644974 644906 644806 638251 644922 644927 644919 644822 644758 644938 644941 644826 644820 639210 639240 644912 644941 644883 644867 644840 644848 644867 644686 644889 644875 644878 644872 644864 644837 639930 644897 644896 
641671 641659 641717 641741 641659 641655 641763 641717 641549 641545 641691 641493 641603 641441 641473 641463 641683 641623 641641 641447 641433 641453 641417 641445 641647 641377 641387 641637 641555 641501 641377 641413 641367 641377 641377 641361 641609 641691 642151 641641 641507 641453 641465 641880 641852 641736 641668 641668 642332 643243 643244 641870 641714 641784 641856 641826 643582 643672 641952 644468 644428 639810 644374 641814 644302 644252 639516 640720 644718 644747 644729 644867 644933 644975 644236 644704 644767 644807 644847 644844 644850 644988 644991 645005 644920 644908 644981 644950 644384 639536 644932 644900 644360 640716 644828 644869 644940 644872 644772 638253 644888 644893 644885 644788 644724 644904 644907 644792 644786 639176 639206 644913 644907 644849 644833 644806 644814 644833 644652 644890 644841 644844 644838 644830 644803 639896 644863 644862 
641768 641756 641814 641838 641756 641752 641860 641814 641646 641642 641788 641590 641700 641538 641570 641560 641780 641720 641738 641544 641530 641550 641514 641542 641744 641474 641484 641734 641652 641598 641474 641510 641464 641474 641474 641458 641706 641788 642248 641738 641604 641550 641562 642156 642128 642012 641944 641944 642608 643340 643520 642146 641990 642060 642132 642102 643858 643948 642228 644699 644703 640086 644650 642090 644578 644528 639792 640996 644504 644538 644526 644706 644790 644892 644512 644476 644554 644610 644666 644660 644672 644852 644858 644888 644971 644970 644912 644941 644645 639812 644947 644963 644621 640992 644604 644662 644830 644955 644923 638350 644903 644913 644897 644931 644875 644879 644885 644892 644898 639452 639482 644704 644764 644861 644854 644848 644870 644878 644803 644658 644809 644815 644839 644848 644842 640172 644676 644735 
0 0 0 639701 639667 0 639675 639653 639557 639649 639627 0 639563 0 0 0 639571 639559 639553 639455 639465 0 639545 0 0 0 0 0 639491 639461 0 639421 0 0 0 0 639497 639531 639727 639457 639395 639389 639257 639565 639561 639469 0 639401 640113 641059 640929 639651 639495 639565 639637 639607 641363 641453 639733 642057 642065 637591 642059 639595 642059 642033 637297 638501 642427 0 0 642427 0 0 642017 0 0 0 0 0 0 0 0 0 0 642427 0 642427 642165 637317 0 0 642141 638497 0 642427 0 0 642427 636357 0 0 0 642427 642427 0 0 0 0 636957 636987 0 0 0 642427 642427 0 0 642403 642427 0 0 0 0 0 637677 0 642427 
641658 641646 641704 641728 641646 641642 641750 641704 641536 641532 641678 641480 641590 641428 641460 641450 641670 641610 641628 641434 641420 641440 641404 641432 641634 641364 641374 641624 641542 641488 641364 641400 641354 641364 641364 641348 641596 641678 642138 641628 641494 641440 641452 641922 641894 641778 641710 641710 642374 643230 643286 641912 641756 641826 641898 641868 643624 643714 641994 644510 644470 639852 644416 641856 644344 644294 639558 640762 644738 644767 644749 644887 644953 644962 644278 644724 644787 644827 644867 644864 644870 645002 644996 645014 644962 644950 645026 644992 644426 639578 644974 644942 644402 640758 644848 644889 645009 644914 644814 638240 644963 644968 644960 644830 644766 644979 644982 644834 644828 639218 639248 644946 644976 644924 644908 644878 644856 644896 644694 644923 644916 644919 644913 644905 644878 639938 644932 644937 
0 0 0 636817 636612 0 636872 636757 636337 636327 636692 0 636472 0 0 0 0 636522 0 636082 636047 0 0 0 0 0 0 0 636352 636217 0 635997 0 0 0 0 636487 636692 637842 636567 636232 636097 636127 637457 0 637097 0 636927 638587 640572 640867 637432 637042 637217 637397 637322 641712 641937 637637 0 643819 632282 0 637292 0 0 631547 634557 644108 0 0 644613 0 0 643347 0 0 0 0 0 0 0 0 0 0 0 0 645016 643717 631597 0 0 643657 634547 0 0 0 0 0 628097 0 0 0 0 0 0 0 0 0 630697 630772 0 0 0 644828 644781 0 0 0 0 0 0 0 0 0 632497 0 644617 
0 0 0 639608 639574 0 639582 639560 639464 639556 639534 0 639470 0 0 0 639478 639466 639460 639362 639372 0 639452 0 0 0 0 0 639398 639368 0 639328 0 0 0 0 639404 639438 639634 639364 639302 639296 639164 639472 639468 639376 0 639308 640020 640966 640836 639664 639508 639578 639650 639620 641376 641466 639746 641964 641972 637604 641966 639608 641966 641964 637310 638514 642334 0 0 642334 0 0 642030 0 0 0 0 0 0 0 0 0 0 642334 0 642334 642144 637330 0 0 642144 638510 0 642334 0 0 642334 636264 0 0 0 642334 642334 0 0 0 0 636970 637000 0 0 0 642334 642334 0 0 642334 642334 0 0 0 0 0 637690 0 642334 
0 0 0 0 0 0 0 0 0 0 0 0 0 0 0 0 0 0 0 0 0 0 0 0 0 0 0 0 0 0 0 0 0 0 0 0 0 0 636508 0 0 0 635822 636586 0 636538 0 636470 636912 636336 636816 637536 637608 637608 637608 637680 637080 637080 637920 0 0 639076 0 638136 0 0 639262 638736 0 0 0 0 0 0 637032 0 0 0 0 0 0 0 0 0 0 0 0 0 636984 639370 0 0 637008 638832 0 0 0 0 0 632610 0 0 0 0 0 0 0 0 0 639076 639034 0 0 0 0 0 0 0 0 0 0 0 0 0 0 639336 0 0 
0 639495 639570 639582 639483 639465 639591 639534 639318 639324 639495 639246 639375 639168 639216 639201 639459 639393 639408 639165 639156 639186 639132 639174 639405 639072 639087 639390 639291 639222 639072 639114 639057 639072 639072 639048 639348 639447 640005 639360 639195 639138 639084 639847 639817 639655 639558 639553 640554 641763 641893 639861 639627 639732 639840 639795 642429 642564 639984 643619 643631 636771 643588 639777 643509 643434 636330 638136 643719 0 0 643921 0 0 643410 0 0 0 0 0 0 0 0 0 644113 644102 0 644128 643621 636360 644142 0 643585 638130 0 643877 0 0 644064 634386 644120 0 0 644080 644016 0 0 0 0 635820 635865 0 0 0 644082 644078 0 0 643913 643873 0 0 0 0 0 636900 0 643948 
640964 640964 640998 640998 640940 640924 640996 640962 640830 640874 640936 640846 640860 640782 640802 640792 640904 640868 640874 640728 640726 640782 640758 640798 640868 640718 640728 640858 640800 640758 640670 640694 640708 640742 640754 640762 640830 640888 641216 640826 640728 640698 640638 641112 641096 640992 640948 640924 641612 642428 642476 641228 641072 641142 641214 641184 642940 643030 641310 643618 643636 639168 643606 641172 643570 643544 638874 640078 643818 643835 643829 643919 643961 643992 643576 643804 643843 643871 643899 643896 643902 643992 643995 644010 644019 644013 644022 644034 643700 638894 644049 644057 643688 640074 643868 643897 643981 644053 644003 637582 644037 644042 644034 644011 643979 644017 644020 644013 644010 638534 638564 643918 643948 644020 644016 644013 644024 644028 643943 643895 643990 643993 644009 644013 644010 639254 643904 643939 
0 0 0 639556 639522 0 639530 639508 639412 639504 639482 0 639418 0 0 0 639426 639414 639408 639310 639320 0 639400 0 0 0 0 0 639346 639316 0 639276 0 0 0 0 639352 639386 639582 639312 639250 639244 639112 639420 639416 639324 0 639256 639968 640914 640784 639674 639518 639588 639660 639630 641386 641476 639756 641912 641920 637614 641914 639618 641914 641912 637320 638524 642282 0 0 642282 0 0 641992 0 0 0 0 0 0 0 0 0 0 642282 0 642282 642092 637340 0 0 642092 638520 0 642282 0 0 642282 636212 0 0 0 642282 642282 0 0 0 0 636980 637010 0 0 0 642282 642282 0 0 642282 642282 0 0 0 0 0 637700 0 642282 
0 0 0 0 0 0 0 0 0 0 0 0 0 0 0 0 0 0 0 0 0 0 0 0 0 0 0 0 0 0 0 0 0 0 0 0 0 0 633436 0 0 0 632985 633595 0 633595 0 633561 633965 633218 633763 634670 634700 634735 634771 634864 633726 633681 634961 0 0 635601 0 635138 0 0 635454 635895 0 0 0 0 0 0 633375 0 0 0 0 0 0 0 0 0 0 0 0 0 633277 635464 0 0 633301 636010 0 0 0 0 0 631168 0 0 0 0 0 0 0 0 0 635284 635299 0 0 0 0 0 0 0 0 0 0 0 0 0 0 635644 0 0 
641285 641285 641319 641319 641261 641245 641317 641283 641151 641195 641257 641149 641181 641097 641123 641113 641225 641189 641195 641049 641047 641103 641073 641101 641189 641033 641043 641179 641121 641079 640991 641015 641023 641033 641033 641017 641151 641209 641487 641147 641049 641019 640959 641110 641082 640966 640898 640898 641562 642749 642474 641100 640944 641014 641086 641056 642812 642902 641182 643698 643658 639040 643604 641044 643532 643482 638746 639950 644408 644415 644397 644377 644317 644239 643466 644410 644431 644427 644417 644423 644411 644279 644273 644244 644150 644138 644220 644180 643614 638766 644162 644130 643590 639946 644448 644423 644302 644102 644002 637903 644190 644180 644196 644018 643954 644230 644224 644022 644016 638406 638436 644391 644349 644196 644156 644066 644044 644084 643882 644368 644271 644268 644218 644162 644072 639126 644341 644340 
0 0 0 635873 635716 0 635880 635789 635441 635506 635724 0 635528 0 0 0 0 635554 0 635186 635175 0 0 0 0 0 0 0 635384 635273 0 635101 0 0 0 0 635471 635628 636492 635479 635216 635129 635015 635533 0 635173 0 635003 636663 639484 638943 635508 635118 635293 635473 635398 639788 640013 635713 0 641903 630358 0 635368 0 0 629623 632633 643684 0 0 643607 0 0 641423 0 0 0 0 0 0 0 0 0 0 0 0 643208 641793 629673 0 0 641733 632623 0 643861 0 0 0 627276 0 0 0 0 0 0 0 0 0 628773 628848 0 0 0 643148 642923 0 0 0 643684 0 0 0 0 0 630573 0 643612 
641594 641582 641640 641664 641582 641578 641686 641640 641472 641468 641614 641416 641526 641364 641396 641386 641606 641546 641564 641370 641356 641376 641340 641368 641570 641300 641310 641560 641478 641424 641300 641336 641290 641300 641300 641284 641532 641614 642074 641564 641430 641376 641388 641877 641849 641733 641665 641665 642329 643166 643241 641867 641711 641781 641853 641823 643579 643669 641949 644465 644425 639807 644371 641811 644299 644249 639513 640717 644740 644769 644751 644889 644904 644898 644233 644726 644789 644829 644869 644866 644872 644938 644932 644938 644916 644904 644950 644946 644381 639533 644929 644897 644357 640713 644850 644891 644999 644869 644769 638176 644957 644947 644963 644785 644721 644997 644991 644789 644783 639173 639203 644936 644966 644945 644923 644833 644811 644851 644649 644913 644937 644940 644934 644926 644839 639893 644922 644957 
641561 641549 641607 641631 641549 641545 641653 641607 641439 641435 641581 641383 641493 641331 641363 641353 641573 641513 641531 641337 641323 641343 641307 641335 641537 641267 641277 641527 641445 641391 641267 641303 641257 641267 641267 641251 641499 641581 642041 641531 641397 641343 641355 641999 641971 641855 641787 641787 642451 643133 643363 641989 641833 641903 641975 641945 643701 643791 642071 644515 644536 639929 644493 641933 644421 644371 639635 640839 644607 644636 644618 644756 644822 644865 644355 644593 644656 644696 644736 644733 644739 644877 644880 644907 644919 644907 644931 644949 644503 639655 644976 644995 644479 640835 644717 644758 644890 644980 644891 638143 644982 644987 644979 644907 644843 644950 644953 644911 644905 639295 639325 644815 644857 644956 644951 644924 644929 644951 644771 644792 644935 644938 644945 644948 644921 640015 644813 644860 
0 0 0 639734 639700 0 639708 639686 639590 639682 639660 0 639596 0 0 0 639604 639592 639586 639488 639498 0 639578 0 0 0 0 0 639524 639494 0 639454 0 0 0 0 639530 639564 639760 639490 639428 639422 639290 639582 639554 639438 0 639370 640034 641092 640946 639572 639416 639486 639558 639528 641284 641374 639654 642090 642098 637512 642076 639516 642004 641954 637218 638422 642460 0 0 642460 0 0 641938 0 0 0 0 0 0 0 0 0 0 642460 0 642460 642086 637238 0 0 642062 638418 0 642460 0 0 642444 636390 0 0 0 642444 642396 0 0 0 0 636878 636908 0 0 0 642460 642420 0 0 642324 642460 0 0 0 0 0 637598 0 642460 
0 0 0 642373 642407 0 642359 642405 642517 642425 642431 0 642511 0 0 0 642439 642499 642481 642619 642609 0 642529 0 0 0 0 0 642567 642613 0 642653 0 0 0 0 642513 642431 641971 642481 642615 642669 642657 641893 641873 641941 0 642009 641249 640879 640529 640463 640475 640405 640333 640219 639663 639573 639613 639497 639441 639403 639399 639319 639327 639281 639217 639213 639143 0 0 639153 0 0 639105 0 0 0 0 0 0 0 0 0 0 639105 0 639063 639053 639053 0 0 639029 639025 0 639013 0 0 639001 643431 0 0 0 638985 638953 0 0 0 0 639317 639431 0 0 0 638895 638889 0 0 638881 638865 0 0 0 0 0 638837 0 638857 
0 639962 640049 640085 639962 639956 640118 640049 639797 639791 640010 639713 639878 639635 639683 639668 639998 639908 639935 639644 639623 639653 639599 639641 639944 639539 639554 639929 639806 639725 639539 639593 639524 639539 639539 639515 639887 640010 640700 639935 639734 639653 639671 640577 640535 640361 640259 640259 641255 642338 642623 640562 640328 640433 640541 640496 643130 643265 640685 644411 644399 637472 644318 640478 644210 644135 637031 638837 644506 0 0 644809 0 0 644111 0 0 0 0 0 0 0 0 0 645017 644999 0 645062 644333 637061 645107 0 644297 638831 0 644743 0 0 644915 634853 645125 0 0 644939 644843 0 0 0 0 636521 636566 0 0 0 645046 645003 0 0 644735 644737 0 0 0 0 0 637601 0 644869 
641561 641549 641607 641631 641549 641545 641653 641607 641439 641435 641581 641383 641493 641331 641363 641353 641573 641513 641531 641337 641323 641343 641307 641335 641537 641267 641277 641527 641445 641391 641267 641303 641257 641267 641267 641251 641499 641581 642041 641531 641397 641343 641355 641965 641937 641821 641753 641753 642417 643133 643329 641955 641799 641869 641941 641911 643667 643757 642037 644504 644512 639895 644459 641899 644387 644337 639601 640805 644634 644663 644645 644783 644849 644865 644321 644620 644683 644723 644763 644760 644766 644890 644887 644908 644919 644907 644932 644948 644469 639621 644964 644972 644445 640801 644744 644785 644917 644956 644857 638143 644986 644991 644983 644873 644809 644966 644969 644877 644871 639261 639291 644842 644884 644959 644944 644905 644894 644926 644737 644819 644939 644942 644948 644941 644908 639981 644840 644887 
641575 641563 641621 641645 641563 641559 641667 641621 641453 641449 641595 641397 641507 641345 641377 641367 641587 641527 641545 641351 641337 641357 641321 641349 641551 641281 641291 641541 641459 641405 641281 641317 641271 641281 641281 641265 641513 641595 642055 641545 641411 641357 641369 641924 641896 641780 641712 641712 642376 643147 643288 641914 641758 641828 641900 641870 643626 643716 641996 644505 644472 639854 644418 641858 644346 644296 639560 640764 644646 644675 644657 644795 644861 644879 644280 644632 644695 644735 644775 644772 644778 644910 644907 644928 644921 644909 644952 644951 644428 639580 644969 644944 644404 640760 644756 644797 644929 644916 644816 638157 644956 644961 644953 644832 644768 644965 644968 644836 644830 639220 639250 644854 644896 644917 644901 644870 644858 644891 644696 644831 644909 644912 644906 644898 644871 639940 644852 644887 
641847 641835 641893 641917 641835 641831 641939 641893 641725 641721 641867 641669 641779 641617 641649 641639 641859 641799 641817 641623 641609 641629 641593 641621 641823 641553 641563 641813 641731 641677 641553 641589 641543 641553 641553 641537 641785 641867 642327 641817 641683 641629 641641 642357 642347 642231 642163 642163 642827 643419 643721 642365 642209 642279 642351 642321 644077 644167 642447 644801 644845 640305 644851 642309 644797 644747 640011 641215 644443 644477 644465 644645 644729 644831 644731 644415 644493 644549 644605 644599 644611 644791 644797 644827 644921 644927 644851 644891 644849 640031 644909 644941 644825 641211 644543 644601 644769 644957 644999 638429 644881 644891 644875 644999 644969 644841 644847 644971 644977 639671 639701 644643 644703 644863 644891 644927 644949 644939 644897 644597 644787 644793 644841 644885 644921 640391 644615 644685 
0 0 0 639711 639677 0 639685 639663 639567 639659 639637 0 639573 0 0 0 639581 639569 639563 639465 639475 0 639555 0 0 0 0 0 639501 639471 0 639431 0 0 0 0 639507 639541 639737 639467 639405 639399 639267 639575 639571 639465 0 639397 640061 641069 640939 639599 639443 639513 639585 639555 641311 641401 639681 642067 642075 637539 642069 639543 642031 641981 637245 638449 642437 0 0 642437 0 0 641965 0 0 0 0 0 0 0 0 0 0 642437 0 642437 642113 637265 0 0 642089 638445 0 642437 0 0 642437 636367 0 0 0 642437 642423 0 0 0 0 636905 636935 0 0 0 642437 642437 0 0 642351 642437 0 0 0 0 0 637625 0 642437 
641548 641536 641594 641618 641536 641532 641640 641594 641426 641422 641568 641370 641480 641318 641350 641340 641560 641500 641518 641324 641310 641330 641294 641322 641524 641254 641264 641514 641432 641378 641254 641290 641244 641254 641254 641238 641486 641568 642028 641518 641384 641330 641342 641927 641899 641783 641715 641715 642379 643120 643291 641917 641761 641831 641903 641873 643629 643719 641999 644478 644475 639857 644421 641861 644349 644299 639563 640767 644709 644738 644720 644846 644858 644852 644283 644695 644758 644798 644838 644835 644841 644892 644886 644904 644894 644882 644928 644924 644431 639583 644942 644946 644407 640763 644819 644860 644992 644919 644819 638130 645006 644996 645012 644835 644771 645010 645004 644839 644833 639223 639253 644917 644959 645010 644973 644883 644861 644901 644699 644894 645001 645004 644999 644979 644889 639943 644915 644950 
641585 641573 641631 641655 641573 641569 641677 641631 641463 641459 641605 641407 641517 641355 641387 641377 641597 641537 641555 641361 641347 641367 641331 641359 641561 641291 641301 641551 641469 641415 641291 641327 641281 641291 641291 641275 641523 641605 642065 641555 641421 641367 641379 641943 641915 641799 641731 641731 642395 643157 643307 641933 641777 641847 641919 641889 643645 643735 642015 644526 644491 639873 644437 641877 644365 644315 639579 640783 644747 644776 644758 644883 644895 644889 644299 644733 644796 644836 644876 644873 644879 644929 644923 644941 644942 644930 644965 644972 644447 639599 644990 644963 644423 640779 644857 644898 645030 644935 644835 638167 645023 645013 645029 644851 644787 645058 645052 644855 644849 639239 639269 644955 644997 645025 644989 644899 644877 644917 644715 644932 645019 645022 645016 644995 644905 639959 644953 644999 
641212 641212 641246 641246 641188 641172 641244 641210 641078 641108 641184 641056 641108 641004 641036 641026 641152 641116 641122 640976 640974 641016 640980 641008 641116 640940 640950 641106 641048 641006 640918 640942 640930 640940 640940 640924 641078 641136 641464 641074 640976 640946 640886 641374 641358 641254 641210 641186 641874 642676 642738 641412 641256 641326 641398 641368 643124 643214 641494 643866 643898 639352 643868 641356 643832 643794 639058 640262 643929 643946 643940 644030 644072 644123 643778 643915 643954 643982 644010 644007 644013 644103 644106 644121 644152 644146 644133 644153 643920 639078 644162 644178 643896 640258 643979 644008 644092 644192 644150 637816 644148 644153 644145 644158 644126 644128 644131 644160 644157 638718 638748 644029 644059 644145 644141 644138 644149 644153 644078 644006 644101 644104 644134 644138 644135 639438 644015 644050 
641669 641657 641715 641739 641657 641653 641761 641715 641547 641543 641689 641491 641601 641439 641471 641461 641681 641621 641639 641445 641431 641451 641415 641443 641645 641375 641385 641635 641553 641499 641375 641411 641365 641375 641375 641359 641607 641689 642149 641639 641505 641451 641463 642202 642190 642086 642018 642018 642682 643241 643566 642220 642064 642134 642206 642176 643932 644022 642302 644623 644678 640160 644696 642164 644652 644602 639866 641070 644430 644464 644452 644632 644716 644810 644586 644402 644480 644536 644592 644586 644598 644778 644784 644814 644882 644882 644838 644878 644719 639886 644896 644928 644695 641066 644530 644588 644756 644953 644969 638251 644868 644878 644862 644977 644949 644828 644834 644969 644969 639526 639556 644630 644690 644861 644889 644935 644957 644949 644877 644584 644774 644780 644839 644883 644929 640246 644602 644672 
0 0 0 0 0 0 0 0 0 0 0 0 0 0 0 0 0 0 0 0 0 0 0 0 0 0 0 0 0 0 0 0 0 0 0 0 0 0 642032 0 0 0 641831 642434 0 642522 0 0 641982 640460 641070 642444 642600 642530 642458 642488 640732 640642 642362 0 0 644504 0 642500 0 0 644798 643594 0 0 0 0 0 0 640078 0 0 0 0 0 0 0 0 0 0 0 0 0 639930 644778 0 0 639954 643598 0 0 0 0 0 638619 0 0 0 0 0 0 0 0 0 645088 645037 0 0 0 0 0 0 0 0 0 0 0 0 0 0 644418 0 0 
0 0 0 0 0 0 0 0 0 0 0 0 0 0 0 0 0 0 0 0 0 0 0 0 0 0 0 0 0 0 0 0 0 0 0 0 0 0 642879 0 0 0 642721 643281 0 643413 0 0 642829 641307 641917 643291 643447 643377 643305 643335 641579 641489 643055 0 0 644021 0 642977 0 0 644075 643471 0 0 0 0 0 0 640925 0 0 0 0 0 0 0 0 0 0 0 0 0 640777 643983 0 0 640801 643379 0 0 0 0 0 639509 0 0 0 0 0 0 0 0 0 644259 644319 0 0 0 0 0 0 0 0 0 0 0 0 0 0 643695 0 0 
641597 641585 641643 641667 641585 641581 641689 641643 641475 641471 641617 641419 641529 641367 641399 641389 641609 641549 641567 641373 641359 641379 641343 641371 641573 641303 641313 641563 641481 641427 641303 641339 641293 641303 641303 641287 641535 641617 642077 641567 641433 641379 641391 641813 641785 641669 641601 641601 642265 643169 643177 641803 641647 641717 641789 641759 643515 643605 641885 644401 644361 639743 644307 641747 644235 644185 639449 640653 644877 644896 644866 644895 644907 644901 644169 644873 644924 644932 644935 644941 644929 644941 644935 644941 644853 644841 644923 644883 644317 639469 644865 644833 644293 640649 644997 645014 645005 644805 644705 638179 644893 644883 644899 644721 644657 644933 644927 644725 644719 639109 639139 645083 645053 644899 644859 644769 644747 644787 644585 645060 644975 644972 644921 644865 644775 639829 645039 645038 
641563 641551 641609 641633 641551 641547 641655 641609 641441 641437 641583 641385 641495 641333 641365 641355 641575 641515 641533 641339 641325 641345 641309 641337 641539 641269 641279 641529 641447 641393 641269 641305 641259 641269 641269 641253 641501 641583 642043 641533 641399 641345 641357 641810 641782 641666 641598 641598 642262 643135 643174 641800 641644 641714 641786 641756 643512 643602 641882 644398 644358 639740 644304 641744 644232 644182 639446 640650 644853 644876 644846 644861 644873 644867 644166 644839 644902 644909 644901 644907 644895 644907 644901 644907 644850 644838 644919 644880 644314 639466 644862 644830 644290 640646 644963 644994 645001 644802 644702 638145 644890 644880 644896 644718 644654 644930 644924 644722 644716 639106 639136 645049 645063 644896 644856 644766 644744 644784 644582 645026 644984 644978 644918 644862 644772 639826 645035 645035 
641517 641505 641563 641587 641505 641501 641609 641563 641395 641391 641537 641339 641449 641287 641319 641309 641529 641469 641487 641293 641279 641299 641263 641291 641493 641223 641233 641483 641401 641347 641223 641259 641213 641223 641223 641207 641455 641537 641997 641487 641353 641299 641311 641961 641933 641817 641749 641749 642413 643089 643325 641951 641795 641865 641937 641907 643663 643753 642033 644471 644503 639891 644455 641895 644383 644333 639597 640801 644700 644729 644711 644815 644827 644821 644317 644686 644749 644789 644829 644826 644832 644861 644855 644873 644875 644863 644897 644905 644465 639617 644935 644939 644441 640797 644810 644851 644977 644947 644853 638099 644999 644989 645005 644869 644805 645003 644997 644873 644867 639257 639287 644908 644950 645041 645007 644917 644895 644935 644733 644885 645016 645019 645049 645013 644923 639977 644906 644953 
0 0 0 636403 636198 0 636458 636343 635923 635913 636278 0 636058 0 0 0 0 636108 0 635668 635633 0 0 0 0 0 0 0 635938 635803 0 635583 0 0 0 0 636073 636278 637428 636153 635818 635683 635713 637475 0 637149 0 636979 638639 640158 640885 637484 637094 637269 637449 637374 641764 641989 637689 0 643739 632334 0 637344 0 0 631599 634609 644056 0 0 644473 0 0 643399 0 0 0 0 0 0 0 0 0 0 0 0 644698 643769 631649 0 0 643709 634599 0 0 0 0 0 627683 0 0 0 0 0 0 0 0 0 630749 630824 0 0 0 645054 644889 0 0 0 0 0 0 0 0 0 632549 0 644661 
0 0 0 636479 636274 0 636534 636419 635999 635989 636354 0 636134 0 0 0 0 636184 0 635744 635709 0 0 0 0 0 0 0 636014 635879 0 635659 0 0 0 0 636149 636354 637504 636229 635894 635759 635789 637643 0 637343 0 637173 638833 640234 641053 637678 637288 637463 637643 637568 641958 642183 637883 0 643821 632528 0 637538 0 0 631793 634803 643862 0 0 644367 0 0 643593 0 0 0 0 0 0 0 0 0 0 0 0 644774 643963 631843 0 0 643903 634793 0 0 0 0 0 627759 0 0 0 0 0 0 0 0 0 630943 631018 0 0 0 645010 645071 0 0 0 0 0 0 0 0 0 632743 0 644467 
641475 641463 641521 641545 641463 641459 641567 641521 641353 641349 641495 641297 641407 641245 641277 641267 641487 641427 641445 641251 641237 641257 641221 641249 641451 641181 641191 641441 641359 641305 641181 641217 641171 641181 641181 641165 641413 641495 641955 641445 641311 641257 641269 642033 642018 641914 641851 641846 642515 643047 643397 642053 641897 641967 642039 642009 643765 643855 642135 644429 644485 639993 644527 641997 644485 644435 639699 640903 644533 644562 644544 644682 644748 644771 644419 644519 644582 644622 644662 644659 644665 644791 644788 644809 644833 644821 644833 644849 644567 639719 644876 644896 644543 640899 644643 644684 644816 644918 644925 638057 644908 644913 644905 644941 644902 644876 644879 644951 644948 639359 639389 644741 644783 644917 644949 644973 644962 644981 644835 644718 644861 644864 644906 644946 644976 640079 644739 644786 
641487 641475 641533 641557 641475 641471 641579 641533 641365 641361 641507 641309 641419 641257 641289 641279 641499 641439 641457 641263 641249 641269 641233 641261 641463 641193 641203 641453 641371 641317 641193 641229 641183 641193 641193 641177 641425 641507 641967 641457 641323 641269 641281 642033 642041 641937 641869 641869 642533 643059 643397 642071 641915 641985 642057 642027 643783 643873 642153 644441 644497 640011 644527 642015 644503 644453 639717 640921 644497 644526 644508 644646 644712 644773 644437 644483 644546 644586 644626 644623 644629 644767 644770 644797 644836 644830 644821 644851 644585 639737 644874 644898 644561 640917 644607 644648 644780 644920 644925 638069 644872 644877 644869 644938 644925 644840 644843 644964 644961 639377 639407 644705 644747 644881 644913 644958 644969 644949 644853 644682 644825 644828 644870 644910 644955 640097 644703 644750 
0 0 0 639631 639597 0 639605 639583 639487 639579 639557 0 639493 0 0 0 639501 639489 639483 639385 639395 0 639475 0 0 0 0 0 639421 639391 0 639351 0 0 0 0 639427 639461 639657 639387 639325 639319 639187 639495 639491 639399 0 639331 640043 640989 640859 639631 639475 639545 639617 639587 641343 641433 639713 641987 641995 637571 641989 639575 641989 641987 637277 638481 642357 0 0 642357 0 0 641997 0 0 0 0 0 0 0 0 0 0 642357 0 642357 642145 637297 0 0 642121 638477 0 642357 0 0 642357 636287 0 0 0 642357 642357 0 0 0 0 636937 636967 0 0 0 642357 642357 0 0 642357 642357 0 0 0 0 0 637657 0 642357 
0 0 0 635977 635772 0 636032 635917 635497 635487 635852 0 635632 0 0 0 0 635682 0 635242 635207 0 0 0 0 0 0 0 635512 635377 0 635157 0 0 0 0 635647 635852 636988 635727 635392 635257 635287 636443 0 636131 0 635961 637669 639732 639853 636764 636374 636549 636729 636654 640889 641114 636969 0 642765 631614 0 636624 0 0 630879 633889 644072 0 0 644047 0 0 642500 0 0 0 0 0 0 0 0 0 0 0 0 643998 642846 630929 0 0 642798 633879 0 644383 0 0 0 627257 0 0 0 0 0 0 0 0 0 630029 630104 0 0 0 644034 643857 0 0 0 644659 0 0 0 0 0 631829 0 644509 
641515 641503 641561 641585 641503 641499 641607 641561 641393 641389 641535 641337 641447 641285 641317 641307 641527 641467 641485 641291 641277 641297 641261 641289 641491 641221 641231 641481 641399 641345 641221 641257 641211 641221 641221 641205 641453 641535 641995 641485 641351 641297 641309 641883 641855 641739 641671 641671 642335 643087 643247 641873 641717 641787 641859 641829 643585 643675 641955 644458 644431 639813 644377 641817 644305 644255 639519 640723 644784 644805 644775 644813 644825 644819 644239 644770 644833 644841 644849 644852 644846 644859 644853 644871 644873 644861 644895 644903 644387 639539 644922 644902 644363 640719 644894 644923 644977 644875 644775 638097 644962 644952 644968 644791 644727 644990 644984 644795 644789 639179 639209 644992 645016 644969 644929 644839 644817 644857 644655 644969 645035 645032 644991 644935 644845 639899 644990 645037 
641531 641519 641577 641601 641519 641515 641623 641577 641409 641405 641551 641353 641463 641301 641333 641323 641543 641483 641501 641307 641293 641313 641277 641305 641507 641237 641247 641497 641415 641361 641237 641273 641227 641237 641237 641221 641469 641551 642011 641501 641367 641313 641325 641922 641894 641778 641710 641710 642374 643103 643286 641912 641756 641826 641898 641868 643624 643714 641994 644485 644470 639852 644416 641856 644344 644294 639558 640762 644774 644803 644781 644829 644841 644835 644278 644760 644823 644847 644855 644858 644852 644875 644869 644887 644889 644877 644911 644919 644426 639578 644949 644930 644402 640758 644884 644925 644989 644914 644814 638113 644990 644980 644996 644830 644766 645017 645011 644834 644828 639218 639248 644982 645022 645008 644968 644878 644856 644896 644694 644959 645053 645050 645020 644974 644884 639938 644980 645027 
641502 641490 641548 641572 641490 641486 641594 641548 641380 641376 641522 641324 641434 641272 641304 641294 641514 641454 641472 641278 641264 641284 641248 641276 641478 641208 641218 641468 641386 641332 641208 641244 641198 641208 641208 641192 641440 641522 641982 641472 641338 641284 641296 642012 641984 641868 641800 641800 642464 643074 643376 642002 641846 641916 641988 641958 643714 643804 642084 644456 644512 639942 644506 641946 644434 644384 639648 640852 644684 644713 644695 644800 644812 644806 644368 644670 644733 644773 644813 644810 644816 644846 644840 644858 644860 644848 644882 644890 644516 639668 644920 644936 644492 640848 644794 644835 644964 644956 644904 638084 644996 644986 645002 644920 644856 644988 644982 644924 644918 639308 639338 644892 644934 645050 645046 644968 644946 644986 644784 644869 645012 645015 645057 645052 644974 640028 644890 644937 
641492 641480 641538 641562 641480 641476 641584 641538 641370 641366 641512 641314 641424 641262 641294 641284 641504 641444 641462 641268 641254 641274 641238 641266 641468 641198 641208 641458 641376 641322 641198 641234 641188 641198 641198 641182 641430 641512 641972 641462 641328 641274 641286 642037 642015 641899 641831 641831 642495 643064 643401 642033 641877 641947 642019 641989 643745 643835 642115 644446 644502 639973 644531 641977 644465 644415 639679 640883 644641 644670 644652 644790 644802 644796 644399 644627 644690 644730 644770 644767 644773 644836 644830 644848 644850 644838 644872 644880 644547 639699 644910 644926 644523 640879 644751 644792 644924 644946 644929 638074 644986 644976 644992 644945 644887 644978 644972 644955 644949 639339 639369 644849 644891 645025 645047 644999 644977 645011 644815 644826 644969 644972 645014 645053 645005 640059 644847 644894 
640929 640917 640975 640999 640917 640913 641021 640975 640807 640803 640949 640751 640861 640699 640731 640721 640941 640881 640899 640705 640691 640711 640675 640703 640905 640635 640645 640895 640813 640759 640635 640671 640625 640635 640635 640619 640867 640949 641409 640899 640765 640711 640723 641487 641507 641418 641374 641350 642038 642501 642851 641791 641635 641705 641777 641747 643372 643462 641873 643883 643939 639731 643981 641735 643996 643970 639437 640641 643978 644007 643989 644127 644189 644210 644002 643964 644027 644067 644107 644104 644110 644230 644227 644248 644273 644267 644272 644288 644126 639457 644315 644335 644114 640637 644088 644129 644261 644357 644379 637511 644353 644358 644350 644387 644406 644321 644324 644425 644422 639097 639127 644186 644228 644362 644394 644447 644436 644420 644370 644163 644306 644309 644351 644391 644450 639817 644184 644231 
0 0 0 0 0 0 640657 0 640443 640439 640585 0 640497 0 0 0 0 640517 0 640341 640327 0 0 0 0 0 0 0 640449 640395 0 640307 0 0 0 0 640503 640585 641045 640535 640401 640347 640359 641123 0 641075 0 641007 641725 640231 640841 642215 642371 642301 642229 642259 640503 640413 642133 0 0 643613 0 642271 0 0 643763 643365 0 0 0 0 0 0 639849 0 0 0 0 0 0 0 0 0 0 0 0 0 639701 643855 0 0 639725 643369 0 0 0 0 0 637147 0 0 0 0 0 0 0 0 0 643543 643501 0 0 0 0 0 0 0 0 0 0 0 0 0 0 644113 0 0 
641527 641515 641573 641597 641515 641511 641619 641573 641405 641401 641547 641349 641459 641297 641329 641319 641539 641479 641497 641303 641289 641309 641273 641301 641503 641233 641243 641493 641411 641357 641233 641269 641223 641233 641233 641217 641465 641547 642007 641497 641363 641309 641321 641795 641767 641651 641583 641583 642247 643099 643159 641785 641629 641699 641771 641741 643497 643587 641867 644383 644343 639725 644289 641729 644217 644167 639431 640635 644835 644849 644813 644825 644837 644831 644151 644862 644881 644873 644865 644871 644859 644871 644865 644882 644835 644823 644894 644865 644299 639451 644847 644815 644275 640631 644975 644965 644976 644787 644687 638109 644875 644865 644881 644703 644639 644915 644909 644707 644701 639091 639121 645066 645042 644881 644841 644751 644729 644769 644567 645094 644969 644963 644903 644847 644757 639811 645109 645071 
0 0 0 636355 636150 0 636410 636295 635875 635865 636230 0 636010 0 0 0 0 636060 0 635620 635585 0 0 0 0 0 0 0 635890 635755 0 635535 0 0 0 0 636025 636230 637380 636105 635770 635635 635665 636999 0 636639 0 636469 638129 640110 640409 636974 636584 636759 636939 636864 641254 641479 637179 0 643369 631824 0 636834 0 0 631089 634099 644450 0 0 644425 0 0 642889 0 0 0 0 0 0 0 0 0 0 0 0 644552 643259 631139 0 0 643199 634089 0 0 0 0 0 627635 0 0 0 0 0 0 0 0 0 630239 630314 0 0 0 644614 644389 0 0 0 0 0 0 0 0 0 632039 0 645021 
