644927 644914 644911 644826 644842 644867 644901 644808 644824 644855 644877 644886 644878 644782 644772 644816 644777 644819 644817 644780 644754 644776 644760 644783 644854 644738 644728 644738 644739 644733 644727 644753 644720 644694 644706 644681 644735 644776 644670 644658 644664 644648 644678 644668 644654 644668 644666 644693 644681 644695 644697 644713 644703 644660 644623 644629 644635 644663 644719 644602 644598 644594 644600 644617 644623 644639 644645 644655 644633 644671 644675 644607 644627 644641 644665 644703 644597 644603 644609 644639 644639 644607 644494 644501 644579 644591 644609 644597 644631 644456 644470 644471 644529 644541 644569 644591 644549 644452 644441 644471 644517 644523 644539 644545 644551 644569 644545 644406 644394 644412 644399 644439 644455 644439 644515 644527 644499 644519 644507 644547 644552 644558 644378 644396 644376 644382 644405 644409 
644363 644356 644353 644309 644317 644327 644338 644300 644308 644315 644314 644323 644320 644287 644274 644304 644262 644291 644284 644286 644273 644266 644250 644268 644296 644264 644254 644228 644224 644218 644212 644238 644256 644232 644196 644166 644220 644254 644231 644220 644226 644210 644216 644206 644180 644170 644156 644178 644166 644180 644182 644198 644188 644150 644108 644114 644120 644148 644204 644176 644148 644108 644114 644102 644108 644124 644130 644140 644118 644156 644088 644092 644112 644115 644095 644104 644082 644077 644083 644089 644089 644057 644068 643986 644064 644076 644071 644001 644033 644066 643960 643956 644014 644026 644054 644041 643999 643966 643926 643956 643991 643997 643989 643995 644001 644019 643995 643932 643908 643902 643884 643924 643940 643924 643977 643977 643949 643969 643957 643949 643954 644114 643940 643946 643902 643872 643890 643894 
642993 643014 643017 642963 642971 642945 642986 642954 642962 642921 642938 642971 643004 642941 642936 642958 642918 642885 642866 642940 642927 642938 642930 642903 642980 642919 642914 642919 642899 642896 642893 642888 642910 642897 642903 642870 642825 642938 642885 642879 642882 642874 642889 642884 642877 642884 642883 642858 642816 642841 642824 642850 642809 642880 642841 642844 642847 642825 642781 642851 642849 642847 642850 642820 642823 642813 642816 642785 642774 642757 642645 642761 642771 642724 642652 642661 642738 642705 642708 642687 642675 642635 642797 642780 642729 642717 642690 642558 642590 642778 642785 642765 642704 642710 642706 642651 642570 642776 642750 642729 642662 642665 642613 642616 642631 642640 642604 642753 642747 642756 642729 642713 642721 642677 642643 642631 642593 642615 642585 642536 642541 642798 642739 642748 642738 642741 642714 642698 
0 0 0 641610 0 0 0 0 0 0 0 0 0 0 641621 0 0 0 0 0 0 0 0 0 0 0 0 0 0 0 0 0 0 0 0 0 0 0 0 0 0 0 0 0 0 0 0 0 0 0 0 0 0 0 0 0 0 0 0 0 0 0 0 0 0 0 0 0 0 0 0 0 0 0 0 0 0 0 0 0 0 0 0 0 0 0 0 0 0 0 0 0 0 0 0 0 0 0 0 0 0 0 0 0 0 0 0 0 0 0 0 0 0 0 0 0 0 0 0 0 0 0 0 0 0 0 0 0 
0 0 0 640999 640999 640999 0 640975 640975 640999 0 640999 640999 640999 640971 640991 0 640999 640999 640951 640951 640951 640935 640953 640999 640961 640951 0 0 0 0 0 0 0 0 0 640941 0 0 0 0 640871 640901 640891 640877 0 0 0 640875 0 0 0 640909 0 0 0 0 0 640949 640825 640821 0 640823 0 0 0 0 640861 0 640901 640809 0 0 0 640833 640809 0 0 0 640835 640835 640803 640717 640659 0 640821 0 640713 640737 640679 640645 640629 0 0 0 640787 640745 640675 640599 640653 0 0 0 0 0 0 0 640629 640617 640587 640557 640621 640637 640645 0 0 0 0 640703 640689 640689 0 640601 640619 640599 640557 0 640591 
0 0 0 639570 0 639612 0 0 639317 639600 0 0 0 639452 639495 0 0 0 639585 0 0 0 0 0 0 0 0 0 0 0 0 0 0 0 0 0 0 0 0 0 0 0 0 0 0 0 0 0 0 0 0 0 0 0 0 0 0 0 639524 0 639216 0 0 0 0 0 0 0 0 0 639325 0 0 0 0 0 0 0 0 0 0 639393 639068 0 0 0 0 0 0 0 0 0 0 0 0 0 0 0 0 0 0 0 0 0 0 0 0 0 0 0 0 0 0 0 0 0 0 0 0 0 0 0 0 638992 0 0 0 0 
644132 644129 644132 644078 644086 644120 644155 644069 644077 644132 644155 644140 644113 644056 644051 644073 644046 644108 644101 644055 644042 644050 644034 644076 644089 644034 644029 644012 644008 644002 643996 644046 644025 644012 643980 643950 644052 644047 644000 643994 643997 643989 644000 643990 643964 643954 643940 643986 643998 644012 644014 644030 644020 643934 643892 643898 643904 643980 644036 643960 643932 643892 643898 643910 643916 643956 643962 643972 643950 643988 644000 643924 643944 643958 643995 644016 643914 643920 643926 643956 643968 643960 643852 643770 643896 643908 643926 643961 643981 643850 643744 643740 643846 643858 643886 643920 643937 643750 643710 643788 643834 643840 643880 643886 643880 643898 643898 643716 643692 643686 643668 643756 643772 643756 643832 643844 643840 643848 643860 643945 643950 643907 643724 643730 643686 643656 643698 643726 
0 0 0 644137 0 644131 0 644194 644186 644119 0 644079 644100 644163 644134 0 0 644095 644088 0 644171 644112 644104 0 644076 644163 0 0 0 0 0 0 0 0 0 0 644047 0 0 0 0 0 644133 0 0 0 0 0 644026 0 0 0 644031 0 0 0 0 0 644027 644095 644093 0 0 0 0 0 0 644007 0 644003 643977 0 0 0 643982 643961 0 0 0 643969 643969 643953 644041 643954 0 643963 0 643920 643924 0 643959 643939 0 0 0 643945 643924 643998 643924 643927 0 0 0 0 0 0 0 643997 643969 643930 0 643911 643919 643899 0 0 0 0 643903 643860 0 0 0 643992 643982 643906 0 643896 
0 0 0 639798 0 0 0 0 639836 0 0 0 0 639836 639822 0 0 0 0 0 0 0 0 0 0 0 0 0 0 0 0 0 0 0 0 0 0 0 0 0 0 0 0 0 0 0 0 0 0 0 0 0 0 0 0 0 0 0 0 0 639836 0 0 0 0 0 0 0 0 0 0 0 0 0 0 0 0 0 0 0 0 639486 639836 0 0 0 0 0 0 0 0 0 0 0 0 0 0 0 0 0 0 0 0 0 0 0 0 0 0 0 0 0 0 0 0 0 0 0 0 0 0 0 0 639836 0 0 0 0 
0 0 0 640800 0 640922 0 0 640601 640976 0 0 0 640682 640725 0 0 0 640973 0 0 0 0 0 0 0 0 0 0 0 0 0 0 0 0 0 0 0 0 0 0 0 0 0 0 0 0 0 0 0 0 0 0 0 0 0 0 0 640914 0 640446 0 0 0 0 0 0 0 0 0 640811 0 0 0 0 0 0 0 0 0 0 640840 640281 0 0 0 0 0 0 0 0 0 0 0 0 0 0 0 0 0 0 0 0 0 0 0 0 0 0 0 0 0 0 0 0 0 0 0 0 0 0 0 0 640096 0 0 0 0 
645013 645007 645013 644905 644921 644989 645091 644887 644903 645013 645121 645105 645057 644861 644851 644895 644863 644995 645005 644859 644833 644855 644839 644905 645013 644817 644807 644817 644825 644819 644813 644875 644799 644773 644785 644767 644923 644929 644749 644737 644743 644727 644757 644747 644733 644747 644745 644815 644857 644853 644873 644871 644891 644739 644709 644715 644721 644821 644905 644681 644677 644673 644679 644739 644745 644797 644803 644843 644821 644857 644825 644795 644815 644815 644815 644857 644795 644777 644783 644789 644789 644757 644573 644587 644777 644777 644771 644747 644787 644535 644549 644557 644727 644739 644755 644741 644699 644531 644527 644629 644691 644697 644689 644695 644701 644719 644695 644485 644473 644491 644485 644597 644613 644627 644677 644677 644649 644669 644657 644797 644797 644649 644457 644475 644455 644461 644527 644567 
0 0 0 644861 0 644961 0 0 644858 644925 0 645149 645104 644795 644780 0 0 644853 644832 0 0 644786 0 0 645048 0 0 0 0 0 0 0 0 0 0 0 0 0 0 0 0 0 0 0 0 0 0 0 0 0 0 0 0 0 0 0 0 0 644649 0 644519 0 0 0 0 0 0 0 0 0 644529 0 0 0 644514 644577 0 0 0 0 644475 644427 644363 0 0 0 0 644412 644472 0 0 0 0 0 0 0 644340 0 0 0 0 0 0 0 0 0 0 0 0 0 0 0 0 0 0 0 0 0 0 644502 0 0 0 644216 0 0 0 0 
0 0 0 644886 0 644916 0 0 644887 644880 0 645108 645135 644824 644809 0 0 644808 644787 0 0 644811 0 0 645089 0 0 0 0 0 0 0 0 0 0 0 0 0 0 0 0 0 0 0 0 0 0 0 0 0 0 0 0 0 0 0 0 0 644604 0 644548 0 0 0 0 0 0 0 0 0 644484 0 0 0 644469 644532 0 0 0 0 644430 644382 644392 0 0 0 0 644367 644427 0 0 0 0 0 0 0 644295 0 0 0 0 0 0 0 0 0 0 0 0 0 0 0 0 0 0 0 0 0 0 644463 0 0 0 644245 0 0 0 0 
0 0 0 642237 0 0 0 0 642237 0 0 0 0 642237 642236 0 0 0 0 0 0 0 0 0 0 0 0 0 0 0 0 0 0 0 0 0 0 0 0 0 0 0 0 0 0 0 0 0 0 0 0 0 0 0 0 0 0 0 0 0 642191 0 0 0 0 0 0 0 0 0 0 0 0 0 0 0 0 0 0 0 0 642043 642139 0 0 0 0 0 0 0 0 0 0 0 0 0 0 0 0 0 0 0 0 0 0 0 0 0 0 0 0 0 0 0 0 0 0 0 0 0 0 0 0 642051 0 0 0 0 
0 0 0 636441 0 0 0 0 0 0 0 0 0 0 636441 0 0 0 0 0 0 0 0 0 0 0 0 0 0 0 0 0 0 0 0 0 0 0 0 0 0 0 0 0 0 0 0 0 0 0 0 0 0 0 0 0 0 0 0 0 636441 0 0 0 0 0 0 0 0 0 0 0 0 0 0 0 0 0 0 0 0 636441 636393 0 0 0 0 0 0 0 0 0 0 0 0 0 0 0 0 0 0 0 0 0 0 0 0 0 0 0 0 0 0 0 0 0 0 0 0 0 0 0 0 636247 0 0 0 0 
0 0 0 639449 639449 639436 0 639449 639449 639412 0 639436 639449 639449 639449 639449 0 639388 639364 639437 639437 639449 639449 639436 639449 639449 639449 0 0 0 0 0 0 0 0 0 639364 0 0 0 0 639413 639437 639437 639443 0 0 0 639369 0 0 0 639362 0 0 0 0 0 639316 639401 639415 0 639404 0 0 0 0 639338 0 639310 639124 0 0 0 639148 639124 0 0 0 639240 639220 639172 639363 639321 0 639270 0 639028 639052 639344 639315 639306 0 0 0 639204 639100 639330 639291 639282 0 0 0 0 0 0 0 639319 639301 639286 639270 639266 639274 639230 0 0 0 0 639138 639004 639004 0 639305 639314 639304 639271 0 639251 
644097 644079 644073 644181 644117 644133 644031 644055 644039 644121 644007 644001 644007 644129 644187 644191 644247 644133 644111 644035 644061 644231 644247 644217 643959 644125 644135 644254 644246 644243 644240 644243 644047 644121 644238 644217 644193 643875 644049 644061 644055 644071 644137 644147 644176 644207 644218 644217 644199 644212 644207 644221 644204 644215 644188 644191 644194 644196 644161 644069 644124 644158 644161 644179 644182 644184 644187 644180 644169 644176 643953 644156 644166 644155 643999 643921 644145 644136 644139 644142 644133 644093 644048 644127 644136 644136 644133 643887 643883 643993 644120 644112 644111 644117 644125 644118 644043 644087 644097 644100 644093 644096 644092 644095 644098 644107 644095 644052 644058 644091 644076 644084 644092 644072 644086 644086 644072 644082 644076 643779 643789 643595 644002 644023 644037 644076 644073 644069 
0 0 0 642575 0 642697 0 0 642382 642733 0 0 0 642459 642448 0 0 642755 642732 0 0 0 0 0 0 0 0 0 0 0 0 0 0 0 0 0 0 0 0 0 0 0 0 0 0 0 0 0 0 0 0 0 0 0 0 0 0 0 642525 0 642013 0 0 0 0 0 0 0 0 0 642277 0 0 0 642352 642231 0 0 0 0 642331 642265 641753 0 0 0 0 642012 642048 0 0 0 0 0 0 0 642120 0 0 0 0 0 0 0 0 0 0 0 0 0 0 0 0 0 0 0 0 0 0 641808 0 0 0 641508 0 0 0 0 
0 0 0 643841 0 643999 0 0 643684 644059 0 0 0 643727 643706 0 0 0 644160 0 0 0 0 0 0 0 0 0 0 0 0 0 0 0 0 0 0 0 0 0 0 0 0 0 0 0 0 0 0 0 0 0 0 0 0 0 0 0 643951 0 643271 0 0 0 0 0 0 0 0 0 643821 0 0 0 0 0 0 0 0 0 0 643725 643011 0 0 0 0 0 0 0 0 0 0 0 0 0 0 0 0 0 0 0 0 0 0 0 0 0 0 0 0 0 0 0 0 0 0 0 0 0 0 0 0 642766 0 0 0 0 
0 0 0 640903 640943 640939 0 640947 640947 640939 0 640947 640947 640907 640873 640893 0 640915 640925 640947 640927 640853 640837 640855 640947 640887 640877 0 0 0 0 0 0 0 0 0 640843 0 0 0 0 640821 640851 640841 640803 0 0 0 640777 0 0 0 640811 0 0 0 0 0 640851 640775 640771 0 640725 0 0 0 0 640763 0 640803 640851 0 0 0 640857 640851 0 0 0 640807 640831 640799 640667 640561 0 640723 0 640755 640779 640629 640547 640531 0 0 0 640783 640741 640577 640501 640555 0 0 0 0 0 0 0 640555 640519 640489 640459 640523 640539 640547 0 0 0 0 640699 640731 640731 0 640551 640569 640525 640459 0 640493 
0 0 0 644225 0 644203 0 644254 644246 644191 0 644137 644158 644251 644222 0 0 644183 644174 0 644279 644200 644192 0 644134 644253 0 0 0 0 0 0 0 0 0 0 644135 0 0 0 0 0 644245 0 0 0 0 0 644114 0 0 0 644119 0 0 0 0 0 644115 644207 644205 0 0 0 0 0 0 644095 0 644091 644035 0 0 0 644064 644019 0 0 0 644057 644057 644041 644153 644005 0 644051 0 643978 643982 0 644003 643975 0 0 0 644033 644012 644057 643945 643975 0 0 0 0 0 0 0 644047 643999 643945 0 643943 643959 643943 0 0 0 0 643991 643918 0 0 0 644083 644017 643915 0 643913 
0 0 0 644809 0 644799 0 0 644632 644787 0 0 0 644734 644803 0 0 644798 644764 0 0 644841 0 0 0 0 0 0 0 0 0 0 0 0 0 0 0 0 0 0 0 0 0 0 0 0 0 0 0 0 0 0 0 0 0 0 0 0 644770 0 644625 0 0 0 0 0 0 0 0 0 644397 0 0 0 644467 644365 0 0 0 0 644632 644561 644483 0 0 0 0 644235 644255 0 0 0 0 0 0 0 644453 0 0 0 0 0 0 0 0 0 0 0 0 0 0 0 0 0 0 0 0 0 0 644085 0 0 0 644336 0 0 0 0 
0 0 0 644139 0 644031 0 643915 643883 643996 0 643767 643791 644063 644175 0 0 644008 643952 0 643927 644227 644247 0 643695 644055 0 0 0 0 0 0 0 0 0 0 644098 0 0 0 0 0 644066 0 0 0 0 0 644102 0 0 0 644113 0 0 0 0 0 644015 643928 644024 0 0 0 0 0 0 644045 0 644033 643516 0 0 0 643620 643452 0 0 0 643931 643894 643805 643844 643873 0 643913 0 643336 643340 0 643864 643828 0 0 0 643859 643676 643841 643783 643805 0 0 0 0 0 0 0 643760 643754 643777 0 643757 643781 643721 0 0 0 0 643733 643108 0 0 0 643721 643715 643732 0 643712 
0 0 0 644787 644711 644798 0 644625 644609 644786 0 644639 644583 644711 644781 0 0 644798 644764 0 644619 644823 644823 644870 644511 644695 0 0 0 0 0 0 0 0 0 0 644822 0 0 0 0 0 644679 0 0 0 0 0 644810 0 0 0 644819 0 0 0 0 0 644774 644571 644625 0 0 0 0 0 0 644772 0 644764 644403 0 0 0 644473 644371 0 0 0 644673 644643 644571 644492 644501 0 644671 0 644241 644261 0 644456 644456 0 0 0 644613 644463 644429 644411 644503 0 0 0 0 0 0 0 644360 644342 644369 644348 644455 644479 644455 0 0 0 0 644504 644079 0 0 644318 644345 644315 644324 0 644410 
0 0 0 644836 0 644888 0 0 644835 644852 0 645086 645097 644772 644757 0 0 644780 644759 0 0 644761 0 0 645119 0 0 0 0 0 0 0 0 0 0 0 0 0 0 0 0 0 0 0 0 0 0 0 0 0 0 0 0 0 0 0 0 0 644576 0 644496 0 0 0 0 0 0 0 0 0 644456 0 0 0 644441 644504 0 0 0 0 644402 644354 644340 0 0 0 0 644339 644399 0 0 0 0 0 0 0 644267 0 0 0 0 0 0 0 0 0 0 0 0 0 0 0 0 0 0 0 0 0 0 644447 0 0 0 644193 0 0 0 0 
0 0 0 644318 0 644276 0 644327 644319 644264 0 644210 644231 644340 644345 0 0 644264 644247 0 644332 644333 644325 0 644207 644362 0 0 0 0 0 0 0 0 0 0 644268 0 0 0 0 0 644358 0 0 0 0 0 644247 0 0 0 644252 0 0 0 0 0 644248 644320 644318 0 0 0 0 0 0 644228 0 644224 644108 0 0 0 644137 644092 0 0 0 644190 644190 644174 644266 644175 0 644184 0 644051 644055 0 644180 644160 0 0 0 644166 644145 644219 644142 644148 0 0 0 0 0 0 0 644220 644190 644142 0 644132 644140 644120 0 0 0 0 644124 643991 0 0 0 644217 644205 644112 0 644110 
0 0 0 643575 643567 643533 0 643584 643576 643521 0 643467 643488 643597 643578 643576 0 643521 643504 643596 643609 643556 643548 643533 643464 643609 643604 0 0 0 0 0 0 0 0 0 643491 0 0 0 0 643586 643601 643596 643567 0 0 0 643470 0 0 0 643475 0 0 0 0 0 643471 643563 643561 0 643516 0 0 0 0 643451 0 643447 643365 0 0 0 643394 643349 0 0 0 643413 643413 643397 643509 643356 0 643407 0 643308 643312 643477 643354 643326 0 0 0 643389 643368 643408 643296 643326 0 0 0 0 0 0 0 643398 643350 643296 643254 643294 643310 643294 0 0 0 0 643347 643248 643253 0 643428 643434 643368 643266 0 643264 
643993 643965 643959 644067 644015 644029 643927 643977 643961 644017 643903 643897 643893 644039 644085 644077 644143 644029 644007 643957 643983 644117 644133 644113 643845 644047 644057 644145 644149 644146 644143 644143 643969 644043 644131 644120 644089 643797 643971 643983 643977 643993 644059 644069 644105 644112 644111 644120 644102 644115 644110 644124 644107 644108 644091 644094 644097 644099 644057 643991 644053 644075 644078 644082 644085 644087 644090 644083 644072 644079 643849 644059 644069 644058 643895 643817 644048 644039 644042 644045 644029 643989 643977 644030 644039 644039 644036 643783 643779 643922 644013 644015 644014 644020 644028 644021 643939 644004 644000 644003 643996 643999 643995 643998 644001 644010 643998 643981 643975 643984 643979 643987 643995 643975 643989 643989 643975 643985 643979 643675 643685 643517 643931 643952 643966 643969 643976 643972 
644131 644101 644095 644203 644151 644189 644087 644089 644073 644177 644063 644057 644029 644163 644221 644213 644281 644189 644167 644069 644095 644253 644269 644273 643981 644159 644169 644288 644308 644307 644304 644303 644081 644155 644290 644281 644249 643909 644083 644095 644089 644105 644171 644181 644234 644271 644270 644303 644285 644298 644293 644307 644276 644267 644252 644255 644258 644282 644217 644103 644188 644222 644225 644265 644268 644270 644273 644266 644255 644256 644009 644242 644252 644241 644055 643977 644231 644222 644225 644218 644189 644149 644112 644191 644222 644222 644219 643943 643939 644057 644172 644176 644197 644203 644211 644204 644099 644151 644161 644186 644179 644182 644178 644181 644184 644193 644181 644116 644122 644143 644140 644170 644178 644158 644172 644172 644158 644168 644162 643835 643845 643629 644066 644087 644101 644128 644159 644155 
644772 644766 644760 644847 644803 644805 644706 644742 644726 644793 644682 644676 644694 644797 644838 644852 644868 644793 644776 644722 644739 644872 644880 644847 644646 644783 644788 644891 644885 644882 644877 644862 644720 644769 644885 644831 644817 644562 644709 644715 644712 644720 644777 644782 644825 644847 644845 644843 644831 644845 644846 644860 644833 644839 644773 644779 644785 644813 644789 644707 644775 644773 644779 644767 644773 644789 644795 644805 644783 644813 644628 644757 644777 644791 644666 644596 644747 644753 644759 644775 644751 644719 644673 644651 644729 644741 644759 644539 644547 644635 644649 644621 644679 644691 644719 644753 644676 644631 644591 644621 644667 644673 644713 644719 644713 644731 644731 644585 644573 644591 644549 644589 644605 644589 644665 644677 644673 644681 644693 644419 644429 644282 644557 644575 644555 644561 644555 644559 
644667 644634 644631 644685 644641 644679 644628 644586 644578 644667 644604 644613 644598 644635 644676 644690 644742 644667 644650 644564 644577 644710 644718 644721 644574 644621 644626 644729 644761 644764 644767 644736 644558 644607 644745 644747 644691 644496 644547 644553 644550 644558 644615 644620 644663 644724 644725 644758 644736 644747 644728 644738 644707 644719 644689 644695 644701 644729 644663 644545 644619 644653 644659 644683 644689 644705 644711 644721 644699 644687 644511 644673 644693 644684 644540 644495 644663 644669 644675 644649 644625 644593 644553 644567 644645 644657 644674 644447 644458 644510 644529 644537 644595 644607 644635 644649 644550 644511 644507 644537 644583 644589 644629 644635 644629 644647 644624 644465 644453 644471 644465 644505 644521 644505 644581 644593 644589 644597 644609 644375 644380 644226 644437 644455 644435 644441 644471 644475 
644129 644111 644105 644213 644151 644166 644064 644089 644073 644154 644040 644034 644039 644163 644221 644223 644279 644166 644144 644069 644095 644263 644279 644250 643991 644159 644169 644285 644277 644274 644271 644279 644081 644155 644269 644248 644226 643909 644083 644095 644089 644105 644171 644181 644209 644240 644249 644249 644231 644244 644239 644253 644236 644246 644219 644222 644225 644228 644194 644103 644157 644191 644194 644211 644214 644216 644219 644212 644201 644208 643986 644188 644198 644187 644032 643954 644177 644168 644171 644174 644166 644126 644081 644158 644168 644168 644165 643920 643916 644026 644151 644143 644143 644149 644157 644150 644076 644120 644128 644132 644125 644128 644124 644127 644130 644139 644127 644085 644091 644122 644107 644116 644124 644104 644118 644118 644104 644114 644108 643812 643822 643629 644035 644056 644070 644107 644105 644101 
644796 644802 644796 644884 644888 644818 644718 644922 644906 644794 644670 644688 644730 644930 644910 644889 644826 644782 644753 644949 644967 644866 644850 644820 644682 644964 644962 644828 644788 644782 644776 644790 644984 644975 644796 644730 644736 644742 645009 645011 645012 645001 644959 644949 644888 644806 644756 644730 644694 644720 644710 644738 644704 644750 644672 644678 644684 644688 644696 644991 644915 644780 644786 644654 644660 644664 644670 644656 644634 644648 644484 644608 644628 644606 644535 644452 644586 644568 644574 644580 644580 644548 644883 644550 644568 644568 644562 644370 644378 644883 644560 644520 644518 644530 644546 644532 644490 644638 644490 644496 644482 644488 644480 644486 644492 644510 644486 644640 644580 644502 644448 644464 644480 644440 644468 644468 644440 644460 644448 644250 644260 644631 644731 644713 644610 644472 644442 644434 
644175 644178 644175 644225 644221 644187 644136 644238 644230 644175 644112 644121 644142 644251 644222 644220 644171 644175 644158 644252 644265 644199 644183 644177 644118 644253 644248 644161 644133 644127 644121 644147 644280 644255 644129 644075 644129 644148 644265 644259 644262 644254 644245 644235 644185 644127 644089 644087 644075 644089 644091 644107 644097 644083 644017 644023 644029 644057 644113 644227 644199 644089 644095 644011 644017 644033 644039 644049 644027 644065 644019 644001 644021 644035 644048 644003 643991 643997 644003 644033 644045 644037 644119 643895 643973 643985 644003 643962 643966 644117 643893 643865 643923 643935 643963 643997 644012 643947 643835 643865 643911 643917 643957 643963 643957 643975 643975 643937 643889 643835 643793 643833 643849 643833 643909 643921 643917 643925 643937 643902 643907 644054 643991 643997 643907 643805 643799 643803 
644514 644505 644499 644587 644543 644548 644448 644481 644465 644536 644424 644418 644433 644537 644578 644592 644611 644536 644519 644461 644479 644612 644620 644590 644385 644523 644528 644631 644630 644633 644636 644605 644460 644509 644647 644623 644560 644301 644449 644455 644452 644460 644517 644522 644565 644626 644634 644627 644605 644616 644597 644607 644576 644628 644565 644571 644577 644605 644532 644447 644521 644562 644568 644559 644565 644581 644587 644590 644575 644556 644370 644549 644569 644553 644409 644338 644539 644545 644549 644518 644494 644462 644462 644443 644521 644533 644543 644304 644300 644412 644438 644413 644471 644483 644511 644518 644419 644420 644383 644413 644459 644465 644502 644505 644505 644517 644493 644374 644362 644380 644341 644381 644397 644381 644457 644469 644465 644473 644485 644196 644206 644021 644346 644364 644344 644350 644347 644351 
644411 644380 644377 644431 644387 644425 644374 644332 644324 644413 644350 644359 644344 644381 644422 644436 644486 644413 644396 644310 644323 644456 644464 644467 644320 644367 644372 644475 644505 644508 644511 644482 644304 644353 644491 644524 644437 644242 644293 644299 644296 644304 644361 644366 644409 644474 644503 644512 644482 644493 644474 644484 644453 644500 644479 644485 644491 644505 644409 644291 644365 644443 644446 644475 644481 644493 644496 644477 644478 644433 644257 644465 644475 644430 644286 644241 644454 644445 644446 644395 644371 644339 644333 644357 644437 644445 644428 644200 644204 644256 644321 644327 644387 644399 644427 644395 644296 644303 644297 644329 644375 644381 644397 644394 644407 644406 644370 644257 644245 644263 644255 644297 644313 644297 644373 644385 644381 644389 644385 644140 644145 643978 644229 644247 644227 644233 644263 644267 
0 0 0 644497 0 644473 0 644317 644285 644497 0 644209 644149 644441 644533 0 0 644567 644547 0 644353 644597 644629 0 644053 644457 0 0 0 0 0 0 0 0 0 0 644711 0 0 0 0 0 644505 0 0 0 0 0 644695 0 0 0 644729 0 0 0 0 0 644647 644441 644499 0 0 0 0 0 0 644681 0 644673 644057 0 0 0 644173 643993 0 0 0 644551 644509 644385 644395 644325 0 644593 0 643829 643845 0 644273 644265 0 0 0 644479 644213 644285 644205 644361 0 0 0 0 0 0 0 644217 644169 644157 0 644297 644329 644367 0 0 0 0 644347 643589 0 0 0 644245 644157 644097 0 644237 
644825 644855 644861 644753 644805 644765 644867 644843 644859 644753 644843 644897 644927 644781 644735 644743 644675 644717 644715 644818 644792 644703 644687 644681 644955 644773 644763 644665 644637 644631 644625 644651 644758 644732 644633 644579 644633 644985 644708 644696 644702 644686 644716 644706 644689 644631 644593 644591 644579 644593 644595 644611 644601 644587 644521 644527 644533 644561 644617 644640 644636 644593 644599 644515 644521 644537 644543 644553 644531 644569 644549 644505 644525 644539 644539 644581 644495 644501 644507 644513 644513 644481 644532 644399 644477 644489 644495 644471 644511 644494 644397 644369 644427 644439 644467 644465 644423 644451 644339 644369 644415 644421 644413 644419 644425 644443 644419 644441 644393 644339 644297 644337 644353 644337 644401 644401 644373 644393 644381 644543 644533 644744 644416 644434 644411 644309 644303 644307 
644434 644437 644434 644488 644480 644446 644395 644497 644489 644434 644371 644380 644401 644510 644470 644478 644410 644434 644417 644511 644524 644438 644422 644416 644377 644508 644498 644400 644372 644366 644360 644386 644541 644500 644368 644314 644368 644406 644548 644536 644542 644526 644484 644474 644424 644366 644328 644326 644314 644328 644330 644346 644336 644322 644256 644262 644268 644296 644352 644494 644440 644328 644334 644250 644256 644272 644278 644288 644266 644304 644278 644240 644260 644274 644307 644262 644230 644236 644242 644272 644284 644276 644386 644134 644212 644224 644242 644221 644225 644383 644132 644104 644162 644174 644202 644236 644254 644186 644074 644104 644150 644156 644196 644202 644196 644214 644214 644176 644128 644074 644032 644072 644088 644072 644148 644160 644156 644164 644176 644161 644166 644260 644256 644238 644146 644044 644038 644042 
644300 644303 644300 644354 644346 644312 644261 644363 644355 644300 644237 644246 644267 644376 644359 644357 644317 644300 644283 644377 644390 644337 644329 644314 644243 644390 644385 644312 644284 644278 644272 644298 644407 644392 644280 644226 644272 644273 644428 644422 644425 644417 644384 644379 644336 644278 644240 644238 644226 644240 644242 644258 644248 644234 644168 644174 644180 644208 644252 644396 644352 644240 644246 644162 644168 644184 644190 644200 644178 644216 644144 644152 644172 644186 644173 644128 644142 644148 644154 644184 644194 644178 644298 644046 644124 644136 644154 644087 644091 644296 644044 644016 644074 644086 644114 644148 644149 644098 643986 644016 644062 644068 644108 644114 644108 644126 644126 644088 644040 643986 643944 643984 644000 643984 644060 644072 644068 644076 644088 644027 644032 644207 644168 644150 644058 643956 643950 643954 
644274 644277 644274 644328 644320 644286 644235 644337 644329 644274 644211 644220 644241 644350 644331 644329 644284 644274 644257 644351 644364 644309 644296 644286 644217 644362 644357 644274 644246 644240 644234 644260 644381 644364 644242 644188 644242 644247 644392 644386 644389 644381 644356 644348 644298 644240 644202 644200 644188 644202 644204 644220 644210 644196 644130 644136 644142 644170 644224 644358 644314 644202 644208 644124 644130 644146 644152 644162 644140 644178 644118 644114 644134 644148 644147 644102 644104 644110 644116 644146 644158 644150 644250 644008 644086 644098 644116 644061 644065 644248 644006 643978 644036 644048 644076 644110 644121 644060 643948 643978 644024 644030 644070 644076 644070 644088 644088 644050 644002 643948 643906 643946 643962 643946 644022 644034 644030 644038 644050 644001 644006 644171 644122 644112 644020 643918 643912 643916 
0 0 0 643421 643413 643379 0 643430 643422 643367 0 643313 643334 643443 643448 643426 0 643367 643350 643444 643457 643426 643418 643403 643310 643465 643470 0 0 0 0 0 0 0 0 0 643361 0 0 0 0 643484 643473 643468 643437 0 0 0 643340 0 0 0 643345 0 0 0 0 0 643341 643461 643457 0 643386 0 0 0 0 643321 0 643317 643211 0 0 0 643240 643195 0 0 0 643283 643283 643267 643407 643268 0 643277 0 643154 643158 643377 643266 643238 0 0 0 643259 643238 643312 643208 643238 0 0 0 0 0 0 0 643310 643262 643208 643166 643206 643222 643206 0 0 0 0 643217 643094 643099 0 643349 643356 643280 643178 0 643176 
0 0 0 643311 0 643269 0 643320 643312 643257 0 643203 643224 643333 643312 0 0 643257 643240 0 643347 643290 643282 0 643200 643343 0 0 0 0 0 0 0 0 0 0 643225 0 0 0 0 0 643337 0 0 0 0 0 643204 0 0 0 643209 0 0 0 0 0 643205 643325 643321 0 0 0 0 0 0 643185 0 643181 643101 0 0 0 643130 643085 0 0 0 643147 643147 643131 643271 643132 0 643141 0 643044 643048 0 643137 643117 0 0 0 643123 643102 643176 643102 643105 0 0 0 0 0 0 0 643177 643147 643104 0 643089 643097 643077 0 0 0 0 643081 642984 0 0 0 643220 643162 643074 0 643072 
0 0 0 639770 639794 639722 0 639842 639842 639698 0 639722 639770 639818 639794 639770 0 639674 639650 639844 639844 639770 639763 639722 639770 639842 639842 0 0 0 0 0 0 0 0 0 639646 0 0 0 0 639832 639844 639839 639818 0 0 0 639637 0 0 0 639630 0 0 0 0 0 639602 639818 639816 0 639755 0 0 0 0 639606 0 639578 639410 0 0 0 639434 639410 0 0 0 639508 639496 639456 639764 639601 0 639538 0 639314 639338 639745 639618 639586 0 0 0 639472 639386 639681 639571 639550 0 0 0 0 0 0 0 639694 639652 639589 639550 639534 639542 639498 0 0 0 0 639406 639290 639290 0 639706 639715 639679 639574 0 639519 
0 0 0 640876 640900 640828 0 640924 640924 640804 0 640828 640876 640924 640900 640876 0 640780 640756 640924 640924 640876 640876 640828 640876 640924 640924 0 0 0 0 0 0 0 0 0 640756 0 0 0 0 640901 640924 640924 640924 0 0 0 640775 0 0 0 640756 0 0 0 0 0 640708 640889 640913 0 640893 0 0 0 0 640744 0 640708 640516 0 0 0 640540 640516 0 0 0 640636 640612 640564 640865 640739 0 640676 0 640420 640444 640846 640756 640724 0 0 0 640610 640492 640819 640709 640688 0 0 0 0 0 0 0 640808 640790 640727 640688 640672 640680 640636 0 0 0 0 640544 640396 640396 0 640807 640816 640793 640712 0 640657 
644480 644474 644468 644576 644524 644516 644414 644462 644446 644504 644390 644384 644402 644536 644594 644586 644630 644516 644494 644442 644468 644626 644642 644600 644354 644532 644542 644664 644668 644674 644680 644630 644454 644528 644695 644676 644576 644282 644456 644468 644462 644478 644544 644554 644616 644690 644689 644676 644650 644661 644638 644646 644608 644686 644644 644650 644653 644655 644544 644476 644576 644641 644644 644638 644641 644643 644646 644639 644628 644592 644336 644615 644625 644598 644382 644304 644604 644595 644598 644552 644516 644476 644531 644522 644595 644595 644592 644270 644266 644472 644520 644492 644550 644562 644584 644563 644426 644514 644462 644492 644538 644544 644551 644554 644557 644566 644538 644468 644456 644462 644420 644460 644476 644460 644536 644545 644531 644541 644535 644162 644172 644002 644440 644458 644438 644432 644426 644430 
644507 644477 644471 644579 644516 644543 644441 644454 644438 644531 644417 644411 644405 644528 644586 644589 644639 644543 644521 644434 644460 644619 644627 644618 644357 644524 644534 644638 644658 644661 644664 644633 644446 644517 644654 644681 644588 644274 644448 644460 644454 644468 644525 644530 644573 644638 644670 644663 644633 644644 644625 644635 644604 644667 644639 644645 644651 644660 644560 644455 644529 644611 644614 644633 644639 644648 644651 644628 644633 644584 644363 644620 644630 644581 644409 644331 644609 644600 644597 644546 644522 644490 644501 644517 644595 644600 644579 644297 644293 644420 644491 644487 644545 644557 644585 644546 644447 644474 644457 644487 644533 644539 644548 644545 644562 644557 644521 644428 644416 644433 644415 644455 644471 644455 644531 644543 644536 644546 644540 644189 644199 643994 644400 644418 644398 644403 644421 644425 
644652 644619 644616 644670 644626 644700 644649 644571 644563 644689 644626 644634 644583 644620 644661 644675 644727 644689 644672 644549 644562 644695 644703 644742 644559 644606 644611 644714 644746 644749 644752 644757 644543 644592 644730 644765 644713 644477 644532 644538 644535 644543 644600 644605 644648 644713 644742 644787 644758 644769 644750 644760 644729 644737 644707 644713 644719 644781 644685 644530 644604 644671 644677 644737 644743 644760 644766 644753 644754 644709 644533 644728 644748 644706 644562 644517 644718 644721 644722 644671 644647 644615 644571 644585 644700 644712 644704 644464 644480 644495 644547 644555 644650 644662 644690 644671 644572 644529 644525 644592 644638 644644 644673 644670 644683 644682 644646 644483 644471 644489 644483 644560 644576 644560 644636 644648 644644 644652 644661 644392 644397 644197 644455 644473 644453 644459 644525 644530 
0 0 0 644461 0 644437 0 644281 644249 644461 0 644173 644113 644405 644497 0 0 644533 644515 0 644317 644561 644593 0 644017 644421 0 0 0 0 0 0 0 0 0 0 644679 0 0 0 0 0 644469 0 0 0 0 0 644795 0 0 0 644743 0 0 0 0 0 644599 644405 644557 0 0 0 0 0 0 644805 0 644695 643991 0 0 0 644107 643927 0 0 0 644543 644447 644319 644515 644435 0 644701 0 643763 643779 0 644383 644375 0 0 0 644535 644147 644395 644315 644471 0 0 0 0 0 0 0 644327 644279 644267 0 644407 644439 644481 0 0 0 0 644437 643523 0 0 0 644355 644267 644207 0 644347 
644531 644489 644483 644591 644527 644603 644501 644465 644449 644602 644488 644471 644417 644539 644597 644601 644681 644614 644592 644445 644471 644641 644657 644687 644369 644535 644545 644679 644719 644725 644731 644717 644457 644531 644711 644728 644674 644285 644459 644471 644465 644481 644547 644557 644619 644694 644705 644764 644751 644762 644736 644744 644706 644702 644679 644685 644691 644754 644642 644479 644579 644643 644648 644709 644715 644742 644745 644738 644727 644690 644434 644710 644724 644696 644480 644402 644700 644694 644697 644650 644614 644574 644535 644557 644682 644694 644691 644368 644364 644478 644519 644527 644632 644644 644672 644662 644524 644501 644497 644574 644620 644626 644650 644653 644656 644665 644636 644455 644443 644461 644455 644542 644558 644542 644618 644630 644626 644634 644634 644260 644270 644005 644427 644445 644425 644431 644497 644512 
644527 644485 644479 644566 644522 644596 644497 644461 644445 644598 644488 644467 644413 644516 644557 644571 644623 644599 644582 644441 644458 644591 644599 644638 644365 644502 644507 644610 644642 644645 644648 644653 644439 644488 644626 644628 644623 644281 644428 644434 644431 644439 644496 644501 644544 644603 644606 644673 644668 644678 644660 644669 644639 644600 644570 644576 644582 644660 644595 644426 644500 644534 644540 644600 644606 644636 644642 644651 644631 644619 644434 644605 644625 644616 644472 644402 644595 644601 644607 644581 644557 644525 644434 644448 644577 644589 644604 644368 644364 644389 644410 644418 644527 644539 644567 644581 644482 644392 644388 644468 644515 644521 644561 644566 644561 644578 644556 644346 644334 644352 644346 644436 644452 644437 644513 644525 644521 644529 644541 644260 644270 644001 644318 644336 644316 644322 644388 644406 
644775 644733 644727 644813 644769 644843 644745 644709 644693 644843 644733 644715 644661 644763 644804 644818 644870 644843 644826 644689 644705 644838 644846 644885 644613 644749 644754 644857 644889 644892 644895 644900 644686 644735 644869 644851 644867 644529 644675 644681 644678 644686 644743 644748 644791 644831 644829 644899 644899 644913 644904 644914 644883 644823 644793 644799 644805 644881 644839 644673 644747 644757 644763 644823 644829 644857 644863 644873 644851 644863 644679 644825 644845 644859 644716 644647 644815 644821 644827 644825 644801 644769 644657 644671 644797 644809 644827 644589 644597 644619 644633 644641 644747 644759 644787 644821 644726 644615 644611 644689 644735 644741 644781 644787 644781 644799 644799 644569 644557 644575 644569 644657 644673 644657 644733 644745 644741 644749 644761 644469 644479 644249 644541 644559 644539 644545 644611 644627 
0 0 0 644440 0 644416 0 644260 644228 644440 0 644152 644092 644384 644476 0 0 644510 644490 0 644296 644540 644572 0 643996 644400 0 0 0 0 0 0 0 0 0 0 644654 0 0 0 0 0 644448 0 0 0 0 0 644722 0 0 0 644718 0 0 0 0 0 644584 644384 644512 0 0 0 0 0 0 644708 0 644672 643976 0 0 0 644092 643912 0 0 0 644524 644432 644304 644422 644406 0 644614 0 643748 643764 0 644354 644346 0 0 0 644480 644132 644366 644286 644442 0 0 0 0 0 0 0 644298 644250 644238 0 644378 644410 644448 0 0 0 0 644350 643508 0 0 0 644324 644238 644178 0 644318 
644514 644508 644502 644592 644580 644550 644448 644544 644528 644538 644424 644418 644436 644600 644617 644597 644613 644538 644521 644524 644544 644617 644625 644592 644388 644588 644593 644636 644632 644635 644638 644607 644525 644574 644652 644661 644562 644364 644514 644520 644517 644525 644582 644587 644630 644669 644672 644637 644607 644618 644599 644609 644578 644673 644615 644621 644627 644634 644534 644512 644586 644673 644677 644609 644615 644630 644633 644602 644613 644558 644370 644599 644612 644555 644411 644338 644589 644574 644571 644520 644496 644464 644566 644493 644571 644582 644553 644304 644300 644477 644491 644463 644521 644533 644561 644520 644421 644531 644433 644463 644509 644515 644522 644519 644540 644531 644495 644487 644473 644433 644391 644431 644447 644431 644507 644519 644515 644523 644514 644196 644206 644084 644459 644477 644457 644403 644397 644401 
644418 644412 644406 644492 644448 644450 644352 644388 644372 644438 644328 644322 644340 644442 644483 644497 644513 644438 644421 644368 644384 644517 644525 644492 644292 644428 644433 644536 644532 644535 644538 644507 644365 644414 644552 644561 644462 644208 644354 644360 644357 644365 644422 644427 644470 644535 644572 644537 644507 644518 644499 644509 644478 644575 644580 644583 644584 644534 644434 644352 644426 644536 644533 644571 644572 644546 644543 644502 644513 644458 644274 644526 644516 644455 644311 644242 644513 644474 644471 644420 644396 644364 644406 644470 644522 644498 644453 644208 644204 644317 644468 644440 644498 644509 644509 644420 644321 644450 644410 644440 644485 644488 644422 644419 644440 644431 644395 644404 644392 644410 644368 644408 644424 644408 644478 644476 644442 644456 644414 644100 644110 643928 644376 644394 644374 644380 644374 644378 
644446 644449 644446 644500 644459 644458 644407 644404 644396 644446 644383 644392 644413 644453 644494 644505 644521 644446 644429 644382 644395 644525 644533 644500 644372 644439 644444 644544 644540 644543 644546 644515 644376 644425 644560 644569 644470 644291 644365 644371 644368 644376 644433 644438 644481 644546 644580 644545 644515 644526 644507 644517 644486 644583 644584 644587 644590 644542 644442 644363 644437 644547 644544 644575 644578 644554 644551 644510 644521 644466 644290 644534 644524 644463 644319 644274 644521 644482 644479 644428 644404 644372 644417 644467 644530 644506 644461 644233 644237 644328 644465 644437 644495 644507 644517 644428 644329 644450 644407 644437 644483 644489 644430 644427 644448 644439 644403 644404 644392 644407 644365 644405 644421 644405 644481 644482 644450 644464 644422 644173 644178 644011 644376 644394 644374 644377 644371 644375 
644501 644459 644453 644561 644497 644561 644459 644435 644419 644549 644435 644429 644387 644509 644567 644571 644647 644561 644539 644415 644441 644611 644623 644645 644339 644505 644515 644634 644666 644669 644672 644665 644427 644501 644650 644695 644620 644255 644429 644441 644435 644451 644517 644525 644568 644633 644670 644695 644665 644676 644657 644667 644636 644673 644682 644688 644694 644692 644589 644449 644524 644634 644631 644700 644706 644704 644701 644660 644671 644616 644381 644684 644674 644613 644427 644349 644671 644632 644629 644578 644554 644521 644504 644560 644662 644656 644611 644315 644311 644415 644522 644530 644612 644624 644652 644578 644471 644504 644500 644554 644600 644606 644580 644577 644598 644589 644553 644458 644446 644464 644458 644522 644538 644522 644598 644610 644600 644610 644572 644207 644217 643975 644430 644448 644428 644434 644488 644492 
644401 644368 644365 644419 644375 644427 644376 644320 644312 644416 644353 644361 644332 644369 644410 644424 644476 644416 644399 644298 644311 644444 644452 644469 644308 644355 644360 644463 644495 644498 644501 644484 644292 644341 644479 644524 644440 644230 644281 644287 644284 644292 644349 644354 644397 644462 644499 644514 644485 644496 644477 644487 644456 644502 644516 644522 644528 644512 644412 644279 644353 644463 644460 644524 644530 644524 644521 644480 644491 644436 644260 644504 644494 644433 644289 644244 644491 644452 644449 644398 644374 644342 644333 644394 644487 644476 644431 644203 644207 644244 644356 644364 644437 644449 644477 644398 644299 644338 644334 644379 644425 644431 644400 644397 644418 644409 644373 644292 644280 644298 644292 644347 644363 644347 644423 644435 644420 644433 644392 644143 644148 643956 644264 644282 644262 644268 644312 644317 
0 0 0 640789 0 640742 0 0 640321 640756 0 0 0 640665 640717 0 0 0 640843 0 0 0 0 0 0 0 0 0 0 0 0 0 0 0 0 0 0 0 0 0 0 0 0 0 0 0 0 0 0 0 0 0 0 0 0 0 0 0 640916 0 640432 0 0 0 0 0 0 0 0 0 640322 0 0 0 0 0 0 0 0 0 0 640660 640225 0 0 0 0 0 0 0 0 0 0 0 0 0 0 0 0 0 0 0 0 0 0 0 0 0 0 0 0 0 0 0 0 0 0 0 0 0 0 0 0 639980 0 0 0 0 
0 0 0 633709 0 633685 0 633745 633745 633673 0 633685 633709 633733 633721 0 0 633661 633649 0 633757 633709 633709 0 633709 633745 0 0 0 0 0 0 0 0 0 0 633649 0 0 0 0 0 633757 0 0 0 0 0 633641 0 0 0 633646 0 0 0 0 0 633625 633780 633758 0 0 0 0 0 0 633622 0 633618 633529 0 0 0 633541 633529 0 0 0 633584 633577 633553 633741 633569 0 633578 0 633481 633493 0 633574 633554 0 0 0 633560 633517 633613 633539 633542 0 0 0 0 0 0 0 633614 633584 633545 0 633526 633534 633514 0 0 0 0 633518 633469 0 0 0 633657 633599 633530 0 633511 
0 0 0 628995 0 0 0 0 0 0 0 0 0 0 629067 0 0 0 0 0 0 0 0 0 0 0 0 0 0 0 0 0 0 0 0 0 0 0 0 0 0 0 0 0 0 0 0 0 0 0 0 0 0 0 0 0 0 0 0 0 629169 0 0 0 0 0 0 0 0 0 0 0 0 0 0 0 0 0 0 0 0 0 629157 0 0 0 0 0 0 0 0 0 0 0 0 0 0 0 0 0 0 0 0 0 0 0 0 0 0 0 0 0 0 0 0 0 0 0 0 0 0 0 0 0 0 0 0 0 
644426 644420 644414 644522 644494 644462 644360 644445 644429 644450 644336 644330 644348 644519 644564 644532 644565 644462 644440 644425 644451 644569 644577 644544 644300 644515 644525 644588 644584 644587 644590 644559 644437 644511 644604 644613 644514 644265 644439 644451 644445 644461 644523 644528 644571 644623 644624 644589 644559 644570 644551 644561 644530 644627 644599 644605 644608 644586 644486 644453 644527 644633 644634 644593 644596 644598 644595 644554 644565 644510 644282 644570 644568 644507 644328 644250 644559 644526 644523 644472 644448 644416 644507 644477 644550 644550 644505 644216 644212 644418 644475 644447 644505 644517 644539 644472 644372 644506 644417 644447 644493 644499 644474 644471 644492 644483 644447 644460 644448 644417 644375 644415 644431 644415 644491 644500 644486 644496 644466 644108 644118 643985 644432 644450 644430 644387 644381 644385 
0 0 0 639564 639576 639516 0 639589 639589 639492 0 639516 639564 639588 639576 639564 0 639468 639444 639589 639589 639564 639564 639516 639564 639589 639589 0 0 0 0 0 0 0 0 0 639444 0 0 0 0 639589 639589 639589 639589 0 0 0 639468 0 0 0 639444 0 0 0 0 0 639396 639589 639589 0 639588 0 0 0 0 639444 0 639396 639204 0 0 0 639228 639204 0 0 0 639324 639300 639252 639589 639512 0 639396 0 639108 639132 639589 639529 639497 0 0 0 639300 639180 639568 639482 639461 0 0 0 0 0 0 0 639558 639539 639500 639461 639445 639453 639409 0 0 0 0 639252 639084 639084 0 639580 639577 639543 639485 0 639430 
644395 644353 644347 644447 644391 644466 644364 644329 644313 644478 644364 644334 644281 644397 644438 644452 644504 644488 644468 644309 644335 644472 644480 644518 644233 644383 644388 644491 644523 644526 644529 644533 644320 644369 644507 644552 644512 644149 644309 644315 644312 644320 644377 644382 644425 644490 644527 644563 644557 644568 644549 644559 644528 644530 644581 644578 644575 644584 644484 644307 644381 644491 644488 644601 644598 644596 644593 644552 644563 644508 644310 644576 644566 644505 644356 644278 644563 644524 644521 644470 644446 644414 644361 644484 644572 644548 644503 644244 644240 644272 644446 644454 644563 644569 644559 644470 644371 644428 644424 644513 644545 644548 644472 644469 644490 644481 644445 644382 644370 644388 644382 644481 644497 644481 644538 644526 644492 644506 644464 644136 644146 643869 644354 644372 644352 644358 644423 644451 
644460 644427 644424 644478 644434 644508 644457 644379 644371 644521 644460 644438 644384 644428 644469 644483 644535 644523 644506 644357 644370 644503 644511 644550 644336 644414 644419 644522 644554 644557 644560 644565 644351 644400 644538 644583 644547 644252 644340 644346 644343 644351 644408 644413 644456 644521 644558 644595 644592 644601 644584 644592 644563 644561 644608 644609 644606 644617 644519 644338 644412 644522 644519 644633 644630 644629 644626 644587 644598 644543 644367 644611 644601 644540 644396 644351 644598 644559 644556 644505 644481 644449 644392 644493 644607 644583 644538 644310 644314 644303 644455 644463 644584 644596 644594 644505 644406 644437 644433 644524 644572 644578 644507 644504 644525 644516 644480 644391 644379 644397 644391 644492 644508 644494 644569 644561 644527 644541 644499 644243 644253 643972 644363 644381 644361 644367 644433 644462 
644453 644411 644405 644513 644449 644525 644423 644387 644371 644549 644459 644393 644339 644461 644519 644523 644591 644585 644563 644367 644393 644559 644567 644606 644291 644457 644467 644578 644610 644613 644616 644621 644379 644453 644594 644639 644636 644207 644381 644393 644387 644403 644464 644469 644512 644577 644614 644651 644681 644668 644673 644659 644652 644617 644618 644621 644624 644684 644608 644394 644468 644564 644567 644645 644648 644686 644689 644676 644687 644632 644405 644682 644690 644629 644451 644373 644671 644648 644645 644594 644570 644538 644448 644501 644662 644662 644627 644339 644335 644359 644463 644471 644625 644637 644651 644594 644495 644445 644441 644543 644613 644619 644596 644593 644614 644605 644569 644399 644387 644405 644399 644511 644527 644535 644611 644612 644598 644608 644588 644231 644241 643927 644371 644389 644369 644375 644441 644481 
644528 644486 644480 644569 644524 644599 644498 644462 644446 644623 644535 644468 644414 644519 644560 644574 644626 644648 644633 644442 644461 644594 644602 644641 644366 644505 644510 644613 644645 644648 644651 644656 644442 644491 644629 644674 644674 644282 644431 644437 644434 644442 644499 644504 644547 644612 644649 644686 644717 644703 644709 644694 644690 644652 644639 644645 644651 644719 644646 644429 644503 644595 644598 644669 644675 644717 644720 644714 644725 644670 644483 644716 644726 644667 644523 644451 644705 644686 644683 644632 644608 644576 644483 644517 644694 644696 644665 644417 644413 644394 644479 644487 644644 644656 644684 644632 644533 644461 644457 644559 644632 644638 644634 644631 644652 644643 644607 644415 644403 644421 644415 644527 644543 644554 644630 644642 644632 644642 644626 644309 644319 644002 644387 644405 644385 644391 644457 644497 
0 0 0 644370 0 644346 0 644190 644158 644370 0 644082 644022 644314 644406 0 0 644442 644446 0 644226 644470 644502 0 643926 644330 0 0 0 0 0 0 0 0 0 0 644610 0 0 0 0 0 644378 0 0 0 0 0 644718 0 0 0 644674 0 0 0 0 0 644574 644314 644466 0 0 0 0 0 0 644770 0 644670 643972 0 0 0 644088 643908 0 0 0 644524 644428 644300 644494 644504 0 644746 0 643744 643760 0 644452 644444 0 0 0 644524 644128 644452 644384 644540 0 0 0 0 0 0 0 644396 644348 644336 0 644476 644508 644572 0 0 0 0 644488 643504 0 0 0 644396 644336 644276 0 644416 
644655 644622 644619 644673 644629 644703 644652 644574 644566 644727 644700 644629 644575 644623 644664 644678 644730 644763 644746 644552 644565 644698 644706 644745 644527 644609 644614 644717 644749 644752 644755 644760 644546 644595 644733 644772 644787 644443 644535 644541 644538 644546 644603 644608 644651 644716 644749 644790 644832 644807 644824 644798 644803 644746 644723 644729 644735 644823 644759 644533 644607 644687 644692 644753 644759 644811 644814 644827 644832 644783 644607 644815 644829 644780 644636 644591 644805 644799 644796 644745 644721 644689 644579 644601 644787 644799 644778 644537 644553 644498 644563 644571 644737 644749 644777 644745 644646 644545 644541 644643 644725 644731 644747 644744 644761 644756 644720 644499 644487 644505 644499 644611 644627 644647 644723 644735 644731 644739 644739 644454 644464 644163 644471 644489 644469 644475 644541 644581 
0 0 0 644434 0 644410 0 644254 644222 644434 0 644146 644086 644378 644470 0 0 644506 644510 0 644290 644534 644558 0 643990 644394 0 0 0 0 0 0 0 0 0 0 644672 0 0 0 0 0 644442 0 0 0 0 0 644648 0 0 0 644690 0 0 0 0 0 644644 644378 644450 0 0 0 0 0 0 644658 0 644676 644036 0 0 0 644152 643972 0 0 0 644532 644478 644364 644346 644320 0 644604 0 643808 643824 0 644268 644260 0 0 0 644472 644192 644280 644200 644356 0 0 0 0 0 0 0 644212 644164 644152 0 644292 644324 644388 0 0 0 0 644340 643568 0 0 0 644240 644152 644092 0 644232 
0 0 0 642772 0 642952 0 0 642633 643012 0 0 0 642662 642637 0 0 0 643113 0 0 0 0 0 0 0 0 0 0 0 0 0 0 0 0 0 0 0 0 0 0 0 0 0 0 0 0 0 0 0 0 0 0 0 0 0 0 0 643062 0 642202 0 0 0 0 0 0 0 0 0 643710 0 0 0 0 0 0 0 0 0 0 643412 641942 0 0 0 0 0 0 0 0 0 0 0 0 0 0 0 0 0 0 0 0 0 0 0 0 0 0 0 0 0 0 0 0 0 0 0 0 0 0 0 0 641697 0 0 0 0 
644469 644427 644421 644529 644465 644541 644439 644403 644387 644565 644487 644409 644355 644477 644535 644539 644619 644613 644615 644383 644409 644579 644595 644625 644307 644473 644483 644617 644657 644663 644669 644655 644395 644469 644649 644696 644697 644223 644397 644409 644403 644419 644485 644495 644557 644634 644671 644708 644750 644725 644735 644707 644729 644674 644687 644690 644693 644741 644665 644417 644517 644633 644632 644714 644717 644753 644750 644769 644780 644713 644457 644787 644783 644719 644503 644425 644776 644741 644738 644673 644637 644597 644505 644570 644767 644765 644720 644391 644387 644416 644532 644540 644730 644742 644756 644685 644547 644514 644510 644612 644718 644724 644689 644686 644707 644698 644659 644468 644456 644474 644468 644580 644596 644640 644716 644717 644703 644713 644681 644283 644293 643943 644440 644458 644438 644444 644510 644550 
644382 644349 644346 644400 644356 644430 644379 644301 644293 644454 644427 644364 644313 644350 644391 644405 644457 644490 644509 644279 644292 644425 644433 644472 644273 644336 644341 644444 644476 644479 644482 644487 644273 644322 644460 644505 644550 644189 644262 644268 644265 644273 644330 644335 644378 644443 644480 644517 644559 644534 644551 644525 644566 644483 644486 644492 644498 644550 644525 644260 644334 644438 644441 644516 644522 644560 644559 644590 644601 644549 644373 644604 644604 644546 644402 644357 644596 644565 644562 644511 644487 644455 644314 644364 644587 644587 644544 644316 644320 644225 644326 644334 644539 644551 644576 644511 644412 644308 644304 644406 644527 644533 644513 644510 644531 644522 644486 644262 644250 644268 644262 644374 644390 644446 644525 644537 644523 644533 644505 644256 644261 643909 644234 644252 644232 644238 644304 644344 
644678 644636 644630 644702 644658 644732 644648 644603 644595 644756 644696 644618 644564 644652 644693 644707 644759 644792 644811 644581 644594 644727 644735 644774 644516 644638 644643 644746 644778 644781 644784 644789 644575 644624 644762 644767 644852 644432 644564 644570 644567 644575 644632 644637 644680 644743 644745 644813 644861 644836 644853 644827 644868 644739 644709 644715 644721 644821 644896 644562 644636 644673 644679 644739 644745 644797 644803 644884 644863 644920 644778 644837 644857 644951 644807 644752 644863 644939 644945 644916 644892 644860 644573 644587 644845 644893 644943 644699 644707 644527 644549 644557 644795 644807 644871 644916 644817 644531 644527 644629 644853 644859 644899 644905 644899 644917 644891 644485 644473 644491 644485 644597 644613 644669 644851 644863 644859 644867 644879 644579 644589 644152 644457 644475 644455 644461 644527 644567 
0 0 0 644265 0 644363 0 0 644012 644423 0 0 0 644147 644150 0 0 644511 644564 0 0 0 0 0 0 0 0 0 0 0 0 0 0 0 0 0 0 0 0 0 0 0 0 0 0 0 0 0 0 0 0 0 0 0 0 0 0 0 644575 0 643715 0 0 0 0 0 0 0 0 0 644951 0 0 0 645048 644903 0 0 0 0 644765 644915 643455 0 0 0 0 644684 644720 0 0 0 0 0 0 0 644864 0 0 0 0 0 0 0 0 0 0 0 0 0 0 0 0 0 0 0 0 0 0 644440 0 0 0 643210 0 0 0 0 
0 0 0 637099 0 637279 0 0 637002 637339 0 0 0 636989 636964 0 0 637363 637438 0 0 0 0 0 0 0 0 0 0 0 0 0 0 0 0 0 0 0 0 0 0 0 0 0 0 0 0 0 0 0 0 0 0 0 0 0 0 0 637389 0 636529 0 0 0 0 0 0 0 0 0 637955 0 0 0 637930 637971 0 0 0 0 637579 637723 636269 0 0 0 0 637828 637872 0 0 0 0 0 0 0 637744 0 0 0 0 0 0 0 0 0 0 0 0 0 0 0 0 0 0 0 0 0 0 637762 0 0 0 636024 0 0 0 0 
644563 644530 644527 644581 644537 644611 644560 644482 644474 644635 644608 644545 644494 644531 644572 644586 644638 644671 644690 644460 644473 644606 644614 644653 644470 644517 644522 644625 644657 644660 644663 644668 644454 644503 644641 644686 644731 644392 644443 644449 644446 644454 644511 644516 644559 644624 644661 644698 644740 644715 644732 644706 644747 644664 644663 644669 644675 644731 644739 644441 644515 644621 644622 644693 644699 644743 644740 644771 644782 644763 644587 644787 644785 644760 644616 644571 644812 644779 644776 644725 644701 644669 644495 644541 644799 644803 644758 644517 644533 644406 644503 644511 644749 644761 644789 644725 644626 644485 644481 644583 644737 644743 644727 644724 644745 644736 644700 644439 644427 644445 644439 644551 644567 644623 644735 644747 644739 644749 644719 644445 644450 644119 644411 644429 644409 644415 644481 644521 
644428 644386 644380 644488 644424 644500 644398 644362 644346 644524 644446 644368 644314 644436 644494 644498 644578 644572 644586 644342 644368 644538 644554 644584 644266 644432 644442 644576 644612 644615 644618 644614 644354 644428 644596 644631 644668 644182 644356 644368 644362 644378 644444 644454 644514 644579 644608 644653 644695 644670 644687 644661 644700 644605 644586 644592 644598 644682 644708 644376 644470 644548 644551 644616 644622 644670 644673 644726 644727 644754 644572 644714 644724 644787 644618 644540 644739 644802 644803 644788 644752 644712 644438 644464 644722 644766 644821 644506 644502 644361 644426 644434 644672 644684 644748 644788 644662 644408 644404 644506 644732 644738 644790 644787 644800 644799 644763 644362 644350 644368 644362 644474 644490 644546 644766 644778 644774 644782 644778 644398 644408 643902 644334 644352 644332 644338 644404 644444 
644409 644367 644361 644434 644390 644464 644379 644335 644327 644488 644427 644349 644295 644384 644425 644439 644491 644524 644543 644313 644326 644459 644467 644506 644247 644370 644375 644478 644510 644513 644516 644521 644307 644356 644494 644525 644584 644163 644296 644302 644299 644307 644364 644369 644412 644477 644502 644551 644593 644568 644585 644559 644600 644499 644472 644478 644484 644576 644628 644294 644368 644436 644442 644502 644508 644560 644566 644624 644621 644652 644545 644600 644618 644685 644574 644518 644626 644696 644699 644683 644659 644627 644332 644350 644608 644656 644716 644484 644480 644259 644312 644320 644558 644570 644634 644683 644584 644294 644290 644392 644618 644624 644685 644682 644691 644694 644658 644248 644236 644254 644248 644360 644376 644432 644649 644661 644657 644665 644669 644376 644386 643883 644220 644238 644218 644224 644290 644330 
0 0 0 644310 0 644286 0 644130 644098 644310 0 644022 643962 644254 644346 0 0 644382 644386 0 644166 644410 644442 0 643866 644270 0 0 0 0 0 0 0 0 0 0 644550 0 0 0 0 0 644318 0 0 0 0 0 644594 0 0 0 644614 0 0 0 0 0 644582 644254 644388 0 0 0 0 0 0 644604 0 644672 644224 0 0 0 644340 644160 0 0 0 644740 644674 644552 644292 644180 0 644612 0 643996 644012 0 644128 644120 0 0 0 644724 644380 644140 644060 644216 0 0 0 0 0 0 0 644072 644024 644012 0 644152 644184 644248 0 0 0 0 644598 643756 0 0 0 644100 644012 643952 0 644092 
0 0 0 643019 0 643049 0 0 642664 643109 0 0 0 642889 643022 0 0 643229 643264 0 0 0 0 0 0 0 0 0 0 0 0 0 0 0 0 0 0 0 0 0 0 0 0 0 0 0 0 0 0 0 0 0 0 0 0 0 0 0 643535 0 642701 0 0 0 0 0 0 0 0 0 643301 0 0 0 643422 643221 0 0 0 0 643667 643621 642441 0 0 0 0 643112 643108 0 0 0 0 0 0 0 643496 0 0 0 0 0 0 0 0 0 0 0 0 0 0 0 0 0 0 0 0 0 0 642836 0 0 0 642196 0 0 0 0 
0 0 0 642776 0 0 0 0 0 0 0 0 0 0 642791 0 0 0 0 0 0 0 0 0 0 0 0 0 0 0 0 0 0 0 0 0 0 0 0 0 0 0 0 0 0 0 0 0 0 0 0 0 0 0 0 0 0 0 0 0 642528 0 0 0 0 0 0 0 0 0 0 0 0 0 0 0 0 0 0 0 0 643630 642268 0 0 0 0 0 0 0 0 0 0 0 0 0 0 0 0 0 0 0 0 0 0 0 0 0 0 0 0 0 0 0 0 0 0 0 0 0 0 0 0 0 0 0 0 0 
0 0 0 634303 0 0 0 0 0 0 0 0 0 0 634402 0 0 0 0 0 0 0 0 0 0 0 0 0 0 0 0 0 0 0 0 0 0 0 0 0 0 0 0 0 0 0 0 0 0 0 0 0 0 0 0 0 0 0 0 0 634637 0 0 0 0 0 0 0 0 0 0 0 0 0 0 0 0 0 0 0 0 0 634702 0 0 0 0 0 0 0 0 0 0 0 0 0 0 0 0 0 0 0 0 0 0 0 0 0 0 0 0 0 0 0 0 0 0 0 0 0 0 0 0 0 0 0 0 0 
0 0 0 644131 0 644065 0 643951 643919 644041 0 643801 643783 644075 644167 0 0 644041 643973 0 643987 644231 644263 0 643687 644091 0 0 0 0 0 0 0 0 0 0 644137 0 0 0 0 0 644139 0 0 0 0 0 644317 0 0 0 644201 0 0 0 0 0 644025 644075 644227 0 0 0 0 0 0 644297 0 644121 643417 0 0 0 643533 643353 0 0 0 643969 643873 643745 644291 644761 0 644281 0 643189 643205 0 644741 644765 0 0 0 643969 643573 644673 644735 644723 0 0 0 0 0 0 0 644669 644681 644699 0 644715 644723 644627 0 0 0 0 643945 642949 0 0 0 644585 644663 644669 0 644685 
644419 644377 644371 644479 644415 644491 644389 644353 644337 644515 644437 644359 644305 644427 644485 644489 644554 644563 644577 644333 644359 644522 644530 644569 644257 644423 644433 644541 644573 644576 644579 644584 644345 644419 644557 644602 644647 644173 644347 644359 644353 644369 644427 644432 644475 644540 644577 644614 644656 644631 644648 644622 644663 644580 644631 644628 644625 644647 644643 644357 644431 644541 644538 644652 644649 644659 644656 644687 644698 644667 644443 644711 644701 644664 644489 644411 644722 644683 644680 644629 644605 644573 644411 644518 644731 644707 644662 644377 644373 644322 644480 644488 644714 644726 644718 644629 644530 644462 644458 644560 644702 644708 644631 644628 644649 644640 644604 644416 644404 644422 644416 644528 644544 644600 644699 644685 644651 644665 644623 644269 644279 643893 644388 644406 644386 644392 644458 644498 
0 0 0 644275 0 644251 0 644095 644063 644275 0 643987 643927 644219 644311 0 0 644347 644351 0 644131 644375 644407 0 643831 644235 0 0 0 0 0 0 0 0 0 0 644515 0 0 0 0 0 644283 0 0 0 0 0 644623 0 0 0 644579 0 0 0 0 0 644545 644219 644371 0 0 0 0 0 0 644675 0 644641 643977 0 0 0 644093 643913 0 0 0 644529 644433 644305 644435 644429 0 644799 0 643749 643765 0 644377 644369 0 0 0 644529 644133 644389 644309 644465 0 0 0 0 0 0 0 644321 644273 644261 0 644401 644433 644497 0 0 0 0 644505 643509 0 0 0 644349 644261 644201 0 644341 
644554 644521 644518 644572 644528 644602 644551 644473 644465 644626 644599 644536 644485 644522 644563 644577 644629 644662 644681 644451 644464 644597 644605 644644 644461 644508 644513 644616 644648 644651 644654 644659 644445 644494 644632 644671 644722 644378 644434 644440 644437 644445 644502 644507 644550 644615 644648 644689 644731 644706 644723 644697 644738 644645 644615 644621 644627 644722 644766 644432 644506 644579 644585 644645 644651 644703 644709 644762 644767 644790 644721 644743 644763 644823 644750 644705 644769 644842 644839 644859 644835 644803 644478 644493 644751 644799 644857 644651 644667 644397 644455 644463 644701 644713 644777 644859 644760 644437 644433 644535 644761 644767 644861 644858 644875 644870 644834 644391 644379 644397 644391 644503 644519 644575 644795 644842 644838 644846 644853 644579 644584 644098 644363 644381 644361 644367 644433 644473 
0 0 0 637935 0 638119 0 0 637840 638179 0 0 0 637825 637800 0 0 638203 638278 0 0 0 0 0 0 0 0 0 0 0 0 0 0 0 0 0 0 0 0 0 0 0 0 0 0 0 0 0 0 0 0 0 0 0 0 0 0 0 638225 0 637365 0 0 0 0 0 0 0 0 0 638915 0 0 0 638824 638909 0 0 0 0 638415 638575 637105 0 0 0 0 639120 639088 0 0 0 0 0 0 0 638790 0 0 0 0 0 0 0 0 0 0 0 0 0 0 0 0 0 0 0 0 0 0 638936 0 0 0 636860 0 0 0 0 
0 0 0 643180 0 643390 0 0 643139 643450 0 0 0 643070 643045 0 0 0 643535 0 0 0 0 0 0 0 0 0 0 0 0 0 0 0 0 0 0 0 0 0 0 0 0 0 0 0 0 0 0 0 0 0 0 0 0 0 0 0 643470 0 642610 0 0 0 0 0 0 0 0 0 644214 0 0 0 0 0 0 0 0 0 0 643820 642350 0 0 0 0 0 644357 0 0 0 0 0 0 0 644035 0 0 0 0 0 0 0 0 0 0 0 0 0 0 0 0 0 0 0 0 0 0 0 0 0 0 642105 0 0 0 0 
0 0 0 644549 644563 644459 0 644621 644605 644423 0 644290 644353 644619 644600 644554 0 644399 644358 644661 644681 644574 644582 644501 644281 644665 644670 0 0 0 0 0 0 0 0 0 644399 0 0 0 0 644782 644719 644724 644707 0 0 0 644462 0 0 0 644415 0 0 0 0 0 644323 644829 644783 0 644646 0 0 0 0 644419 0 644347 643967 0 0 0 644032 643935 0 0 0 644237 644189 644109 644839 644292 0 644319 0 643805 643825 644884 644307 644247 0 0 0 644213 643994 644424 644202 644211 0 0 0 0 0 0 0 644427 644337 644220 644139 644163 644187 644127 0 0 0 0 644123 643633 643648 0 644601 644556 644382 644175 0 644118 
0 0 0 644339 0 644173 0 644181 644149 644125 0 643909 643991 644305 644397 0 0 644125 644057 0 644217 644439 644471 0 643895 644321 0 0 0 0 0 0 0 0 0 0 644221 0 0 0 0 0 644369 0 0 0 0 0 644401 0 0 0 644285 0 0 0 0 0 644109 644305 644457 0 0 0 0 0 0 644381 0 644205 643501 0 0 0 643617 643437 0 0 0 644053 643957 643829 644521 644851 0 644365 0 643273 643289 0 644911 644869 0 0 0 644053 643657 644855 644833 644761 0 0 0 0 0 0 0 644853 644883 644855 0 644771 644773 644673 0 0 0 0 644029 643033 0 0 0 644767 644865 644795 0 644721 
0 0 0 644285 0 644229 0 644105 644073 644181 0 643965 643937 644229 644321 0 0 644181 644113 0 644141 644385 644417 0 643841 644245 0 0 0 0 0 0 0 0 0 0 644277 0 0 0 0 0 644293 0 0 0 0 0 644457 0 0 0 644341 0 0 0 0 0 644165 644229 644381 0 0 0 0 0 0 644437 0 644261 643557 0 0 0 643673 643493 0 0 0 644109 644013 643885 644445 644965 0 644421 0 643329 643345 0 644957 644981 0 0 0 644109 643713 644879 644955 644917 0 0 0 0 0 0 0 644877 644903 644921 0 644923 644927 644829 0 0 0 0 644085 643089 0 0 0 644785 644885 644861 0 644893 
644390 644348 644342 644450 644386 644462 644360 644324 644308 644486 644408 644330 644276 644398 644456 644460 644525 644534 644548 644304 644330 644493 644501 644540 644228 644394 644404 644512 644544 644547 644550 644555 644316 644390 644528 644573 644618 644144 644318 644330 644324 644340 644398 644403 644446 644511 644548 644585 644627 644602 644619 644593 644634 644551 644602 644599 644596 644618 644602 644328 644402 644512 644509 644623 644620 644630 644627 644658 644669 644626 644402 644682 644672 644623 644448 644370 644681 644642 644639 644588 644564 644532 644382 644520 644690 644666 644621 644336 644332 644293 644482 644490 644687 644693 644677 644588 644489 644464 644460 644562 644669 644672 644590 644587 644608 644599 644563 644418 644406 644424 644418 644530 644546 644602 644662 644644 644610 644624 644582 644228 644238 643864 644390 644408 644388 644394 644460 644500 
644449 644416 644413 644467 644423 644497 644446 644368 644360 644521 644492 644418 644364 644417 644458 644472 644524 644555 644549 644346 644359 644492 644500 644539 644316 644403 644408 644511 644543 644546 644549 644554 644340 644389 644527 644572 644590 644232 644329 644335 644332 644340 644397 644402 644445 644510 644547 644584 644624 644601 644616 644592 644606 644550 644595 644598 644595 644617 644562 644327 644401 644511 644508 644622 644619 644629 644626 644630 644641 644586 644410 644654 644644 644583 644439 644394 644641 644602 644599 644548 644524 644492 644381 644477 644650 644626 644581 644353 644357 644292 644439 644447 644622 644634 644637 644548 644449 644421 644417 644519 644610 644616 644550 644547 644568 644559 644523 644375 644363 644381 644375 644487 644503 644532 644608 644604 644570 644584 644542 644277 644287 643952 644347 644365 644345 644351 644417 644457 
644305 644272 644269 644323 644279 644353 644302 644224 644216 644377 644350 644287 644236 644273 644314 644328 644380 644413 644432 644202 644215 644348 644356 644395 644212 644259 644264 644367 644399 644402 644405 644410 644196 644245 644383 644428 644473 644134 644185 644191 644188 644196 644253 644258 644301 644366 644403 644440 644482 644457 644474 644448 644489 644406 644455 644454 644451 644473 644505 644183 644257 644367 644364 644478 644475 644485 644482 644513 644524 644529 644353 644537 644527 644526 644382 644337 644560 644545 644542 644491 644467 644435 644237 644335 644569 644569 644524 644296 644300 644148 644297 644305 644543 644555 644580 644491 644392 644279 644275 644377 644555 644561 644493 644490 644511 644502 644466 644233 644221 644239 644233 644345 644361 644417 644553 644547 644513 644527 644485 644236 644241 643858 644205 644223 644203 644209 644275 644315 
0 0 0 644187 0 644163 0 644007 643975 644187 0 643899 643839 644131 644223 0 0 644259 644263 0 644043 644287 644319 0 643743 644147 0 0 0 0 0 0 0 0 0 0 644427 0 0 0 0 0 644195 0 0 0 0 0 644517 0 0 0 644491 0 0 0 0 0 644459 644131 644283 0 0 0 0 0 0 644529 0 644555 644189 0 0 0 644305 644125 0 0 0 644619 644595 644517 644217 644213 0 644537 0 643961 643977 0 644161 644153 0 0 0 644681 644345 644173 644093 644249 0 0 0 0 0 0 0 644105 644057 644045 0 644185 644217 644281 0 0 0 0 644611 643721 0 0 0 644119 644045 643985 0 644125 
0 0 0 643689 0 643755 0 0 643404 643815 0 0 0 643563 643674 0 0 0 643956 0 0 0 0 0 0 0 0 0 0 0 0 0 0 0 0 0 0 0 0 0 0 0 0 0 0 0 0 0 0 0 0 0 0 0 0 0 0 0 644159 0 643315 0 0 0 0 0 0 0 0 0 644499 0 0 0 0 0 0 0 0 0 0 644517 643055 0 0 0 0 0 644466 0 0 0 0 0 0 0 644688 0 0 0 0 0 0 0 0 0 0 0 0 0 0 0 0 0 0 0 0 0 0 0 0 0 0 642810 0 0 0 0 
0 0 0 644248 0 644080 0 644148 644116 644032 0 643816 643900 644272 644356 0 0 644032 643964 0 644184 644348 644380 0 643804 644288 0 0 0 0 0 0 0 0 0 0 644128 0 0 0 0 0 644336 0 0 0 0 0 644308 0 0 0 644192 0 0 0 0 0 644016 644272 644424 0 0 0 0 0 0 644288 0 644112 643408 0 0 0 643524 643344 0 0 0 643960 643864 643736 644488 644782 0 644272 0 643180 643196 0 644830 644760 0 0 0 643960 643564 644862 644700 644686 0 0 0 0 0 0 0 644838 644816 644724 0 644648 644678 644590 0 0 0 0 643936 642940 0 0 0 644776 644804 644664 0 644588 
0 0 0 644272 0 644196 0 644092 644060 644148 0 643932 643924 644216 644308 0 0 644148 644080 0 644128 644372 644404 0 643828 644232 0 0 0 0 0 0 0 0 0 0 644244 0 0 0 0 0 644280 0 0 0 0 0 644424 0 0 0 644308 0 0 0 0 0 644132 644216 644368 0 0 0 0 0 0 644404 0 644228 643524 0 0 0 643640 643460 0 0 0 644076 643980 643852 644432 644940 0 644388 0 643296 643312 0 644934 644970 0 0 0 644076 643680 644856 644972 644874 0 0 0 0 0 0 0 644854 644904 644944 0 644900 644890 644786 0 0 0 0 644052 643056 0 0 0 644768 644880 644914 0 644896 
0 0 0 644004 0 643980 0 643824 643792 644004 0 643716 643656 643948 644040 0 0 644054 644012 0 643860 644104 644136 0 643560 643964 0 0 0 0 0 0 0 0 0 0 644176 0 0 0 0 0 644012 0 0 0 0 0 644330 0 0 0 644240 0 0 0 0 0 644064 643948 644100 0 0 0 0 0 0 644336 0 644160 643456 0 0 0 643572 643392 0 0 0 644008 643912 643784 644164 644640 0 644320 0 643228 643244 0 644630 644658 0 0 0 644008 643612 644552 644628 644694 0 0 0 0 0 0 0 644550 644574 644592 0 644698 644706 644682 0 0 0 0 643984 642988 0 0 0 644464 644556 644562 0 644668 
644339 644297 644291 644380 644335 644410 644309 644273 644257 644434 644357 644279 644225 644330 644371 644385 644437 644470 644489 644253 644272 644405 644413 644452 644177 644316 644321 644424 644456 644459 644462 644467 644253 644302 644440 644485 644530 644093 644242 644248 644245 644253 644310 644315 644358 644423 644460 644497 644539 644514 644531 644505 644546 644463 644514 644511 644508 644530 644563 644240 644314 644424 644421 644535 644532 644542 644539 644570 644581 644587 644400 644594 644584 644584 644440 644368 644617 644603 644600 644549 644525 644493 644294 644432 644626 644627 644582 644334 644330 644205 644394 644402 644633 644639 644638 644549 644450 644376 644372 644474 644640 644643 644551 644548 644569 644560 644524 644330 644318 644336 644330 644442 644458 644514 644629 644605 644571 644585 644543 644226 644236 643813 644302 644320 644300 644306 644372 644412 
644375 644342 644339 644393 644349 644423 644372 644294 644286 644447 644420 644357 644306 644343 644384 644398 644450 644483 644502 644272 644285 644418 644426 644465 644262 644329 644334 644437 644469 644472 644475 644480 644266 644315 644453 644498 644543 644178 644255 644261 644258 644266 644323 644328 644371 644436 644473 644510 644552 644527 644544 644518 644559 644476 644527 644524 644521 644543 644584 644253 644327 644437 644434 644548 644545 644555 644552 644583 644594 644608 644432 644607 644597 644605 644461 644416 644630 644624 644621 644570 644546 644514 644307 644443 644639 644648 644603 644375 644379 644218 644405 644413 644642 644648 644659 644570 644471 644387 644383 644485 644657 644660 644572 644569 644590 644581 644545 644341 644329 644347 644341 644453 644469 644525 644650 644626 644592 644606 644564 644315 644320 643898 644313 644331 644311 644317 644383 644423 
644375 644333 644327 644435 644371 644447 644345 644309 644293 644471 644393 644315 644261 644383 644441 644445 644525 644519 644533 644289 644315 644485 644501 644531 644213 644379 644389 644523 644562 644565 644568 644561 644301 644375 644546 644591 644615 644129 644303 644315 644309 644325 644391 644401 644463 644529 644566 644603 644645 644620 644637 644611 644647 644565 644553 644559 644565 644636 644655 644323 644420 644508 644511 644583 644589 644630 644633 644676 644687 644703 644615 644674 644684 644737 644661 644583 644699 644756 644753 644771 644771 644755 644398 644431 644689 644726 644771 644549 644545 644311 644393 644401 644639 644651 644715 644810 644705 644375 644371 644473 644699 644705 644836 644833 644830 644821 644809 644329 644317 644335 644329 644441 644457 644513 644733 644781 644830 644816 644828 644441 644451 643849 644301 644319 644299 644305 644371 644411 
644363 644321 644315 644391 644347 644421 644333 644292 644281 644445 644381 644303 644249 644341 644382 644396 644448 644481 644500 644270 644283 644416 644424 644463 644201 644327 644332 644435 644467 644470 644473 644478 644264 644313 644451 644492 644541 644117 644253 644259 644256 644264 644321 644326 644369 644434 644469 644508 644550 644525 644542 644516 644557 644466 644443 644449 644455 644541 644585 644251 644325 644407 644412 644473 644479 644531 644534 644581 644588 644609 644598 644571 644585 644642 644627 644568 644597 644661 644658 644679 644690 644680 644299 644321 644579 644627 644676 644534 644530 644216 644283 644291 644529 644541 644605 644714 644637 644265 644261 644363 644589 644595 644738 644735 644732 644725 644711 644219 644207 644225 644219 644331 644347 644403 644623 644671 644724 644710 644730 644426 644436 643837 644191 644209 644189 644195 644261 644301 
644271 644238 644235 644289 644245 644319 644268 644190 644182 644343 644316 644253 644202 644239 644280 644294 644346 644379 644398 644168 644181 644314 644322 644361 644178 644225 644230 644333 644365 644368 644371 644376 644162 644211 644349 644394 644439 644100 644151 644157 644154 644162 644219 644224 644267 644332 644369 644406 644448 644423 644440 644414 644455 644372 644372 644378 644384 644439 644483 644149 644223 644327 644330 644402 644408 644449 644448 644479 644490 644507 644439 644493 644493 644540 644468 644423 644518 644559 644556 644575 644553 644521 644203 644250 644508 644545 644574 644382 644386 644114 644212 644220 644458 644470 644534 644577 644478 644194 644190 644292 644518 644524 644579 644576 644597 644588 644552 644148 644136 644154 644148 644260 644276 644332 644552 644598 644589 644599 644571 644322 644327 643840 644120 644138 644118 644124 644190 644230 
644649 644607 644601 644676 644632 644706 644619 644577 644567 644730 644667 644589 644535 644626 644667 644681 644733 644766 644785 644555 644568 644701 644709 644748 644487 644612 644617 644720 644752 644755 644758 644763 644549 644598 644736 644756 644826 644403 644538 644544 644541 644549 644606 644611 644654 644719 644734 644793 644835 644810 644827 644801 644842 644728 644698 644704 644710 644810 644870 644536 644610 644662 644668 644728 644734 644786 644792 644866 644852 644894 644836 644826 644846 644927 644865 644807 644852 644930 644935 644964 644950 644918 644562 644576 644834 644882 644961 644749 644757 644501 644538 644546 644784 644796 644860 644974 644875 644520 644516 644618 644844 644850 644970 644973 644972 644985 644949 644474 644462 644480 644474 644586 644602 644658 644878 644926 644932 644940 644952 644629 644639 644123 644446 644464 644444 644450 644516 644556 
643990 643948 643942 644050 643986 644062 643960 643924 643908 644086 644008 643930 643876 643998 644056 644060 644140 644134 644148 643904 643930 644100 644116 644146 643828 643994 644004 644138 644178 644184 644181 644176 643916 643990 644155 644158 644230 643744 643918 643930 643924 643940 644006 644016 644078 644124 644135 644194 644248 644225 644256 644228 644262 644132 644129 644132 644135 644209 644270 643938 644038 644075 644078 644156 644159 644197 644200 644265 644254 644318 644206 644241 644251 644336 644252 644174 644266 644317 644320 644350 644338 644346 643965 644068 644257 644293 644338 644140 644136 643910 644037 644053 644232 644238 644282 644371 644296 644004 644038 644113 644274 644277 644369 644372 644351 644360 644396 643969 643975 644008 644017 644097 644105 644157 644291 644315 644349 644335 644377 644032 644042 643464 643919 643940 643954 643993 644050 644082 
0 0 0 644086 0 643918 0 644122 644090 643870 0 643654 643738 644174 644194 0 0 643870 643802 0 644184 644186 644218 0 643642 644262 0 0 0 0 0 0 0 0 0 0 643966 0 0 0 0 0 644336 0 0 0 0 0 644146 0 0 0 644030 0 0 0 0 0 643854 644276 644428 0 0 0 0 0 0 644126 0 643950 643246 0 0 0 643362 643182 0 0 0 643798 643702 643574 644492 644668 0 644110 0 643018 643034 0 644726 644678 0 0 0 643798 643402 644796 644662 644578 0 0 0 0 0 0 0 644866 644822 644696 0 644582 644582 644486 0 0 0 0 643774 642778 0 0 0 644810 644870 644636 0 644558 
0 0 0 644280 0 644112 0 644166 644134 644064 0 643848 643932 644290 644382 0 0 644064 643996 0 644202 644380 644412 0 643836 644306 0 0 0 0 0 0 0 0 0 0 644160 0 0 0 0 0 644354 0 0 0 0 0 644340 0 0 0 644224 0 0 0 0 0 644048 644290 644442 0 0 0 0 0 0 644320 0 644144 643440 0 0 0 643556 643376 0 0 0 643992 643896 643768 644506 644874 0 644304 0 643212 643228 0 644936 644904 0 0 0 643992 643596 644924 644922 644784 0 0 0 0 0 0 0 644922 644982 644958 0 644816 644800 644696 0 0 0 0 643968 642972 0 0 0 644836 644952 644910 0 644818 
0 0 0 644182 0 644038 0 644008 643976 643990 0 643774 643834 644132 644224 0 0 643990 643922 0 644044 644282 644314 0 643738 644148 0 0 0 0 0 0 0 0 0 0 644086 0 0 0 0 0 644196 0 0 0 0 0 644266 0 0 0 644150 0 0 0 0 0 643974 644132 644284 0 0 0 0 0 0 644246 0 644070 643366 0 0 0 643482 643302 0 0 0 643918 643822 643694 644348 644764 0 644230 0 643138 643154 0 644802 644794 0 0 0 643918 643522 644730 644824 644674 0 0 0 0 0 0 0 644728 644788 644860 0 644706 644690 644586 0 0 0 0 643894 642898 0 0 0 644642 644758 644864 0 644736 
0 0 0 644121 0 644051 0 643956 643932 644027 0 643853 643860 644067 644142 0 0 644039 644000 0 643965 644196 644220 0 643788 644061 0 0 0 0 0 0 0 0 0 0 644123 0 0 0 0 0 644079 0 0 0 0 0 644246 0 0 0 644171 0 0 0 0 0 644063 643977 644127 0 0 0 0 0 0 644243 0 644135 643703 0 0 0 643778 643655 0 0 0 644057 643997 643925 644128 644533 0 644236 0 643580 643580 0 644548 644563 0 0 0 644069 643832 644470 644593 644500 0 0 0 0 0 0 0 644456 644528 644603 644609 644532 644516 644460 0 0 0 0 644068 643412 0 0 644304 644346 644486 644610 0 644561 
0 0 0 643991 0 643967 0 643811 643779 643991 0 643703 643643 643935 644027 0 0 644063 644001 0 643847 644091 644123 0 643547 643951 0 0 0 0 0 0 0 0 0 0 644165 0 0 0 0 0 643999 0 0 0 0 0 644339 0 0 0 644229 0 0 0 0 0 644053 643935 644087 0 0 0 0 0 0 644325 0 644149 643445 0 0 0 643561 643381 0 0 0 643997 643901 643773 644151 644609 0 644309 0 643217 643233 0 644599 644639 0 0 0 643997 643601 644521 644633 644663 0 0 0 0 0 0 0 644519 644575 644597 0 644695 644679 644653 0 0 0 0 643973 642977 0 0 0 644433 644549 644567 0 644673 
0 0 0 644231 0 644203 0 644051 644019 644179 0 643939 643883 644175 644267 0 0 644179 644111 0 644087 644331 644363 0 643787 644191 0 0 0 0 0 0 0 0 0 0 644275 0 0 0 0 0 644239 0 0 0 0 0 644455 0 0 0 644339 0 0 0 0 0 644163 644175 644327 0 0 0 0 0 0 644435 0 644259 643555 0 0 0 643671 643491 0 0 0 644107 644011 643883 644391 644869 0 644419 0 643327 643343 0 644845 644869 0 0 0 644107 643711 644783 644825 644865 0 0 0 0 0 0 0 644773 644785 644777 0 644857 644865 644769 0 0 0 0 644083 643087 0 0 0 644695 644767 644717 0 644805 
0 0 0 643976 0 643952 0 643796 643764 643976 0 643688 643628 643920 644012 0 0 644048 644050 0 643832 644076 644108 0 643532 643936 0 0 0 0 0 0 0 0 0 0 644214 0 0 0 0 0 643984 0 0 0 0 0 644324 0 0 0 644278 0 0 0 0 0 644102 643920 644072 0 0 0 0 0 0 644374 0 644198 643494 0 0 0 643610 643430 0 0 0 644046 643950 643822 644136 644662 0 644358 0 643266 643282 0 644652 644674 0 0 0 644046 643650 644574 644644 644716 0 0 0 0 0 0 0 644572 644590 644608 0 644714 644728 644770 0 0 0 0 644022 643026 0 0 0 644476 644572 644578 0 644684 
644359 644317 644311 644419 644355 644431 644329 644293 644277 644455 644377 644299 644245 644367 644417 644429 644483 644503 644517 644273 644299 644451 644459 644498 644197 644362 644367 644470 644502 644505 644508 644513 644285 644348 644486 644531 644576 644113 644287 644294 644291 644299 644356 644361 644404 644469 644506 644543 644585 644560 644577 644551 644592 644509 644548 644551 644554 644576 644620 644286 644360 644470 644467 644575 644578 644588 644585 644616 644627 644644 644500 644640 644630 644676 644546 644468 644663 644695 644692 644675 644651 644619 644340 644430 644672 644684 644698 644434 644430 644251 644392 644400 644638 644650 644695 644675 644576 644374 644370 644472 644697 644703 644677 644674 644695 644686 644650 644328 644316 644334 644328 644440 644456 644512 644719 644731 644697 644711 644669 644326 644336 643833 644300 644318 644298 644304 644370 644410 
644447 644405 644399 644474 644430 644504 644417 644375 644365 644528 644465 644387 644333 644424 644465 644479 644531 644564 644583 644353 644366 644499 644507 644546 644285 644410 644415 644518 644550 644553 644556 644561 644347 644396 644534 644579 644624 644201 644336 644342 644339 644347 644404 644409 644452 644517 644554 644591 644633 644608 644625 644599 644640 644557 644597 644603 644602 644624 644668 644334 644408 644518 644515 644627 644626 644636 644633 644664 644675 644692 644561 644688 644678 644723 644590 644532 644711 644742 644739 644699 644675 644643 644388 644475 644720 644732 644732 644498 644494 644299 644437 644445 644683 644695 644743 644699 644600 644419 644415 644517 644741 644747 644701 644698 644719 644710 644674 644373 644361 644379 644373 644485 644501 644557 644750 644755 644721 644735 644693 644390 644400 643921 644345 644363 644343 644349 644415 644455 
644402 644360 644354 644432 644388 644462 644372 644333 644320 644486 644420 644342 644288 644382 644423 644437 644489 644522 644541 644311 644324 644457 644465 644504 644240 644368 644373 644476 644508 644511 644514 644519 644305 644354 644492 644537 644582 644156 644294 644300 644297 644305 644362 644367 644410 644475 644512 644549 644591 644566 644583 644557 644598 644515 644544 644547 644550 644582 644626 644292 644366 644476 644473 644571 644574 644594 644591 644622 644633 644650 644655 644646 644636 644683 644684 644623 644669 644702 644699 644720 644732 644737 644346 644426 644672 644690 644717 644589 644585 644257 644388 644396 644634 644646 644697 644756 644694 644370 644366 644468 644694 644700 644793 644790 644776 644767 644768 644324 644312 644330 644324 644436 644452 644508 644728 644766 644813 644792 644787 644481 644491 643876 644296 644314 644294 644300 644366 644406 
644377 644335 644329 644437 644373 644449 644347 644311 644295 644473 644395 644317 644263 644385 644443 644447 644524 644521 644535 644291 644317 644487 644500 644533 644215 644381 644391 644511 644543 644546 644549 644554 644303 644377 644527 644572 644617 644131 644305 644317 644311 644327 644393 644402 644445 644510 644547 644584 644626 644601 644618 644592 644633 644550 644581 644584 644587 644617 644657 644325 644401 644511 644508 644608 644611 644629 644626 644657 644668 644685 644567 644681 644671 644718 644613 644535 644704 644737 644734 644755 644741 644707 644381 644461 644709 644725 644752 644501 644497 644292 644423 644431 644669 644681 644734 644765 644657 644405 644401 644503 644729 644735 644767 644764 644785 644776 644740 644359 644347 644365 644359 644471 644487 644543 644763 644803 644787 644801 644759 644393 644403 643851 644331 644349 644329 644335 644401 644441 
0 0 0 644326 0 644302 0 644146 644114 644326 0 644038 643978 644270 644362 0 0 644398 644402 0 644158 644426 644458 0 643882 644286 0 0 0 0 0 0 0 0 0 0 644566 0 0 0 0 0 644310 0 0 0 0 0 644674 0 0 0 644630 0 0 0 0 0 644598 644174 644374 0 0 0 0 0 0 644714 0 644694 644444 0 0 0 644560 644380 0 0 0 644758 644734 644748 644354 644344 0 644784 0 644216 644232 0 644292 644284 0 0 0 644830 644600 644304 644224 644380 0 0 0 0 0 0 0 644236 644188 644176 0 644316 644348 644412 0 0 0 0 644920 643976 0 0 0 644216 644176 644116 0 644256 
0 0 0 643440 0 643650 0 0 643435 643710 0 0 0 643330 643305 0 0 643710 643795 0 0 0 0 0 0 0 0 0 0 0 0 0 0 0 0 0 0 0 0 0 0 0 0 0 0 0 0 0 0 0 0 0 0 0 0 0 0 0 643730 0 642870 0 0 0 0 0 0 0 0 0 644490 0 0 0 644345 644570 0 0 0 0 643920 644080 642610 0 0 0 0 644775 644755 0 0 0 0 0 0 0 644295 0 0 0 0 0 0 0 0 0 0 0 0 0 0 0 0 0 0 0 0 0 0 645057 0 0 0 642365 0 0 0 0 
0 0 0 643228 643224 643294 0 643183 643191 643318 0 643360 643315 643182 643189 643223 0 643330 643359 643157 643144 643203 643195 643252 643294 643148 643143 0 0 0 0 0 0 0 0 0 643318 0 0 0 0 643067 643106 643101 643106 0 0 0 643261 0 0 0 643302 0 0 0 0 0 643370 643032 643054 0 643091 0 0 0 0 643278 0 643346 643618 0 0 0 643577 643634 0 0 0 643420 643456 643512 642978 643081 0 643306 0 643723 643707 642923 643050 643066 0 0 0 643432 643591 643017 643051 643126 0 0 0 0 0 0 0 642982 642988 643021 643030 643110 643118 643170 0 0 0 0 643462 643782 643777 0 642932 642953 642967 643006 0 643095 
644554 644596 644602 644494 644558 644482 644584 644620 644636 644458 644536 644614 644668 644546 644488 644484 644404 644410 644396 644640 644614 644444 644428 644398 644716 644550 644540 644406 644366 644360 644354 644368 644628 644554 644374 644308 644314 644800 644626 644614 644620 644604 644538 644528 644466 644384 644334 644308 644272 644298 644288 644316 644282 644328 644250 644256 644262 644266 644274 644606 644506 644358 644364 644232 644238 644242 644248 644234 644212 644226 644194 644186 644206 644184 644184 644226 644164 644146 644152 644158 644158 644126 644498 644128 644146 644146 644140 644116 644156 644504 644138 644098 644096 644108 644124 644110 644068 644216 644068 644074 644060 644066 644058 644064 644070 644088 644064 644218 644158 644080 644026 644042 644058 644018 644046 644046 644018 644038 644026 644188 644178 645021 644334 644304 644188 644050 644020 644012 
0 0 0 642558 0 642390 0 642594 642562 642342 0 642126 642210 642646 642666 0 0 642342 642274 0 642699 642658 642690 0 642114 642734 0 0 0 0 0 0 0 0 0 0 642438 0 0 0 0 0 642851 0 0 0 0 0 642618 0 0 0 642502 0 0 0 0 0 642326 642913 642999 0 0 0 0 0 0 642598 0 642422 641718 0 0 0 641834 641654 0 0 0 642270 642174 642046 643120 642925 0 642565 0 641490 641506 0 642945 642865 0 0 0 642270 641874 643094 642805 642817 0 0 0 0 0 0 0 643105 642985 642829 642721 642753 642785 642705 0 0 0 0 642241 641250 0 0 643262 643233 643045 642769 0 642693 
0 0 0 644254 0 0 0 0 0 0 0 0 0 0 644296 0 0 0 0 0 0 0 0 0 0 0 0 0 0 0 0 0 0 0 0 0 0 0 0 0 0 0 0 0 0 0 0 0 0 0 0 0 0 0 0 0 0 0 0 0 644420 0 0 0 0 0 0 0 0 0 0 0 0 0 0 0 0 0 0 0 0 644154 644452 0 0 0 0 0 0 0 0 0 0 0 0 0 0 0 0 0 0 0 0 0 0 0 0 0 0 0 0 0 0 0 0 0 0 0 0 0 0 0 0 644612 0 0 0 0 
0 0 0 644161 0 643993 0 644153 644121 643945 0 643729 643813 644249 644269 0 0 643945 643877 0 644213 644261 644293 0 643717 644293 0 0 0 0 0 0 0 0 0 0 644041 0 0 0 0 0 644365 0 0 0 0 0 644221 0 0 0 644105 0 0 0 0 0 643929 644325 644477 0 0 0 0 0 0 644201 0 644025 643321 0 0 0 643437 643257 0 0 0 643873 643777 643649 644541 644661 0 644185 0 643093 643109 0 644723 644677 0 0 0 643873 643477 644789 644663 644571 0 0 0 0 0 0 0 644815 644821 644699 0 644581 644581 644483 0 0 0 0 643849 642853 0 0 0 644777 644825 644659 0 644559 
0 0 0 644038 0 643962 0 643860 643828 643914 0 643698 643690 643984 644076 0 0 643914 643846 0 643896 644138 644170 0 643594 644000 0 0 0 0 0 0 0 0 0 0 644010 0 0 0 0 0 644048 0 0 0 0 0 644190 0 0 0 644074 0 0 0 0 0 643898 643984 644136 0 0 0 0 0 0 644170 0 643994 643290 0 0 0 643406 643226 0 0 0 643842 643746 643618 644200 644686 0 644154 0 643062 643078 0 644700 644716 0 0 0 643842 643446 644624 644746 644640 0 0 0 0 0 0 0 644622 644682 644758 0 644672 644656 644552 0 0 0 0 643818 642822 0 0 0 644536 644652 644788 0 644702 
644128 644107 644104 644158 644126 644164 644113 644095 644087 644176 644115 644098 644071 644132 644161 644163 644203 644178 644161 644085 644098 644183 644191 644206 644047 644130 644135 644202 644222 644225 644228 644221 644091 644128 644218 644251 644202 644005 644082 644088 644085 644093 644136 644141 644172 644213 644238 644251 644247 644256 644239 644247 644218 644241 644280 644277 644274 644272 644174 644080 644152 644226 644223 644289 644286 644284 644281 644242 644253 644198 644010 644266 644256 644195 644051 643994 644253 644214 644211 644160 644136 644104 644134 644341 644262 644238 644193 643905 643921 644045 644336 644356 644287 644281 644249 644160 644037 644297 644371 644368 644257 644254 644162 644159 644180 644171 644135 644296 644326 644365 644370 644384 644376 644350 644240 644216 644182 644196 644154 643833 643838 643752 644228 644253 644311 644358 644391 644399 
0 0 0 643994 0 643970 0 643814 643782 643994 0 643706 643646 643938 644030 0 0 644044 644000 0 643850 644094 644126 0 643550 643954 0 0 0 0 0 0 0 0 0 0 644164 0 0 0 0 0 644002 0 0 0 0 0 644320 0 0 0 644228 0 0 0 0 0 644054 643938 644090 0 0 0 0 0 0 644324 0 644150 643446 0 0 0 643562 643382 0 0 0 643998 643902 643774 644154 644672 0 644310 0 643218 643234 0 644662 644702 0 0 0 643998 643602 644584 644732 644726 0 0 0 0 0 0 0 644582 644642 644712 0 644758 644742 644712 0 0 0 0 643974 642978 0 0 0 644494 644612 644684 0 644784 
