645102 645090 645095 645084 645018 645044 645032 645067 645022 645019 645025 645005 644984 644980 644986 644977 644999 644970 644976 644952 644958 644952 644946 644930 644907 644913 644941 644929 644884 644884 644872 644869 644895 644883 644872 644874 644860 644857 644851 644866 644838 644814 644787 644803 644773 644799 644771 644782 644754 644767 644755 644771 644765 644770 644748 644728 644729 644733 644719 644678 644687 644703 644725 644719 644719 644692 644686 644698 644654 644676 644642 644634 644671 644659 644685 644669 644675 644663 644681 644675 644681 644669 644646 644615 644621 644655 644637 644599 644593 644591 644631 644591 644615 644587 644563 644569 644585 644579 644591 644579 644573 644545 644541 644523 644529 644533 644547 644531 644525 644517 644511 644505 644521 644527 644523 644521 644541 644533 644467 644499 644487 644493 644475 644495 644489 644483 644477 644451 
645093 645093 645093 645082 645046 645062 645050 645050 645043 645054 645060 644986 644980 644988 644994 644958 644980 644952 644958 644960 644954 644948 644942 644938 644888 644894 644922 644910 644892 644880 644880 644850 644876 644864 644854 644870 644868 644838 644832 644848 644820 644796 644768 644784 644754 644780 644752 644764 644750 644748 644736 644752 644746 644752 644744 644736 644710 644714 644700 644711 644668 644684 644706 644700 644700 644674 644668 644680 644662 644697 644672 644664 644652 644640 644666 644650 644656 644644 644662 644656 644662 644650 644642 644596 644602 644636 644618 644580 644574 644572 644612 644572 644593 644568 644544 644550 644566 644560 644572 644560 644554 644526 644522 644504 644510 644514 644528 644512 644506 644498 644492 644486 644502 644508 644504 644502 644522 644514 644445 644480 644468 644474 644456 644476 644470 644464 644458 644432 
0 0 645093 645060 644983 644976 644958 645063 644934 644937 0 644993 0 0 644880 0 644988 0 0 0 0 0 0 644796 0 644859 0 644879 0 0 644709 0 0 644810 0 0 644691 0 0 0 0 644682 644670 644694 644649 644688 644646 0 0 0 644622 0 0 644616 0 644493 0 0 644568 644418 0 0 644577 0 0 0 0 0 644382 644415 644373 644361 644496 644478 644517 0 0 0 644511 0 0 0 644388 0 644421 0 0 0 644379 0 0 644376 644421 0 0 644343 0 0 0 0 644345 644307 0 0 644283 644289 0 0 644277 0 0 0 0 0 644274 0 0 0 644199 644238 644220 0 0 0 0 0 0 0 
0 0 645118 645151 644944 644929 644911 645126 645083 645058 0 645044 0 0 645029 0 645035 0 0 0 0 0 0 644945 0 644906 0 644930 0 0 644858 0 0 644861 0 0 644840 0 0 0 0 644759 644717 644741 644696 644735 644693 0 0 0 644669 0 0 644693 0 644642 0 0 644615 644555 0 0 644624 0 0 0 0 0 644531 644564 644326 644314 644543 644525 644564 0 0 0 644558 0 0 0 644531 0 644468 0 0 0 644426 0 0 644423 644272 0 0 644390 0 0 0 0 644396 644354 0 0 644330 644336 0 0 644324 0 0 0 0 0 644321 0 0 0 644050 644285 644267 0 0 0 0 0 0 0 
0 0 645101 645068 645079 645044 645026 645005 645044 645067 0 644909 0 0 644960 0 644900 0 0 0 0 0 0 644876 0 644771 0 644795 0 0 644789 0 0 644726 0 0 644771 0 0 0 0 644624 644582 644606 644561 644600 644558 0 0 0 644534 0 0 644558 0 644573 0 0 644480 644548 0 0 644489 0 0 0 0 0 644462 644525 644461 644449 644408 644390 644429 0 0 0 644423 0 0 0 644396 0 644333 0 0 0 644291 0 0 644288 644291 0 0 644255 0 0 0 0 644261 644219 0 0 644195 644201 0 0 644189 0 0 0 0 0 644186 0 0 0 644069 644150 644132 0 0 0 0 0 0 0 
0 0 644997 644964 645063 645138 645120 644901 644982 645013 0 644805 0 0 644856 0 644796 0 0 0 0 0 0 644772 0 644667 0 644691 0 0 644685 0 0 644622 0 0 644667 0 0 0 0 644520 644478 644502 644457 644496 644454 0 0 0 644430 0 0 644454 0 644469 0 0 644376 644496 0 0 644385 0 0 0 0 0 644358 644463 644565 644553 644304 644286 644325 0 0 0 644319 0 0 0 644292 0 644229 0 0 0 644187 0 0 644184 644343 0 0 644151 0 0 0 0 644157 644115 0 0 644091 644097 0 0 644085 0 0 0 0 0 644082 0 0 0 644121 644046 644028 0 0 0 0 0 0 0 
0 0 645038 645005 644960 645115 645109 644942 644909 644912 0 644846 0 0 644855 0 644837 0 0 0 0 0 0 644771 0 644708 0 644732 0 0 644684 0 0 644663 0 0 644666 0 0 0 0 644561 644519 644543 644498 644537 644495 0 0 0 644471 0 0 644495 0 644468 0 0 644417 644393 0 0 644426 0 0 0 0 0 644357 644390 644524 644512 644345 644327 644366 0 0 0 644360 0 0 0 644333 0 644270 0 0 0 644228 0 0 644225 644446 0 0 644192 0 0 0 0 644198 644156 0 0 644132 644138 0 0 644126 0 0 0 0 0 644123 0 0 0 644224 644087 644069 0 0 0 0 0 0 0 
0 0 645081 645114 644901 644886 644868 645141 645006 645009 0 645087 0 0 644952 0 645078 0 0 0 0 0 0 644868 0 644949 0 644973 0 0 644781 0 0 644904 0 0 644763 0 0 0 0 644760 644760 644784 644739 644778 644736 0 0 0 644712 0 0 644694 0 644565 0 0 644658 644490 0 0 644667 0 0 0 0 0 644454 644487 644283 644271 644586 644568 644607 0 0 0 644601 0 0 0 644460 0 644511 0 0 0 644469 0 0 644466 644349 0 0 644433 0 0 0 0 644439 644397 0 0 644373 644379 0 0 644367 0 0 0 0 0 644364 0 0 0 644127 644328 644310 0 0 0 0 0 0 0 
0 0 645070 645097 644960 644945 644927 645070 645113 645064 0 645028 0 0 645073 0 645009 0 0 0 0 0 0 644989 0 644890 0 644914 0 0 644902 0 0 644845 0 0 644884 0 0 0 0 644743 644701 644725 644680 644719 644677 0 0 0 644653 0 0 644677 0 644686 0 0 644599 644565 0 0 644608 0 0 0 0 0 644575 644612 644342 644330 644527 644509 644548 0 0 0 644542 0 0 0 644515 0 644452 0 0 0 644410 0 0 644407 644224 0 0 644374 0 0 0 0 644380 644338 0 0 644314 644320 0 0 644308 0 0 0 0 0 644305 0 0 0 644002 644269 644251 0 0 0 0 0 0 0 
0 0 645092 645107 645030 645011 644993 645054 645105 645112 0 644958 0 0 645007 0 644949 0 0 0 0 0 0 644923 0 644820 0 644844 0 0 644836 0 0 644775 0 0 644818 0 0 0 0 644673 644631 644655 644610 644649 644607 0 0 0 644583 0 0 644607 0 644620 0 0 644529 644593 0 0 644538 0 0 0 0 0 644509 644586 644412 644400 644457 644439 644478 0 0 0 644472 0 0 0 644445 0 644382 0 0 0 644340 0 0 644337 644246 0 0 644304 0 0 0 0 644310 644268 0 0 644244 644250 0 0 644238 0 0 0 0 0 644235 0 0 0 644024 644199 644181 0 0 0 0 0 0 0 
644697 644700 644706 644705 644645 644663 644657 644684 644685 644675 644681 644648 644620 644638 644644 644632 644649 644602 644608 644610 644594 644588 644582 644588 644586 644592 644596 644572 644542 644520 644530 644548 644538 644526 644504 644510 644518 644536 644530 644498 644470 644446 644478 644494 644452 644454 644438 644414 644390 644470 644434 644414 644408 644402 644384 644386 644456 644436 644398 644334 644414 644430 644440 644374 644362 644324 644318 644330 644312 644346 644354 644346 644470 644458 644448 644396 644402 644390 644384 644318 644324 644312 644282 644390 644396 644406 644316 644422 644332 644270 644286 644258 644311 644374 644302 644308 644300 644294 644282 644270 644216 644380 644364 644346 644352 644332 644286 644258 644180 644340 644334 644304 644320 644326 644310 644260 644256 644236 644211 644310 644286 644280 644226 644234 644228 644222 644216 644274 
0 0 644967 645000 644787 644772 644754 645063 644982 644907 0 645127 0 0 645028 0 645104 0 0 0 0 0 0 644944 0 645055 0 645059 0 0 644857 0 0 644990 0 0 644839 0 0 0 0 644836 644874 644898 644853 644892 644850 0 0 0 644826 0 0 644770 0 644641 0 0 644772 644418 0 0 644781 0 0 0 0 0 644530 644563 644169 644157 644694 644682 644721 0 0 0 644715 0 0 0 644536 0 644625 0 0 0 644583 0 0 644580 644273 0 0 644547 0 0 0 0 644525 644511 0 0 644487 644493 0 0 644481 0 0 0 0 0 644478 0 0 0 644051 644442 644424 0 0 0 0 0 0 0 
645011 644985 645029 645051 644934 644923 644911 645047 645061 645014 645002 645050 645107 645095 645095 645028 645017 645085 645085 645091 645097 645091 645085 645069 644989 644988 645037 645053 645023 645023 645011 644989 645019 645007 644997 645013 644999 644981 644975 644991 644963 644939 644911 644927 644897 644923 644895 644907 644893 644891 644879 644895 644889 644895 644887 644867 644853 644857 644843 644688 644811 644827 644849 644843 644843 644817 644811 644823 644793 644827 644522 644514 644749 644749 644809 644793 644799 644787 644805 644799 644805 644793 644785 644739 644745 644779 644761 644701 644717 644715 644755 644715 644467 644711 644687 644693 644709 644703 644715 644703 644697 644669 644665 644647 644653 644657 644671 644655 644649 644641 644635 644629 644645 644651 644647 644645 644665 644657 644319 644623 644611 644617 644599 644619 644613 644607 644601 644575 
645003 644989 645021 645043 644940 644929 644917 645039 645069 645020 645008 645046 645112 645112 645111 645024 645013 645090 645090 645106 645100 645094 645088 645084 644987 644984 645042 645056 645038 645026 645026 644994 645022 645010 645000 645016 645014 644984 644978 644994 644966 644942 644914 644930 644900 644926 644898 644910 644896 644894 644882 644898 644892 644898 644890 644882 644856 644860 644846 644694 644814 644830 644852 644846 644846 644820 644814 644826 644808 644844 644528 644520 644745 644751 644812 644796 644802 644790 644808 644802 644808 644796 644788 644742 644748 644782 644764 644706 644720 644718 644758 644718 644459 644714 644690 644696 644712 644706 644718 644706 644700 644672 644668 644650 644656 644660 644674 644658 644652 644644 644638 644632 644648 644654 644650 644648 644668 644660 644311 644626 644614 644620 644602 644622 644616 644610 644604 644578 
0 0 644994 645027 644910 644895 644877 645018 645105 645030 0 645042 0 0 645129 0 644979 0 0 0 0 0 0 645045 0 644938 0 644964 0 0 644958 0 0 644895 0 0 644940 0 0 0 0 644793 644751 644775 644730 644769 644727 0 0 0 644703 0 0 644727 0 644742 0 0 644649 644541 0 0 644658 0 0 0 0 0 644631 644688 644292 644280 644577 644559 644598 0 0 0 644592 0 0 0 644565 0 644502 0 0 0 644460 0 0 644457 644148 0 0 644424 0 0 0 0 644430 644388 0 0 644364 644370 0 0 644358 0 0 0 0 0 644355 0 0 0 643926 644319 644301 0 0 0 0 0 0 0 
0 0 645077 645099 644957 644947 644935 645141 645087 645037 0 645155 0 0 645065 645127 645141 0 0 0 0 0 0 645009 0 645063 0 645079 0 0 644951 0 645045 645033 0 644965 644939 0 0 0 644961 644937 644937 644953 644923 644949 644921 0 644845 0 644905 0 0 644893 0 644807 0 0 644869 644711 0 0 644875 0 0 0 0 0 644733 644755 644545 644537 644821 644809 644835 0 0 0 644831 0 0 0 644737 0 644771 0 0 0 644743 0 0 644741 644589 0 0 644719 0 0 0 0 644723 644695 0 0 644679 644683 0 0 644675 0 0 0 0 0 644673 0 0 0 644441 644649 644637 0 0 0 0 0 0 0 
0 0 644935 644968 644755 644740 644722 645031 644942 644875 0 645083 0 0 644918 0 645124 0 0 0 0 0 0 644834 0 645095 0 644969 0 0 644747 0 0 644900 0 0 644729 0 0 0 0 644726 644906 644930 644885 644846 644876 0 0 0 644858 0 0 644660 0 644531 0 0 644804 644386 0 0 644813 0 0 0 0 0 644420 644453 644137 644125 644732 644714 644753 0 0 0 644747 0 0 0 644426 0 644657 0 0 0 644615 0 0 644606 644305 0 0 644579 0 0 0 0 644435 644543 0 0 644519 644525 0 0 644435 0 0 0 0 0 644510 0 0 0 644161 644474 644456 0 0 0 0 0 0 0 
644998 644964 645016 645038 644900 644890 644878 645056 645030 644980 644968 645095 645108 645096 645098 645087 645065 645102 645108 645068 645082 645076 645070 645046 645069 645066 645105 645083 645000 645008 644988 645047 645049 645037 645004 644998 644976 645035 645029 644998 644970 644946 644965 644981 644951 644965 644949 644914 644878 644945 644933 644925 644919 644902 644872 644844 644907 644911 644897 644654 644865 644881 644903 644885 644873 644824 644818 644830 644770 644792 644488 644480 644827 644829 644863 644847 644853 644841 644859 644829 644835 644823 644770 644793 644799 644833 644815 644777 644771 644769 644797 644769 644511 644765 644741 644747 644763 644757 644769 644757 644727 644723 644719 644701 644707 644711 644725 644709 644691 644695 644689 644683 644699 644705 644701 644699 644719 644711 644375 644677 644665 644671 644653 644673 644667 644661 644655 644629 
645001 644967 645019 645041 644903 644893 644881 645059 645033 644983 644971 645087 645112 645099 645100 645079 645057 645106 645112 645072 645086 645080 645074 645050 645042 645039 645097 645076 645004 645012 644992 645028 645042 645030 645008 645002 644980 645016 645010 645002 644974 644950 644946 644962 644932 644958 644930 644918 644882 644926 644914 644918 644912 644906 644876 644848 644888 644892 644878 644657 644846 644862 644884 644878 644866 644828 644822 644834 644774 644796 644491 644483 644800 644806 644844 644828 644834 644822 644840 644822 644828 644816 644774 644774 644780 644814 644796 644758 644752 644750 644790 644750 644503 644746 644722 644728 644744 644738 644750 644738 644720 644704 644700 644682 644688 644692 644706 644690 644684 644676 644670 644664 644680 644686 644682 644680 644700 644692 644355 644658 644646 644652 644634 644654 644648 644642 644636 644610 
644975 644963 644993 645015 644945 644912 644900 645009 645052 645014 645002 645025 645106 645108 645105 645005 644983 645079 645082 645097 645089 645083 645077 645075 644977 644973 645032 645043 645029 645015 645017 644980 645009 644997 644987 645005 645005 644971 644965 644981 644953 644929 644901 644917 644887 644913 644885 644897 644885 644881 644869 644885 644879 644885 644879 644873 644843 644847 644833 644699 644801 644817 644839 644833 644833 644807 644801 644813 644799 644844 644533 644525 644735 644741 644799 644783 644789 644777 644795 644789 644795 644783 644777 644729 644735 644769 644751 644699 644707 644705 644745 644705 644429 644701 644677 644683 644699 644693 644705 644693 644687 644659 644655 644637 644643 644647 644661 644645 644639 644631 644625 644619 644635 644641 644637 644635 644655 644647 644281 644613 644601 644607 644589 644609 644603 644597 644591 644565 
644939 644925 644957 644979 644911 644875 644863 644979 645015 644979 644967 644995 645083 645081 645075 644975 644953 645062 645065 645073 645070 645067 645064 645062 644949 644943 645011 645029 645038 645026 645026 644963 645012 645006 645004 645016 645014 644957 644954 644998 644970 644946 644910 644918 644904 644930 644902 644914 644896 644888 644886 644902 644896 644902 644890 644882 644845 644864 644850 644665 644818 644832 644855 644850 644850 644824 644818 644830 644808 644854 644499 644491 644705 644717 644787 644800 644806 644794 644812 644806 644812 644800 644788 644740 644743 644784 644768 644681 644724 644722 644762 644722 644399 644714 644694 644700 644716 644710 644722 644710 644704 644645 644655 644646 644649 644664 644678 644662 644656 644643 644640 644636 644652 644658 644654 644652 644672 644664 644251 644630 644618 644624 644606 644626 644620 644614 644608 644582 
644964 644927 644982 645004 644863 644853 644841 645011 644993 644943 644931 645027 645114 645083 645077 645007 644985 645109 645103 645111 645136 645136 645136 645113 644981 644975 645043 645101 645088 645099 645076 645019 645093 645087 645084 645089 645064 645029 645029 645078 645050 645026 644991 644999 644984 645010 644982 644994 644969 644969 644966 644982 644976 644982 644963 644932 644926 644944 644930 644617 644898 644913 644936 644930 644930 644904 644898 644910 644858 644880 644451 644443 644737 644749 644861 644880 644886 644874 644892 644886 644892 644880 644861 644821 644824 644865 644848 644713 644804 644802 644842 644802 644431 644795 644774 644780 644796 644790 644802 644790 644784 644717 644736 644727 644730 644744 644758 644742 644736 644724 644721 644716 644732 644738 644734 644732 644752 644744 644283 644710 644698 644704 644686 644706 644700 644694 644688 644662 
644956 644926 644974 644996 644862 644852 644840 645013 644992 644942 644930 645041 645106 645082 645076 645033 645011 645111 645105 645110 645123 645120 645117 645099 645007 645001 645069 645111 645056 645060 645044 645045 645089 645077 645055 645050 645032 645051 645048 645049 645021 644997 644993 645009 644979 645005 644977 644965 644930 644973 644961 644965 644959 644953 644924 644900 644935 644939 644925 644616 644893 644909 644931 644925 644913 644875 644869 644881 644826 644848 644450 644442 644763 644775 644881 644875 644881 644869 644887 644869 644875 644863 644822 644821 644827 644861 644843 644739 644799 644797 644837 644797 644457 644793 644769 644775 644791 644785 644797 644785 644767 644739 644747 644729 644735 644739 644753 644737 644731 644723 644717 644711 644727 644733 644729 644727 644747 644739 644309 644705 644693 644699 644681 644701 644695 644689 644683 644657 
0 0 644834 644867 644848 644783 644765 644858 644993 644948 0 644882 0 0 645047 0 644819 0 0 0 0 0 0 645107 0 644804 0 644996 0 0 645020 0 0 644957 0 0 645002 0 0 0 0 644855 644813 644837 644792 644831 644789 0 0 0 644765 0 0 644789 0 644804 0 0 644711 644479 0 0 644720 0 0 0 0 0 644693 644798 644230 644218 644447 644465 644640 0 0 0 644654 0 0 0 644627 0 644564 0 0 0 644522 0 0 644519 643988 0 0 644486 0 0 0 0 644492 644420 0 0 644426 644432 0 0 644420 0 0 0 0 0 644417 0 0 0 643766 644381 644363 0 0 0 0 0 0 0 
644625 644587 644643 644665 644523 644513 644501 644707 644653 644603 644591 644767 644727 644707 644707 644793 644777 644745 644751 644683 644701 644695 644689 644661 644851 644849 644803 644751 644615 644627 644603 644835 644717 644705 644647 644617 644591 644823 644817 644641 644613 644589 644779 644795 644739 644669 644689 644557 644497 644783 644721 644593 644587 644545 644491 644459 644793 644749 644685 644277 644751 644767 644765 644589 644541 644467 644461 644473 644385 644407 644111 644103 644852 644853 644821 644733 644739 644727 644697 644497 644503 644491 644389 644775 644781 644767 644603 644853 644681 644557 644501 644509 644223 644771 644651 644657 644625 644619 644583 644571 644395 644825 644797 644779 644785 644741 644635 644595 644395 644773 644767 644713 644729 644735 644707 644609 644581 644549 644221 644731 644695 644677 644587 644583 644577 644571 644565 644707 
0 0 644866 644899 644686 644671 644653 644962 644881 644806 0 645058 0 0 644967 0 645065 0 0 0 0 0 0 644911 0 645108 0 645046 0 0 644824 0 0 644977 0 0 644806 0 0 0 0 644803 644975 644999 644954 644921 644927 0 0 0 644927 0 0 644737 0 644608 0 0 644873 644317 0 0 644882 0 0 0 0 0 644497 644530 644068 644056 644749 644751 644822 0 0 0 644816 0 0 0 644503 0 644726 0 0 0 644684 0 0 644657 644234 0 0 644648 0 0 0 0 644512 644612 0 0 644588 644594 0 0 644510 0 0 0 0 0 644579 0 0 0 644084 644543 644525 0 0 0 0 0 0 0 
644648 644610 644666 644688 644546 644536 644524 644718 644676 644626 644614 644760 644736 644712 644712 644762 644754 644748 644748 644712 644736 644734 644728 644700 644762 644762 644762 644760 644654 644666 644642 644762 644732 644720 644674 644656 644630 644762 644762 644668 644640 644616 644722 644738 644684 644662 644658 644584 644536 644726 644666 644608 644602 644572 644530 644498 644736 644692 644630 644300 644694 644710 644708 644582 644556 644494 644488 644500 644424 644446 644134 644126 644762 644762 644762 644676 644682 644670 644640 644512 644518 644506 644428 644718 644724 644710 644548 644762 644624 644502 644494 644478 644200 644714 644594 644600 644568 644562 644526 644514 644410 644762 644740 644722 644728 644684 644578 644538 644388 644716 644710 644656 644672 644678 644650 644552 644524 644492 644148 644674 644638 644620 644530 644526 644520 644514 644508 644650 
0 0 644915 644948 644735 644720 644702 645011 644930 644855 0 645097 0 0 645056 0 645036 0 0 0 0 0 0 645012 0 645021 0 645137 0 0 644925 0 0 645068 0 0 644907 0 0 0 0 644904 644926 644950 644905 644944 644902 0 0 0 644878 0 0 644838 0 644709 0 0 644824 644366 0 0 644833 0 0 0 0 0 644598 644631 644117 644105 644664 644682 644773 0 0 0 644767 0 0 0 644604 0 644677 0 0 0 644635 0 0 644632 644205 0 0 644599 0 0 0 0 644603 644563 0 0 644539 644545 0 0 644533 0 0 0 0 0 644530 0 0 0 643983 644494 644476 0 0 0 0 0 0 0 
644893 644879 644911 644933 644852 644829 644817 644951 644969 644931 644919 644969 645043 645035 645029 644949 644927 645049 645043 645063 645069 645075 645081 645085 644923 644917 644985 645045 645112 645102 645102 644961 645079 645087 645098 645092 645090 644973 644979 645092 645064 645040 644991 644979 645000 645026 644998 645008 644972 644965 644982 644998 644992 644996 644966 644958 644909 644960 644946 644606 644914 644925 644948 644946 644946 644918 644912 644924 644884 644930 644440 644432 644679 644691 644809 644896 644902 644890 644908 644902 644908 644896 644864 644825 644822 644877 644864 644655 644820 644818 644858 644818 644373 644803 644790 644796 644812 644806 644818 644806 644800 644661 644713 644727 644724 644760 644774 644758 644752 644730 644733 644732 644748 644754 644750 644748 644768 644760 644225 644726 644714 644720 644702 644722 644716 644710 644704 644678 
644911 644886 644929 644951 644835 644824 644812 644969 644964 644915 644903 644987 645061 645042 645036 644967 644945 645067 645061 645070 645087 645093 645099 645092 644941 644935 645003 645063 645105 645104 645093 644979 645090 645096 645100 645094 645081 644991 644997 645094 645066 645042 645000 644992 645002 645028 645000 645010 644974 644974 644984 645000 644994 644998 644968 644949 644921 644962 644948 644589 644916 644932 644954 644948 644948 644920 644914 644926 644875 644909 644423 644415 644697 644709 644827 644898 644904 644892 644910 644904 644910 644898 644866 644834 644831 644884 644866 644673 644822 644820 644860 644820 644391 644812 644792 644798 644814 644808 644820 644808 644802 644679 644727 644736 644733 644762 644776 644760 644754 644739 644740 644734 644750 644756 644752 644750 644770 644762 644243 644728 644716 644722 644704 644724 644718 644712 644706 644680 
0 0 644782 644815 644716 644697 644679 644806 644907 644836 0 644830 0 0 644995 0 644767 0 0 0 0 0 0 645079 0 644752 0 644944 0 0 645132 0 0 645013 0 0 645126 0 0 0 0 644987 644869 644845 644912 644963 644921 0 0 0 644897 0 0 644921 0 644936 0 0 644843 644347 0 0 644816 0 0 0 0 0 644825 644896 644098 644086 644395 644413 644590 0 0 0 644786 0 0 0 644759 0 644614 0 0 0 644654 0 0 644651 643936 0 0 644618 0 0 0 0 644624 644368 0 0 644464 644552 0 0 644552 0 0 0 0 0 644549 0 0 0 643714 644511 644495 0 0 0 0 0 0 0 
644627 644589 644645 644667 644525 644515 644503 644709 644655 644605 644593 644763 644735 644713 644710 644789 644778 644756 644759 644701 644722 644718 644712 644684 644840 644837 644807 644771 644638 644650 644626 644841 644740 644728 644670 644640 644614 644835 644832 644664 644636 644612 644792 644808 644754 644692 644712 644580 644520 644796 644736 644616 644610 644568 644514 644482 644806 644762 644700 644279 644764 644780 644778 644612 644564 644490 644484 644496 644408 644430 644113 644105 644838 644844 644833 644746 644752 644740 644710 644520 644526 644514 644412 644788 644794 644780 644618 644850 644694 644572 644524 644532 644225 644784 644664 644670 644638 644632 644596 644584 644418 644835 644810 644792 644798 644754 644648 644608 644418 644786 644780 644726 644742 644748 644720 644622 644594 644562 644213 644744 644708 644690 644600 644596 644590 644584 644578 644720 
0 0 644938 644960 644818 644808 644796 645002 644948 644898 0 645062 0 0 645032 645042 645020 0 0 0 0 0 0 645088 0 645010 0 645138 0 0 645074 0 645164 645164 0 645088 645062 0 0 0 645084 645060 645068 645068 645062 645088 645060 0 644968 0 645044 0 0 645016 0 644930 0 0 645008 644572 0 0 645014 0 0 0 0 0 644856 644878 644406 644398 644772 644784 644902 0 0 0 644970 0 0 0 644860 0 644900 0 0 0 644882 0 0 644880 644466 0 0 644858 0 0 0 0 644862 644754 0 0 644804 644822 0 0 644814 0 0 0 0 0 644812 0 0 0 644318 644788 644776 0 0 0 0 0 0 0 
0 0 644828 644861 644648 644633 644615 644922 644843 644768 0 644972 0 0 644969 0 644909 0 0 0 0 0 0 645053 0 644894 0 645086 0 0 645052 0 0 645133 0 0 645034 0 0 0 0 645029 644989 644981 644992 645031 644989 0 0 0 644965 0 0 644963 0 644836 0 0 644911 644279 0 0 644910 0 0 0 0 0 644725 644758 644030 644018 644537 644555 644732 0 0 0 644854 0 0 0 644731 0 644736 0 0 0 644722 0 0 644719 644078 0 0 644686 0 0 0 0 644692 644510 0 0 644590 644632 0 0 644620 0 0 0 0 0 644617 0 0 0 643856 644581 644563 0 0 0 0 0 0 0 
644880 644842 644898 644920 644778 644768 644756 644954 644908 644858 644846 644983 645030 644998 644992 644974 644952 645052 645046 645026 645056 645062 645068 645048 644948 644942 645010 645059 645078 645096 645072 644986 645093 645100 645110 645091 645066 644998 645004 645107 645088 645064 645015 645004 645036 645072 645044 645032 644980 644989 645027 645033 645027 645020 644974 644942 644934 644992 644992 644532 644945 644949 644974 644992 644981 644942 644936 644948 644868 644890 644366 644358 644704 644716 644834 644936 644939 644933 644954 644937 644943 644931 644872 644849 644846 644901 644910 644680 644866 644864 644904 644864 644398 644827 644836 644842 644858 644852 644864 644852 644835 644686 644738 644751 644748 644796 644820 644804 644798 644754 644757 644778 644790 644793 644796 644794 644814 644806 644250 644767 644760 644766 644748 644768 644762 644756 644750 644724 
0 0 644914 644936 644846 644836 644824 644930 644976 644926 0 644946 0 0 645056 644926 644904 0 0 0 0 0 0 645112 0 644894 0 645022 0 0 645154 0 645056 645068 0 645130 645154 0 0 0 645100 645076 644972 644956 645010 645058 645032 0 645032 0 645010 0 0 645032 0 645042 0 0 644980 644600 0 0 644938 0 0 0 0 0 644968 644994 644434 644426 644656 644668 644786 0 0 0 644942 0 0 0 644924 0 644802 0 0 0 644854 0 0 644852 644350 0 0 644830 0 0 0 0 644834 644638 0 0 644702 644770 0 0 644786 0 0 0 0 0 644784 0 0 0 644202 644746 644748 0 0 0 0 0 0 0 
0 0 644734 644767 644712 644675 644657 644758 644885 644832 0 644782 0 0 644947 0 644719 0 0 0 0 0 0 645031 0 644704 0 644896 0 0 645118 0 0 644965 0 0 645126 0 0 0 0 644991 644821 644797 644912 644967 644925 0 0 0 644901 0 0 644925 0 644940 0 0 644847 644343 0 0 644770 0 0 0 0 0 644829 644926 644094 644082 644347 644365 644542 0 0 0 644790 0 0 0 644763 0 644566 0 0 0 644658 0 0 644655 643888 0 0 644622 0 0 0 0 644628 644320 0 0 644416 644552 0 0 644556 0 0 0 0 0 644553 0 0 0 643666 644511 644499 0 0 0 0 0 0 0 
644887 644849 644905 644927 644785 644775 644763 644969 644915 644865 644853 645033 645027 645003 644999 645061 645039 645049 645051 644994 645015 645012 645009 644983 645107 645101 645097 645064 644943 644955 644931 645118 645045 645033 644975 644945 644919 645112 645109 644969 644941 644917 645059 645075 645043 644997 645005 644885 644825 645039 645025 644921 644915 644873 644819 644787 645001 645005 644989 644539 644959 644975 644997 644917 644869 644795 644789 644801 644713 644735 644373 644365 644865 644877 644944 644941 644947 644935 644953 644825 644831 644819 644717 644887 644893 644927 644907 644837 644865 644861 644829 644825 644485 644859 644835 644841 644857 644851 644863 644851 644723 644802 644812 644795 644801 644805 644819 644803 644723 644789 644783 644777 644793 644799 644795 644793 644813 644805 644411 644771 644759 644765 644747 644767 644761 644755 644749 644723 
644878 644840 644896 644918 644776 644766 644754 644960 644906 644856 644844 645024 645016 644992 644990 645051 645029 645040 645040 644992 645016 645016 645015 644989 645084 645078 645087 645064 644966 644984 644960 645098 645053 645047 645004 644974 644948 645098 645098 644998 644970 644946 645059 645067 645058 645025 645032 644914 644854 645037 645040 644950 644944 644902 644848 644816 644994 645020 645004 644530 644973 644981 645004 644945 644898 644824 644818 644830 644742 644764 644364 644356 644842 644854 644932 644956 644962 644950 644968 644854 644860 644848 644746 644889 644892 644933 644922 644812 644880 644876 644857 644852 644475 644863 644850 644856 644872 644866 644878 644866 644752 644788 644804 644795 644798 644820 644834 644818 644751 644792 644789 644792 644808 644814 644810 644808 644828 644820 644388 644786 644774 644780 644762 644782 644776 644770 644764 644738 
644865 644827 644883 644905 644763 644753 644741 644947 644893 644843 644831 644989 645015 644983 644977 644980 644958 645045 645039 645011 645041 645047 645053 645033 644954 644948 645016 645065 645076 645094 645070 644992 645099 645111 645116 645089 645064 645004 645010 645113 645099 645079 645026 645010 645055 645092 645066 645047 644987 644998 645046 645061 645055 645035 644981 644949 644940 645011 645020 644517 644964 644966 644991 645020 645009 644957 644951 644963 644875 644897 644351 644343 644710 644722 644840 644955 644958 644952 644982 644965 644971 644959 644879 644862 644856 644918 644938 644686 644894 644892 644932 644892 644404 644842 644864 644870 644886 644880 644892 644880 644863 644692 644744 644762 644756 644815 644848 644832 644826 644768 644774 644801 644809 644812 644822 644822 644842 644834 644256 644786 644788 644794 644776 644796 644790 644784 644778 644750 
0 0 644904 644926 644784 644774 644762 644948 644914 644864 0 644964 0 0 644998 644944 644922 0 0 0 0 0 0 645054 0 644912 0 645040 0 0 645112 0 645074 645086 0 645146 645124 0 0 0 645162 645138 644990 644974 645052 645122 645094 0 645066 0 645070 0 0 645094 0 645028 0 0 645042 644538 0 0 644956 0 0 0 0 0 644954 644976 644372 644364 644674 644686 644804 0 0 0 645004 0 0 0 644958 0 644820 0 0 0 644916 0 0 644914 644368 0 0 644892 0 0 0 0 644896 644656 0 0 644720 644812 0 0 644848 0 0 0 0 0 644846 0 0 0 644220 644798 644810 0 0 0 0 0 0 0 
0 0 644727 644760 644547 644532 644514 644821 644742 644667 0 644875 0 0 644868 0 644816 0 0 0 0 0 0 644952 0 644801 0 644989 0 0 645039 0 0 645058 0 0 645057 0 0 0 0 645122 644918 644894 645011 645114 645078 0 0 0 645038 0 0 645056 0 644929 0 0 645012 644178 0 0 644867 0 0 0 0 0 644818 644851 643929 643917 644444 644462 644639 0 0 0 644955 0 0 0 644824 0 644663 0 0 0 644823 0 0 644820 643985 0 0 644787 0 0 0 0 644789 644417 0 0 644513 644651 0 0 644721 0 0 0 0 0 644714 0 0 0 643763 644630 644664 0 0 0 0 0 0 0 
0 0 0 0 644458 0 0 0 0 0 0 0 0 0 0 0 0 0 0 0 0 0 0 0 0 0 0 0 0 0 0 0 0 0 0 0 0 0 0 0 0 0 645133 0 0 0 0 0 0 0 0 0 0 0 0 0 0 0 0 644089 0 0 0 0 0 0 0 0 0 0 643840 643828 0 0 644876 0 0 0 0 0 0 0 0 0 0 0 0 0 0 0 0 0 644008 0 0 0 0 0 0 0 0 644654 0 0 0 0 0 0 644596 0 0 0 0 0 0 0 0 0 644000 0 0 0 0 0 0 0 0 0 
0 0 644761 644794 644581 644566 644548 644857 644776 644701 0 644953 0 0 644902 0 644962 0 0 0 0 0 0 644924 0 645089 0 645047 0 0 644837 0 0 644990 0 0 644819 0 0 0 0 644816 645080 645104 645039 644936 644966 0 0 0 645012 0 0 644750 0 644621 0 0 644958 644212 0 0 644987 0 0 0 0 0 644510 644543 643963 643951 644752 644770 644919 0 0 0 644921 0 0 0 644516 0 644831 0 0 0 644789 0 0 644696 644131 0 0 644753 0 0 0 0 644525 644705 0 0 644693 644699 0 0 644525 0 0 0 0 0 644684 0 0 0 644071 644648 644630 0 0 0 0 0 0 0 
0 0 644696 644729 644516 644501 644483 644792 644711 644636 0 644888 0 0 644837 0 644897 0 0 0 0 0 0 644921 0 644930 0 645002 0 0 644990 0 0 645071 0 0 644990 0 0 0 0 644995 645047 645023 645112 645115 645121 0 0 0 645097 0 0 644929 0 644800 0 0 645043 644147 0 0 644994 0 0 0 0 0 644689 644722 643898 643886 644573 644591 644768 0 0 0 644986 0 0 0 644695 0 644792 0 0 0 644854 0 0 644851 644066 0 0 644818 0 0 0 0 644704 644546 0 0 644642 644752 0 0 644704 0 0 0 0 0 644749 0 0 0 643892 644711 644695 0 0 0 0 0 0 0 
0 0 644245 644267 644077 644091 644079 644321 644231 644169 0 644397 0 0 644327 0 644415 0 0 0 0 0 0 644383 0 644460 0 644473 0 0 644441 0 0 644519 0 0 644453 0 0 0 0 644533 644538 644522 644600 644615 644626 0 0 0 644618 0 0 644489 0 644379 0 0 644612 643675 0 0 644504 0 0 0 0 0 644305 644315 643536 643524 644222 644234 644352 0 0 0 644574 0 0 0 644321 0 644368 0 0 0 644486 0 0 644460 643704 0 0 644462 0 0 0 0 644351 644204 0 0 644268 644360 0 0 644351 0 0 0 0 0 644414 0 0 0 643585 644346 644380 0 0 0 0 0 0 0 
0 0 644568 644601 644388 644373 644355 644664 644583 644508 0 644760 0 0 644709 0 644769 0 0 0 0 0 0 644793 0 644848 0 644874 0 0 644880 0 0 644943 0 0 644898 0 0 0 0 645031 644965 644941 645058 645069 645109 0 0 0 645085 0 0 645011 0 644882 0 0 645125 644019 0 0 644914 0 0 0 0 0 644771 644804 643770 643758 644491 644509 644686 0 0 0 645048 0 0 0 644777 0 644710 0 0 0 644948 0 0 644955 643938 0 0 644946 0 0 0 0 644786 644464 0 0 644560 644698 0 0 644786 0 0 0 0 0 644785 0 0 0 643810 644677 644761 0 0 0 0 0 0 0 
644831 644806 644849 644871 644743 644733 644721 644889 644873 644823 644811 644925 644981 644962 644956 644905 644883 644987 644981 644990 645007 645013 645019 645012 644879 644873 644941 645001 645058 645081 645070 644917 645035 645047 645085 645091 645082 644929 644935 645091 645119 645131 644951 644935 645013 645083 645063 645109 645073 644923 645031 645117 645111 645097 645067 645048 644865 644957 645055 644497 644907 644891 644917 645065 645065 645019 645013 645025 644974 644997 644331 644323 644635 644647 644765 644925 644919 644931 645005 645021 645027 645015 644965 644787 644781 644843 644983 644611 644935 644937 644977 644937 644329 644767 644909 644915 644931 644925 644937 644925 644919 644617 644669 644687 644681 644773 644893 644877 644871 644693 644699 644801 644785 644779 644831 644867 644887 644879 644181 644759 644814 644839 644821 644841 644835 644829 644823 644759 
644759 644744 644777 644799 644692 644682 644670 644817 644822 644772 644760 644841 644909 644900 644894 644821 644799 644915 644909 644928 644935 644941 644947 644950 644795 644789 644857 644917 644996 645009 645008 644833 644951 644963 645013 645019 645020 644845 644851 645019 645047 645071 644867 644851 644929 644999 644979 645091 645099 644839 644947 645069 645072 645097 645099 645098 644781 644873 644983 644446 644823 644807 644833 645059 645083 645067 645061 645073 645032 645066 644280 644272 644551 644563 644681 644841 644835 644847 644925 645057 645063 645051 645013 644703 644697 644759 645011 644527 644869 644973 645013 644973 644245 644683 644885 644882 644939 644939 644973 644961 644955 644533 644585 644603 644597 644689 644891 644913 644907 644609 644615 644717 644701 644695 644747 644891 644923 644915 644097 644675 644735 644776 644857 644877 644871 644865 644859 644675 
644793 644755 644811 644833 644691 644681 644669 644875 644821 644771 644759 644939 644943 644911 644905 644967 644945 644972 644967 644931 644958 644961 644964 644940 645037 645031 645003 645005 644906 644918 644894 645071 645008 644996 644938 644908 644882 645077 645080 644932 644904 644880 645092 645108 645030 644960 644980 644848 644788 645120 645012 644884 644878 644836 644782 644750 645116 645086 644976 644445 645074 645090 645112 644880 644832 644758 644752 644764 644676 644698 644279 644271 644923 644935 645041 645056 645062 645050 645034 644788 644794 644782 644680 645002 645008 645042 644894 644899 644980 644848 644792 644800 644391 644974 644950 644956 644972 644966 644896 644884 644686 644895 644926 644910 644916 644920 644934 644918 644686 644904 644898 644892 644908 644914 644910 644908 644928 644886 644435 644886 644874 644880 644862 644882 644876 644870 644864 644838 
0 0 644549 644582 644369 644354 644336 644645 644564 644489 0 644741 0 0 644690 0 644750 0 0 0 0 0 0 644774 0 644879 0 644855 0 0 644861 0 0 644924 0 0 644879 0 0 0 0 644972 645064 645040 645089 645050 645088 0 0 0 645116 0 0 644906 0 644777 0 0 645116 644000 0 0 645019 0 0 0 0 0 644666 644699 643751 643739 644596 644614 644791 0 0 0 645129 0 0 0 644672 0 644815 0 0 0 645001 0 0 644852 643919 0 0 644965 0 0 0 0 644681 644569 0 0 644665 644803 0 0 644681 0 0 0 0 0 644878 0 0 0 643915 644782 644840 0 0 0 0 0 0 0 
644793 644755 644811 644833 644691 644681 644669 644863 644821 644771 644759 644913 644943 644911 644905 644893 644871 644961 644955 644939 644969 644975 644981 644961 644867 644861 644929 644989 645007 645043 645019 644905 645023 645035 645059 645053 645031 644917 644923 645065 645093 645105 644939 644923 645001 645071 645051 645097 645057 644911 645019 645113 645110 645091 645051 645019 644853 644945 645043 644445 644895 644879 644905 645075 645075 645015 645009 645021 644945 644967 644279 644271 644623 644635 644753 644913 644907 644919 644990 645031 645037 645025 644949 644775 644769 644831 644993 644599 644926 644947 644987 644947 644317 644755 644913 644916 644941 644935 644947 644935 644929 644605 644657 644675 644669 644761 644903 644887 644881 644681 644687 644789 644773 644767 644817 644877 644897 644889 644169 644747 644799 644830 644831 644851 644845 644839 644833 644745 
644755 644717 644773 644795 644653 644643 644631 644837 644783 644733 644721 644901 644905 644873 644867 644911 644889 644935 644929 644901 644931 644937 644943 644923 644908 644902 644947 644977 644969 645005 644981 644946 645011 645023 645033 645015 644993 644958 644964 645039 645067 645086 644980 644964 645042 645089 645081 645084 645028 644952 645060 645114 645111 645076 645022 644990 644894 644986 645091 644407 644936 644920 644946 645102 645072 644998 644992 645004 644916 644938 644241 644233 644664 644676 644794 644954 644948 644960 645038 645028 645034 645022 644920 644816 644810 644872 645043 644640 644974 644997 645014 644986 644335 644796 644967 644970 644991 644985 644997 644985 644926 644646 644698 644716 644710 644802 644953 644937 644908 644722 644728 644830 644814 644808 644860 644927 644947 644939 644210 644788 644847 644880 644881 644901 644895 644889 644883 644788 
0 0 644574 644607 644394 644379 644361 644666 644589 644514 0 644736 0 0 644715 0 644679 0 0 0 0 0 0 644799 0 644664 0 644850 0 0 644886 0 0 644919 0 0 644904 0 0 0 0 645047 644781 644757 644874 644979 644949 0 0 0 644901 0 0 645113 0 645066 0 0 644955 644025 0 0 644730 0 0 0 0 0 644955 644988 643776 643764 644307 644325 644502 0 0 0 644868 0 0 0 644961 0 644526 0 0 0 644784 0 0 644973 643848 0 0 644820 0 0 0 0 644940 644280 0 0 644376 644514 0 0 644874 0 0 0 0 0 644601 0 0 0 643626 644493 644583 0 0 0 0 0 0 0 
644743 644717 644761 644783 644665 644655 644643 644799 644795 644745 644733 644815 644893 644873 644867 644795 644773 644897 644891 644901 644919 644925 644931 644923 644769 644763 644831 644891 644969 644993 644981 644807 644925 644937 644995 645003 644993 644819 644825 645001 645029 645053 644841 644825 644903 644973 644953 645085 645121 644813 644921 645049 645055 645097 645124 645116 644755 644847 644957 644419 644797 644781 644807 645053 645097 645099 645093 645105 645055 645089 644253 644245 644525 644537 644655 644815 644809 644821 644899 645081 645087 645075 645047 644677 644671 644733 645030 644501 644843 644997 645037 644997 644219 644657 644873 644867 644947 644951 644997 644985 644979 644507 644559 644577 644571 644663 644889 644937 644931 644583 644589 644691 644675 644669 644721 644908 644947 644939 644071 644649 644709 644751 644881 644901 644895 644889 644883 644649 
0 0 644619 644652 644529 644514 644496 644643 644724 644649 0 644667 0 0 644828 0 644604 0 0 0 0 0 0 644912 0 644589 0 644781 0 0 644999 0 0 644850 0 0 645017 0 0 0 0 645024 644706 644682 644799 644904 644874 0 0 0 644826 0 0 645090 0 645119 0 0 644880 644160 0 0 644655 0 0 0 0 0 645008 645063 643911 643899 644232 644250 644427 0 0 0 644793 0 0 0 644946 0 644451 0 0 0 644709 0 0 644838 643773 0 0 644745 0 0 0 0 644811 644205 0 0 644301 644439 0 0 644739 0 0 0 0 0 644526 0 0 0 643551 644418 644508 0 0 0 0 0 0 0 
644771 644733 644789 644811 644669 644659 644647 644853 644799 644749 644737 644917 644912 644884 644881 644945 644923 644939 644936 644898 644925 644928 644929 644905 645015 645009 644978 644972 644873 644885 644861 645038 644975 644963 644905 644875 644849 645044 645047 644899 644871 644847 645059 645073 644997 644927 644947 644815 644755 645087 644979 644851 644845 644803 644749 644717 645104 645053 644943 644423 645062 645078 645088 644847 644799 644725 644719 644731 644643 644665 644257 644249 644934 644946 645041 645044 645050 645038 645001 644755 644761 644749 644647 645002 645008 645042 644861 644904 644980 644815 644759 644767 644369 644974 644950 644956 644948 644942 644863 644851 644653 644895 644924 644910 644916 644920 644934 644906 644653 644904 644898 644892 644908 644914 644910 644908 644904 644853 644413 644886 644874 644880 644862 644882 644876 644870 644864 644838 
644748 644710 644766 644788 644646 644636 644624 644830 644776 644726 644714 644894 644898 644866 644860 644922 644900 644928 644922 644894 644924 644930 644936 644916 644992 644986 644958 644970 644924 644942 644918 645030 644997 645003 644964 644936 644910 645042 645048 644960 644932 644908 645087 645079 645058 644988 645008 644876 644816 645096 645040 644912 644906 644864 644810 644778 645091 645085 645004 644400 645086 645094 645093 644908 644860 644786 644780 644792 644704 644726 644234 644226 644869 644881 644999 645073 645079 645067 645037 644816 644822 644810 644708 645004 645003 645048 644922 644845 644999 644876 644820 644828 644346 644978 644969 644975 644965 644959 644912 644900 644714 644851 644899 644908 644905 644939 644953 644935 644714 644907 644904 644911 644927 644933 644929 644927 644921 644889 644365 644905 644893 644899 644881 644901 644895 644889 644883 644857 
0 0 644479 644512 644299 644284 644266 644575 644494 644419 0 644671 0 0 644620 0 644680 0 0 0 0 0 0 644704 0 644809 0 644785 0 0 644791 0 0 644854 0 0 644809 0 0 0 0 644956 644974 644950 645019 644980 645022 0 0 0 645046 0 0 645002 0 644873 0 0 645100 643930 0 0 644923 0 0 0 0 0 644762 644795 643681 643669 644500 644518 644695 0 0 0 645061 0 0 0 644768 0 644719 0 0 0 644977 0 0 644948 643849 0 0 645013 0 0 0 0 644777 644473 0 0 644569 644707 0 0 644777 0 0 0 0 0 644794 0 0 0 643819 644686 644776 0 0 0 0 0 0 0 
0 0 0 0 640602 0 0 0 0 0 0 0 0 0 0 0 0 0 0 0 0 0 0 0 0 0 0 0 0 0 0 0 0 0 0 0 0 0 0 0 0 0 0 0 0 0 0 0 0 0 0 0 0 0 0 0 0 0 0 640651 0 0 0 0 0 0 0 0 0 0 640481 640416 0 0 0 0 0 0 0 0 0 0 0 0 0 0 0 0 0 0 0 0 640284 0 0 0 0 0 0 0 0 0 0 0 0 0 0 0 0 0 0 0 0 0 0 0 0 0 640210 0 0 0 0 0 0 0 0 0 
644742 644704 644760 644782 644640 644630 644618 644824 644770 644720 644708 644888 644892 644860 644854 644916 644894 644922 644916 644888 644918 644924 644930 644910 644986 644980 644952 644964 644930 644954 644930 645024 644998 645002 644978 644951 644926 645036 645042 644975 644957 644933 645098 645090 645072 645013 645033 644901 644841 645122 645063 644937 644931 644889 644835 644803 645103 645122 645029 644394 645109 645109 645132 644933 644885 644811 644805 644817 644729 644751 644228 644220 644873 644885 645003 645103 645106 645100 645087 644841 644847 644835 644733 645013 645013 645061 644947 644849 645034 644901 644845 644853 644340 644989 645004 645010 645025 645019 644949 644937 644739 644855 644907 644917 644917 644963 644988 644972 644739 644917 644917 644946 644957 644960 644964 644962 644981 644939 644384 644934 644928 644934 644916 644936 644930 644924 644918 644892 
644716 644678 644734 644756 644614 644604 644592 644798 644744 644694 644682 644862 644866 644834 644828 644890 644868 644896 644890 644862 644892 644898 644904 644884 644960 644954 644926 644938 644894 644912 644888 644998 644972 644974 644934 644907 644882 645010 645016 644931 644912 644888 645070 645064 645028 644968 644988 644856 644796 645094 645019 644892 644886 644844 644790 644758 645111 645080 644984 644368 645102 645110 645112 644888 644840 644766 644760 644772 644684 644706 644202 644194 644893 644905 645023 645093 645096 645090 645042 644796 644802 644790 644688 645030 645031 645074 644902 644869 645035 644856 644800 644808 644314 645004 645005 645011 644994 644988 644904 644892 644694 644875 644927 644935 644935 644965 644989 644961 644694 644933 644930 644947 644959 644962 644965 644963 644950 644894 644358 644936 644929 644935 644917 644937 644931 644925 644919 644893 
0 0 644650 644683 644470 644455 644437 644746 644665 644590 0 644842 0 0 644791 0 644851 0 0 0 0 0 0 644869 0 644980 0 644956 0 0 644816 0 0 644969 0 0 644798 0 0 0 0 644795 645113 645127 645020 644915 644945 0 0 0 644993 0 0 644729 0 644600 0 0 644939 644101 0 0 645098 0 0 0 0 0 644489 644522 643852 643840 644773 644791 644968 0 0 0 645026 0 0 0 644495 0 644942 0 0 0 644900 0 0 644675 644020 0 0 644864 0 0 0 0 644504 644746 0 0 644804 644810 0 0 644504 0 0 0 0 0 644795 0 0 0 644086 644759 644741 0 0 0 0 0 0 0 
644381 644362 644390 644401 644311 644325 644319 644422 644395 644363 644357 644454 644456 644440 644437 644458 644447 644471 644468 644454 644469 644472 644475 644465 644445 644442 644476 644492 644488 644506 644494 644464 644509 644515 644520 644511 644500 644470 644473 644523 644537 644549 644481 644473 644512 644547 644537 644565 644546 644467 644521 644571 644574 644571 644540 644520 644438 644484 644539 644032 644459 644451 644464 644583 644566 644504 644498 644510 644446 644480 644039 644031 644323 644329 644388 644468 644465 644471 644510 644522 644528 644516 644438 644399 644396 644427 644534 644311 644482 644488 644504 644476 644076 644389 644497 644494 644516 644512 644500 644488 644420 644314 644340 644349 644346 644392 644497 644476 644398 644352 644355 644406 644398 644395 644421 644478 644474 644454 643976 644385 644415 644436 644444 644452 644446 644440 644434 644385 
644762 644724 644780 644802 644660 644650 644638 644844 644790 644740 644728 644906 644912 644880 644874 644910 644888 644942 644936 644908 644938 644944 644950 644930 644897 644891 644946 644982 644976 645012 644988 644935 645016 645028 645040 645022 645000 644947 644953 645046 645074 645098 644969 644953 645031 645088 645081 645102 645053 644941 645049 645130 645127 645096 645047 645015 644883 644975 645085 644414 644925 644909 644935 645116 645095 645023 645017 645029 644941 644963 644248 644240 644653 644665 644783 644943 644937 644949 645027 645051 645057 645045 644945 644805 644799 644861 645050 644629 644971 645004 645031 645004 644334 644785 644967 644970 644998 644992 645004 644992 644949 644635 644687 644705 644699 644791 644959 644944 644925 644711 644717 644819 644803 644797 644849 644934 644954 644946 644199 644777 644837 644878 644888 644908 644902 644896 644890 644777 
644689 644651 644707 644729 644587 644577 644565 644767 644717 644667 644655 644795 644839 644807 644801 644786 644764 644865 644859 644835 644865 644871 644877 644857 644760 644754 644822 644871 644903 644939 644915 644798 644905 644917 644963 644949 644927 644810 644816 644969 644997 645021 644832 644816 644894 644964 644944 645053 645069 644804 644912 645029 645035 645065 645075 645059 644746 644838 644948 644341 644788 644772 644798 645044 645081 645105 645105 645105 645059 645037 644175 644167 644516 644528 644646 644806 644800 644812 644890 645093 645093 645093 645073 644668 644662 644724 645030 644492 644834 645032 645080 645056 644210 644648 644864 644858 644938 644944 645008 645008 645043 644498 644550 644568 644562 644654 644880 644936 645006 644574 644580 644682 644666 644660 644712 644906 644960 644984 644062 644640 644700 644742 644888 644912 644912 644912 644912 644640 
644707 644681 644725 644747 644618 644608 644596 644776 644748 644698 644686 644794 644857 644837 644831 644774 644752 644874 644868 644865 644883 644889 644895 644887 644748 644742 644810 644870 644933 644957 644945 644786 644904 644916 644972 644967 644957 644798 644804 644978 645006 645030 644820 644804 644882 644952 644932 645062 645087 644792 644900 645028 645034 645074 645093 645089 644734 644826 644936 644372 644776 644760 644786 645032 645080 645135 645132 645136 645088 645090 644206 644198 644504 644516 644634 644794 644788 644800 644878 645114 645114 645113 645080 644656 644650 644712 645018 644480 644822 645038 645082 645045 644198 644636 644852 644846 644926 644932 645016 645018 645027 644486 644538 644556 644550 644642 644868 644932 644979 644562 644568 644670 644654 644648 644700 644894 644970 644985 644050 644628 644688 644730 644892 644920 644922 644922 644921 644628 
644730 644705 644748 644770 644642 644632 644620 644788 644772 644722 644710 644806 644880 644861 644855 644786 644764 644886 644880 644889 644906 644912 644918 644911 644760 644754 644822 644882 644957 644980 644969 644798 644916 644928 644984 644990 644981 644810 644816 644990 645018 645042 644832 644816 644894 644964 644944 645074 645110 644804 644912 645040 645046 645086 645116 645113 644746 644838 644948 644396 644788 644772 644798 645044 645092 645132 645126 645136 645087 645105 644230 644222 644516 644528 644646 644806 644800 644812 644890 645114 645117 645110 645078 644668 644662 644724 645030 644492 644834 645032 645072 645032 644210 644648 644864 644858 644938 644944 645024 645018 645014 644498 644550 644568 644562 644654 644880 644944 644966 644574 644580 644682 644666 644660 644712 644906 644975 644974 644062 644640 644700 644742 644902 644928 644925 644922 644918 644640 
0 0 644495 644528 644363 644348 644330 644519 644558 644483 0 644543 0 0 644680 0 644480 0 0 0 0 0 0 644764 0 644465 0 644657 0 0 644851 0 0 644726 0 0 644869 0 0 0 0 644900 644582 644558 644675 644780 644750 0 0 0 644702 0 0 644966 0 645067 0 0 644756 643994 0 0 644531 0 0 0 0 0 645140 645077 643745 643733 644108 644126 644303 0 0 0 644669 0 0 0 645112 0 644327 0 0 0 644585 0 0 644990 643649 0 0 644621 0 0 0 0 644977 644081 0 0 644177 644315 0 0 644905 0 0 0 0 0 644402 0 0 0 643427 644294 644384 0 0 0 0 0 0 0 
0 0 644538 644571 644428 644413 644395 644562 644623 644548 0 644586 0 0 644729 0 644523 0 0 0 0 0 0 644813 0 644508 0 644700 0 0 644900 0 0 644769 0 0 644918 0 0 0 0 644943 644625 644601 644718 644823 644793 0 0 0 644745 0 0 645009 0 645116 0 0 644799 644059 0 0 644574 0 0 0 0 0 645091 645126 643810 643798 644151 644169 644346 0 0 0 644712 0 0 0 645047 0 644370 0 0 0 644628 0 0 644939 643692 0 0 644664 0 0 0 0 644912 644124 0 0 644220 644358 0 0 644840 0 0 0 0 0 644445 0 0 0 643470 644337 644427 0 0 0 0 0 0 0 
0 0 0 0 643204 0 0 0 0 0 0 0 0 0 0 0 0 0 0 0 0 0 0 0 0 0 0 0 0 0 0 0 0 0 0 0 0 0 0 0 0 0 0 0 0 0 0 0 0 0 0 0 0 0 0 0 0 0 0 643153 0 0 0 0 0 0 0 0 0 0 643392 643316 0 0 0 0 0 0 0 0 0 0 0 0 0 0 0 0 0 0 0 0 643148 0 0 0 0 0 0 0 0 0 0 0 0 0 0 0 642840 0 0 0 0 0 0 0 0 0 643048 0 0 0 0 0 0 0 0 0 
0 0 0 0 641261 0 0 0 0 0 0 0 0 0 0 0 0 0 0 0 0 0 0 0 0 0 0 0 0 0 0 0 0 0 0 0 0 0 0 0 0 0 0 0 0 0 0 0 0 0 0 0 0 0 0 0 0 0 0 641141 0 0 0 0 0 0 0 0 0 0 641249 641261 0 0 0 0 0 0 0 0 0 0 0 0 0 0 0 0 0 0 0 0 641240 0 0 0 0 0 0 0 0 0 0 0 0 0 0 0 641097 0 0 0 0 0 0 0 0 0 641214 0 0 0 0 0 0 0 0 0 
0 0 644512 644545 644332 644317 644299 644608 644527 644452 0 644686 0 0 644523 0 644713 0 0 0 0 0 0 644439 0 644766 0 644574 0 0 644352 0 0 644505 0 0 644334 0 0 0 0 644331 644649 644673 644556 644451 644481 0 0 0 644529 0 0 644265 0 644136 0 0 644475 643963 0 0 644700 0 0 0 0 0 644025 644058 643714 643702 645123 645105 644928 0 0 0 644562 0 0 0 644031 0 644904 0 0 0 644646 0 0 644211 643882 0 0 644610 0 0 0 0 644040 644966 0 0 644942 644916 0 0 644040 0 0 0 0 0 644829 0 0 0 643948 644897 644847 0 0 0 0 0 0 0 
0 0 644418 644451 644238 644223 644205 644514 644433 644358 0 644610 0 0 644557 0 644619 0 0 0 0 0 0 644515 0 644748 0 644650 0 0 644428 0 0 644581 0 0 644410 0 0 0 0 644407 644725 644749 644632 644527 644557 0 0 0 644605 0 0 644341 0 644212 0 0 644551 643869 0 0 644776 0 0 0 0 0 644101 644134 643620 643608 645091 645109 645004 0 0 0 644638 0 0 0 644107 0 644980 0 0 0 644722 0 0 644287 643788 0 0 644686 0 0 0 0 644116 645060 0 0 645034 644972 0 0 644116 0 0 0 0 0 644905 0 0 0 643854 644965 644903 0 0 0 0 0 0 0 
0 0 0 0 644464 0 0 0 0 0 0 0 0 0 0 0 0 0 0 0 0 0 0 0 0 0 0 0 0 0 0 0 0 0 0 0 0 0 0 0 0 0 0 0 0 0 0 0 0 0 0 0 0 0 0 0 0 0 0 644218 0 0 0 0 0 0 0 0 0 0 644052 644044 0 0 645014 0 0 0 0 0 0 0 0 0 0 0 0 0 0 0 0 0 644164 0 0 0 0 0 0 0 0 0 0 0 0 0 0 0 644458 0 0 0 0 0 0 0 0 0 644208 0 0 0 0 0 0 0 0 0 
644735 644697 644753 644775 644633 644623 644611 644817 644763 644713 644701 644881 644885 644853 644847 644909 644887 644915 644909 644881 644911 644917 644923 644903 644979 644973 644945 644957 644931 644950 644926 645017 644991 645003 644972 644945 644920 645029 645035 644969 644952 644928 645099 645083 645066 645007 645028 644896 644836 645107 645057 644932 644926 644884 644830 644798 645097 645106 645024 644387 645107 645111 645111 644928 644880 644806 644800 644812 644724 644746 644221 644213 644871 644883 645001 645098 645101 645095 645070 644836 644842 644830 644728 645019 645017 645067 644942 644847 645034 644896 644840 644848 644333 644995 645004 645010 644998 644992 644944 644932 644734 644853 644905 644923 644917 644962 644988 644968 644734 644923 644923 644946 644956 644959 644964 644962 644954 644922 644365 644933 644928 644934 644916 644936 644930 644924 644918 644892 
644674 644636 644692 644714 644572 644562 644550 644756 644702 644652 644640 644820 644824 644792 644786 644848 644826 644854 644848 644820 644850 644856 644862 644842 644918 644912 644884 644896 644860 644878 644854 644956 644927 644933 644900 644873 644848 644968 644974 644897 644878 644854 645029 645021 644994 644934 644954 644822 644762 645051 644985 644858 644852 644810 644756 644724 645094 645046 644950 644326 645095 645103 645078 644854 644806 644732 644726 644738 644650 644672 644160 644152 644916 644928 645046 645086 645089 645083 645008 644762 644768 644756 644654 645057 645054 645093 644868 644892 645042 644822 644766 644774 644272 645035 645012 645018 644960 644954 644870 644858 644660 644898 644950 644959 644956 644996 644996 644954 644660 644962 644961 644978 644990 644993 644996 644970 644916 644860 644316 644967 644960 644966 644936 644944 644938 644932 644926 644924 
644681 644643 644699 644721 644579 644569 644557 644763 644709 644659 644647 644827 644831 644799 644793 644855 644833 644861 644855 644827 644857 644863 644869 644849 644925 644919 644891 644903 644883 644907 644883 644963 644937 644949 644931 644907 644882 644975 644981 644931 644917 644900 645045 645029 645027 644969 644991 644868 644808 645065 645019 644904 644898 644856 644802 644770 645095 645075 644996 644333 645115 645115 645099 644900 644852 644778 644772 644784 644696 644718 644167 644159 644899 644911 645029 645112 645115 645109 645054 644808 644814 644802 644700 645051 645045 645101 644914 644875 645077 644868 644812 644820 644279 645029 645047 645053 645006 645000 644916 644904 644706 644881 644933 644951 644945 645005 645031 644992 644706 644957 644957 644992 645000 645003 645013 645005 644962 644906 644323 644977 644982 644988 644970 644979 644973 644967 644961 644941 
0 0 644485 644518 644305 644290 644272 644581 644500 644425 0 644677 0 0 644626 0 644686 0 0 0 0 0 0 644710 0 644815 0 644791 0 0 644797 0 0 644860 0 0 644815 0 0 0 0 644944 645004 644980 645025 644986 645028 0 0 0 645052 0 0 644900 0 644771 0 0 645088 643936 0 0 645025 0 0 0 0 0 644660 644693 643687 643675 644602 644620 644797 0 0 0 645149 0 0 0 644666 0 644821 0 0 0 645053 0 0 644846 643855 0 0 645029 0 0 0 0 644675 644575 0 0 644671 644809 0 0 644675 0 0 0 0 0 644896 0 0 0 643915 644788 644868 0 0 0 0 0 0 0 
644680 644642 644698 644720 644578 644568 644556 644760 644708 644658 644646 644800 644830 644798 644792 644804 644782 644858 644852 644826 644856 644862 644868 644848 644791 644785 644840 644876 644894 644930 644906 644829 644910 644922 644956 644940 644918 644841 644847 644962 644990 645002 644863 644847 644925 644982 644974 645018 645014 644835 644943 645012 645015 645024 645017 644997 644777 644869 644967 644332 644819 644803 644829 645026 645038 645027 645024 645030 644964 644963 644166 644158 644547 644559 644677 644837 644831 644843 644914 645030 645033 645027 644975 644699 644693 644755 645008 644523 644850 644989 645020 645000 644228 644679 644865 644862 644926 644929 644977 644971 644955 644529 644581 644599 644593 644685 644873 644911 644931 644605 644611 644713 644697 644691 644741 644886 644928 644936 644093 644671 644723 644756 644859 644881 644878 644875 644872 644669 
644714 644676 644732 644754 644612 644602 644590 644796 644742 644692 644680 644828 644864 644832 644826 644820 644798 644894 644888 644860 644890 644896 644902 644882 644794 644788 644856 644904 644928 644964 644940 644832 644938 644950 644992 644974 644952 644844 644850 644998 645026 645050 644866 644850 644928 644998 644978 645081 645075 644838 644946 645062 645068 645087 645078 645058 644780 644872 644982 644366 644822 644806 644832 645069 645093 645103 645097 645109 645021 645041 644200 644192 644550 644562 644680 644840 644834 644846 644924 645101 645105 645095 645025 644702 644696 644758 645038 644526 644868 645029 645069 645029 644244 644682 644895 644892 644956 644959 645021 645017 644999 644532 644584 644602 644596 644688 644903 644947 644963 644608 644614 644716 644700 644694 644746 644916 644973 644971 644096 644674 644734 644776 644901 644925 644925 644921 644915 644674 
644691 644653 644709 644731 644589 644579 644567 644767 644719 644669 644657 644807 644841 644809 644803 644800 644778 644865 644859 644837 644867 644873 644879 644859 644787 644781 644836 644883 644905 644941 644917 644825 644917 644929 644963 644951 644929 644837 644843 644969 644997 645021 644859 644843 644921 644978 644970 645053 645071 644831 644939 645041 645047 645065 645077 645059 644773 644865 644975 644343 644815 644799 644825 645058 645093 645109 645106 645112 645036 645049 644177 644169 644543 644555 644673 644833 644827 644839 644917 645112 645115 645109 645040 644695 644689 644751 645055 644519 644861 645060 645087 645059 644224 644675 644891 644885 644965 644971 645042 645042 645016 644525 644577 644595 644589 644681 644907 644964 644981 644601 644607 644709 644693 644687 644739 644933 644995 645002 644089 644667 644727 644769 644920 644946 644949 644946 644943 644667 
0 0 644503 644536 644329 644314 644296 644527 644524 644449 0 644551 0 0 644650 0 644488 0 0 0 0 0 0 644734 0 644473 0 644665 0 0 644821 0 0 644734 0 0 644839 0 0 0 0 644908 644590 644566 644683 644788 644758 0 0 0 644710 0 0 644974 0 645037 0 0 644764 643960 0 0 644539 0 0 0 0 0 645132 645043 643711 643699 644116 644134 644311 0 0 0 644677 0 0 0 645146 0 644335 0 0 0 644593 0 0 645016 643657 0 0 644629 0 0 0 0 645011 644089 0 0 644185 644323 0 0 644939 0 0 0 0 0 644410 0 0 0 643435 644302 644392 0 0 0 0 0 0 0 
644684 644646 644702 644724 644582 644572 644560 644766 644712 644662 644650 644830 644834 644802 644796 644858 644836 644864 644858 644830 644860 644865 644868 644846 644928 644922 644894 644906 644815 644827 644803 644966 644910 644904 644847 644817 644791 644978 644984 644841 644813 644789 645000 645008 644939 644869 644889 644757 644697 645026 644921 644793 644787 644745 644691 644659 645079 644995 644885 644336 645045 645061 645035 644789 644741 644667 644661 644673 644585 644607 644170 644162 645009 645021 645137 645027 645033 645021 644943 644697 644703 644691 644589 645106 645110 645108 644803 644985 644999 644757 644701 644709 644282 645078 644969 644975 644895 644889 644805 644793 644595 644991 645022 645013 645016 645024 644953 644889 644595 645008 645002 644996 645012 645018 645014 644927 644851 644795 644326 644990 644978 644984 644928 644901 644895 644889 644883 644942 
644652 644614 644670 644692 644550 644540 644528 644734 644680 644630 644618 644798 644798 644770 644764 644826 644804 644825 644822 644784 644811 644814 644817 644795 644896 644890 644862 644858 644764 644776 644752 644924 644866 644854 644796 644766 644740 644930 644933 644790 644762 644738 644950 644965 644888 644818 644838 644706 644646 644978 644870 644742 644736 644694 644640 644608 645036 644944 644834 644304 644994 645010 644984 644738 644690 644616 644610 644622 644534 644556 644138 644130 645049 645061 645100 644976 644982 644970 644892 644646 644652 644640 644538 645092 645098 645058 644752 645024 644948 644706 644650 644658 644250 645087 644918 644924 644844 644838 644754 644742 644544 645015 645051 645035 645041 645045 644902 644838 644544 645029 645023 645017 645033 645039 645023 644876 644800 644744 644294 645011 644999 644993 644878 644850 644844 644838 644832 644963 
644688 644650 644706 644728 644586 644576 644564 644770 644716 644666 644654 644834 644838 644806 644800 644862 644840 644868 644862 644834 644864 644870 644876 644856 644932 644926 644898 644910 644838 644850 644826 644970 644925 644919 644870 644840 644814 644982 644988 644864 644836 644812 645015 645023 644962 644892 644912 644780 644720 645041 644944 644816 644810 644768 644714 644682 645093 645018 644908 644340 645067 645080 645056 644812 644764 644690 644684 644696 644608 644630 644174 644166 644976 644988 645104 645049 645055 645043 644966 644720 644726 644714 644612 645085 645088 645103 644826 644952 645009 644780 644724 644732 644286 645059 644979 644985 644918 644912 644828 644816 644618 644958 645000 644991 644994 645010 644963 644911 644618 644988 644985 644982 644998 645004 645000 644937 644874 644818 644330 644976 644964 644970 644926 644911 644905 644899 644893 644928 
644648 644610 644666 644688 644546 644536 644524 644730 644676 644626 644614 644794 644798 644766 644760 644822 644800 644828 644822 644794 644824 644830 644836 644816 644874 644868 644858 644870 644862 644898 644874 644912 644904 644916 644926 644908 644886 644924 644930 644932 644960 644984 644946 644930 645008 645000 645027 645016 645028 644918 645026 645028 645034 645028 645029 645001 644860 644952 645062 644300 644902 644886 644912 645080 645078 645029 645026 645032 644954 644963 644134 644126 644630 644642 644760 644920 644914 644926 645004 645056 645059 645053 644958 644782 644776 644838 645127 644606 644948 645104 645070 645077 644246 644762 644978 644972 645052 645058 645092 645086 644964 644612 644664 644682 644676 644768 644994 645026 644964 644688 644694 644796 644780 644774 644826 645009 645043 645050 644176 644754 644814 644856 644974 644996 644993 644990 644987 644754 
644585 644547 644603 644625 644483 644473 644461 644667 644613 644563 644551 644731 644731 644703 644697 644759 644737 644758 644755 644715 644739 644739 644739 644715 644817 644811 644795 644787 644671 644683 644659 644845 644773 644761 644703 644673 644647 644847 644847 644697 644669 644645 644833 644849 644783 644725 644745 644613 644553 644849 644765 644649 644643 644601 644547 644515 644883 644815 644729 644237 644841 644857 644843 644645 644597 644523 644517 644529 644441 644463 644071 644063 644933 644945 644931 644823 644829 644817 644763 644553 644559 644547 644445 644913 644919 644881 644647 644979 644783 644601 644557 644565 644183 644921 644753 644759 644703 644697 644637 644625 644451 644982 644982 644964 644970 644903 644737 644685 644451 644958 644952 644875 644891 644897 644857 644711 644659 644615 644191 644905 644857 644827 644701 644685 644679 644673 644667 644892 
0 0 644460 644493 644280 644265 644247 644556 644475 644400 0 644652 0 0 644601 0 644661 0 0 0 0 0 0 644685 0 644790 0 644766 0 0 644772 0 0 644835 0 0 644790 0 0 0 0 644865 644979 644955 645000 644957 644995 0 0 0 645027 0 0 644799 0 644670 0 0 645009 643911 0 0 645072 0 0 0 0 0 644559 644592 643662 643650 644703 644721 644898 0 0 0 645096 0 0 0 644565 0 644922 0 0 0 645090 0 0 644745 643830 0 0 645054 0 0 0 0 644574 644676 0 0 644772 644910 0 0 644574 0 0 0 0 0 644977 0 0 0 643896 644889 644931 0 0 0 0 0 0 0 
644636 644598 644654 644676 644534 644524 644512 644718 644664 644614 644602 644782 644786 644754 644748 644810 644788 644816 644810 644782 644812 644818 644824 644804 644862 644856 644846 644858 644850 644886 644862 644900 644892 644904 644914 644896 644874 644912 644918 644920 644948 644972 644934 644918 644996 644988 645015 645004 645016 644906 645014 645016 645022 645016 645020 644996 644848 644940 645050 644288 644890 644874 644900 645068 645068 645030 645027 645033 644965 644964 644122 644114 644618 644630 644748 644908 644902 644914 644992 645057 645060 645054 644970 644770 644764 644826 645122 644594 644936 645105 645071 645086 644234 644750 644966 644960 645040 645046 645093 645087 644976 644600 644652 644670 644664 644756 644982 645026 644976 644676 644682 644784 644768 644762 644814 645002 645044 645052 644164 644742 644802 644844 644975 644997 644994 644991 644988 644742 
644325 644287 644343 644365 644223 644213 644201 644406 644353 644303 644291 644458 644475 644443 644437 644462 644440 644504 644498 644471 644501 644507 644513 644493 644484 644478 644498 644534 644539 644575 644551 644522 644568 644580 644602 644585 644563 644534 644540 644608 644636 644660 644580 644564 644618 644640 644644 644692 644705 644576 644636 644692 644698 644704 644711 644695 644566 644610 644672 643977 644608 644592 644594 644720 644744 644760 644760 644760 644703 644689 643811 643803 644480 644492 644538 644626 644620 644632 644662 644772 644772 644772 644716 644584 644578 644592 644754 644504 644678 644772 644772 644764 643886 644588 644708 644702 644734 644740 644772 644772 644709 644534 644562 644580 644574 644618 644724 644764 644685 644586 644592 644646 644630 644624 644652 644750 644772 644771 643834 644628 644664 644682 644772 644772 644772 644772 644772 644652 
0 0 644343 644376 644163 644148 644130 644439 644358 644283 0 644535 0 0 644484 0 644544 0 0 0 0 0 0 644568 0 644669 0 644649 0 0 644655 0 0 644718 0 0 644673 0 0 0 0 644820 644800 644776 644879 644844 644886 0 0 0 644906 0 0 644886 0 644871 0 0 644960 643794 0 0 644749 0 0 0 0 0 644932 644877 643545 643533 644326 644344 644521 0 0 0 644887 0 0 0 644942 0 644545 0 0 0 644803 0 0 645114 643713 0 0 644839 0 0 0 0 644951 644299 0 0 644395 644533 0 0 644951 0 0 0 0 0 644620 0 0 0 643645 644512 644602 0 0 0 0 0 0 0 
0 0 0 0 643033 0 0 0 0 0 0 0 0 0 0 0 0 0 0 0 0 0 0 0 0 0 0 0 0 0 0 0 0 0 0 0 0 0 0 0 0 0 0 0 0 0 0 0 0 0 0 0 0 0 0 0 0 0 0 642877 0 0 0 0 0 0 0 0 0 0 642985 643021 0 0 0 0 0 0 0 0 0 0 0 0 0 0 0 0 0 0 0 0 643117 0 0 0 0 0 0 0 0 0 0 0 0 0 0 0 0 0 0 0 0 0 0 0 0 0 643123 0 0 0 0 0 0 0 0 0 
644575 644537 644593 644615 644473 644463 644451 644657 644603 644553 644541 644721 644725 644693 644687 644749 644727 644755 644749 644721 644751 644757 644763 644743 644819 644813 644785 644797 644749 644773 644749 644857 644821 644821 644797 644773 644749 644869 644875 644797 644777 644753 644917 644917 644893 644833 644853 644721 644661 644941 644885 644757 644751 644709 644655 644623 644989 644941 644849 644227 644989 644989 644965 644753 644705 644631 644625 644637 644549 644571 644061 644053 644977 644989 645035 644988 644989 644985 644907 644661 644667 644655 644553 645055 645055 645037 644767 644990 644963 644721 644665 644673 644173 645055 644933 644939 644859 644853 644769 644757 644559 645008 645044 645044 645044 645055 644917 644853 644559 645044 645044 645037 645052 645055 645031 644891 644815 644759 644217 645053 645019 645001 644893 644865 644859 644853 644847 645020 
644586 644548 644604 644626 644484 644474 644462 644668 644614 644564 644552 644732 644736 644704 644698 644760 644738 644766 644760 644732 644762 644768 644774 644754 644830 644824 644796 644808 644800 644836 644812 644868 644842 644854 644864 644846 644824 644880 644886 644870 644896 644908 644950 644934 644964 644938 644966 644905 644845 644970 644982 644939 644935 644893 644839 644807 645008 645004 645004 644238 645050 645034 645012 644937 644889 644815 644809 644821 644733 644755 644072 644064 644850 644862 644969 645068 645062 645074 645047 644845 644851 644839 644737 645002 644996 645035 644951 644826 645105 644905 644849 644857 644184 644982 645095 645101 645043 645037 644953 644941 644743 644832 644884 644902 644896 644988 645079 645037 644743 644908 644914 645015 645000 644994 645042 645053 644999 644943 644228 644974 645024 645057 645030 645027 645021 645015 645009 644970 
0 0 644413 644446 644233 644218 644200 644509 644428 644353 0 644605 0 0 644554 0 644614 0 0 0 0 0 0 644638 0 644743 0 644719 0 0 644725 0 0 644788 0 0 644743 0 0 0 0 644864 644932 644908 644953 644914 644956 0 0 0 644980 0 0 644798 0 644669 0 0 645008 643864 0 0 645025 0 0 0 0 0 644558 644591 643615 643603 644704 644722 644899 0 0 0 645089 0 0 0 644564 0 644923 0 0 0 645133 0 0 644744 643783 0 0 645097 0 0 0 0 644573 644677 0 0 644773 644911 0 0 644573 0 0 0 0 0 644998 0 0 0 643849 644890 644976 0 0 0 0 0 0 0 
644629 644591 644647 644669 644527 644517 644505 644711 644657 644607 644595 644775 644779 644747 644741 644803 644781 644809 644803 644775 644805 644811 644817 644797 644873 644867 644839 644851 644843 644879 644855 644911 644885 644897 644907 644889 644867 644923 644929 644913 644941 644959 644993 644977 645007 644981 645009 644971 644916 645012 645025 644993 644996 644964 644910 644878 645013 645046 645055 644281 645055 645039 645041 645008 644960 644886 644880 644892 644804 644826 644115 644107 644785 644797 644915 645073 645067 645079 645097 644916 644922 644910 644808 644937 644931 644993 645022 644761 645094 644976 644920 644928 644227 644917 645101 645104 645100 645094 645024 645012 644814 644767 644819 644837 644831 644923 645088 645070 644814 644843 644849 644951 644935 644929 644981 645062 645056 645013 644270 644909 644967 645000 645016 645036 645030 645024 645018 644909 
644634 644596 644652 644674 644532 644522 644510 644716 644662 644612 644600 644780 644784 644752 644746 644808 644786 644814 644808 644780 644810 644816 644822 644802 644878 644872 644844 644856 644848 644884 644860 644916 644890 644902 644912 644894 644872 644928 644934 644918 644946 644970 644997 644981 645012 644986 645014 644992 644949 645005 645030 645014 645019 644986 644943 644911 644987 645039 645066 644286 645029 645013 645023 645032 644993 644919 644913 644925 644837 644859 644120 644112 644757 644769 644887 645047 645041 645053 645091 644949 644955 644943 644841 644909 644903 644965 645055 644733 645075 645009 644953 644961 644232 644889 645089 645092 645108 645104 645056 645044 644847 644739 644791 644809 644803 644895 645081 645072 644847 644815 644821 644923 644907 644901 644953 645062 645066 645034 644263 644881 644941 644983 645016 645036 645030 645024 645018 644881 
644361 644323 644379 644401 644259 644249 644237 644443 644389 644339 644327 644507 644511 644479 644473 644535 644513 644541 644535 644507 644537 644543 644549 644529 644605 644599 644571 644583 644575 644611 644587 644643 644617 644629 644639 644621 644599 644655 644661 644645 644673 644697 644709 644693 644739 644713 644741 644729 644737 644705 644757 644741 644747 644741 644740 644714 644695 644739 644793 644013 644737 644721 644723 644793 644787 644737 644731 644743 644655 644676 643847 643839 644609 644621 644667 644755 644749 644761 644791 644767 644772 644761 644659 644713 644707 644721 644858 644633 644807 644827 644771 644779 643959 644717 644837 644831 644862 644865 644855 644847 644665 644663 644691 644709 644703 644747 644853 644861 644665 644715 644721 644775 644759 644753 644781 644868 644854 644825 643963 644757 644793 644811 644857 644855 644852 644847 644841 644781 
644348 644310 644366 644388 644246 644236 644224 644430 644376 644326 644314 644494 644498 644466 644460 644522 644500 644528 644522 644494 644524 644530 644536 644516 644588 644582 644558 644570 644562 644598 644574 644626 644604 644616 644626 644608 644586 644638 644644 644632 644660 644684 644684 644668 644722 644700 644728 644716 644728 644680 644740 644728 644734 644728 644734 644714 644670 644714 644776 644000 644712 644696 644698 644780 644780 644752 644749 644755 644685 644686 643834 643826 644584 644596 644642 644730 644724 644736 644766 644779 644782 644776 644689 644688 644682 644696 644854 644608 644782 644841 644793 644809 643946 644692 644812 644806 644838 644844 644853 644847 644695 644638 644666 644684 644678 644722 644828 644854 644695 644690 644696 644750 644734 644728 644756 644854 644852 644836 643938 644732 644768 644786 644854 644853 644850 644847 644844 644756 
0 0 644404 644437 644224 644209 644191 644496 644419 644344 0 644542 0 0 644545 0 644479 0 0 0 0 0 0 644629 0 644464 0 644656 0 0 644716 0 0 644725 0 0 644734 0 0 0 0 644877 644581 644557 644674 644779 644749 0 0 0 644701 0 0 644943 0 644932 0 0 644755 643855 0 0 644530 0 0 0 0 0 645043 644938 643606 643594 644107 644125 644302 0 0 0 644668 0 0 0 645109 0 644326 0 0 0 644584 0 0 645019 643648 0 0 644620 0 0 0 0 645116 644080 0 0 644176 644314 0 0 645044 0 0 0 0 0 644401 0 0 0 643426 644293 644383 0 0 0 0 0 0 0 
0 0 0 0 643208 0 0 0 0 0 0 0 0 0 0 0 0 0 0 0 0 0 0 0 0 0 0 0 0 0 0 0 0 0 0 0 0 0 0 0 0 0 0 0 0 0 0 0 0 0 0 0 0 0 0 0 0 0 0 642593 0 0 0 0 0 0 0 0 0 0 642178 642158 0 0 644526 0 0 0 0 0 0 0 0 0 0 0 0 0 0 0 0 0 642458 0 0 0 0 0 0 0 0 644692 0 0 0 0 0 0 643198 0 0 0 0 0 0 0 0 0 642568 0 0 0 0 0 0 0 0 0 
644560 644522 644578 644600 644458 644448 644436 644642 644588 644538 644526 644706 644706 644678 644672 644734 644712 644733 644730 644692 644719 644722 644725 644703 644804 644798 644770 644766 644670 644682 644658 644832 644772 644760 644702 644672 644646 644838 644841 644696 644668 644644 644856 644871 644794 644724 644744 644612 644552 644884 644776 644648 644642 644600 644546 644514 644942 644850 644740 644212 644900 644916 644890 644644 644596 644522 644516 644528 644440 644462 644046 644038 645040 645052 645008 644882 644888 644876 644798 644552 644558 644546 644444 645020 645026 644964 644658 645059 644854 644612 644556 644564 644158 645040 644824 644830 644750 644744 644660 644648 644450 645062 645084 645068 645074 645034 644808 644744 644450 645062 645056 645006 645022 645028 644976 644782 644706 644650 644202 645032 644988 644946 644784 644756 644750 644744 644738 644996 
644589 644551 644607 644629 644487 644477 644465 644671 644617 644567 644555 644735 644739 644707 644701 644763 644741 644769 644763 644735 644765 644771 644774 644752 644833 644827 644799 644811 644722 644734 644710 644871 644816 644810 644754 644724 644698 644883 644889 644748 644720 644696 644906 644914 644846 644776 644796 644664 644604 644932 644828 644700 644694 644652 644598 644566 644985 644902 644792 644241 644952 644968 644942 644696 644648 644574 644568 644580 644492 644514 644075 644067 645069 645081 645055 644934 644940 644928 644850 644604 644610 644598 644496 645072 645075 645016 644710 645079 644906 644664 644608 644616 644187 645092 644876 644882 644802 644796 644712 644700 644502 645085 645117 645108 645111 645086 644860 644796 644502 645104 645098 645058 645074 645080 645028 644834 644758 644702 644231 645086 645040 644998 644836 644808 644802 644796 644790 645038 
0 0 644352 644385 644172 644157 644139 644448 644367 644292 0 644544 0 0 644493 0 644553 0 0 0 0 0 0 644503 0 644682 0 644620 0 0 644424 0 0 644577 0 0 644406 0 0 0 0 644403 644721 644745 644628 644523 644553 0 0 0 644601 0 0 644337 0 644208 0 0 644547 643803 0 0 644772 0 0 0 0 0 644097 644130 643554 643542 645045 645063 644978 0 0 0 644634 0 0 0 644103 0 644976 0 0 0 644718 0 0 644283 643722 0 0 644682 0 0 0 0 644112 645100 0 0 645096 644988 0 0 644112 0 0 0 0 0 644901 0 0 0 643788 645007 644919 0 0 0 0 0 0 0 
0 0 644339 644372 644159 644144 644126 644435 644354 644279 0 644531 0 0 644480 0 644540 0 0 0 0 0 0 644564 0 644669 0 644645 0 0 644579 0 0 644712 0 0 644561 0 0 0 0 644558 644856 644834 644783 644678 644708 0 0 0 644756 0 0 644492 0 644363 0 0 644702 643790 0 0 644923 0 0 0 0 0 644252 644285 643541 643529 645006 645024 645011 0 0 0 644789 0 0 0 644258 0 645107 0 0 0 644873 0 0 644438 643709 0 0 644837 0 0 0 0 644267 644983 0 0 645079 645117 0 0 644267 0 0 0 0 0 645056 0 0 0 643775 645070 645048 0 0 0 0 0 0 0 
644584 644546 644602 644624 644482 644472 644460 644666 644612 644562 644550 644730 644734 644702 644696 644758 644736 644764 644758 644730 644760 644766 644772 644752 644828 644822 644794 644806 644798 644834 644810 644866 644840 644852 644862 644844 644822 644878 644884 644868 644896 644913 644948 644932 644962 644936 644964 644917 644862 644968 644980 644947 644944 644910 644856 644824 645006 645002 645009 644236 645048 645032 645010 644954 644906 644832 644826 644838 644750 644772 644070 644062 644826 644838 644956 645066 645060 645072 645052 644862 644868 644856 644754 644978 644972 645022 644968 644802 645110 644922 644866 644874 644182 644958 645109 645112 645060 645054 644970 644958 644760 644808 644860 644878 644872 644964 645096 645054 644760 644884 644890 644992 644976 644970 645022 645070 645016 644960 644226 644950 645007 645040 645036 645044 645038 645032 645026 644950 
644538 644500 644556 644578 644436 644426 644414 644620 644566 644516 644504 644684 644688 644656 644650 644712 644690 644718 644712 644684 644714 644720 644726 644706 644782 644776 644748 644760 644752 644788 644764 644820 644794 644806 644816 644798 644776 644832 644838 644822 644850 644874 644902 644886 644916 644890 644918 644906 644918 644910 644934 644918 644924 644918 644924 644908 644912 644944 644970 644190 644954 644938 644940 644970 644970 644961 644958 644962 644896 644890 644024 644016 644684 644696 644814 644972 644966 644978 644996 644986 644986 644985 644903 644836 644830 644892 645052 644660 645002 645054 645002 645018 644136 644816 645032 645026 645080 645086 645082 645082 644909 644666 644718 644736 644730 644822 645048 645106 644909 644742 644748 644850 644834 644828 644880 645074 645106 645085 644168 644808 644868 644910 645060 645084 645084 645084 645083 644808 
0 0 0 0 643062 0 0 0 0 0 0 0 0 0 0 0 0 0 0 0 0 0 0 0 0 0 0 0 0 0 0 0 0 0 0 0 0 0 0 0 0 0 0 0 0 0 0 0 0 0 0 0 0 0 0 0 0 0 0 642849 0 0 0 0 0 0 0 0 0 0 642856 642852 0 0 0 0 0 0 0 0 0 0 0 0 0 0 0 0 0 0 0 0 642912 0 0 0 0 0 0 0 0 0 0 0 0 0 0 0 643403 0 0 0 0 0 0 0 0 0 642855 0 0 0 0 0 0 0 0 0 
644559 644521 644577 644599 644457 644447 644435 644641 644587 644537 644525 644705 644709 644677 644671 644733 644711 644739 644733 644705 644735 644741 644747 644725 644803 644797 644769 644781 644706 644718 644694 644841 644793 644787 644738 644708 644682 644853 644859 644732 644704 644680 644883 644891 644830 644760 644780 644648 644588 644909 644812 644684 644678 644636 644582 644550 644962 644886 644776 644211 644936 644949 644924 644680 644632 644558 644552 644564 644476 644498 644045 644037 645039 645051 645025 644918 644924 644912 644834 644588 644594 644582 644480 645049 645052 644997 644694 645073 644890 644648 644592 644600 644157 645071 644860 644866 644786 644780 644696 644684 644486 645091 645118 645109 645112 645070 644844 644780 644486 645106 645103 645042 645058 645064 645012 644818 644742 644686 644201 645082 645024 644982 644820 644792 644786 644780 644774 645046 
644483 644445 644501 644523 644381 644371 644359 644565 644511 644461 644449 644629 644633 644601 644595 644657 644635 644663 644657 644629 644659 644663 644666 644644 644727 644721 644693 644705 644667 644695 644671 644765 644724 644730 644717 644688 644662 644777 644782 644712 644684 644660 644826 644818 644810 644740 644760 644628 644568 644848 644792 644664 644658 644616 644562 644530 644891 644863 644756 644135 644912 644904 644881 644660 644612 644538 644532 644544 644456 644478 643969 643961 644963 644975 644949 644898 644904 644892 644814 644568 644574 644562 644460 644996 644993 644952 644674 645034 644870 644628 644572 644580 644081 645022 644840 644846 644766 644760 644676 644664 644466 645076 645080 645089 645086 645050 644824 644760 644466 645092 645095 645022 645038 645044 644992 644798 644722 644666 644125 645064 645004 644962 644800 644772 644766 644760 644754 645063 
644566 644528 644584 644606 644464 644454 644442 644648 644594 644544 644532 644712 644716 644684 644678 644740 644718 644746 644740 644712 644742 644748 644754 644734 644810 644804 644776 644788 644780 644814 644790 644848 644822 644834 644840 644815 644790 644860 644866 644839 644816 644792 644930 644914 644936 644872 644892 644760 644700 644950 644924 644796 644790 644748 644694 644662 644988 644982 644888 644218 645029 645014 644992 644792 644744 644670 644664 644676 644588 644610 644052 644044 644973 644985 645019 645028 645031 645024 644946 644700 644706 644694 644592 645077 645071 645061 644806 644979 645002 644760 644704 644712 644164 645081 644972 644978 644898 644892 644808 644796 644598 644985 645037 645055 645049 645103 644956 644892 644598 645061 645067 645081 645097 645100 645075 644930 644854 644798 644208 645098 645063 645045 644931 644904 644898 644892 644886 645057 
644561 644523 644579 644601 644459 644449 644437 644643 644589 644539 644527 644707 644711 644679 644673 644735 644713 644741 644735 644707 644737 644743 644749 644729 644805 644799 644771 644783 644770 644800 644776 644843 644817 644829 644824 644797 644772 644855 644861 644821 644798 644774 644925 644909 644918 644854 644874 644742 644682 644945 644906 644778 644772 644730 644676 644644 644983 644968 644870 644213 645015 645007 644984 644774 644726 644652 644646 644658 644570 644592 644047 644039 645004 645016 645027 645010 645013 645006 644928 644682 644688 644676 644574 645096 645090 645055 644788 645000 644984 644742 644686 644694 644159 645112 644954 644960 644880 644874 644790 644778 644580 645006 645058 645076 645070 645121 644938 644874 644580 645082 645086 645099 645115 645118 645093 644912 644836 644780 644203 645112 645081 645063 644914 644886 644880 644874 644868 645065 
644528 644490 644546 644568 644426 644416 644404 644610 644556 644506 644494 644674 644678 644646 644640 644702 644680 644708 644702 644674 644704 644710 644716 644696 644772 644766 644738 644750 644739 644769 644745 644810 644784 644796 644791 644764 644739 644822 644828 644788 644774 644751 644892 644876 644885 644826 644848 644719 644659 644912 644876 644755 644749 644707 644653 644621 644950 644937 644847 644180 644984 644976 644953 644751 644703 644629 644623 644635 644547 644569 644014 644006 644996 645008 644994 644977 644980 644974 644905 644659 644665 644653 644551 645064 645058 645024 644765 645004 644961 644719 644663 644671 644126 645092 644931 644937 644857 644851 644767 644755 644557 645010 645062 645080 645074 645113 644915 644851 644557 645086 645092 645099 645107 645110 645083 644889 644813 644757 644170 645116 645083 645053 644891 644863 644857 644851 644845 645079 
0 0 644263 644296 644083 644068 644050 644359 644278 644203 0 644455 0 0 644404 0 644464 0 0 0 0 0 0 644488 0 644593 0 644569 0 0 644575 0 0 644638 0 0 644593 0 0 0 0 644684 644782 644758 644803 644752 644790 0 0 0 644822 0 0 644620 0 644491 0 0 644828 643714 0 0 644875 0 0 0 0 0 644380 644413 643465 643453 644882 644900 644935 0 0 0 644905 0 0 0 644386 0 645031 0 0 0 645001 0 0 644566 643633 0 0 644965 0 0 0 0 644395 644855 0 0 644951 645089 0 0 644395 0 0 0 0 0 645132 0 0 0 643699 645068 645118 0 0 0 0 0 0 0 
644573 644535 644591 644613 644471 644461 644449 644655 644601 644551 644539 644719 644723 644691 644685 644747 644725 644753 644747 644719 644749 644755 644761 644741 644817 644811 644783 644795 644787 644823 644799 644855 644829 644841 644851 644833 644811 644867 644873 644857 644885 644909 644937 644921 644951 644925 644953 644928 644922 644957 644969 644946 644949 644934 644925 644899 644983 644991 645005 644225 645025 645009 644999 644984 644972 644907 644901 644913 644825 644847 644059 644051 644757 644769 644887 645043 645037 645049 645043 644937 644943 644931 644829 644909 644903 644965 645043 644733 645075 644997 644941 644949 644171 644889 645090 645087 645111 645114 645045 645033 644835 644739 644791 644809 644803 644895 645098 645117 644835 644815 644821 644923 644907 644901 644953 645109 645091 645035 644215 644881 644941 644981 645065 645085 645079 645073 645067 644881 
644559 644521 644577 644599 644457 644447 644435 644641 644587 644537 644525 644705 644709 644677 644671 644733 644711 644739 644733 644705 644735 644741 644747 644727 644803 644797 644769 644781 644773 644809 644785 644841 644815 644827 644837 644819 644797 644853 644859 644843 644871 644895 644922 644906 644937 644911 644939 644927 644928 644930 644955 644939 644945 644939 644931 644911 644920 644964 644991 644211 644962 644946 644948 644990 644978 644947 644941 644953 644865 644885 644045 644037 644716 644728 644846 644980 644974 644986 645016 644977 644981 644971 644869 644868 644862 644924 645055 644692 645032 645037 644981 644989 644157 644848 645062 645056 645080 645083 645079 645072 644875 644698 644750 644768 644762 644854 645075 645095 644875 644774 644780 644882 644866 644860 644912 645088 645090 645062 644188 644840 644900 644942 645071 645091 645088 645084 645078 644840 
644545 644507 644563 644585 644443 644433 644421 644627 644573 644523 644511 644691 644695 644663 644657 644719 644697 644725 644719 644691 644721 644727 644733 644713 644789 644783 644755 644767 644759 644795 644771 644827 644801 644813 644823 644805 644783 644839 644845 644829 644857 644881 644897 644881 644923 644897 644925 644913 644925 644904 644941 644925 644931 644925 644931 644915 644894 644938 644977 644197 644936 644920 644922 644977 644977 644960 644957 644963 644890 644894 644031 644023 644690 644702 644820 644954 644948 644960 644990 644987 644990 644984 644894 644842 644836 644898 645059 644666 645006 645053 645001 645014 644143 644822 645036 645030 645062 645068 645077 645071 644900 644672 644724 644742 644736 644828 645052 645092 644900 644748 644754 644856 644840 644834 644886 645078 645087 645071 644162 644814 644874 644916 645068 645088 645085 645082 645079 644814 
0 0 641762 641740 641690 641796 641808 641746 641656 641658 0 641730 0 0 641620 641750 641772 0 0 0 0 0 0 641564 0 641782 0 641654 0 0 641506 0 641620 641608 0 641520 641494 0 0 0 641516 641492 641704 641720 641642 641572 641592 0 641400 0 641624 0 0 641448 0 641362 0 0 641588 641312 0 0 641704 0 0 0 0 0 641288 641310 641910 642062 641650 641638 641664 0 0 0 641636 0 0 0 641292 0 641600 0 0 0 641572 0 0 641412 642326 0 0 641548 0 0 0 0 641298 641524 0 0 641508 641512 0 0 641298 0 0 0 0 0 641502 0 0 0 642440 641478 641466 0 0 0 0 0 0 0 
0 0 644143 644176 643963 643948 643930 644239 644158 644083 0 644335 0 0 644284 0 644344 0 0 0 0 0 0 644368 0 644473 0 644449 0 0 644455 0 0 644518 0 0 644473 0 0 0 0 644588 644662 644638 644683 644644 644686 0 0 0 644710 0 0 644522 0 644393 0 0 644732 643594 0 0 644755 0 0 0 0 0 644282 644315 643345 643333 644836 644854 644815 0 0 0 644803 0 0 0 644288 0 644911 0 0 0 644903 0 0 644468 643513 0 0 644867 0 0 0 0 644297 644951 0 0 645019 645043 0 0 644297 0 0 0 0 0 645050 0 0 0 643579 645088 645092 0 0 0 0 0 0 0 
0 0 644251 644284 644071 644056 644038 644347 644266 644191 0 644443 0 0 644392 0 644452 0 0 0 0 0 0 644476 0 644581 0 644557 0 0 644563 0 0 644626 0 0 644581 0 0 0 0 644642 644770 644746 644791 644746 644784 0 0 0 644816 0 0 644576 0 644447 0 0 644786 643702 0 0 644863 0 0 0 0 0 644336 644369 643453 643441 644922 644940 644923 0 0 0 644873 0 0 0 644342 0 645019 0 0 0 644957 0 0 644522 643621 0 0 644921 0 0 0 0 644351 644899 0 0 644995 645129 0 0 644351 0 0 0 0 0 645140 0 0 0 643687 645112 645136 0 0 0 0 0 0 0 
644453 644415 644471 644493 644351 644341 644329 644535 644481 644431 644419 644599 644603 644571 644565 644627 644605 644633 644627 644599 644629 644635 644641 644621 644697 644691 644663 644675 644667 644703 644679 644735 644709 644721 644731 644713 644691 644747 644753 644737 644765 644789 644817 644801 644831 644805 644833 644812 644779 644837 644849 644830 644833 644816 644773 644741 644875 644871 644885 644105 644917 644901 644879 644862 644823 644749 644743 644755 644667 644689 643939 643931 644861 644873 644907 644935 644929 644941 644923 644779 644785 644773 644671 644965 644959 644949 644885 644885 645011 644839 644783 644791 644051 644969 645030 645027 644975 644971 644887 644875 644677 644893 644943 644961 644955 644999 645028 644971 644677 644967 644973 645027 645011 645005 645033 645009 644933 644877 644095 645009 645045 645063 645011 644983 644977 644971 644965 645033 
644460 644422 644478 644500 644358 644348 644336 644542 644488 644438 644426 644606 644610 644578 644572 644634 644612 644640 644634 644606 644636 644642 644648 644628 644704 644698 644670 644682 644674 644710 644686 644742 644716 644728 644738 644720 644698 644754 644760 644744 644772 644796 644824 644808 644838 644812 644840 644828 644840 644844 644856 644840 644846 644840 644846 644830 644882 644878 644892 644112 644924 644908 644886 644892 644892 644874 644871 644877 644795 644808 643946 643938 644785 644797 644870 644942 644936 644948 644930 644901 644904 644898 644799 644914 644908 644924 644974 644761 645010 644967 644911 644919 644058 644906 645040 645034 645026 645032 645003 644997 644805 644767 644819 644837 644831 644923 645056 645075 644805 644843 644849 644951 644935 644929 644970 645082 645050 645005 644102 644909 644969 645000 645093 645091 645088 645085 645082 644909 
644539 644501 644557 644579 644437 644427 644415 644621 644567 644517 644505 644685 644689 644657 644651 644713 644691 644719 644713 644685 644715 644721 644727 644707 644783 644777 644749 644761 644753 644789 644765 644821 644795 644807 644817 644799 644777 644833 644839 644823 644851 644875 644903 644887 644917 644891 644919 644907 644909 644923 644935 644919 644925 644919 644912 644892 644961 644957 644971 644191 645003 644987 644965 644971 644959 644904 644898 644910 644822 644844 644025 644017 644760 644772 644890 645021 645015 645027 645009 644934 644940 644928 644826 644912 644906 644967 645036 644736 645065 644994 644938 644946 644137 644892 645095 645089 645098 645101 645042 645030 644832 644742 644794 644812 644806 644898 645109 645126 644832 644818 644824 644926 644910 644904 644956 645122 645088 645032 644181 644884 644944 644986 645098 645106 645100 645094 645088 644884 
644537 644499 644555 644577 644435 644425 644413 644619 644565 644515 644503 644683 644687 644655 644649 644711 644689 644717 644711 644683 644713 644719 644725 644705 644781 644775 644747 644759 644751 644787 644763 644819 644793 644805 644815 644797 644775 644831 644837 644821 644849 644873 644901 644885 644915 644889 644917 644905 644917 644921 644933 644917 644923 644917 644923 644907 644939 644955 644969 644189 644981 644965 644963 644969 644969 644953 644950 644956 644886 644887 644023 644015 644709 644721 644839 644999 644993 645005 645007 644980 644983 644977 644890 644861 644855 644917 645051 644685 645027 645046 644994 645010 644135 644841 645057 645051 645103 645109 645079 645076 644896 644691 644743 644761 644755 644847 645073 645131 644896 644767 644773 644875 644859 644853 644905 645099 645127 645089 644179 644833 644893 644935 645083 645107 645107 645104 645101 644833 
644494 644456 644512 644534 644392 644382 644370 644576 644522 644472 644460 644640 644644 644612 644606 644668 644646 644674 644668 644640 644670 644676 644682 644662 644738 644732 644704 644716 644708 644744 644720 644776 644750 644762 644772 644754 644732 644788 644794 644778 644806 644830 644858 644842 644872 644846 644874 644862 644872 644878 644890 644874 644880 644874 644872 644848 644916 644912 644926 644146 644958 644942 644920 644926 644920 644883 644880 644886 644804 644817 643980 643972 644784 644796 644912 644976 644970 644982 644964 644910 644913 644907 644808 644936 644930 644966 644992 644760 645040 644976 644920 644928 644092 644916 645070 645064 645060 645064 645012 645006 644814 644766 644818 644836 644830 644922 645086 645088 644814 644842 644848 644950 644934 644928 644980 645100 645059 645014 644136 644908 644968 645010 645110 645096 645093 645090 645087 644908 
644467 644429 644485 644507 644365 644355 644343 644549 644495 644445 644433 644613 644617 644585 644579 644641 644619 644647 644641 644613 644643 644649 644655 644635 644711 644705 644677 644689 644681 644717 644693 644749 644723 644735 644745 644727 644705 644761 644767 644751 644779 644803 644831 644815 644845 644819 644847 644835 644847 644851 644863 644847 644853 644847 644853 644837 644889 644885 644899 644119 644931 644915 644893 644899 644899 644892 644889 644895 644821 644826 643953 643945 644773 644785 644889 644949 644943 644955 644937 644919 644922 644916 644825 644924 644918 644943 644981 644749 645025 644985 644933 644945 644065 644905 645055 645049 645033 645039 645021 645015 644831 644755 644807 644825 644819 644911 645071 645087 644831 644831 644837 644939 644923 644917 644969 645097 645068 645028 644109 644897 644957 644999 645123 645117 645114 645111 645108 644897 
644443 644405 644461 644483 644341 644331 644319 644525 644471 644421 644409 644589 644593 644561 644555 644617 644595 644623 644617 644589 644619 644625 644631 644611 644675 644669 644653 644665 644657 644693 644669 644713 644699 644711 644721 644703 644681 644725 644731 644727 644755 644771 644783 644767 644809 644795 644823 644772 644720 644791 644827 644796 644796 644768 644714 644682 644805 644825 644855 644095 644847 644831 644821 644812 644764 644690 644684 644696 644608 644630 643929 643921 644791 644803 644813 644865 644859 644871 644874 644720 644726 644714 644612 644871 644865 644855 644814 644831 644916 644768 644724 644732 644041 644887 644916 644916 644870 644864 644804 644792 644618 644837 644889 644907 644901 644929 644904 644852 644618 644913 644919 644957 644941 644935 644951 644878 644826 644782 644049 644951 644971 644964 644868 644852 644846 644840 644834 644979 
