635838 635698 635784 635834 635660 635838 635664 635646 635838 635802 635624 635616 635630 635740 635602 635590 635598 635702 635754 635552 635550 635576 635628 635742 635816 635618 635512 635504 635536 635532 635524 635560 635632 635658 635642 635686 635720 635682 635770 635728 635674 635626 635660 635816 635764 635470 635470 635478 635468 635496 635480 635516 635532 635552 635568 635646 635696 635654 635434 635434 635440 635422 635428 635464 635618 635724 635408 635428 635448 635414 635388 635416 635426 635504 635566 635612 635672 635790 635738 635376 635376 635394 635376 635400 635570 635668 635692 635740 635586 635326 635340 635368 635350 635366 635354 635340 635362 635344 635346 635404 635440 635486 635518 635548 635564 635624 635652 635672 635482 635316 635280 635308 635328 635316 635330 635506 635620 635658 635552 635282 635316 635286 635288 635294 635296 635304 635324 635360 
643641 643752 643661 643537 643762 643523 643759 643750 0 643493 643735 0 0 643659 0 0 0 643678 643445 643327 643700 0 0 0 643537 643369 643623 643651 0 0 0 0 0 0 0 0 0 643652 643584 643383 643377 0 643666 643525 643383 643296 643683 0 0 0 0 0 0 0 0 0 0 643321 643546 0 0 0 643750 0 0 643343 643659 0 0 0 0 0 0 0 0 0 0 643514 643333 0 0 0 0 0 0 0 643587 643539 643253 643176 643250 0 0 0 0 0 0 0 643685 0 0 0 0 0 0 0 0 643255 643161 643250 643567 0 0 0 0 0 0 643582 0 0 0 0 0 0 0 0 0 0 
642654 642608 642756 642684 0 642645 642572 642580 0 642648 642532 0 0 642732 0 0 0 0 642624 642497 642458 0 0 0 642586 642578 642420 0 0 0 0 0 0 0 0 0 0 642618 642653 642539 642604 0 642620 642562 0 642407 642378 0 0 0 0 0 0 0 0 0 0 642526 642338 0 0 0 642338 0 0 642465 642316 0 0 0 0 0 0 0 0 0 0 642527 642424 0 0 0 0 0 0 0 642508 642508 642492 642311 642258 0 0 0 0 0 0 0 0 0 0 0 0 0 0 0 0 642367 642464 642222 642188 0 0 0 0 0 0 642450 0 0 0 0 0 0 0 0 0 0 
642658 642498 642680 642781 0 642762 642462 642470 0 642753 642422 0 0 642681 0 0 0 0 642729 642523 642348 0 0 0 642633 642604 642310 0 0 0 0 0 0 0 0 0 0 642599 642643 642660 642701 0 642589 642609 0 642433 642268 0 0 0 0 0 0 0 0 0 0 642647 642232 0 0 0 642228 0 0 642586 642206 0 0 0 0 0 0 0 0 0 0 642543 642545 0 0 0 0 0 0 0 642493 642493 642613 642337 642284 0 0 0 0 0 0 0 0 0 0 0 0 0 0 0 0 642488 642581 642248 642078 0 0 0 0 0 0 642435 0 0 0 0 0 0 0 0 0 0 
643287 643457 643371 643255 643495 643265 643469 643505 0 643223 643439 0 0 643415 0 0 0 643453 643175 642973 643405 0 0 0 643309 643039 643299 643343 0 0 0 0 0 0 0 0 0 643473 643379 643143 643095 0 643495 643297 643143 642927 643413 0 0 0 0 0 0 0 0 0 0 643075 643211 0 0 0 643612 0 0 643103 643399 0 0 0 0 0 0 0 0 0 0 643299 643093 0 0 0 0 0 0 0 643421 643349 643007 642807 642881 0 0 0 0 0 0 0 643604 0 0 0 0 0 0 0 0 643015 642903 642881 643309 0 0 0 0 0 0 643443 0 0 0 0 0 0 0 0 0 0 
634814 634549 634822 0 0 635020 634495 634507 0 0 634435 0 0 0 0 0 0 0 0 634696 634324 0 0 0 634665 634801 634267 0 0 0 0 0 0 0 0 0 0 634752 634740 634831 0 0 634747 634593 0 634570 634204 0 0 0 0 0 0 0 0 0 0 634866 634150 0 0 0 0 0 0 634613 634111 0 0 0 0 0 0 0 0 0 0 634410 634476 0 0 0 0 0 0 0 634407 0 634832 634450 634337 0 0 0 0 0 0 0 0 0 0 0 0 0 0 0 0 634371 634852 634277 633919 0 0 0 0 0 0 634284 0 0 0 0 0 0 0 0 0 0 
643312 643490 643360 643208 643510 643194 643496 643509 0 643164 643468 0 0 643380 0 0 0 643418 643116 642998 643433 0 0 0 643220 643040 643329 643373 0 0 0 0 0 0 0 0 0 643395 643290 643054 643048 0 643418 643208 643054 642957 643425 0 0 0 0 0 0 0 0 0 0 642992 643258 0 0 0 643626 0 0 643014 643408 0 0 0 0 0 0 0 0 0 0 643210 643004 0 0 0 0 0 0 0 643330 643260 642924 642837 642911 0 0 0 0 0 0 0 643638 0 0 0 0 0 0 0 0 642926 642832 642911 643335 0 0 0 0 0 0 643335 0 0 0 0 0 0 0 0 0 0 
643156 643326 643240 643124 0 643134 643338 643378 0 643092 643311 0 0 643284 0 0 0 0 643044 642842 643277 0 0 0 643208 642908 643171 0 0 0 0 0 0 0 0 0 0 643342 643254 643018 642964 0 643364 643208 0 642799 643285 0 0 0 0 0 0 0 0 0 0 642944 643105 0 0 0 643407 0 0 643014 643275 0 0 0 0 0 0 0 0 0 0 643221 643015 0 0 0 0 0 0 0 643332 643271 642876 642679 642753 0 0 0 0 0 0 0 0 0 0 0 0 0 0 0 0 642937 642772 642753 643223 0 0 0 0 0 0 643365 0 0 0 0 0 0 0 0 0 0 
642255 642131 642309 642369 642093 642398 642095 642103 642417 642365 642055 642047 642087 642315 642033 642023 642055 642277 642341 642098 641981 642007 642133 642353 642326 642179 641943 641935 641967 641963 641957 642041 642161 642233 642217 642273 642319 642293 642348 642307 642289 642201 642259 642302 642253 642008 641901 641909 641899 641927 641911 642021 642037 642105 642121 642257 642298 642294 641865 641865 641871 641879 641861 641945 642217 642233 641839 641859 641879 641845 641819 641847 641857 642033 642153 642214 642226 642241 642192 641807 641807 641825 641807 641881 642169 642198 642198 642198 642260 641912 641859 641799 641781 641797 641785 641771 641793 641775 641827 641909 641969 642073 642129 642150 642166 642178 642158 642135 642217 641823 641711 641739 641759 641749 641811 642105 642126 642140 642195 641713 641747 641717 641719 641725 641727 641735 641829 641889 
642649 642488 642670 642796 0 642774 642452 642460 0 642804 642412 0 0 642673 0 0 0 0 642780 642546 642338 0 0 0 642641 642627 642300 0 0 0 0 0 0 0 0 0 0 642610 642650 642700 642738 0 642607 642617 0 642456 642258 0 0 0 0 0 0 0 0 0 0 642687 642222 0 0 0 642218 0 0 642626 642196 0 0 0 0 0 0 0 0 0 0 642550 642585 0 0 0 0 0 0 0 642500 642500 642653 642360 642307 0 0 0 0 0 0 0 0 0 0 0 0 0 0 0 0 642528 642625 642271 642068 0 0 0 0 0 0 642442 0 0 0 0 0 0 0 0 0 0 
643890 644057 643938 643786 644068 643772 644063 644062 0 643742 644059 0 0 643958 0 0 0 643989 643694 643576 644036 0 0 0 643798 643618 643894 643950 0 0 0 0 0 0 0 0 0 643963 643868 643632 643626 0 643978 643786 643632 643546 643996 0 0 0 0 0 0 0 0 0 0 643570 643780 0 0 0 644068 0 0 643592 643948 0 0 0 0 0 0 0 0 0 0 643788 643582 0 0 0 0 0 0 0 643898 643838 643502 643450 643488 0 0 0 0 0 0 0 644033 0 0 0 0 0 0 0 0 643504 643410 643464 643828 0 0 0 0 0 0 643894 0 0 0 0 0 0 0 0 0 0 
644569 644955 644593 644217 645027 644141 645001 644995 0 644105 644913 645071 645007 644585 645037 645029 644991 644661 644009 643941 644773 644991 644911 644437 644097 643977 644465 644577 644887 644955 644961 644905 644863 0 644759 0 0 644557 644285 643813 643897 644767 644645 644049 643741 643913 644737 644801 644903 644955 644939 644803 644829 644753 644769 644611 0 643713 644237 644821 644851 644711 644769 644747 644671 643661 644655 644763 0 644777 644779 644835 644855 644731 644671 644573 0 644005 643593 644667 644755 644791 644731 644619 644627 0 644297 644105 643577 643625 643653 644619 644665 644729 644711 644683 644727 644667 644511 644579 644603 644551 644519 644509 644525 644479 644365 643413 643417 643605 644423 0 644635 644545 644479 644543 644383 644311 643413 0 644559 644505 644555 644591 644595 644611 644419 644443 
644664 644968 644728 644352 645044 644276 644944 645104 0 644240 644832 645028 645114 644720 644970 645046 645090 644796 644144 644036 644692 644924 645058 644572 644232 644112 644384 644496 644816 644886 644920 645020 645010 0 644908 0 0 644692 644420 643948 644032 644914 644784 644184 643876 643832 644660 644734 644804 644860 644828 644884 644916 644860 644892 644760 0 643848 644156 644736 644748 644752 644728 644828 644814 643796 644588 644690 0 644696 644644 644700 644720 644812 644792 644712 0 644140 643728 644590 644620 644656 644620 644700 644752 0 644432 644240 643712 643544 643572 644550 644568 644600 644576 644548 644592 644556 644592 644660 644684 644632 644600 644612 644644 644626 644512 643548 643552 643524 644356 0 644524 644504 644560 644624 644528 644452 643548 0 644482 644428 644444 644456 644460 644476 644500 644524 
642594 642635 642708 642630 0 642591 642599 642607 0 642594 642559 0 0 642722 0 0 0 0 642570 642437 642485 0 0 0 642532 642518 642389 0 0 0 0 0 0 0 0 0 0 642651 642603 642485 642550 0 642653 642508 0 642347 642405 0 0 0 0 0 0 0 0 0 0 642472 642284 0 0 0 642365 0 0 642411 642343 0 0 0 0 0 0 0 0 0 0 642473 642370 0 0 0 0 0 0 0 642541 642498 642438 642251 642198 0 0 0 0 0 0 0 0 0 0 0 0 0 0 0 0 642313 642410 642162 642215 0 0 0 0 0 0 642483 0 0 0 0 0 0 0 0 0 0 
644496 644884 644520 644144 644946 644068 644956 644912 0 644032 644994 645010 644906 644512 645054 644914 644874 644588 643936 643868 644856 645062 644808 644364 644024 643904 644548 644660 644960 645006 644848 644788 644764 0 644676 0 0 644484 644212 643740 643824 644662 644562 643976 643668 643940 644810 644874 644942 644992 644976 644696 644712 644636 644652 644528 0 643640 644320 644860 644890 644628 644688 644664 644558 643588 644728 644806 0 644816 644852 644906 644872 644636 644554 644456 0 643932 643520 644706 644826 644808 644676 644536 644510 0 644224 644032 643504 643708 643736 644674 644704 644768 644780 644756 644744 644612 644428 644496 644520 644468 644410 644392 644408 644372 644282 643340 643344 643688 644490 0 644580 644464 644396 644446 644272 644228 643340 0 644598 644544 644594 644664 644668 644682 644336 644360 
644397 644785 644421 644045 644861 643969 644835 644841 0 643933 644791 644931 644873 644413 644929 644903 644863 644489 643837 643769 644651 644887 644779 644265 643925 643805 644343 644455 644775 644875 644837 644777 644725 0 644609 0 0 644385 644113 643641 643725 644637 644477 643877 643569 643789 644619 644699 644825 644877 644861 644685 644701 644625 644641 644457 0 643541 644115 644743 644773 644687 644741 644681 644541 643489 644551 644683 0 644699 644745 644797 644829 644625 644543 644445 0 643833 643421 644587 644709 644797 644737 644617 644499 0 644125 643933 643405 643503 643531 644535 644587 644651 644663 644697 644765 644705 644563 644573 644561 644463 644399 644381 644397 644349 644205 643241 643245 643483 644327 0 644689 644629 644547 644435 644253 644145 643241 0 644481 644427 644477 644555 644629 644685 644493 644481 
644560 644886 644640 644264 644962 644188 644862 645004 0 644152 644750 644958 645036 644632 644890 645090 645096 644708 644056 643932 644610 644846 645000 644484 644144 644024 644302 644414 644734 644838 645008 645086 644944 0 644828 0 0 644604 644332 643860 643944 644860 644696 644096 643788 643750 644578 644658 644882 644934 644916 644966 644998 644942 644958 644676 0 643760 644074 644800 644830 644818 644816 644902 644780 643708 644510 644662 0 644756 644732 644788 644808 644894 644860 644696 0 644052 643640 644574 644708 644744 644708 644774 644816 0 644344 644152 643624 643462 643490 644494 644644 644688 644664 644636 644680 644644 644666 644742 644766 644714 644682 644694 644714 644576 644424 643460 643464 643442 644286 0 644612 644592 644634 644706 644488 644364 643460 0 644502 644460 644532 644544 644548 644564 644582 644606 
644017 644078 644131 644119 644083 644105 644059 644107 0 644075 644008 0 0 644201 0 0 0 644220 644027 643706 643937 0 0 0 644054 643820 643812 643852 0 0 0 0 0 0 0 0 0 644214 644125 643941 643959 0 644226 644030 643905 643598 643891 0 0 0 0 0 0 0 0 0 0 643891 643707 0 0 0 644083 0 0 643865 643843 0 0 0 0 0 0 0 0 0 0 643995 643831 0 0 0 0 0 0 0 644092 644020 643823 643454 643468 0 0 0 0 0 0 0 644131 0 0 0 0 0 0 0 0 643741 643743 643444 643723 0 0 0 0 0 0 644070 0 0 0 0 0 0 0 0 0 0 
642574 642438 642604 642720 0 642721 642402 642410 0 642748 642362 0 0 642622 0 0 0 0 642772 642541 642288 0 0 0 642588 642622 642250 0 0 0 0 0 0 0 0 0 0 642582 642613 642717 642732 0 642566 642564 0 642451 642208 0 0 0 0 0 0 0 0 0 0 642704 642164 0 0 0 642168 0 0 642643 642146 0 0 0 0 0 0 0 0 0 0 642503 642602 0 0 0 0 0 0 0 642472 642472 642670 642355 642302 0 0 0 0 0 0 0 0 0 0 0 0 0 0 0 0 642545 642642 642266 642018 0 0 0 0 0 0 642414 0 0 0 0 0 0 0 0 0 0 
644836 644666 644702 0 0 644688 644642 644614 0 0 644602 0 0 0 0 0 0 0 0 645150 644528 0 0 0 644518 645058 644490 0 0 0 0 0 0 0 0 0 0 644480 644520 644756 0 0 644482 644494 0 645080 644448 0 0 0 0 0 0 0 0 0 0 644854 644412 0 0 0 0 0 0 644688 644386 0 0 0 0 0 0 0 0 0 0 644420 644626 0 0 0 0 0 0 0 644370 644370 644922 644936 644944 0 0 0 0 0 0 0 0 0 0 0 0 0 0 0 0 644668 644912 644872 644258 0 0 0 0 0 0 644312 0 0 0 0 0 0 0 0 0 0 
644843 645031 644855 644667 644999 644629 645049 644961 0 644611 645103 0 0 644851 0 0 0 644887 644563 644529 645137 0 0 0 644607 644547 645031 645087 0 0 0 0 0 0 0 0 0 644805 644701 644465 644507 0 644807 644583 644429 644565 645093 0 0 0 0 0 0 0 0 0 0 644415 644917 0 0 0 644767 0 0 644389 645031 0 0 0 0 0 0 0 0 0 0 644561 644355 0 0 0 0 0 0 0 644695 644611 644347 644517 644625 0 0 0 0 0 0 0 644637 0 0 0 0 0 0 0 0 644265 644267 644601 644903 0 0 0 0 0 0 644637 0 0 0 0 0 0 0 0 0 0 
644411 644799 644435 644059 644863 643983 644871 644829 0 643947 644951 644933 644845 644427 644971 644881 644841 644503 643851 643783 644837 645021 644751 644279 643939 643819 644529 644641 644943 645019 644815 644755 644699 0 644593 0 0 644399 644127 643655 643739 644609 644479 643891 643583 643855 644793 644857 644975 645001 644985 644663 644679 644603 644619 644445 0 643555 644301 644893 644923 644647 644707 644659 644517 643503 644711 644831 0 644849 644895 644921 644859 644603 644521 644421 0 643847 643435 644735 644859 644827 644695 644555 644477 0 644139 643947 643419 643689 643717 644679 644737 644801 644813 644841 644763 644631 644447 644515 644539 644441 644377 644359 644375 644323 644199 643255 643259 643669 644479 0 644599 644483 644415 644413 644229 644145 643255 0 644631 644577 644627 644705 644753 644743 644355 644379 
644351 644643 644585 644211 644719 644135 644619 644787 0 644099 644507 644699 644803 644579 644641 644743 644799 644655 644003 643723 644367 644595 644887 644431 644091 643937 644059 644171 644491 644567 644677 644809 644867 0 644763 0 0 644551 644279 643807 643891 644779 644643 644043 643735 643507 644335 644405 644523 644575 644559 644799 644815 644773 644789 644615 0 643707 643831 644441 644471 644623 644581 644713 644689 643655 644259 644381 0 644397 644443 644495 644529 644771 644691 644593 0 643999 643587 644285 644407 644497 644503 644649 644647 0 644291 644099 643571 643219 643247 644227 644285 644349 644361 644395 644465 644471 644595 644687 644707 644611 644547 644529 644545 644493 644369 643407 643411 643199 644027 0 644455 644469 644579 644583 644401 644311 643407 0 644179 644125 644175 644253 644327 644383 644607 644627 
644827 644849 644952 644938 644818 644972 644819 644828 0 644918 644775 0 0 645014 0 0 0 644995 644870 644513 644702 0 0 645062 644953 644627 644633 644643 0 0 0 0 0 0 0 0 0 645031 645024 644826 644778 0 644997 644929 644790 644405 644626 0 0 0 0 0 0 0 0 0 0 644776 644528 0 0 0 644586 0 0 644750 644564 0 0 0 0 0 0 0 0 0 0 644894 644716 0 0 0 0 0 0 0 644935 644911 644708 644261 644275 0 0 0 0 0 0 0 644552 0 0 0 0 0 0 0 0 644626 644610 644251 644436 0 0 0 0 0 0 644881 644626 0 0 0 0 0 0 0 0 0 
630134 630111 630154 630118 630092 630123 630105 630085 0 630102 630109 0 0 630132 0 0 0 630113 630078 629977 630108 0 0 0 630160 630010 630137 630121 0 0 0 0 0 0 0 0 0 630103 630147 630065 630038 0 630092 630148 630071 629959 630092 0 0 0 0 0 0 0 0 0 0 630028 630146 0 0 0 629976 0 0 630051 630085 0 0 0 0 0 0 0 0 0 0 630097 630010 0 0 0 0 0 0 0 630096 630072 629994 629911 629978 0 0 0 0 0 0 0 629935 0 0 0 0 0 0 0 0 629953 629942 629990 630081 0 0 0 0 0 0 630055 0 0 0 0 0 0 0 0 0 0 
644816 644622 644768 0 0 0 644586 644594 0 0 644546 0 0 0 0 0 0 0 0 645017 644472 0 0 0 644662 645100 644434 0 0 0 0 0 0 0 0 0 0 0 644664 644900 0 0 0 644638 0 644909 644392 0 0 0 0 0 0 0 0 0 0 0 644356 0 0 0 0 0 0 644832 644330 0 0 0 0 0 0 0 0 0 0 644564 644770 0 0 0 0 0 0 0 644514 0 645021 644765 644779 0 0 0 0 0 0 0 0 0 0 0 0 0 0 0 0 644812 644941 644755 644202 0 0 0 0 0 0 644456 0 0 0 0 0 0 0 0 0 0 
642613 642620 642628 0 0 0 642614 642594 0 0 642618 0 0 0 0 0 0 0 0 642456 642617 0 0 0 642628 642489 642628 0 0 0 0 0 0 0 0 0 0 0 642628 642544 0 0 0 642628 0 642438 642601 0 0 0 0 0 0 0 0 0 0 0 642623 0 0 0 0 0 0 642542 642594 0 0 0 0 0 0 0 0 0 0 642628 642549 0 0 0 0 0 0 0 642617 0 642473 642390 642457 0 0 0 0 0 0 0 0 0 0 0 0 0 0 0 0 642516 642421 642469 642573 0 0 0 0 0 0 642600 0 0 0 0 0 0 0 0 0 0 
644826 644954 644838 644650 644916 644612 644966 644878 0 644594 645022 0 0 644832 0 0 0 644814 644546 644512 645092 0 0 0 644590 644530 645114 645144 0 0 0 0 0 0 0 0 0 644722 644684 644448 644490 0 644724 644566 644412 644548 645096 0 0 0 0 0 0 0 0 0 0 644398 645000 0 0 0 644684 0 0 644372 645048 0 0 0 0 0 0 0 0 0 0 644544 644338 0 0 0 0 0 0 0 644612 644592 644330 644500 644708 0 0 0 0 0 0 0 644554 0 0 0 0 0 0 0 0 644248 644250 644684 644920 0 0 0 0 0 0 644554 0 0 0 0 0 0 0 0 0 0 
644268 644656 644292 643916 644712 643840 644728 644678 0 643804 644808 644774 644674 644284 644820 644682 644642 644360 643708 643640 644856 644870 644576 644136 643796 643676 644548 644660 644954 644910 644616 644556 644532 0 644438 0 0 644256 643984 643512 643596 644430 644328 643748 643440 643712 644804 644866 644846 644802 644786 644464 644480 644404 644420 644294 0 643412 644320 644856 644886 644466 644520 644460 644326 643360 644722 644802 0 644812 644766 644722 644660 644404 644322 644224 0 643704 643292 644702 644822 644628 644538 644396 644278 0 643996 643804 643276 643616 643736 644670 644700 644764 644776 644718 644596 644506 644342 644352 644340 644242 644178 644160 644176 644140 644048 643112 643116 643688 644482 0 644490 644408 644326 644214 644040 643994 643112 0 644594 644540 644590 644668 644742 644610 644272 644260 
644428 644816 644452 644076 644892 644000 644888 644866 0 643964 644968 644970 644882 644444 645008 644938 644890 644520 643868 643800 644908 645058 644788 644296 643956 643836 644600 644712 645032 645102 644828 644804 644736 0 644630 0 0 644416 644144 643672 643756 644646 644508 643908 643600 643872 644876 644948 645072 645056 645024 644668 644700 644644 644676 644482 0 643572 644372 645004 645024 644576 644636 644612 644554 643520 644802 644922 0 644960 644912 644896 644820 644596 644576 644458 0 643864 643452 644826 644896 644756 644624 644484 644534 0 644156 643964 643436 643752 643788 644770 644844 644876 644852 644816 644692 644560 644376 644444 644468 644416 644384 644396 644428 644360 644236 643272 643276 643740 644570 0 644528 644412 644344 644408 644266 644176 643272 0 644730 644682 644720 644732 644736 644672 644284 644308 
644385 644755 644409 644033 644831 643957 644781 644829 0 643921 644719 644877 644861 644401 644835 644971 644925 644477 643825 643757 644589 644815 644769 644253 643913 643793 644281 644393 644713 644817 645103 644953 644713 0 644597 0 0 644373 644101 643629 643713 644629 644465 643865 643557 643695 644557 644637 644945 644975 645007 644983 644961 644825 644793 644445 0 643529 644053 644821 644905 644895 644937 644931 644549 643477 644489 644641 0 644765 644963 645009 645005 644915 644701 644465 0 643821 643409 644553 644939 644941 644879 644803 644645 0 644113 643921 643393 643441 643469 644473 644701 644861 644895 644867 644877 644815 644695 644763 644787 644735 644695 644593 644561 644345 644193 643229 643233 643421 644265 0 644783 644713 644663 644727 644257 644133 643229 0 644481 644445 644633 644775 644779 644785 644603 644627 
644503 644797 644601 644225 644873 644149 644773 644947 0 644113 644661 644869 644979 644593 644801 645013 645043 644669 644017 643875 644521 644757 644961 644445 644105 643985 644213 644325 644645 644749 645017 645091 644905 0 644789 0 0 644565 644293 643821 643905 644821 644657 644057 643749 643661 644489 644569 644849 644893 644899 645033 645049 644973 644963 644637 0 643721 643985 644739 644805 644889 644855 644975 644741 643669 644421 644573 0 644687 644771 644827 644847 644973 644869 644657 0 644013 643601 644485 644747 644783 644747 644847 644817 0 644305 644113 643585 643373 643401 644405 644607 644689 644701 644675 644719 644683 644739 644831 644855 644803 644747 644729 644727 644537 644385 643421 643425 643353 644197 0 644651 644631 644707 644783 644449 644325 643421 0 644413 644377 644515 644583 644587 644603 644671 644695 
644406 644698 644684 644330 644774 644254 644674 644838 0 644218 644562 644750 644854 644698 644692 644778 644834 644774 644122 643778 644422 644646 644942 644550 644210 643996 644114 644226 644542 644618 644712 644844 644962 0 644878 0 0 644670 644398 643926 644010 644894 644762 644162 643854 643562 644390 644456 644558 644610 644594 644838 644854 644872 644888 644730 0 643826 643886 644476 644506 644658 644616 644748 644794 643774 644310 644422 0 644432 644478 644530 644564 644850 644790 644692 0 644118 643706 644322 644442 644532 644538 644684 644746 0 644410 644218 643690 643274 643302 644278 644320 644384 644396 644430 644500 644506 644630 644726 644786 644710 644646 644628 644644 644608 644484 643526 643530 643254 644078 0 644490 644504 644614 644682 644508 644430 643526 0 644214 644160 644210 644288 644362 644418 644646 644706 
643929 644075 644072 643968 644090 643954 644063 644107 643992 643924 644007 644055 644099 644140 644036 644055 644083 644178 643876 643615 643937 644011 644145 644102 643980 643728 643783 643839 643967 643977 644022 644088 644159 644196 644188 644182 644136 644162 644050 643814 643808 644180 644173 643968 643814 643507 643898 643914 643945 643971 643963 644089 644097 644131 644139 644154 644136 643752 643669 643904 643919 643995 643974 644040 644152 643774 643843 643877 643887 643882 643905 643931 643948 644095 644138 644125 644131 643970 643764 643827 643887 643932 643935 644008 644128 644117 644092 644020 643684 643363 643377 643811 643826 643858 643864 643881 643916 643919 643981 644033 644063 644098 644090 644093 644101 644107 644097 643686 643592 643353 643719 643757 643911 643918 643973 644096 644081 644088 643626 643732 643773 643746 643771 643810 643847 643875 643993 644023 
642135 642305 642219 642102 642329 642088 642316 642333 0 642058 642309 642333 642333 642263 642333 642333 642333 642301 642010 641821 642311 642333 642333 642236 642114 641887 642253 642285 642332 642333 642333 642333 642333 0 642333 0 0 642293 642184 641948 641942 642333 642316 642102 641948 641785 642329 642333 642333 642333 642333 642333 642333 642333 642333 642308 0 641886 642235 642333 642333 642333 642333 642333 642320 641908 642333 642333 0 642333 642333 642333 642333 642333 642332 642296 0 642104 641898 642333 642333 642333 642333 642333 642320 0 642226 642154 641818 641689 641823 642333 642333 642333 642333 642333 642333 642333 642333 642333 642333 642332 642308 642296 642296 642272 642248 641820 641726 641847 642333 0 642333 642333 642333 642320 642248 642233 641760 0 642333 642333 642333 642333 642333 642333 642333 642333 
644036 644136 644192 644148 644136 644178 644112 644160 0 644136 644064 644112 644160 644280 644088 644136 644160 644280 644088 643722 643992 644064 644208 644324 644170 643836 643890 643920 644016 644040 644136 644184 644232 0 644280 644304 0 644324 644264 644028 643988 644280 644324 644146 643992 643614 643944 643968 644040 644064 644064 644208 644208 644256 644256 644324 644314 643978 643776 643992 644016 644160 644136 644184 644324 643952 643896 643944 0 643968 644040 644064 644088 644232 644304 644314 0 644124 643918 643896 644016 644088 644112 644184 644324 644242 644218 644170 643910 643470 643484 643872 643920 643968 643992 644040 644088 644112 644184 644208 644232 644304 644324 644314 644314 644266 644218 643828 643816 643460 643776 0 644112 644136 644184 644324 644218 644194 643828 0 643848 643824 643872 643944 644016 644064 644208 644232 
644004 644035 644118 644110 644016 644120 644005 644033 644145 644090 643961 643981 644025 644188 643962 643981 644009 644181 644042 643695 643888 643937 644072 644200 644085 643809 643799 643829 643893 643903 643948 644014 644098 644159 644151 644186 644215 644184 644156 643974 643950 644143 644185 644061 643938 643587 643824 643840 643871 643897 643889 644016 644024 644082 644090 644166 644179 643918 643694 643830 643845 643921 643900 643966 644164 643898 643769 643803 643813 643808 643831 643857 643874 644034 644126 644137 644125 644026 643864 643753 643813 643858 643861 643934 644140 644099 644087 644051 643850 643443 643457 643737 643752 643784 643790 643807 643842 643845 643907 643960 644002 644086 644102 644105 644113 644101 644067 643774 643758 643433 643645 643683 643837 643844 643899 644108 644051 644046 643774 643658 643699 643672 643697 643736 643773 643801 643920 643962 
644299 644591 644611 0 0 0 644565 644693 0 0 644455 0 0 0 0 0 0 0 0 643671 644315 0 0 0 644639 643899 644007 0 0 0 0 0 0 0 0 0 0 645029 644827 644355 0 0 645023 644591 0 643455 644255 0 0 0 0 0 0 0 0 0 0 644251 643779 0 0 0 0 0 0 644203 644165 0 0 0 0 0 0 0 0 0 0 644547 644135 0 0 0 0 0 0 0 644839 0 644115 643167 643195 0 0 0 0 0 0 0 0 0 0 0 0 0 0 0 0 643955 643895 643147 643919 0 0 0 0 0 0 644829 0 0 0 0 0 0 0 0 0 0 
642550 642472 642622 642688 642434 642695 642436 642444 0 642695 642396 642388 642428 642658 642374 642364 642396 642620 642695 642524 642322 642348 642474 642685 642695 642598 642284 642276 642308 642304 642298 642382 642502 0 642560 642622 0 642625 642695 642695 642688 642544 642603 642695 642695 642434 642242 642250 642240 642268 642252 642362 642378 642446 642462 642589 642639 642695 642190 642206 642212 642220 642202 642286 642561 642695 642180 642200 0 642186 642160 642188 642198 642374 642502 642555 0 642695 642695 642148 642148 642166 642148 642222 642513 642611 642635 642683 642686 642338 642285 642140 642122 642138 642126 642112 642134 642116 642168 642250 642310 642422 642461 642491 642507 642567 642595 642695 642634 642249 642052 0 642100 642090 642152 642449 642563 642601 642669 0 642088 642058 642060 642066 642068 642076 642170 642230 
643891 643721 643807 643923 643683 643913 643709 643669 0 643955 643717 643661 643653 643763 643671 643613 643621 643725 644003 643849 643715 643669 643651 643765 643815 643915 643773 643741 643677 643649 643547 643583 643655 0 643665 643709 0 643705 643793 644003 643971 643649 643683 643791 643945 643813 643683 643667 643585 643589 643573 643539 643555 643575 643591 643669 643719 643951 643791 643599 643581 643445 643451 643487 643641 643955 643669 643641 0 643603 643505 643509 643495 643527 643589 643635 0 643717 643907 643637 643517 643463 643421 643423 643593 643667 643667 643667 643883 643717 643851 643653 643587 643555 643519 643457 643431 643389 643369 643427 643463 643509 643541 643571 643587 643647 643627 643849 643779 643875 643661 0 643373 643339 643353 643529 643595 643609 643849 0 643625 643619 643573 643507 643437 643397 643347 643383 
642551 642407 642581 642698 0 642679 642371 642379 0 642712 642331 0 0 642592 0 0 0 0 642736 642576 642257 0 0 0 642553 642657 642219 0 0 0 0 0 0 0 0 0 0 642532 642578 642696 642768 0 642522 642529 0 642486 642177 0 0 0 0 0 0 0 0 0 0 642727 642141 0 0 0 642137 0 0 642626 642115 0 0 0 0 0 0 0 0 0 0 642468 642571 0 0 0 0 0 0 0 642429 642429 642693 642390 642337 0 0 0 0 0 0 0 0 0 0 0 0 0 0 0 0 642568 642658 642301 641987 0 0 0 0 0 0 642371 0 0 0 0 0 0 0 0 0 0 
644462 644754 644762 644492 644830 644416 644730 644906 0 644380 644618 644826 644930 644858 644758 644876 644932 644934 644284 643834 644478 644714 645028 644712 644372 644062 644170 644282 644602 644694 644780 644942 645060 0 645054 0 0 644832 644560 644088 644172 645074 644924 644324 644016 643618 644446 644526 644656 644708 644688 644908 644940 645040 645058 644904 0 643988 643942 644574 644604 644624 644588 644756 644984 643936 644378 644506 0 644530 644504 644560 644580 644920 644994 644888 0 644280 643868 644410 644480 644516 644480 644628 644950 0 644572 644380 643852 643330 643358 644354 644418 644460 644436 644408 644452 644416 644520 644684 644792 644846 644814 644826 644848 644790 644652 643688 643692 643310 644154 0 644384 644364 644488 644838 644696 644592 643688 0 644312 644258 644304 644316 644320 644336 644524 644632 
644272 644564 644584 0 0 0 644540 644672 0 0 644428 0 0 0 0 0 0 0 0 643644 644288 0 0 0 644496 643872 643980 0 0 0 0 0 0 0 0 0 0 644954 644684 644212 0 0 644986 644448 0 643428 644240 0 0 0 0 0 0 0 0 0 0 644112 643752 0 0 0 0 0 0 644060 644144 0 0 0 0 0 0 0 0 0 0 644404 643992 0 0 0 0 0 0 0 644696 0 643976 643140 643168 0 0 0 0 0 0 0 0 0 0 0 0 0 0 0 0 643812 643814 643120 643898 0 0 0 0 0 0 644696 0 0 0 0 0 0 0 0 0 0 
644796 644746 644928 644908 644708 644966 644710 644718 0 644900 644670 644662 644702 644932 644648 644638 644670 644894 644852 644482 644596 644622 644748 645006 645136 644596 644558 644550 644582 644578 644572 644656 644776 0 644834 644902 0 644946 645082 644898 644748 644818 644900 645136 644982 644374 644516 644524 644514 644542 644526 644636 644652 644720 644736 644910 644984 644800 644480 644480 644486 644494 644476 644560 644858 644942 644454 644474 0 644460 644434 644462 644472 644648 644782 644900 0 645126 644932 644422 644422 644440 644422 644496 644810 645028 645052 645076 644732 644230 644244 644414 644396 644412 644400 644386 644408 644390 644442 644524 644584 644702 644782 644836 644852 644960 645012 644842 644604 644220 644326 0 644374 644364 644426 644746 644980 645018 644746 0 644362 644332 644334 644340 644342 644350 644444 644504 
623404 623234 623320 623436 623196 623426 623222 623182 0 623468 623230 0 0 623276 0 0 0 623238 623474 623474 623228 0 0 623278 623352 623474 623286 623254 0 0 0 0 0 0 0 0 0 623218 623306 623474 623474 0 623196 623352 623474 623474 623196 0 0 0 0 0 0 0 0 0 0 623474 623304 0 0 0 622964 0 0 623474 623182 0 0 0 0 0 0 0 0 0 0 623314 623462 0 0 0 0 0 0 0 623228 623264 623474 623474 623474 0 0 0 0 0 0 0 622882 0 0 0 0 0 0 0 0 623438 623474 623474 623174 0 0 0 0 0 0 623194 623474 0 0 0 0 0 0 0 0 0 
644760 644614 644604 644648 0 644590 644616 644538 0 644656 644624 0 0 644512 0 0 0 0 644704 645074 644564 0 0 0 644420 644960 644526 0 0 0 0 0 0 0 0 0 0 644382 644422 644658 644808 0 644384 644396 0 645140 644484 0 0 0 0 0 0 0 0 0 0 644756 644448 0 0 0 644344 0 0 644590 644422 0 0 0 0 0 0 0 0 0 0 644322 644528 0 0 0 0 0 0 0 644272 644272 644824 645034 644980 0 0 0 0 0 0 0 0 0 0 0 0 0 0 0 0 644570 644876 644908 644294 0 0 0 0 0 0 644214 0 0 0 0 0 0 0 0 0 0 
643435 643605 643519 643403 643631 643413 643617 643638 0 643371 643609 0 0 643563 0 0 0 643601 643323 643121 643611 0 0 0 643487 643187 643547 643585 0 0 0 0 0 0 0 0 0 643620 643533 643297 643243 0 643631 643487 643333 643085 643631 0 0 0 0 0 0 0 0 0 0 643223 643433 0 0 0 643639 0 0 643293 643632 0 0 0 0 0 0 0 0 0 0 643506 643300 0 0 0 0 0 0 0 643611 643556 643155 642989 643123 0 0 0 0 0 0 0 643639 0 0 0 0 0 0 0 0 643222 643051 643117 643513 0 0 0 0 0 0 643632 0 0 0 0 0 0 0 0 0 0 
644219 644607 644243 643867 644673 643791 644679 644639 0 643755 644759 644743 644649 644235 644781 644671 644631 644311 643659 643591 644905 644831 644553 644087 643747 643627 644657 644769 644919 644889 644605 644545 644505 0 644403 0 0 644207 643935 643463 643547 644409 644289 643699 643391 643663 644923 644975 644835 644791 644775 644453 644469 644393 644409 644255 0 643363 644429 644943 644879 644455 644509 644449 644313 643311 644841 644947 0 644947 644755 644711 644649 644393 644311 644213 0 643655 643243 644849 644815 644617 644527 644385 644267 0 643947 643755 643227 643567 643845 644803 644847 644899 644863 644707 644585 644495 644319 644341 644329 644231 644167 644149 644165 644121 644009 643063 643067 643797 644609 0 644471 644355 644287 644203 644025 643955 643063 0 644741 644687 644737 644815 644735 644599 644227 644249 
644368 644756 644392 644016 644832 643940 644804 644812 0 643904 644836 644900 644844 644384 644904 644966 644908 644460 643808 643740 644778 644932 644752 644236 643896 643776 644470 644582 644902 644994 644958 644900 644696 0 644580 0 0 644356 644084 643612 643696 644612 644448 643848 643540 643764 644746 644826 645088 645062 645070 644798 644830 644758 644748 644428 0 643512 644242 644990 645056 644706 644766 644742 644532 643460 644678 644830 0 644938 644968 644954 644902 644726 644654 644448 0 643804 643392 644742 644956 644838 644730 644614 644602 0 644096 643904 643376 643618 643658 644662 644858 644936 644912 644872 644774 644666 644506 644574 644598 644546 644514 644516 644512 644328 644176 643212 643216 643610 644454 0 644634 644542 644474 644538 644240 644116 643212 0 644670 644634 644768 644792 644796 644730 644414 644438 
644474 644862 644498 644122 644938 644046 644934 644918 0 644010 644846 645030 644950 644490 644986 645068 645012 644566 643914 643846 644706 644942 644858 644342 644002 643882 644398 644510 644830 644934 645030 644970 644802 0 644686 0 0 644462 644190 643718 643802 644718 644554 643954 643646 643846 644674 644754 644996 645048 645032 644870 644894 644818 644834 644534 0 643618 644170 644908 644944 644778 644838 644814 644638 643566 644606 644758 0 644860 644874 644930 644950 644798 644736 644554 0 643910 643498 644670 644850 644886 644826 644686 644692 0 644202 644010 643482 643558 643586 644590 644758 644822 644806 644778 644822 644762 644578 644646 644670 644618 644586 644574 644590 644434 644282 643318 643322 643538 644382 0 644730 644614 644546 644610 644346 644222 643318 0 644598 644558 644648 644686 644690 644706 644486 644510 
644387 644775 644411 644035 644851 643959 644847 644831 0 643923 644863 644943 644863 644403 644969 644991 644927 644479 643827 643759 644723 644959 644771 644255 643915 643795 644415 644527 644847 644951 645013 644937 644715 0 644599 0 0 644375 644103 643631 643715 644631 644467 643867 643559 643829 644691 644771 645063 645107 645119 644853 644885 644799 644785 644447 0 643531 644187 644953 645019 644761 644821 644797 644551 643479 644623 644775 0 644899 644961 645017 645003 644781 644691 644467 0 643823 643411 644687 644937 644939 644809 644669 644639 0 644115 643923 643395 643575 643603 644607 644821 644917 644893 644865 644875 644745 644561 644629 644653 644601 644569 644559 644549 644347 644195 643231 643235 643555 644399 0 644713 644597 644529 644593 644259 644135 643231 0 644615 644579 644735 644773 644777 644793 644469 644493 
644346 644638 644564 644236 644714 644160 644614 644790 0 644124 644502 644710 644822 644604 644642 644854 644886 644680 644028 643718 644362 644598 644874 644456 644116 643898 644054 644166 644486 644590 644954 644986 644868 0 644800 0 0 644576 644304 643832 643916 644832 644668 644068 643760 643502 644330 644410 644718 644758 644784 645058 645042 645024 644996 644648 0 643732 643826 644594 644678 644880 644844 644988 644752 643680 644262 644414 0 644538 644760 644812 644836 645060 644904 644668 0 644024 643612 644326 644722 644772 644736 644860 644848 0 644316 644124 643596 643214 643242 644246 644474 644610 644674 644664 644708 644672 644752 644892 644966 644958 644866 644788 644764 644548 644396 643432 643436 643194 644038 0 644640 644620 644720 644916 644460 644336 643432 0 644254 644218 644400 644570 644576 644592 644732 644806 
644467 644759 644585 644209 644835 644133 644735 644911 0 644097 644623 644831 644943 644577 644763 644975 645007 644653 644001 643839 644483 644719 644945 644429 644089 643969 644175 644287 644607 644711 645057 645111 644889 0 644773 0 0 644549 644277 643805 643889 644805 644641 644041 643733 643623 644451 644531 644839 644879 644903 645093 645103 644995 644969 644621 0 643705 643947 644715 644799 644907 644871 645019 644725 643653 644383 644535 0 644659 644787 644843 644863 645021 644877 644641 0 643997 643585 644447 644763 644799 644763 644891 644821 0 644289 644097 643569 643335 643363 644367 644595 644721 644719 644691 644735 644699 644783 644869 644893 644841 644809 644759 644737 644521 644369 643405 643409 643315 644159 0 644667 644647 644751 644833 644433 644309 643405 0 644375 644339 644519 644599 644603 644619 644709 644733 
644164 644456 644476 644282 644532 644254 644432 644608 0 644194 644320 644528 644640 644626 644460 644672 644704 644702 644098 643536 644180 644416 644740 644550 644306 643764 643872 643984 644304 644408 644726 644826 644780 0 644822 0 0 644670 644446 643974 643962 644854 644738 644282 643974 643320 644148 644228 644536 644576 644596 644854 644886 644976 644954 644742 0 643850 643644 644412 644492 644570 644534 644702 644822 643894 644080 644232 0 644356 644450 644506 644526 644878 644950 644786 0 644286 643874 644144 644426 644462 644426 644574 644918 0 644530 644386 643714 643032 643060 644064 644292 644406 644382 644354 644398 644362 644466 644630 644750 644880 644896 644900 644882 644714 644610 643718 643530 643012 643856 0 644330 644310 644434 644896 644674 644574 643598 0 644072 644036 644212 644262 644266 644282 644470 644590 
644380 644672 644684 644334 644748 644258 644648 644824 0 644222 644536 644744 644856 644702 644676 644888 644920 644778 644126 643752 644396 644632 644956 644554 644214 643980 644088 644200 644520 644624 644938 645026 644988 0 644898 0 0 644674 644402 643930 644014 644930 644766 644166 643858 643536 644364 644444 644736 644780 644796 645066 645086 645100 645084 644746 0 643830 643860 644626 644692 644782 644746 644914 644850 643778 644296 644448 0 644572 644662 644718 644738 645082 644990 644766 0 644122 643710 644360 644638 644674 644638 644786 644938 0 644414 644222 643694 643248 643276 644280 644494 644606 644594 644566 644610 644574 644678 644842 644954 644928 644896 644864 644848 644646 644494 643530 643534 643228 644072 0 644542 644522 644646 644920 644558 644434 643530 0 644288 644252 644412 644474 644478 644494 644682 644794 
640707 641056 640980 640771 641132 640842 641056 641177 0 640715 640992 641133 641181 641116 641104 641138 641166 641192 640595 639922 640924 641081 641229 641182 640974 640135 640627 640739 641024 641060 641105 641171 641253 0 641299 0 0 641302 641114 640540 640371 641300 641324 640950 640565 639760 640903 640973 641028 641054 641046 641173 641181 641239 641247 641367 0 640367 640399 640987 641002 641073 641055 641123 641344 640465 640828 640923 0 640952 640988 641014 641031 641191 641294 641363 0 640961 640452 640825 640970 641015 641001 641075 641320 0 641205 641061 640197 639472 639626 640784 640848 640928 640947 640964 640987 640969 641021 641103 641159 641254 641316 641331 641339 641340 641285 640251 639937 639590 640592 0 640953 640943 641005 641288 641290 641249 640083 0 640723 640672 640745 640856 640921 640929 641023 641083 
643897 643980 644053 644008 643961 644031 643950 643978 0 643988 643906 643926 643970 644143 643907 643926 643954 644126 643940 643583 643833 643882 644017 644179 644033 643697 643751 643774 643838 643848 643893 643959 644043 0 644096 644141 0 644152 644127 643891 643848 644088 644140 644009 643855 643475 643769 643785 643816 643842 643834 643961 643969 644027 644035 644134 644159 643841 643637 643775 643790 643866 643845 643911 644119 643815 643714 643748 0 643753 643776 643802 643819 643979 644081 644117 0 643987 643781 643698 643758 643803 643806 643879 644095 644073 644061 644035 643773 643331 643345 643682 643697 643729 643735 643752 643787 643790 643852 643905 643947 644041 644070 644085 644093 644075 644041 643691 643669 643321 643590 0 643782 643789 643844 644063 644025 644020 643691 0 643644 643617 643642 643681 643718 643746 643865 643907 
588067 587970 588061 0 0 588138 587952 587956 0 0 587932 0 0 0 0 0 0 0 0 588128 587895 0 0 0 588053 588185 587876 0 0 0 0 0 0 0 0 0 0 588034 588054 588172 0 0 588035 588041 0 588074 587855 0 0 0 0 0 0 0 0 0 0 588221 587837 0 0 0 0 0 0 588138 587824 0 0 0 0 0 0 0 0 0 0 588004 588107 0 0 0 0 0 0 0 587979 587979 588193 588002 588009 0 0 0 0 0 0 0 0 0 0 0 0 0 0 0 0 588128 588153 587997 587760 0 0 0 0 0 0 587950 0 0 0 0 0 0 0 0 0 0 
638447 638495 638459 638271 638457 638233 638507 638419 0 638215 638563 0 0 638393 0 0 0 638355 638167 638133 638633 0 0 0 638211 638151 638773 638731 0 0 0 0 0 0 0 0 0 638263 638303 638069 638111 0 638265 638187 638033 638169 638649 0 0 0 0 0 0 0 0 0 0 638019 638791 0 0 0 638225 0 0 637993 638669 0 0 0 0 0 0 0 0 0 0 638165 637959 0 0 0 0 0 0 0 638153 638153 637951 638121 638375 0 0 0 0 0 0 0 638095 0 0 0 0 0 0 0 0 637869 637871 638409 638661 0 0 0 0 0 0 638095 0 0 0 0 0 0 0 0 0 0 
644262 644650 644286 643910 644726 643834 644722 644706 0 643798 644802 644818 644738 644278 644846 644856 644800 644354 643702 643634 644898 644898 644646 644130 643790 643670 644590 644702 644976 644986 644816 644756 644590 0 644474 0 0 644250 643978 643506 643590 644506 644342 643742 643434 643706 644866 644946 645046 645002 644986 644664 644680 644604 644620 644322 0 643406 644362 645096 645088 644586 644646 644622 644426 643354 644798 644950 0 645048 644946 644906 644830 644604 644522 644342 0 643698 643286 644862 645016 644766 644634 644494 644476 0 643990 643798 643270 643610 643778 644782 644948 645012 645018 644850 644702 644570 644386 644454 644478 644426 644378 644360 644376 644222 644070 643106 643110 643730 644574 0 644538 644422 644354 644414 644134 644010 643106 0 644790 644750 644838 644898 644856 644682 644294 644318 
644261 644649 644285 643909 644725 643833 644721 644705 0 643797 644753 644817 644737 644277 644821 644865 644801 644353 643701 643633 644803 644849 644645 644129 643789 643669 644507 644619 644881 644913 644921 644829 644589 0 644473 0 0 644249 643977 643505 643589 644505 644341 643741 643433 643681 644783 644863 645041 645009 645035 644761 644791 644697 644669 644321 0 643405 644279 645035 645073 644669 644729 644705 644425 643353 644715 644867 0 644991 644957 644941 644889 644689 644577 644341 0 643697 643285 644779 645005 644825 644717 644577 644521 0 643989 643797 643269 643537 643695 644699 644927 645041 645007 644861 644761 644653 644469 644537 644561 644509 644477 644459 644437 644221 644069 643105 643109 643647 644491 0 644621 644505 644437 644501 644133 644009 643105 0 644707 644671 644853 644899 644845 644717 644377 644401 
644278 644572 644388 644012 644648 643936 644548 644722 0 643900 644436 644644 644754 644380 644576 644788 644818 644456 643804 643650 644296 644532 644748 644232 643892 643772 643988 644100 644420 644524 644920 644914 644692 0 644576 0 0 644352 644080 643608 643692 644608 644444 643844 643536 643436 644264 644344 644652 644692 644724 644972 644940 644804 644772 644424 0 643508 643760 644528 644612 645102 645066 645106 644528 643456 644196 644348 0 644472 644812 644852 644928 644948 644680 644444 0 643800 643388 644260 644740 644970 644960 645078 644624 0 644092 643900 643372 643148 643176 644180 644408 644568 644688 644874 644932 644896 644970 645056 645054 644840 644680 644572 644540 644324 644172 643208 643212 643128 643972 0 644864 644844 644938 644752 644236 644112 643208 0 644188 644152 644340 644616 644800 644816 644896 644920 
643106 643276 643190 643074 0 643084 643288 643328 0 643042 643263 0 0 643234 0 0 0 0 642994 642792 643229 0 0 0 643158 642858 643123 0 0 0 0 0 0 0 0 0 0 643292 643204 642968 642914 0 643314 643158 0 642751 643237 0 0 0 0 0 0 0 0 0 0 642894 643057 0 0 0 643497 0 0 642964 643227 0 0 0 0 0 0 0 0 0 0 643160 642954 0 0 0 0 0 0 0 643282 643210 642826 642631 642705 0 0 0 0 0 0 0 0 0 0 0 0 0 0 0 0 642876 642722 642705 643175 0 0 0 0 0 0 643304 0 0 0 0 0 0 0 0 0 0 
644353 644645 644443 644067 644721 643991 644621 644797 0 643955 644509 644717 644829 644435 644649 644861 644893 644511 643859 643725 644369 644605 644803 644287 643947 643827 644061 644173 644493 644597 644993 644979 644747 0 644631 0 0 644407 644135 643663 643747 644663 644499 643899 643591 643509 644337 644417 644725 644765 644797 645027 644995 644859 644827 644479 0 643563 643833 644601 644685 645049 645013 645131 644583 643511 644269 644421 0 644545 644877 644921 644977 645003 644735 644499 0 643855 643443 644333 644813 644941 644905 645015 644679 0 644147 643955 643427 643221 643249 644253 644481 644641 644761 644833 644877 644841 644907 644983 645007 644891 644735 644627 644595 644379 644227 643263 643267 643201 644045 0 644809 644789 644875 644807 644291 644167 643263 0 644261 644225 644413 644683 644745 644761 644823 644847 
644263 644555 644575 644487 644631 644589 644531 644707 0 644471 644419 644627 644739 644759 644559 644717 644765 644835 644375 643635 644279 644515 644839 644885 644545 643863 643971 644083 644403 644507 644607 644775 644879 0 644955 0 0 645005 644733 644261 644167 644987 645015 644497 644189 643419 644247 644327 644491 644547 644515 644735 644767 644903 644935 645077 0 644161 643743 644415 644435 644451 644415 644583 645093 644109 644179 644325 0 644371 644331 644387 644407 644759 645027 645085 0 644453 644041 644233 644307 644343 644307 644455 645081 0 644745 644553 644025 643131 643159 644163 644255 644287 644263 644235 644279 644243 644347 644511 644631 644867 645013 645025 645057 644977 644825 643861 643865 643111 643955 0 644211 644191 644315 644955 644885 644765 643861 0 644141 644093 644131 644143 644147 644163 644351 644471 
643106 643082 643178 643250 643082 643298 643058 643106 0 643274 643010 0 0 643226 0 0 0 643226 643274 643106 642938 0 0 0 643373 643154 642842 642866 0 0 0 0 0 0 0 0 0 643298 643346 643346 643250 0 643274 643373 643373 643034 642890 0 0 0 0 0 0 0 0 0 0 643322 642746 0 0 0 643082 0 0 643373 642842 0 0 0 0 0 0 0 0 0 0 643373 643373 0 0 0 0 0 0 0 643373 643373 643322 642986 642866 0 0 0 0 0 0 0 643110 0 0 0 0 0 0 0 0 643373 643298 642818 642722 0 0 0 0 0 0 643373 0 0 0 0 0 0 0 0 0 0 
643659 643841 643707 643555 643879 643541 643865 643881 0 643511 643881 0 0 643727 0 0 0 643765 643463 643345 643919 0 0 0 643567 643387 643892 643929 0 0 0 0 0 0 0 0 0 643749 643637 643401 643395 0 643783 643555 643401 643345 643975 0 0 0 0 0 0 0 0 0 0 643339 643778 0 0 0 643797 0 0 643361 643996 0 0 0 0 0 0 0 0 0 0 643557 643351 0 0 0 0 0 0 0 643679 643607 643271 643273 643467 0 0 0 0 0 0 0 643732 0 0 0 0 0 0 0 0 643273 643179 643462 643883 0 0 0 0 0 0 643701 0 0 0 0 0 0 0 0 0 0 
644050 644438 644074 643698 644514 643622 644510 644492 0 643586 644590 644594 644498 644066 644634 644534 644494 644142 643490 643422 644734 644684 644402 643918 643578 643458 644546 644634 644766 644738 644468 644408 644354 0 644256 0 0 644038 643766 643294 643378 644258 644130 643530 643222 643494 644774 644826 644698 644654 644638 644316 644332 644256 644272 644108 0 643194 644414 644804 644742 644318 644372 644312 644162 643142 644752 644806 0 644808 644618 644574 644512 644256 644174 644066 0 643486 643074 644758 644678 644480 644390 644248 644130 0 643778 643586 643058 643398 643710 644734 644744 644760 644724 644570 644448 644358 644194 644204 644192 644094 644030 644012 644028 643970 643858 642894 642898 643710 644638 0 644342 644260 644178 644066 643874 643798 642894 0 644710 644680 644682 644688 644598 644462 644124 644112 
643248 643427 643296 643144 643446 643130 643445 643441 643168 643100 643465 643465 643437 643316 643476 643429 643421 643353 643052 642934 643502 643489 643412 643278 643156 642976 643450 643494 643509 643495 643396 643390 643402 643375 643383 643349 643312 643327 643226 642990 642984 643375 643350 643144 642990 642934 643542 643538 643463 643453 643445 643356 643364 643350 643358 643345 643308 642928 643384 643494 643473 643333 643348 643342 643347 642950 643525 643539 643549 643508 643423 643413 643394 643338 643333 643320 643296 643146 642940 643513 643441 643378 643345 643310 643323 643286 643262 643196 642860 642862 643032 643509 643500 643484 643454 643399 643362 643329 643283 643300 643306 643293 643285 643288 643296 643302 643282 642862 642768 643032 643465 643479 643321 643292 643275 643291 643276 643267 642802 643466 643483 643468 643469 643472 643401 643357 643260 643266 
644094 644482 644118 643742 644558 643666 644554 644538 0 643630 644634 644650 644570 644110 644678 644682 644626 644186 643534 643466 644782 644730 644478 643962 643622 643502 644570 644682 644810 644818 644664 644604 644422 0 644306 0 0 644082 643810 643338 643422 644338 644174 643574 643266 643538 644846 644924 644892 644844 644834 644512 644528 644452 644460 644154 0 643238 644342 644984 644938 644514 644568 644508 644258 643186 644778 644930 0 645026 644814 644770 644708 644452 644364 644174 0 643530 643118 644842 644874 644676 644586 644444 644316 0 643822 643630 643102 643442 643758 644762 644940 645006 644924 644766 644644 644554 644390 644400 644388 644290 644226 644208 644220 644054 643902 642938 642942 643710 644554 0 644538 644442 644374 644262 643966 643842 642938 0 644766 644724 644834 644912 644794 644658 644314 644308 
644201 644589 644225 643849 644665 643773 644637 644645 0 643737 644669 644733 644677 644217 644737 644805 644741 644293 643641 643573 644605 644765 644585 644069 643729 643609 644307 644419 644705 644785 644937 644769 644529 0 644413 0 0 644189 643917 643445 643529 644445 644281 643681 643373 643597 644583 644663 644913 644925 644957 644809 644777 644641 644609 644261 0 643345 644079 644837 644897 644869 644929 644903 644365 643293 644515 644667 0 644791 645069 645085 645055 644785 644517 644281 0 643637 643225 644579 645025 645001 644893 644777 644461 0 643929 643737 643209 643409 643495 644499 644727 644887 644997 644993 644937 644829 644669 644737 644761 644677 644517 644409 644377 644161 644009 643045 643049 643447 644291 0 644797 644705 644637 644589 644073 643949 643045 0 644507 644471 644659 644933 644929 644893 644577 644601 
644265 644653 644289 643913 644729 643837 644725 644709 0 643801 644741 644821 644741 644281 644827 644869 644805 644357 643705 643637 644623 644837 644649 644133 643793 643673 644315 644427 644747 644851 644959 644827 644593 0 644477 0 0 644253 643981 643509 643593 644509 644345 643745 643437 643687 644591 644671 644975 644997 645013 644823 644807 644691 644673 644325 0 643409 644087 644855 644931 644861 644921 644883 644429 643357 644523 644675 0 644799 645039 645065 645059 644787 644581 644345 0 643701 643289 644587 644991 645019 644909 644769 644525 0 643993 643801 643273 643475 643503 644507 644733 644861 644943 644987 644955 644845 644661 644729 644753 644649 644533 644455 644439 644225 644073 643109 643113 643455 644299 0 644813 644697 644629 644593 644137 644013 643109 0 644515 644479 644651 644847 644899 644893 644569 644593 
644265 644653 644289 643913 644729 643837 644723 644709 0 643801 644679 644819 644741 644281 644797 644869 644805 644357 643705 643637 644539 644775 644649 644133 643793 643673 644231 644343 644663 644767 645001 644833 644593 0 644477 0 0 644253 643981 643509 643593 644509 644345 643745 643437 643657 644507 644587 644895 644935 644967 644873 644841 644705 644673 644325 0 643409 644003 644771 644855 644945 645005 644975 644429 643357 644439 644591 0 644715 645041 645089 645115 644849 644581 644345 0 643701 643289 644503 644983 645073 644991 644853 644525 0 643993 643801 643273 643391 643419 644423 644651 644811 644931 644987 645009 644927 644745 644813 644837 644735 644581 644473 644441 644225 644073 643109 643113 643371 644215 0 644895 644781 644713 644653 644137 644013 643109 0 644431 644395 644583 644849 644899 644915 644653 644677 
644351 644643 644559 644183 644719 644107 644619 644795 0 644071 644507 644715 644827 644551 644647 644859 644891 644627 643975 643723 644367 644603 644879 644403 644063 643903 644059 644171 644491 644595 644991 644993 644863 0 644747 0 0 644523 644251 643779 643863 644779 644615 644015 643707 643507 644335 644415 644723 644763 644795 645095 645071 644975 644943 644595 0 643679 643831 644599 644683 644933 644897 645043 644699 643627 644267 644419 0 644543 644797 644849 644883 645095 644851 644615 0 643971 643559 644331 644761 644825 644789 644915 644795 0 644263 644071 643543 643219 643247 644251 644479 644639 644715 644717 644761 644725 644807 644945 645009 644937 644845 644743 644711 644495 644343 643379 643383 643199 644043 0 644693 644673 644775 644903 644407 644283 643379 0 644259 644223 644411 644607 644629 644645 644785 644849 
644243 644535 644555 644433 644611 644405 644511 644687 0 644345 644399 644607 644719 644737 644539 644749 644783 644813 644249 643615 644259 644495 644819 644701 644363 643843 643951 644063 644383 644487 644789 644875 644859 0 644933 0 0 644821 644551 644079 644113 644965 644889 644315 644007 643399 644227 644307 644585 644629 644645 644917 644943 645027 645011 644893 0 643979 643723 644475 644541 644633 644597 644765 644973 643927 644159 644311 0 644423 644513 644569 644589 644941 645075 644915 0 644271 643859 644223 644489 644525 644489 644637 645047 0 644563 644371 643843 643111 643139 644143 644343 644463 644445 644417 644461 644425 644529 644693 644813 645015 645031 644999 644983 644795 644643 643679 643681 643091 643935 0 644393 644373 644497 645031 644707 644583 643679 0 644151 644115 644261 644325 644329 644345 644533 644653 
644020 644312 644332 644244 644388 644360 644288 644454 0 644228 644176 644366 644470 644516 644308 644400 644456 644592 644132 643392 644036 644262 644568 644656 644530 643620 643728 643840 644158 644234 644334 644466 644612 0 644698 0 0 644776 644696 644224 643924 644714 644772 644482 644174 643176 644004 644072 644180 644232 644216 644470 644486 644602 644618 644838 0 644028 643500 644098 644128 644280 644238 644370 644810 644094 643926 644042 0 644054 644100 644152 644186 644506 644712 644902 0 644438 644026 643944 644064 644154 644160 644306 644764 0 644730 644538 643892 642888 642916 643894 643942 644006 644018 644052 644122 644128 644252 644358 644442 644632 644760 644838 644854 644928 644806 643846 643636 642868 643694 0 644112 644126 644236 644700 644832 644750 643846 0 643836 643782 643832 643910 643984 644040 644278 644362 
644504 644662 644624 644544 644671 644578 644662 644676 644616 644524 644630 644648 644666 644692 644641 644614 644634 644730 644476 644190 644596 644628 644688 644726 644674 644280 644490 644534 644608 644602 644548 644608 644704 644742 644734 644758 644736 644786 644722 644486 644384 644722 644767 644661 644507 644118 644575 644579 644538 644554 644538 644576 644592 644636 644652 644772 644784 644400 644424 644528 644522 644458 644452 644512 644738 644467 644544 644546 644564 644520 644458 644474 644472 644576 644674 644756 644819 644639 644433 644518 644458 644440 644410 644448 644690 644805 644785 644689 644332 643998 644072 644522 644480 644472 644448 644410 644408 644378 644394 644464 644512 644594 644650 644692 644708 644790 644784 644343 644216 644072 644468 644486 644362 644340 644378 644626 644761 644763 644320 644472 644482 644464 644442 644412 644378 644362 644384 644432 
631476 631451 631590 631604 631432 631657 631421 631449 0 631612 631377 631397 631441 631616 631378 631397 631425 631597 631569 631199 631304 631353 631488 631689 631790 631313 631237 631245 631309 631319 631364 631430 631514 0 631567 0 0 631659 631751 631615 631465 631559 631624 631814 631723 631091 631240 631256 631287 631313 631305 631432 631440 631498 631506 631641 0 631517 631150 631246 631261 631337 631316 631382 631603 631683 631185 631219 0 631224 631247 631273 631290 631450 631553 631648 0 631855 631725 631169 631229 631274 631277 631350 631579 0 631784 631836 631449 630947 630961 631153 631168 631200 631206 631223 631258 631261 631323 631376 631418 631513 631577 631616 631624 631702 631764 631659 631321 630937 631061 0 631253 631260 631315 631547 631748 631791 631463 0 631115 631088 631113 631152 631189 631217 631336 631378 
623395 623225 623311 623427 623187 623417 623213 623173 0 623459 623221 0 0 623267 0 0 0 623229 623491 623491 623219 0 0 623269 623343 623491 623277 623245 0 0 0 0 0 0 0 0 0 623209 623297 623491 623491 0 623187 623343 623491 623491 623187 0 0 0 0 0 0 0 0 0 0 623491 623295 0 0 0 622955 0 0 623491 623173 0 0 0 0 0 0 0 0 0 0 623317 623491 0 0 0 0 0 0 0 623219 623267 623491 623491 623491 0 0 0 0 0 0 0 622873 0 0 0 0 0 0 0 0 623479 623491 623491 623165 0 0 0 0 0 0 623185 623491 0 0 0 0 0 0 0 0 0 
644205 644593 644229 643853 644669 643777 644665 644641 0 643741 644745 644743 644647 644221 644783 644665 644625 644297 643645 643577 644893 644833 644551 644073 643733 643613 644875 644983 644921 644887 644553 644529 644503 0 644405 0 0 644193 643921 643449 643533 644407 644285 643685 643377 643649 645053 645027 644821 644781 644749 644393 644425 644369 644401 644257 0 643349 644647 644939 644861 644301 644361 644337 644309 643297 645075 645077 0 644991 644661 644621 644545 644321 644301 644207 0 643641 643229 645075 644733 644481 644349 644209 644261 0 643933 643741 643213 643553 644059 645033 645063 644905 644785 644565 644417 644285 644101 644169 644193 644141 644109 644121 644153 644119 644011 643049 643053 644015 644841 0 644253 644137 644069 644133 644023 643953 643049 0 644967 644913 644943 644857 644573 644397 644009 644033 
644121 644509 644145 643769 644585 643693 644581 644565 0 643657 644661 644677 644597 644137 644705 644725 644661 644213 643561 643493 644719 644757 644505 643989 643649 643529 644411 644523 644819 644845 644857 644689 644449 0 644333 0 0 644109 643837 643365 643449 644365 644201 643601 643293 643565 644687 644767 644973 644917 644949 644729 644697 644561 644529 644181 0 643265 644183 644951 645011 644765 644825 644779 644285 643213 644619 644771 0 644895 645085 645041 644979 644701 644437 644201 0 643557 643145 644683 645119 644945 644813 644673 644381 0 643849 643657 643129 643469 643599 644603 644831 644991 645095 645029 644881 644749 644565 644633 644657 644561 644437 644329 644297 644081 643929 642965 642969 643551 644395 0 644717 644601 644533 644507 643993 643869 642965 0 644611 644575 644763 644997 645019 644861 644473 644497 
644120 644508 644144 643768 644584 643692 644580 644564 0 643656 644596 644676 644596 644136 644686 644724 644660 644212 643560 643492 644526 644692 644504 643988 643648 643528 644218 644330 644630 644710 644856 644688 644448 0 644332 0 0 644108 643836 643364 643448 644364 644200 643600 643292 643546 644494 644574 644838 644852 644884 644728 644696 644560 644528 644180 0 643264 643990 644758 644822 644958 645014 644880 644284 643212 644426 644578 0 644702 644998 645012 645038 644704 644436 644200 0 643556 643144 644490 644950 645090 645006 644866 644380 0 643848 643656 643128 643334 643406 644410 644638 644798 644918 645076 645056 644942 644758 644826 644820 644596 644436 644328 644296 644080 643928 642964 642968 643358 644202 0 644910 644794 644726 644508 643992 643868 642964 0 644418 644382 644570 644846 645024 644990 644666 644690 
644178 644526 644202 643826 644602 643750 644528 644622 0 643714 644464 644624 644654 644194 644580 644742 644718 644270 643618 643550 644336 644560 644562 644046 643706 643586 644028 644140 644460 644564 644874 644746 644506 0 644390 0 0 644166 643894 643422 643506 644422 644258 643658 643350 643440 644304 644384 644692 644720 644752 644786 644754 644618 644586 644238 0 643322 643800 644568 644652 645024 645026 644934 644342 643270 644236 644388 0 644512 644852 644880 644932 644762 644494 644258 0 643614 643202 644300 644780 644968 645012 644978 644438 0 643906 643714 643186 643188 643216 644220 644448 644608 644728 644914 644988 644994 644940 644930 644862 644654 644494 644386 644354 644138 643986 643022 643026 643168 644012 0 644978 644944 644916 644566 644050 643926 643022 0 644228 644192 644380 644656 644880 644954 644856 644858 
644163 644467 644257 643881 644543 643805 644443 644607 0 643769 644331 644539 644639 644249 644471 644683 644703 644325 643673 643535 644191 644427 644617 644101 643761 643641 643883 643995 644315 644419 644815 644777 644561 0 644445 0 0 644221 643949 643477 643561 644477 644313 643713 643405 643331 644159 644239 644547 644587 644619 644841 644809 644673 644641 644293 0 643377 643655 644423 644507 645047 645005 644969 644397 643325 644091 644243 0 644367 644707 644747 644823 644817 644549 644313 0 643669 643257 644155 644635 644887 644971 645053 644493 0 643961 643769 643241 643043 643071 644075 644303 644463 644583 644803 644923 644941 645003 645029 644945 644709 644549 644441 644409 644193 644041 643077 643081 643023 643867 0 644925 644939 644987 644621 644105 643981 643077 0 644083 644047 644235 644511 644779 644853 644957 644945 
644204 644496 644516 644428 644572 644424 644472 644648 0 644364 644360 644568 644680 644700 644500 644706 644744 644776 644268 643576 644220 644456 644780 644720 644474 643804 643912 644024 644344 644448 644678 644830 644820 0 644896 0 0 644840 644616 644144 644108 644928 644908 644426 644118 643360 644188 644268 644542 644586 644582 644806 644838 644968 644968 644912 0 644020 643684 644432 644494 644522 644486 644654 644992 644038 644120 644272 0 644380 644402 644458 644478 644830 645066 644956 0 644382 643970 644184 644378 644414 644378 644526 645062 0 644674 644482 643884 643072 643100 644104 644300 644358 644334 644306 644350 644314 644418 644582 644702 644938 644978 645012 645020 644884 644754 643790 643700 643052 643896 0 644282 644262 644386 644978 644818 644694 643768 0 644112 644076 644198 644214 644218 644234 644422 644542 
642420 642651 642618 642516 642660 642579 642638 642677 0 642492 642585 642625 642669 642732 642606 642625 642653 642789 642420 641949 642515 642581 642716 642801 642738 642096 642333 642405 642537 642547 642592 642658 642742 0 642795 642830 0 642880 642797 642443 642276 642787 642852 642732 642501 641823 642468 642484 642515 642541 642533 642660 642668 642726 642734 642869 642894 642318 642210 642474 642489 642553 642535 642610 642831 642441 642413 642447 0 642452 642475 642501 642518 642678 642781 642876 0 642747 642438 642397 642457 642499 642481 642555 642807 642928 642917 642822 642216 641631 641712 642381 642396 642428 642434 642445 642467 642449 642501 642583 642643 642741 642805 642844 642852 642906 642914 642327 642036 641700 642289 0 642433 642423 642485 642775 642898 642905 642189 0 642343 642316 642341 642380 642401 642409 642503 642563 
642232 642473 642394 642256 642482 642295 642473 642487 0 642220 642441 642459 642479 642484 642452 642447 642463 642541 642148 641761 642407 642439 642502 642517 642448 641884 642240 642312 642419 642417 642414 642456 642516 0 642545 0 0 642597 642499 642145 642016 642537 642578 642448 642217 641671 642373 642389 642385 642399 642391 642446 642454 642488 642496 642583 0 642022 642117 642368 642371 642375 642366 642408 642557 642157 642318 642352 0 642357 642345 642359 642364 642452 642519 642578 0 642464 642155 642302 642339 642348 642339 642376 642533 0 642629 642539 641920 641503 641619 642286 642301 642333 642328 642321 642332 642323 642349 642390 642420 642479 642519 642546 642554 642608 642628 642042 641752 641607 642194 0 642315 642310 642341 642501 642612 642620 641893 0 642248 642221 642246 642285 642299 642303 642350 642380 
623346 623332 623346 623346 623294 623346 623320 623280 0 623346 623328 0 0 623346 0 0 0 623336 623346 623346 623326 0 0 623346 623346 623346 623346 623346 0 0 0 0 0 0 0 0 0 623316 623346 623346 623346 0 623294 623346 623346 623346 623294 0 0 0 0 0 0 0 0 0 0 623346 623346 0 0 0 623062 0 0 623346 623280 0 0 0 0 0 0 0 0 0 0 623346 623346 0 0 0 0 0 0 0 623326 623346 623346 623346 623346 0 0 0 0 0 0 0 622980 0 0 0 0 0 0 0 0 623346 623346 623346 623272 0 0 0 0 0 0 623292 623346 0 0 0 0 0 0 0 0 0 
641409 641215 641397 0 0 0 641179 641187 0 0 641139 0 0 0 0 0 0 0 0 641686 641065 0 0 0 641535 641705 641027 0 0 0 0 0 0 0 0 0 0 0 641489 641725 0 0 0 641535 0 641596 640985 0 0 0 0 0 0 0 0 0 0 0 640949 0 0 0 0 0 0 641729 640923 0 0 0 0 0 0 0 0 0 0 641509 641715 0 0 0 0 0 0 0 641411 0 641853 641500 641447 0 0 0 0 0 0 0 0 0 0 0 0 0 0 0 0 641781 641829 641391 640795 0 0 0 0 0 0 641377 0 0 0 0 0 0 0 0 0 0 
644615 644469 644459 644503 644431 644445 644481 644393 0 644511 644525 0 0 644367 0 0 0 644329 644559 644929 644513 0 0 0 644275 644815 644475 644467 0 0 0 0 0 0 0 0 0 644237 644277 644513 644663 0 644239 644251 644405 645037 644433 0 0 0 0 0 0 0 0 0 0 644611 644397 0 0 0 644199 0 0 644445 644371 0 0 0 0 0 0 0 0 0 0 644177 644383 0 0 0 0 0 0 0 644127 644127 644679 645117 644929 0 0 0 0 0 0 0 644069 0 0 0 0 0 0 0 0 644425 644807 644857 644243 0 0 0 0 0 0 644069 0 0 0 0 0 0 0 0 0 0 
640660 640575 640618 0 0 640671 640569 640549 0 0 640573 0 0 0 0 0 0 0 0 640806 640572 0 0 0 640634 640784 640601 0 0 0 0 0 0 0 0 0 0 640567 640611 640729 0 0 640556 640634 0 640800 640556 0 0 0 0 0 0 0 0 0 0 640766 640610 0 0 0 0 0 0 640731 640549 0 0 0 0 0 0 0 0 0 0 640621 640724 0 0 0 0 0 0 0 640572 640596 640800 640752 640806 0 0 0 0 0 0 0 0 0 0 0 0 0 0 0 0 640757 640783 640804 640545 0 0 0 0 0 0 640555 0 0 0 0 0 0 0 0 0 0 
644065 644453 644089 643713 644529 643637 644525 644499 0 643601 644605 644599 644503 644081 644641 644511 644471 644157 643505 643437 644753 644691 644405 643933 643593 643473 644829 644845 644779 644739 644441 644385 644359 0 644263 0 0 644053 643781 643309 643393 644259 644145 643545 643237 643509 644913 644885 644675 644631 644615 644281 644309 644233 644249 644115 0 643209 644759 644785 644719 644189 644249 644225 644155 643157 645027 644923 0 644837 644549 644509 644433 644209 644151 644053 0 643501 643089 645015 644621 644369 644237 644097 644107 0 643793 643601 643073 643413 643921 645073 644917 644789 644673 644453 644305 644173 643989 644057 644081 644029 643997 643989 644005 643969 643869 642909 642913 644059 644949 0 644141 644025 643957 644021 643869 643813 642909 0 645065 645011 644993 644745 644461 644285 643897 643921 
644142 644530 644166 643790 644606 643714 644602 644586 0 643678 644682 644698 644618 644158 644726 644740 644682 644234 643582 643514 644830 644778 644526 644010 643670 643550 644756 644868 644858 644866 644672 644648 644470 0 644354 0 0 644130 643858 643386 643470 644386 644222 643622 643314 643586 644988 644974 644938 644894 644868 644512 644544 644488 644512 644202 0 643286 644528 645040 644980 644420 644480 644456 644306 643234 644964 645072 0 645086 644780 644740 644664 644440 644414 644222 0 643578 643166 645028 644852 644600 644468 644328 644368 0 643870 643678 643150 643490 643944 644948 645126 645024 644904 644684 644536 644404 644220 644288 644312 644260 644228 644240 644268 644102 643950 642986 642990 643896 644740 0 644372 644256 644188 644252 644014 643890 642986 0 644956 644920 645006 644974 644692 644516 644128 644152 
644093 644481 644117 643741 644557 643665 644553 644537 0 643629 644633 644649 644569 644109 644677 644689 644633 644185 643533 643465 644781 644729 644477 643961 643621 643501 644697 644797 644809 644817 644725 644623 644421 0 644305 0 0 644081 643809 643337 643421 644337 644173 643573 643265 643537 644937 644925 644909 644857 644873 644571 644587 644487 644471 644153 0 643237 644469 644991 644961 644479 644539 644515 644257 643185 644905 645021 0 645035 644839 644799 644723 644499 644377 644173 0 643529 643117 644969 644911 644659 644527 644387 644325 0 643821 643629 643101 643441 643873 644889 645071 645067 644963 644743 644595 644463 644279 644347 644371 644319 644287 644251 644235 644053 643901 642937 642941 643837 644681 0 644431 644315 644247 644311 643965 643841 642937 0 644897 644859 645001 645031 644751 644575 644187 644211 
644073 644461 644097 643721 644537 643645 644533 644517 0 643609 644613 644629 644549 644089 644657 644677 644613 644165 643513 643445 644731 644709 644457 643941 643601 643481 644469 644581 644783 644797 644809 644641 644401 0 644285 0 0 644061 643789 643317 643401 644317 644153 643553 643245 643517 644745 644825 644925 644869 644901 644677 644649 644513 644481 644133 0 643217 644241 644963 644975 644707 644767 644733 644237 643165 644677 644829 0 644953 645037 644989 644933 644641 644389 644153 0 643509 643097 644741 645077 644887 644755 644615 644333 0 643801 643609 643081 643421 643657 644661 644889 645049 645099 644971 644823 644691 644507 644575 644599 644509 644387 644281 644249 644033 643881 642917 642921 643609 644453 0 644659 644543 644475 644447 643945 643821 642917 0 644669 644633 644821 645053 644973 644803 644415 644439 
644064 644452 644088 643712 644528 643636 644524 644508 0 643600 644600 644620 644540 644080 644648 644668 644604 644156 643504 643436 644506 644696 644448 643932 643592 643472 644198 644310 644630 644730 644800 644632 644392 0 644276 0 0 644052 643780 643308 643392 644308 644144 643544 643236 643508 644474 644554 644858 644856 644888 644672 644640 644504 644472 644124 0 643208 643970 644738 644822 644940 644982 644824 644228 643156 644406 644558 0 644682 645018 645016 645000 644648 644380 644144 0 643500 643088 644470 644950 645064 645026 644886 644324 0 643792 643600 643072 643354 643386 644390 644618 644778 644898 645110 645088 644962 644778 644844 644776 644540 644380 644272 644240 644024 643872 642908 642912 643338 644182 0 644930 644814 644746 644452 643936 643812 642908 0 644398 644362 644550 644826 645086 645070 644686 644710 
643940 644328 643964 643588 644404 643512 644378 644384 0 643476 644346 644474 644416 643956 644456 644544 644480 644032 643380 643312 644278 644442 644324 643808 643468 643348 644066 644154 644378 644458 644676 644508 644268 0 644152 0 0 643928 643656 643184 643268 644184 644020 643420 643112 643316 644294 644350 644586 644602 644634 644548 644516 644380 644348 644000 0 643084 643934 644510 644570 644832 644868 644700 644104 643032 644274 644378 0 644478 644746 644762 644808 644524 644256 644020 0 643376 642964 644338 644698 644872 644954 644828 644200 0 643668 643476 642948 643082 643230 644282 644462 644574 644670 644842 644936 644940 644778 644772 644652 644416 644256 644148 644116 643900 643748 642784 642788 643230 644170 0 644908 644814 644746 644328 643812 643688 642784 0 644314 644302 644442 644646 644858 644940 644686 644710 
643952 644322 643976 643600 644398 643524 644322 644396 0 643488 644258 644418 644428 643968 644374 644538 644492 644044 643392 643324 644190 644354 644336 643820 643480 643360 643978 644066 644290 644370 644670 644520 644280 0 644164 0 0 643940 643668 643196 643280 644196 644032 643432 643124 643234 644206 644262 644498 644514 644546 644560 644528 644392 644360 644012 0 643096 643810 644422 644482 644844 644862 644712 644116 643044 644186 644290 0 644390 644658 644674 644726 644536 644268 644032 0 643388 642976 644250 644610 644790 644898 644840 644212 0 643680 643488 642960 642994 643142 644194 644374 644486 644582 644754 644854 644962 644932 644784 644664 644428 644268 644160 644128 643912 643760 642796 642800 643142 644022 0 644986 644956 644906 644340 643824 643700 642796 0 644226 644202 644354 644558 644770 644898 644846 644824 
643305 643463 643371 643219 643501 643205 643463 643527 0 643175 643431 0 0 643391 0 0 0 643429 643127 642991 643397 0 0 0 643231 643051 643291 643335 0 0 0 0 0 0 0 0 0 643413 643301 643065 643059 0 643447 643219 643065 642919 643405 0 0 0 0 0 0 0 0 0 0 643003 643225 0 0 0 643678 0 0 643025 643395 0 0 0 0 0 0 0 0 0 0 643221 643015 0 0 0 0 0 0 0 643343 643271 642935 642799 642873 0 0 0 0 0 0 0 643733 0 0 0 0 0 0 0 0 642937 642843 642873 643343 0 0 0 0 0 0 643365 0 0 0 0 0 0 0 0 0 0 
644120 644412 644388 644012 644488 643936 644388 644564 0 643900 644276 644484 644596 644380 644416 644628 644660 644456 643804 643492 644136 644372 644686 644232 643892 643710 643828 643940 644260 644364 644760 644784 644692 0 644576 0 0 644352 644080 643608 643692 644608 644444 643844 643536 643276 644104 644184 644492 644532 644564 644910 644878 644804 644772 644424 0 643508 643600 644368 644452 645012 644952 644976 644528 643456 644036 644188 0 644312 644652 644692 644768 644948 644680 644444 0 643800 643388 644100 644580 644832 644942 645086 644624 0 644092 643900 643372 642988 643016 644020 644248 644408 644528 644748 644886 644896 645000 645120 645076 644840 644680 644572 644540 644324 644172 643208 643212 642968 643812 0 644864 644844 644968 644752 644236 644112 643208 0 644028 643992 644180 644456 644736 644816 644994 645080 
644170 644462 644410 644096 644538 644020 644438 644614 0 643984 644326 644534 644646 644464 644466 644678 644710 644540 643888 643542 644186 644422 644698 644316 643976 643722 643878 643990 644310 644414 644810 644810 644714 0 644660 0 0 644436 644164 643692 643776 644692 644528 643928 643620 643326 644154 644234 644542 644582 644614 644922 644890 644888 644856 644508 0 643592 643650 644418 644502 645018 644976 645002 644612 643540 644086 644238 0 644362 644702 644742 644818 644970 644764 644528 0 643884 643472 644150 644630 644872 644876 645000 644708 0 644176 643984 643456 643038 643066 644070 644298 644458 644578 644782 644848 644812 644892 645032 645088 644924 644764 644656 644624 644408 644256 643292 643296 643018 643862 0 644780 644760 644860 644836 644320 644196 643292 0 644078 644042 644230 644506 644716 644732 644872 644968 
644234 644526 644546 644306 644602 644230 644502 644678 0 644194 644390 644598 644710 644674 644530 644742 644774 644750 644098 643606 644250 644486 644810 644526 644186 643834 643942 644054 644374 644478 644872 644898 644850 0 644870 0 0 644646 644374 643902 643986 644902 644738 644138 643830 643390 644218 644298 644606 644646 644678 645024 645002 645036 645004 644718 0 643802 643714 644482 644566 644810 644774 644942 644822 643750 644150 644302 0 644426 644674 644726 644760 645076 644974 644738 0 644094 643682 644214 644638 644702 644666 644814 644918 0 644386 644194 643666 643102 643130 644134 644362 644522 644592 644594 644638 644602 644706 644870 644990 645054 644966 644866 644834 644618 644466 643502 643506 643082 643926 0 644570 644550 644674 645020 644530 644406 643502 0 644142 644106 644294 644484 644506 644522 644710 644830 
644067 644359 644379 644291 644435 644321 644335 644511 0 644253 644223 644431 644543 644563 644363 644575 644607 644639 644157 643439 644083 644319 644643 644617 644373 643667 643775 643887 644207 644311 644675 644731 644683 0 644759 0 0 644737 644513 644041 643971 644791 644797 644349 644041 643223 644051 644131 644439 644479 644511 644811 644819 644891 644859 644809 0 643917 643547 644315 644399 644529 644493 644661 644881 643961 643983 644135 0 644259 644409 644465 644485 644837 644959 644853 0 644353 643941 644047 644385 644421 644385 644533 644977 0 644597 644453 643781 642935 642963 643967 644195 644339 644341 644313 644357 644321 644425 644589 644709 644945 645015 644981 644949 644781 644677 643783 643597 642915 643759 0 644289 644269 644393 645011 644741 644641 643665 0 643975 643939 644127 644221 644225 644241 644429 644549 
643971 644263 644283 644195 644339 644309 644239 644415 0 644179 644127 644335 644447 644467 644267 644475 644511 644543 644083 643343 643987 644223 644547 644605 644467 643571 643679 643791 644111 644215 644499 644601 644587 0 644663 0 0 644725 644597 644125 643875 644695 644723 644419 644111 643127 643955 644035 644311 644355 644369 644635 644651 644753 644737 644797 0 643953 643451 644201 644267 644445 644403 644535 644807 644031 643887 644039 0 644149 644265 644317 644351 644671 644835 644889 0 644375 643963 643951 644229 644319 644325 644471 644879 0 644667 644475 643817 642839 642867 643871 644069 644171 644183 644217 644287 644293 644417 644523 644607 644797 644923 644967 644955 644893 644747 643783 643585 642819 643663 0 644277 644269 644393 644865 644811 644687 643777 0 643879 643843 643985 644075 644149 644205 644429 644527 
644155 644447 644467 644379 644523 644495 644423 644599 0 644363 644311 644519 644631 644651 644451 644663 644695 644727 644267 643527 644171 644407 644731 644791 644533 643755 643863 643975 644295 644399 644619 644769 644771 0 644847 0 0 644911 644719 644247 644059 644879 644907 644485 644177 643311 644139 644219 644483 644531 644519 644747 644779 644905 644915 644983 0 644117 643635 644387 644431 644463 644427 644595 644991 644097 644071 644223 0 644337 644343 644399 644419 644771 645011 645053 0 644441 644029 644135 644319 644355 644319 644467 645059 0 644733 644541 643981 643023 643051 644055 644243 644299 644275 644247 644291 644255 644359 644523 644643 644879 645039 645095 645109 644965 644813 643849 643771 643003 643847 0 644223 644203 644327 644967 644877 644753 643849 0 644063 644027 644135 644155 644159 644175 644363 644483 
643969 644261 644281 644193 644337 644309 644237 644409 0 644177 644125 644317 644413 644465 644263 644355 644411 644541 644081 643341 643985 644217 644509 644605 644521 643569 643677 643789 644109 644173 644289 644421 644557 0 644653 0 0 644725 644643 644171 643873 644653 644721 644473 644165 643125 643953 644027 644135 644187 644171 644425 644441 644557 644573 644793 0 643977 643449 644053 644083 644235 644193 644325 644749 644085 643881 643981 0 644009 644055 644107 644141 644461 644667 644845 0 644429 644017 643885 644019 644109 644115 644261 644719 0 644721 644529 643841 642837 642865 643837 643897 643961 643973 644007 644077 644083 644207 644313 644397 644587 644715 644793 644809 644909 644801 643837 643585 642817 643645 0 644067 644081 644191 644655 644813 644741 643837 0 643789 643737 643787 643865 643939 643995 644233 644317 
644097 644389 644409 644321 644437 644437 644363 644483 0 644305 644253 644379 644467 644593 644341 644379 644435 644669 644209 643469 644113 644291 644561 644733 644771 643697 643805 643917 644197 644223 644313 644445 644613 0 644719 0 0 644847 644773 644301 644001 644703 644821 644769 644461 643253 644053 644097 644159 644211 644195 644449 644465 644581 644597 644867 0 644105 643577 644077 644107 644177 644141 644309 644791 644381 643955 644023 0 644033 644057 644113 644133 644485 644691 644881 0 644727 644315 643923 644033 644069 644033 644181 644743 0 645017 644827 643969 642965 642993 643891 643921 643985 643989 643961 644005 643969 644073 644237 644357 644593 644739 644817 644833 644989 645053 644135 643713 642945 643707 0 643937 643917 644041 644679 645025 645007 643997 0 643815 643761 643811 643869 643873 643889 644077 644197 
643160 643136 643232 643304 643136 643352 643112 643160 0 643328 643064 0 0 643280 0 0 0 643280 643328 643056 642992 0 0 643352 643448 643170 642896 642920 0 0 0 0 0 0 0 0 0 643352 643400 643400 643304 0 643328 643472 643472 642948 642944 0 0 0 0 0 0 0 0 0 0 643374 642800 0 0 0 643136 0 0 643472 642896 0 0 0 0 0 0 0 0 0 0 643508 643508 0 0 0 0 0 0 0 643472 643508 643306 642804 642818 0 0 0 0 0 0 0 643184 0 0 0 0 0 0 0 0 643508 643178 642794 642776 0 0 0 0 0 0 643496 643320 0 0 0 0 0 0 0 0 0 
635602 635408 635590 635778 635370 635806 635372 635380 0 635834 635332 0 0 635594 0 0 0 635556 635882 635916 635258 0 0 635658 635694 635898 635220 635212 0 0 0 0 0 0 0 0 0 635598 635686 635922 635938 0 635562 635670 635824 635880 635178 0 0 0 0 0 0 0 635398 0 0 635996 635142 0 0 0 635138 0 0 635864 635116 0 0 0 0 0 0 0 0 0 0 635596 635802 0 0 0 0 0 0 0 635546 635546 636064 635834 635674 0 0 0 0 0 0 0 635104 0 0 0 0 0 0 0 0 635844 636136 635602 634988 0 0 0 0 0 0 635488 636084 0 0 0 0 0 0 0 0 0 
637188 637188 637188 637188 637188 637188 637188 637188 0 637188 637188 0 0 637188 0 0 0 637188 637188 637188 637188 0 0 0 637188 637188 637188 637188 0 0 0 0 0 0 0 0 0 637188 637188 637188 637188 0 637188 637188 637188 637166 637188 0 0 0 0 0 0 0 0 0 0 637188 637176 0 0 0 637188 0 0 637188 637188 0 0 0 0 0 0 0 0 0 0 637188 637188 0 0 0 0 0 0 0 637188 637188 637188 637070 637188 0 0 0 0 0 0 0 637188 0 0 0 0 0 0 0 0 637188 637132 637188 637152 0 0 0 0 0 0 637188 0 0 0 0 0 0 0 0 0 0 
644529 644723 644541 0 0 0 644759 644735 0 0 644799 0 0 0 0 0 0 0 0 644215 644873 0 0 0 644293 644233 644911 0 0 0 0 0 0 0 0 0 0 0 644387 644151 0 0 0 644269 0 644251 644944 0 0 0 0 0 0 0 0 0 0 0 644989 0 0 0 0 0 0 644075 644999 0 0 0 0 0 0 0 0 0 0 644247 644041 0 0 0 0 0 0 0 644393 0 644033 644203 644457 0 0 0 0 0 0 0 0 0 0 0 0 0 0 0 0 643951 643953 644529 645111 0 0 0 0 0 0 644393 0 0 0 0 0 0 0 0 0 0 
643080 643262 643128 642976 643298 642962 643286 643293 643000 642932 643302 643321 643293 643148 643328 643285 643277 643186 642884 642766 643340 643341 643268 643110 642988 642808 643330 643350 643361 643351 643252 643246 643258 643227 643235 643190 643144 643170 643058 642822 642816 643231 643202 642976 642822 642766 643394 643390 643319 643309 643301 643212 643220 643206 643214 643197 643144 642760 643352 643350 643329 643189 643204 643198 643203 642782 643425 643395 643405 643364 643279 643269 643250 643194 643189 643176 643144 642978 642772 643417 643297 643234 643192 643158 643179 643136 643100 643028 642692 642694 642888 643437 643380 643340 643310 643255 643214 643160 643104 643150 643162 643149 643141 643144 643152 643158 643134 642694 642600 642936 643457 643455 643144 643098 643088 643147 643132 643119 642634 643458 643435 643444 643397 643328 643256 643192 643070 643094 
643981 644369 644005 643629 644445 643553 644439 644425 0 643517 644381 644535 644457 643997 644521 644585 644521 644073 643421 643353 644241 644477 644365 643849 643509 643389 643933 644045 644365 644469 644717 644549 644309 0 644193 0 0 643969 643697 643225 643309 644225 644061 643461 643153 643381 644209 644289 644597 644637 644669 644589 644557 644421 644389 644041 0 643125 643705 644473 644557 644873 644909 644741 644145 643073 644141 644293 0 644417 644757 644797 644873 644565 644297 644061 0 643417 643005 644205 644685 644937 645015 644869 644241 0 643709 643517 642989 643093 643121 644125 644353 644513 644633 644853 645001 645079 644969 644813 644693 644457 644297 644189 644157 643941 643789 642825 642829 643073 643917 0 645107 645045 644963 644369 643853 643729 642825 0 644133 644097 644285 644561 644845 645021 644909 644853 
643948 644292 643972 643596 644368 643520 644316 644392 0 643484 644258 644412 644424 643964 644374 644508 644488 644040 643388 643320 644190 644354 644332 643816 643476 643356 643894 644006 644290 644370 644640 644516 644276 0 644160 0 0 643936 643664 643192 643276 644192 644028 643428 643120 643234 644170 644250 644498 644514 644546 644556 644524 644388 644356 644008 0 643092 643666 644422 644482 644840 644832 644708 644112 643040 644102 644254 0 644378 644658 644674 644726 644532 644264 644028 0 643384 642972 644166 644610 644790 644892 644836 644208 0 643676 643484 642956 642994 643082 644086 644314 644474 644582 644754 644854 644956 644944 644780 644660 644424 644264 644156 644124 643908 643756 642792 642796 643034 643878 0 644988 645054 644976 644336 643820 643696 642792 0 644094 644058 644246 644522 644770 644898 644940 644820 
640766 640936 640850 640734 640974 640744 640945 640988 0 640702 640913 640993 641004 640894 640971 641044 641036 640932 640654 640452 640879 640961 641006 640892 640818 640518 640773 640817 640929 640969 641084 641066 641002 0 640992 0 0 640952 640864 640628 640574 641008 640974 640818 640664 640401 640887 640915 641026 641036 641044 641088 641080 641070 641062 640988 0 640554 640683 640995 641016 641135 641132 641114 641016 640624 640877 640929 0 640979 641066 641076 641095 641094 641063 641022 0 640844 640638 640909 641048 641111 641144 641146 641061 0 640942 640894 640486 640281 640355 640881 640965 641005 641035 641090 641127 641160 641173 641144 641126 641103 641087 641072 641064 641010 640982 640572 640382 640355 640789 0 641168 641177 641181 641093 641014 640976 640452 0 640897 640879 640948 641017 641088 641132 641181 641166 
644061 644353 644373 644285 644429 644345 644329 644505 0 644269 644217 644425 644537 644557 644357 644569 644601 644633 644173 643433 644077 644313 644637 644641 644307 643661 643769 643881 644201 644305 644701 644725 644677 0 644753 0 0 644761 644495 644023 643965 644785 644813 644259 643951 643217 644045 644125 644433 644473 644505 644861 644829 644885 644853 644833 0 643923 643541 644309 644393 644689 644653 644821 644897 643871 643977 644129 0 644253 644559 644607 644645 644933 644953 644859 0 644215 643803 644041 644511 644581 644545 644693 644993 0 644507 644315 643787 642929 642957 643961 644189 644349 644463 644473 644517 644481 644585 644749 644869 645087 645089 644987 644955 644739 644587 643623 643621 642909 643753 0 644449 644429 644553 645121 644651 644527 643623 0 643969 643933 644121 644367 644385 644401 644589 644709 
644079 644371 644391 644303 644447 644419 644347 644523 0 644287 644235 644443 644555 644575 644375 644499 644555 644651 644191 643451 644095 644331 644653 644715 644751 643679 643787 643899 644219 644319 644367 644535 644695 0 644771 0 0 644835 644755 644283 643983 644799 644831 644737 644429 643235 644063 644143 644251 644307 644275 644495 644527 644663 644695 644907 0 644087 643559 644183 644195 644211 644175 644343 644903 644349 643995 644135 0 644143 644091 644147 644167 644519 644787 645001 0 644693 644281 644041 644067 644103 644067 644215 644843 0 644985 644793 643951 642947 642975 643979 644015 644047 644023 643995 644039 644003 644107 644271 644391 644627 644787 644895 644927 645089 645065 644101 643695 642927 643771 0 643971 643951 644075 644715 645119 645005 643979 0 643935 643881 643891 643903 643907 643923 644111 644231 
643790 644082 644102 644014 644158 644130 644058 644212 0 643998 643946 644116 644212 644286 644068 644128 644184 644362 643902 643162 643806 644020 644308 644426 644470 643390 643498 643610 643924 643972 644062 644194 644356 0 644452 0 0 644546 644466 643994 643694 644452 644542 644518 644210 642946 643774 643828 643908 643960 643944 644198 644214 644330 644346 644596 0 643798 643270 643826 643856 644008 643966 644098 644540 644130 643684 643772 0 643782 643828 643880 643914 644234 644440 644630 0 644618 644206 643672 643792 643882 643888 644034 644492 0 644766 644718 643662 642658 642686 643636 643670 643734 643746 643780 643850 643856 643980 644086 644170 644360 644488 644566 644582 644738 644836 644034 643406 642638 643444 0 643840 643854 643964 644428 644830 644878 643690 0 643564 643510 643560 643638 643712 643768 644006 644090 
642016 641992 642088 642160 641992 642208 641968 642014 0 642184 641920 0 0 642136 0 0 0 642136 642184 642016 641848 0 0 642208 642248 642064 641752 641776 0 0 0 0 0 0 0 0 0 642208 642248 642248 642160 0 642184 642248 642248 641944 641800 0 0 0 0 0 0 0 642032 0 0 642232 641656 0 0 0 641772 0 0 642248 641750 0 0 0 0 0 0 0 0 0 0 642248 642248 0 0 0 0 0 0 0 642248 642248 642232 641896 641776 0 0 0 0 0 0 0 641738 0 0 0 0 0 0 0 0 642248 642208 641728 641622 0 0 0 0 0 0 642248 642248 0 0 0 0 0 0 0 0 0 
642456 642638 642504 642352 642658 642338 642657 642653 642376 642308 642677 642675 642647 642524 642688 642639 642631 642562 642260 642142 642714 642701 642622 642486 642364 642184 642706 642726 642721 642705 642606 642600 642612 642587 642593 642561 642520 642539 642434 642198 642192 642585 642562 642352 642198 642142 642754 642750 642673 642663 642655 642566 642574 642560 642568 642557 642520 642136 642736 642704 642683 642543 642558 642552 642557 642158 642785 642749 642759 642718 642633 642623 642604 642548 642543 642530 642508 642354 642148 642771 642651 642588 642555 642520 642533 642498 642474 642404 642068 642070 642264 642791 642734 642694 642664 642609 642572 642539 642493 642510 642516 642503 642495 642498 642506 642512 642494 642070 641976 642312 642821 642809 642531 642502 642485 642501 642486 642479 642010 642820 642789 642798 642751 642682 642611 642567 642470 642476 
644025 644413 644049 643673 644489 643597 644485 644469 0 643561 644565 644581 644501 644041 644609 644627 644565 644117 643465 643397 644713 644661 644409 643893 643553 643433 644783 644805 644741 644749 644541 644513 644353 0 644237 0 0 644013 643741 643269 643353 644269 644105 643505 643197 643469 644873 644857 644803 644759 644737 644381 644413 644357 644377 644085 0 643169 644659 644913 644847 644289 644349 644325 644189 643117 644991 644957 0 644963 644649 644609 644533 644309 644279 644105 0 643461 643049 645055 644721 644469 644337 644197 644235 0 643753 643561 643033 643373 643881 645043 645045 644893 644773 644553 644405 644273 644089 644157 644181 644129 644097 644109 644133 643985 643833 642869 642873 643991 644871 0 644241 644125 644057 644121 643897 643773 642869 0 645075 645051 645087 644845 644561 644385 643997 644021 
643939 644327 643963 643587 644403 643511 644399 644383 0 643475 644479 644495 644415 643955 644523 644525 644469 644031 643379 643311 644627 644575 644323 643807 643467 643347 644703 644719 644655 644663 644463 644415 644267 0 644151 0 0 643927 643655 643183 643267 644183 644019 643419 643111 643383 644787 644771 644705 644661 644645 644303 644335 644263 644279 643999 0 643083 644735 644815 644749 644211 644271 644247 644103 643031 644911 644871 0 644863 644571 644531 644455 644231 644181 644019 0 643375 642963 644975 644643 644391 644259 644119 644137 0 643667 643475 642947 643287 643795 644991 644947 644815 644695 644475 644327 644195 644011 644079 644103 644051 644019 644019 644035 643899 643747 642783 642787 643939 644949 0 644163 644047 643979 644043 643811 643687 642783 0 645065 645091 645029 644767 644483 644307 643919 643943 
643967 644355 643991 643615 644431 643539 644427 644411 0 643503 644507 644523 644443 643983 644551 644571 644507 644059 643407 643339 644655 644603 644351 643835 643495 643375 644707 644747 644683 644691 644675 644535 644295 0 644179 0 0 643955 643683 643211 643295 644211 644047 643447 643139 643411 644815 644799 644819 644763 644795 644515 644533 644407 644375 644027 0 643111 644525 644887 644875 644423 644483 644459 644131 643059 644915 644899 0 644927 644783 644743 644667 644443 644283 644047 0 643403 642991 644979 644855 644603 644471 644331 644227 0 643695 643503 642975 643315 643823 644925 645055 645013 644907 644687 644539 644407 644223 644291 644315 644263 644231 644175 644143 643927 643775 642811 642815 643873 644737 0 644375 644259 644191 644255 643839 643715 642811 0 644953 644917 645085 644979 644695 644519 644131 644155 
643962 644350 643986 643610 644426 643534 644422 644406 0 643498 644502 644518 644438 643978 644546 644566 644502 644054 643402 643334 644650 644598 644346 643830 643490 643370 644484 644596 644678 644686 644698 644530 644290 0 644174 0 0 643950 643678 643206 643290 644206 644042 643442 643134 643406 644758 644790 644814 644758 644790 644570 644538 644402 644370 644022 0 643106 644256 644882 644870 644670 644724 644662 644126 643054 644692 644842 0 644918 644948 644896 644854 644542 644278 644042 0 643398 642986 644756 644984 644832 644740 644600 644222 0 643690 643498 642970 643310 643672 644676 644904 645014 645030 644922 644800 644676 644492 644556 644544 644416 644278 644170 644138 643922 643770 642806 642810 643624 644468 0 644644 644528 644460 644348 643834 643710 642806 0 644684 644648 644836 645086 644950 644788 644400 644424 
643877 644265 643901 643525 644341 643449 644337 644321 0 643413 644417 644433 644353 643893 644461 644481 644417 643969 643317 643249 644561 644513 644261 643745 643405 643285 644279 644391 644593 644601 644613 644445 644205 0 644089 0 0 643865 643593 643121 643205 644121 643957 643357 643049 643321 644555 644633 644729 644673 644705 644485 644453 644317 644285 643937 0 643021 644051 644793 644785 644747 644791 644637 644041 642969 644487 644639 0 644761 644889 644833 644813 644461 644193 643957 0 643313 642901 644551 644913 644875 644829 644687 644137 0 643605 643413 642885 643225 643467 644471 644699 644857 644953 644977 644887 644797 644633 644643 644587 644353 644193 644085 644053 643837 643685 642721 642725 643419 644263 0 644781 644699 644617 644265 643749 643625 642721 0 644479 644443 644631 644907 645035 644901 644563 644551 
643834 644222 643858 643482 644298 643406 644294 644278 0 643370 644374 644390 644310 643850 644418 644438 644374 643926 643274 643206 644358 644470 644218 643702 643362 643242 644146 644234 644458 644534 644570 644402 644162 0 644046 0 0 643822 643550 643078 643162 644078 643914 643314 643006 643278 644374 644430 644662 644630 644662 644442 644410 644274 644242 643894 0 642978 644014 644590 644650 644726 644762 644594 643998 642926 644354 644458 0 644558 644822 644790 644770 644418 644150 643914 0 643270 642858 644418 644778 644834 644870 644722 644094 0 643562 643370 642842 643158 643310 644362 644542 644654 644750 644918 644898 644892 644722 644666 644546 644310 644150 644042 644010 643794 643642 642678 642682 643310 644238 0 644874 644758 644690 644222 643706 643582 642678 0 644394 644382 644522 644726 644938 644988 644630 644646 
644021 644313 644257 643881 644389 643805 644289 644465 0 643769 644177 644385 644497 644249 644317 644529 644561 644325 643673 643393 644037 644273 644589 644101 643761 643613 643729 643841 644161 644265 644661 644685 644561 0 644445 0 0 644221 643949 643477 643561 644477 644313 643713 643405 643177 644005 644085 644393 644433 644465 644813 644781 644673 644641 644293 0 643377 643501 644269 644353 644913 644853 644877 644397 643325 643937 644089 0 644213 644553 644593 644669 644817 644549 644313 0 643669 643257 644001 644481 644733 644865 645005 644493 0 643961 643769 643241 642889 642917 643921 644149 644309 644429 644649 644797 644929 645095 645037 644945 644709 644549 644441 644409 644193 644041 643077 643081 642869 643713 0 644951 644975 645089 644621 644105 643981 643077 0 643929 643893 644081 644357 644641 644817 645123 645105 
644011 644303 644299 643981 644379 643905 644279 644455 0 643869 644167 644375 644487 644349 644307 644519 644551 644425 643773 643383 644027 644263 644587 644201 643861 643611 643719 643831 644151 644255 644651 644675 644603 0 644545 0 0 644321 644049 643577 643661 644577 644413 643813 643505 643167 643995 644075 644383 644423 644455 644811 644779 644765 644733 644393 0 643477 643491 644259 644343 644903 644843 644867 644497 643425 643927 644079 0 644203 644543 644583 644659 644859 644649 644413 0 643769 643357 643991 644471 644723 644855 644995 644593 0 644061 643869 643341 642879 642907 643911 644139 644299 644419 644639 644787 644899 645031 645035 644987 644809 644649 644541 644509 644293 644141 643177 643181 642859 643703 0 644895 644875 644999 644721 644205 644081 643177 0 643919 643883 644071 644347 644631 644795 645035 645119 
