634482 634482 634468 634482 634482 634468 634444 634420 634482 634482 634436 634460 634482 634482 634444 634444 634460 634436 634436 634436 634458 634416 634444 634372 634482 634482 634388 634420 634398 634414 634348 634372 634396 634396 634444 634444 634460 634436 634412 634364 634406 634364 634386 634348 634348 634348 634348 634396 634468 634482 634460 634460 634436 634364 634388 634316 634316 634362 634364 634324 634332 634276 634396 634444 634420 634420 634482 634460 634436 634412 634364 634364 634364 634292 634348 634344 634298 634320 634332 634300 634300 634348 634348 634372 634482 634460 634412 634340 634316 634312 634318 634336 634320 634294 634300 634264 634286 634298 634228 634228 634252 634324 634444 634482 634460 634364 634340 634340 634316 634268 634220 634244 634244 634286 634268 634290 634286 634276 634268 634284 634226 634254 634248 634252 634372 634372 634444 634482 
0 645129 645103 645093 645137 645127 645091 645085 645055 645039 645063 645115 645131 0 645065 0 0 645095 0 645085 645075 645049 645093 0 644993 645013 645021 0 0 645047 644985 0 644989 644973 645009 644999 0 644995 645005 645009 0 0 645019 0 644963 0 0 0 644947 0 644953 0 644983 644973 644993 0 644935 644979 644981 644943 644965 0 0 644941 0 644905 0 0 0 0 0 0 644923 644937 0 0 644917 644953 644965 644957 644883 644885 644899 0 644869 0 644925 644905 0 0 644935 644953 0 644913 0 0 644919 0 644893 644827 644843 644845 644845 0 0 644879 0 0 644867 644869 644841 644893 644903 644903 644885 644907 644903 644893 644887 644903 644859 0 0 0 644829 0 644835 644827 
0 0 644051 0 0 0 0 0 644029 0 643849 0 643843 0 644039 0 0 0 0 0 0 0 0 0 0 643882 643741 0 0 0 643795 0 643904 0 0 0 0 0 643826 643669 0 0 0 0 0 0 0 0 0 0 0 0 0 0 0 0 643625 0 0 0 0 0 0 0 0 643702 0 0 0 0 0 0 0 0 0 0 0 0 0 643546 0 0 643687 0 0 0 0 0 0 0 0 0 0 0 0 0 0 0 643439 643493 643541 0 643540 0 0 0 0 0 643553 643541 0 0 0 0 0 0 0 0 0 0 0 0 0 0 0 0 0 0 
0 645077 645102 645107 645057 645045 645091 645051 645100 645084 645035 645031 645037 0 645109 0 0 645003 0 645013 644981 644993 645035 0 645038 645058 644981 0 0 644965 645007 0 645060 645044 645078 645068 0 645028 645028 644945 0 0 644937 0 645018 0 0 0 644992 0 644986 0 645016 644975 645001 0 644922 644885 644887 644861 644909 0 0 645010 0 644976 0 0 0 0 0 0 644956 644873 0 0 644835 644897 644909 644901 644954 644956 644970 0 644914 0 644958 644938 0 0 644841 644859 0 644831 0 0 644837 0 644859 644898 644914 644916 644914 0 0 644912 0 0 644900 644883 644825 644799 644809 644809 644791 644813 644809 644799 644793 644809 644803 0 0 0 644900 0 644904 644860 
0 645117 645081 645105 645133 645037 645057 645017 645067 645051 645135 645131 645113 0 645053 0 0 645109 0 645119 645081 644959 645003 0 645005 645049 645087 0 0 644957 644961 0 644977 644961 644997 644987 0 645085 645095 645051 0 0 644929 0 644951 0 0 0 644935 0 645037 0 645073 645063 645083 0 645015 644991 644987 644877 644875 0 0 644929 0 644893 0 0 0 0 0 0 645013 644979 0 0 644851 644863 644875 644867 644871 644873 644887 0 644881 0 645015 644995 0 0 644947 644965 0 644871 0 0 644829 0 644825 644815 644831 644833 644833 0 0 644969 0 0 644957 644959 644919 644905 644915 644915 644897 644919 644915 644899 644869 644885 644769 0 0 0 644817 0 644823 644887 
0 0 641605 0 0 641617 641597 0 641557 641541 641519 641555 641575 0 641571 0 0 0 0 641531 641519 0 641587 0 641495 641493 641477 0 0 641537 641491 0 641495 641479 641515 641505 0 641451 641461 641459 0 0 641509 0 641469 0 0 0 641449 0 641409 0 641439 641429 0 0 641391 641423 641425 0 641459 0 0 641447 0 641411 0 0 0 0 0 0 641379 641387 0 0 641407 641447 641459 641451 641389 641391 641405 0 641371 0 641381 641361 0 0 641379 641397 0 0 0 0 641409 0 641389 641333 641349 641351 641351 0 0 641335 0 0 641323 641325 641297 641337 641339 641347 641329 641351 0 641337 641331 641347 641353 0 0 0 641335 0 641341 0 
0 0 640543 0 0 0 640543 0 640541 640541 640445 640469 640493 0 640543 0 0 0 0 0 640443 0 640535 0 640541 640517 640397 0 0 640465 640543 0 640543 640543 640543 0 0 0 640421 640373 0 0 640437 0 640543 0 0 0 640543 0 640469 0 0 640373 0 0 640325 0 640349 0 640431 0 0 0 0 640543 0 0 0 0 0 0 0 0 0 0 0 0 640479 640543 640543 0 640543 0 0 0 0 0 0 0 640303 0 0 0 0 0 640337 0 640543 640543 640543 0 640543 0 0 0 0 0 640325 640277 640229 0 0 0 0 0 0 0 0 640271 0 0 0 0 0 0 0 0 
0 645062 645110 645084 645030 645078 645134 645152 645046 645030 644990 645004 645010 0 645128 0 0 644976 0 644986 644954 645094 645092 0 644984 644980 644942 0 0 644998 645096 0 645110 645094 645072 645062 0 644938 644948 644918 0 0 644970 0 645084 0 0 0 644962 0 644896 0 644926 644916 644936 0 644870 644858 644860 644870 645010 0 0 645004 0 645014 0 0 0 0 0 0 644866 644846 0 0 644844 645010 645022 645014 645004 645006 645020 0 644860 0 644868 644848 0 0 644814 644832 0 644816 0 0 644870 0 644972 644948 644964 644966 644908 0 0 644822 0 0 644810 644812 644774 644772 644782 644782 644764 644786 644782 644772 644766 644782 644904 0 0 0 644950 0 644898 644770 
0 0 0 0 0 0 0 0 642602 0 0 0 642547 0 0 0 0 0 0 0 0 0 0 0 0 0 642495 0 0 0 642552 0 0 0 0 0 0 0 0 642465 0 0 0 0 0 0 0 0 0 0 0 0 0 0 0 0 642430 0 0 0 0 0 0 0 0 0 0 0 0 0 0 0 0 0 0 0 0 0 0 642486 0 0 0 0 0 0 0 0 0 0 0 0 0 0 0 0 0 0 642478 0 642507 0 642526 0 0 0 0 0 0 642384 0 0 0 0 0 0 0 0 0 0 0 0 0 0 0 0 0 0 
0 0 645012 0 0 0 644976 0 645075 645075 645021 644993 644975 0 645002 0 0 0 0 0 644943 0 644920 0 645075 645075 644971 0 0 644874 644890 0 644982 644986 645034 0 0 0 645035 644935 0 0 644846 0 644912 0 0 0 645044 0 645075 0 0 644971 0 0 644913 0 644849 0 644792 0 0 0 0 645002 0 0 0 0 0 0 0 0 0 0 0 0 644792 644784 644890 0 644938 0 0 0 0 0 0 0 644831 0 0 0 0 0 644746 0 644742 644808 644840 0 644942 0 0 0 0 0 644959 644883 644815 0 0 0 0 0 0 0 0 644747 0 0 0 0 0 0 0 0 
0 0 0 0 0 0 0 0 644964 0 645054 0 644973 0 0 0 0 0 0 0 0 0 0 0 0 0 645001 0 0 0 644762 0 644823 0 0 0 0 0 0 644953 0 0 0 0 0 0 0 0 0 0 0 0 0 0 0 0 644904 0 0 0 0 0 0 0 0 0 0 0 0 0 0 0 0 0 0 0 0 0 0 644618 0 0 0 0 0 0 0 0 0 0 0 0 0 0 0 0 0 0 644555 0 644606 0 644619 0 0 0 0 0 0 644832 0 0 0 0 0 0 0 0 0 0 0 0 0 0 0 0 0 0 
0 0 645046 0 0 0 645028 0 645028 645012 645092 645093 645075 0 645014 0 0 0 0 0 645043 0 644995 0 644966 645004 645082 0 0 644949 644927 0 644938 644922 644958 0 0 0 645068 645058 0 0 644921 0 644912 0 0 0 644896 0 644968 0 0 645046 0 0 645003 0 644949 0 644867 0 0 0 0 644854 0 0 0 0 0 0 0 0 0 0 0 0 644867 644859 644832 0 644848 0 0 0 0 0 0 0 644962 0 0 0 0 0 644821 0 644813 644776 644792 0 644794 0 0 0 0 0 644941 644943 644908 0 0 0 0 0 0 0 0 644847 0 0 0 0 0 0 0 0 
0 0 0 0 0 0 0 0 642746 0 0 0 642846 0 0 0 0 0 0 0 0 0 0 0 0 0 642808 0 0 0 642796 0 0 0 0 0 0 0 0 642820 0 0 0 0 0 0 0 0 0 0 0 0 0 0 0 0 642794 0 0 0 0 0 0 0 0 0 0 0 0 0 0 0 0 0 0 0 0 0 0 642843 0 0 0 0 0 0 0 0 0 0 0 0 0 0 0 0 0 0 642801 0 642739 0 642560 0 0 0 0 0 0 642776 0 0 0 0 0 0 0 0 0 0 0 0 0 0 0 0 0 0 
644976 645008 644934 644948 645032 644992 644922 644916 644910 644894 644980 645032 645052 645066 644896 644884 644982 645012 645020 645002 645082 644974 644978 644842 644848 644892 644938 645120 645102 645072 644816 644820 644820 644804 644840 644830 644932 644912 644922 644926 645038 645090 645078 644854 644794 644810 644788 644798 644778 644864 644870 644896 644900 644890 644910 644878 644852 644986 645140 645050 645030 644764 644766 644772 644756 644736 644820 644864 644850 644876 644858 644852 644840 644854 645000 645094 645024 645006 644962 644826 644714 644716 644730 644712 644724 644812 644842 644822 644824 644940 644982 645060 645028 645044 645050 644990 645002 645014 644724 644658 644674 644676 644676 644742 644794 644796 644788 644794 644784 644786 644758 644832 644822 644918 645044 645068 645072 645062 645034 645050 644942 644970 644964 644850 644660 644654 644666 644722 
0 0 644996 0 0 0 0 0 644921 0 644744 0 644772 0 644957 0 0 0 0 0 0 0 0 0 0 644758 644622 0 0 0 644768 0 644834 0 0 0 0 0 644657 644542 0 0 0 0 0 0 0 0 0 0 0 0 0 0 0 0 644442 0 0 0 0 0 0 0 0 644614 0 0 0 0 0 0 0 0 0 0 0 0 0 644542 0 0 644618 0 0 0 0 0 0 0 0 0 0 0 0 0 0 0 644437 644427 644475 0 644440 0 0 0 0 0 644333 644309 0 0 0 0 0 0 0 0 0 0 0 0 0 0 0 0 0 0 
644740 644708 644775 644756 644676 644724 644789 644760 644769 644761 644651 644650 644656 644650 644802 644808 644686 644622 644614 644632 644600 644702 644734 644757 644738 644724 644600 644562 644590 644644 644746 644768 644792 644784 644802 644797 644689 644667 644644 644564 644548 644556 644616 644714 644757 644749 644760 644781 644739 644678 644658 644671 644661 644588 644614 644516 644535 644504 644506 644516 644618 644696 644765 644768 644760 644750 644656 644655 644636 644637 644604 644601 644595 644492 644490 644512 644490 644618 644642 644670 644739 644740 644747 644738 644676 644629 644620 644574 644549 644454 644460 644478 644462 644462 644468 644456 644516 644572 644664 644705 644719 644720 644720 644649 644620 644573 644557 644560 644543 644496 644438 644418 644428 644428 644410 644432 644428 644418 644412 644428 644512 644564 644558 644610 644712 644709 644715 644607 
644553 644558 644550 644567 644540 644502 644532 644502 644551 644535 644536 644526 644520 644500 644545 644547 644559 644510 644502 644520 644476 644444 644480 644472 644489 644521 644509 644438 644404 644422 644449 644483 644493 644477 644505 644495 644525 644517 644537 644488 644448 644370 644394 644420 644459 644452 644459 644471 644431 644467 644463 644489 644505 644509 644523 644464 644480 644428 644382 644330 644360 644366 644439 644437 644429 644409 644423 644457 644455 644493 644499 644493 644481 644452 644414 644362 644304 644348 644360 644352 644387 644389 644403 644385 644365 644405 644459 644475 644489 644402 644396 644390 644386 644312 644318 644270 644294 644318 644310 644331 644347 644349 644341 644371 644387 644437 644441 644447 644449 644465 644431 644402 644412 644388 644334 644344 644316 644294 644276 644292 644254 644282 644276 644280 644333 644327 644331 644325 
0 644862 644751 644772 644910 644838 644733 644724 644715 644691 644943 644949 644940 0 644694 0 0 644991 0 644976 645024 644811 644817 0 644622 644688 645024 0 0 644854 644574 0 644580 644556 644610 644595 0 644841 644928 645040 0 0 644812 0 644541 0 0 0 644517 0 644706 0 644823 644986 644982 0 644939 645130 644935 644734 644731 0 0 644508 0 644454 0 0 0 0 0 0 644911 644942 0 0 644695 644713 644731 644589 644421 644424 644445 0 644436 0 644808 644894 0 0 645120 645109 0 644725 0 0 644662 0 644436 644337 644361 644364 644364 0 0 644845 0 0 644837 644840 644798 644909 644894 645038 645041 645040 644890 644803 644722 644746 644572 0 0 0 644340 0 644349 644445 
644900 644920 644870 644872 644940 644928 644870 644876 644834 644818 644938 644954 644960 644961 644844 644832 644904 644970 644978 644960 644984 644911 644925 644813 644772 644804 644968 644964 644884 644902 644787 644791 644791 644775 644788 644778 644854 644870 644916 644970 645006 644850 644874 644825 644765 644781 644759 644769 644714 644772 644792 644818 644858 644934 644940 644922 644896 645010 644908 644810 644844 644735 644737 644720 644716 644696 644728 644786 644808 644870 644902 644896 644884 644898 645003 644842 644784 644843 644855 644797 644685 644687 644701 644683 644648 644734 644836 644866 644868 644961 644976 644988 644986 644792 644798 644750 644774 644798 644695 644629 644645 644647 644624 644654 644716 644840 644832 644838 644828 644830 644802 644876 644866 644936 644934 644942 644866 644820 644778 644794 644738 644777 644771 644768 644631 644625 644614 644630 
0 0 645025 0 0 644967 644989 0 645032 645017 645117 645085 645043 0 645001 0 0 0 0 645095 645035 0 644933 0 644971 645015 645092 0 0 644887 644903 0 644939 644927 644963 644953 0 645097 645118 645056 0 0 644859 0 644902 0 0 0 644901 0 645027 0 645085 645084 0 0 645034 644996 644941 0 644805 0 0 644895 0 644859 0 0 0 0 0 0 645054 644984 0 0 644781 644793 644805 644797 644837 644839 644853 0 644847 0 645050 645036 0 0 644952 644970 0 0 0 0 644759 0 644755 644774 644794 644799 644799 0 0 645010 0 0 644998 644984 644936 644910 644920 644920 644902 644924 0 644853 644799 644815 644699 0 0 0 644783 0 644789 0 
0 0 644057 0 0 0 644045 0 644033 644017 644165 644189 644183 0 644019 0 0 0 0 0 644211 0 644091 0 643971 644015 644171 0 0 644093 643939 0 643943 643927 643963 0 0 0 644131 644183 0 0 644065 0 643917 0 0 0 643901 0 644027 0 0 644147 0 0 644157 0 644147 0 644011 0 0 0 0 643859 0 0 0 0 0 0 0 0 0 0 0 0 644011 643947 643837 0 643853 0 0 0 0 0 0 0 644215 0 0 0 0 0 643965 0 643847 643781 643797 0 643799 0 0 0 0 0 644089 644139 644159 0 0 0 0 0 0 0 0 644021 0 0 0 0 0 0 0 0 
0 644836 644847 644808 644820 644916 644889 644936 644751 644727 644739 644798 644840 0 644850 0 0 644778 0 644768 644822 644964 644946 0 644658 644664 644677 0 0 644866 644863 0 644832 644808 644766 644751 0 644637 644653 644657 0 0 644831 0 644830 0 0 0 644613 0 644562 0 644619 644605 644635 0 644548 644691 644714 644693 644870 0 0 644664 0 644670 0 0 0 0 0 0 644530 644549 0 0 644654 644888 644924 644859 644710 644713 644734 0 644472 0 644533 644503 0 0 644635 644677 0 644624 0 0 644681 0 644721 644626 644650 644653 644520 0 0 644464 0 0 644446 644449 644407 644503 644493 644579 644583 644616 644609 644582 644561 644585 644711 0 0 0 644624 0 644505 644361 
0 0 644814 0 0 0 644838 0 644642 644602 644542 644672 644775 0 644773 0 0 0 0 0 644779 0 644969 0 644487 644477 644437 0 0 645061 644601 0 644611 644571 644633 0 0 0 644397 644407 0 0 644991 0 644546 0 0 0 644424 0 644267 0 0 644317 0 0 644222 0 644724 0 644938 0 0 0 0 644401 0 0 0 0 0 0 0 0 0 0 0 0 644908 644621 644346 0 644386 0 0 0 0 0 0 0 644517 0 0 0 0 0 644741 0 644371 644206 644246 0 644223 0 0 0 0 0 644052 644057 643987 0 0 0 0 0 0 0 0 644529 0 0 0 0 0 0 0 0 
645036 645014 645042 645008 644990 645040 645078 645110 644970 644954 644930 644966 644972 644966 645052 645040 644932 644938 644930 644942 644916 645058 645054 645094 644908 644904 644888 644878 644906 644960 645092 645072 645048 645032 644996 644986 644882 644862 644872 644870 644864 644872 644932 645106 645070 645086 645064 645026 644886 644836 644820 644846 644850 644840 644860 644822 644802 644820 644822 644832 644974 645090 644994 644928 644960 644940 644792 644814 644800 644826 644808 644802 644790 644798 644806 644828 644806 644986 645022 645086 645038 644992 645006 644964 644784 644762 644792 644772 644774 644770 644776 644794 644778 644778 644784 644772 644832 644892 645042 644986 645002 644976 644832 644754 644744 644746 644738 644744 644734 644736 644708 644734 644744 644744 644726 644748 644744 644734 644728 644744 644868 644944 644938 645018 644912 644906 644822 644694 
0 0 644805 0 0 0 644757 0 644920 644944 644745 644733 644731 0 644809 0 0 0 0 0 644633 0 644645 0 644991 645003 644637 0 0 644529 644599 0 644781 644805 644905 0 0 0 644765 644565 0 0 644473 0 644643 0 0 0 644928 0 644975 0 0 644637 0 0 644521 0 644445 0 644403 0 0 0 0 644882 0 0 0 0 0 0 0 0 0 0 0 0 644403 644387 644604 0 644748 0 0 0 0 0 0 0 644357 0 0 0 0 0 644273 0 644303 644435 644496 0 644748 0 0 0 0 0 644642 644461 644325 0 0 0 0 0 0 0 0 644275 0 0 0 0 0 0 0 0 
0 0 643518 0 0 0 0 0 643628 0 643484 0 643440 0 643522 0 0 0 0 0 0 0 0 0 0 643688 643424 0 0 0 643348 0 643501 0 0 0 0 0 643528 643376 0 0 0 0 0 0 0 0 0 0 0 0 0 0 0 0 643380 0 0 0 0 0 0 0 0 643516 0 0 0 0 0 0 0 0 0 0 0 0 0 643160 0 0 643474 0 0 0 0 0 0 0 0 0 0 0 0 0 0 0 643112 643240 643288 0 643424 0 0 0 0 0 643496 643368 0 0 0 0 0 0 0 0 0 0 0 0 0 0 0 0 0 0 
0 0 0 0 0 0 0 0 0 0 0 0 0 0 0 0 0 0 0 0 0 0 0 0 0 0 645034 0 0 0 644606 0 0 0 0 0 0 0 0 0 0 0 0 0 0 0 0 0 0 0 0 0 0 0 0 0 0 0 0 0 0 0 0 0 0 0 0 0 0 0 0 0 0 0 0 0 0 0 0 644469 0 0 0 0 0 0 0 0 0 0 0 0 0 0 0 0 0 0 0 0 644439 0 644452 0 0 0 0 0 0 0 0 0 0 0 0 0 0 0 0 0 0 0 0 0 0 0 0 0 
644840 644860 644810 644812 644880 644868 644810 644816 644774 644758 644860 644894 644900 644910 644784 644772 644844 644892 644900 644882 644935 644864 644866 644766 644712 644744 644818 644950 644892 644895 644752 644744 644732 644716 644728 644718 644794 644792 644802 644806 644907 644875 644881 644790 644730 644746 644724 644710 644654 644712 644732 644758 644780 644770 644790 644758 644732 644857 644922 644855 644854 644712 644678 644660 644656 644636 644668 644726 644730 644756 644738 644732 644720 644734 644864 644877 644838 644848 644854 644774 644662 644652 644666 644636 644588 644674 644722 644702 644704 644810 644843 644890 644870 644846 644852 644804 644828 644837 644672 644606 644622 644624 644564 644594 644656 644676 644668 644674 644664 644666 644638 644712 644702 644787 644844 644867 644889 644874 644832 644848 644792 644815 644812 644778 644584 644578 644554 644570 
644995 644997 644953 644967 644981 645011 644941 644935 644929 644913 644907 644959 645001 645055 644915 644903 644909 644939 644947 644929 645009 644993 644997 644861 644867 644881 644865 645047 645145 645091 644835 644839 644839 644823 644859 644849 644859 644839 644849 644853 644965 645161 645119 644873 644813 644829 644807 644817 644797 644813 644797 644823 644827 644817 644837 644805 644779 644913 645103 645123 645077 644783 644785 644791 644775 644755 644769 644791 644777 644803 644785 644779 644767 644781 644927 645137 645097 645041 644981 644845 644733 644735 644749 644731 644743 644739 644769 644749 644751 644867 644909 644987 644955 645087 645093 645063 645075 645087 644743 644677 644693 644695 644695 644731 644721 644723 644715 644721 644711 644713 644685 644759 644749 644845 645007 645033 645053 645043 645037 645053 645015 645041 645037 644869 644679 644673 644685 644671 
0 0 644752 0 0 0 644741 0 644632 644592 644558 644688 644789 0 644676 0 0 0 0 0 644793 0 644870 0 644477 644493 644453 0 0 645009 644476 0 644486 644446 644536 0 0 0 644413 644423 0 0 644998 0 644421 0 0 0 644362 0 644283 0 0 644333 0 0 644238 0 644823 0 644888 0 0 0 0 644276 0 0 0 0 0 0 0 0 0 0 0 0 644774 644494 644221 0 644261 0 0 0 0 0 0 0 644523 0 0 0 0 0 644768 0 644246 644081 644121 0 644126 0 0 0 0 0 644068 644073 644003 0 0 0 0 0 0 0 0 644634 0 0 0 0 0 0 0 0 
0 0 0 0 0 0 0 0 0 0 0 0 0 0 0 0 0 0 0 0 0 0 0 0 0 0 0 0 0 0 642213 0 0 0 0 0 0 0 0 0 0 0 0 0 0 0 0 0 0 0 0 0 0 0 0 0 0 0 0 0 0 0 0 0 0 0 0 0 0 0 0 0 0 0 0 0 0 0 0 642158 0 0 0 0 0 0 0 0 0 0 0 0 0 0 0 0 0 0 0 0 642183 0 642111 0 0 0 0 0 0 0 0 0 0 0 0 0 0 0 0 0 0 0 0 0 0 0 0 0 
642672 642672 642669 642664 642668 642644 642672 642672 642627 642611 642672 642666 642648 642618 642661 642649 642661 642662 642654 642672 642616 642614 642634 642670 642565 642585 642672 642578 642534 642564 642657 642656 642633 642617 642605 642595 642611 642615 642649 642672 642612 642500 642536 642649 642642 642654 642636 642611 642519 642541 642549 642575 642603 642664 642661 642672 642669 642616 642522 642460 642530 642623 642579 642537 642545 642525 642497 642543 642553 642603 642633 642627 642615 642672 642602 642480 642434 642542 642577 642605 642586 642564 642578 642548 642441 642491 642569 642621 642647 642614 642596 642566 642574 642430 642436 642400 642436 642472 642599 642566 642570 642536 642441 642435 642473 642571 642587 642593 642607 642657 642670 642650 642660 642612 642522 642520 642468 642434 642404 642420 642424 642499 642493 642545 642496 642490 642431 642399 
0 0 0 0 0 0 0 0 644395 0 644219 0 644192 0 0 0 0 0 0 0 0 0 0 0 0 0 644135 0 0 0 644367 0 644480 0 0 0 0 0 0 644075 0 0 0 0 0 0 0 0 0 0 0 0 0 0 0 0 644037 0 0 0 0 0 0 0 0 0 0 0 0 0 0 0 0 0 0 0 0 0 0 644121 0 0 0 0 0 0 0 0 0 0 0 0 0 0 0 0 0 0 644011 0 644149 0 644100 0 0 0 0 0 0 643966 0 0 0 0 0 0 0 0 0 0 0 0 0 0 0 0 0 0 
0 0 643832 0 0 0 643838 0 643838 643830 643651 643634 643634 0 643873 0 0 0 0 0 643534 0 643727 0 643761 643755 643570 0 0 643563 643818 0 643897 643893 643870 0 0 0 643656 643510 0 0 643507 0 643844 0 0 0 643717 0 643629 0 0 643568 0 0 643483 0 643346 0 643539 0 0 0 0 643770 0 0 0 0 0 0 0 0 0 0 0 0 643604 643660 643803 0 643814 0 0 0 0 0 0 0 643314 0 0 0 0 0 643307 0 643636 643720 643756 0 643607 0 0 0 0 0 643500 643432 643336 0 0 0 0 0 0 0 0 643178 0 0 0 0 0 0 0 0 
0 0 638510 0 0 0 0 0 638594 0 638438 0 638370 0 638538 0 0 0 0 0 0 0 0 0 0 638613 638395 0 0 0 638391 0 638551 0 638623 0 0 0 638494 638340 0 0 0 0 0 0 0 0 0 0 0 0 0 0 0 0 638320 0 638106 0 0 0 0 0 0 638562 0 0 0 0 0 0 0 0 0 0 0 0 0 638203 0 0 638515 0 0 0 0 0 0 0 638144 0 0 0 0 0 0 0 638155 638287 638339 0 638450 0 0 0 0 0 638432 638284 0 0 0 0 0 0 0 0 0 0 0 0 0 0 0 0 0 0 
0 0 641862 0 0 641804 641862 0 641898 641914 641794 641778 641772 0 641888 0 0 0 0 641772 641728 0 641806 0 641927 641917 641764 0 0 641714 641829 0 641904 641920 641943 641948 0 641862 641816 641740 0 0 641672 0 641851 0 0 0 641906 0 641883 0 641872 641776 0 0 641742 641680 641603 0 641675 0 0 641936 0 641924 0 0 0 0 0 0 641826 641704 0 0 641507 641681 641723 641723 641835 641914 641907 0 641816 0 641869 641808 0 0 641648 641633 0 0 0 0 641522 0 641681 641747 641779 641882 641840 0 0 641846 0 0 641810 641736 641692 641654 641664 641640 641555 641564 0 641471 641438 641462 641516 0 0 0 641872 0 641830 0 
644970 644986 644964 644998 645002 644906 644928 644886 645036 645052 645074 645024 644982 644928 644954 644966 645074 645042 645034 645052 644974 644828 644872 644864 645072 645096 645020 644936 644820 644826 644842 644886 644934 644950 645010 645020 645124 645142 645084 644984 644968 644786 644798 644804 644864 644848 644870 644956 645002 645096 645128 645144 645154 645020 645048 644936 644962 644924 644880 644746 644744 644750 644976 644996 644980 644960 645052 645122 645154 645130 645052 645058 645070 644912 644910 644790 644720 644732 644744 644736 644848 644928 644928 644936 644948 645070 645142 645040 644990 644874 644880 644898 644882 644740 644746 644686 644698 644710 644694 644760 644792 644900 644900 644966 645052 645094 645070 645068 645030 644932 644864 644838 644848 644848 644830 644852 644848 644792 644738 644754 644638 644666 644660 644664 644884 644878 644890 644954 
0 0 644773 0 0 0 644719 0 644881 644894 644914 644848 644797 0 644758 0 0 0 0 0 644773 0 644635 0 644848 644904 644911 0 0 644566 644590 0 644728 644750 644816 0 0 645012 644989 644869 0 0 644524 0 644623 0 0 0 644757 0 644925 0 645003 644923 0 0 644860 644779 644632 0 644443 0 0 0 0 644694 0 0 0 0 0 0 644994 0 0 0 0 0 644443 644431 644599 644644 644658 0 644676 0 644993 644965 0 0 644725 0 0 0 0 0 644374 0 644368 644467 644515 0 644604 0 0 644953 0 0 644941 644827 644725 0 0 0 0 0 0 0 0 644455 644284 0 0 0 0 0 0 0 
0 0 642265 0 0 0 0 0 642257 0 642445 0 642340 0 642219 0 0 0 0 0 0 0 0 0 0 642251 642475 0 0 0 642085 0 642119 0 0 0 0 0 642453 642459 0 0 0 0 0 0 0 0 0 0 0 0 0 0 0 0 642414 0 0 0 0 0 0 0 0 642047 0 0 0 0 0 0 0 0 0 0 0 0 0 641971 0 0 642005 0 0 0 0 0 0 0 0 0 0 0 0 0 0 0 641900 641873 641901 0 641999 0 0 0 0 0 642350 642352 0 0 0 0 0 0 0 0 0 0 0 0 0 0 0 0 0 0 
0 0 0 0 0 0 0 0 642768 0 0 0 642666 0 0 0 0 0 0 0 0 0 0 0 0 0 642706 0 0 0 642718 0 0 0 0 0 0 0 0 642694 0 0 0 0 0 0 0 0 0 0 0 0 0 0 0 0 642720 0 0 0 0 0 0 0 0 0 0 0 0 0 0 0 0 0 0 0 0 0 0 642660 0 0 0 0 0 0 0 0 0 0 0 0 0 0 0 0 0 0 642690 0 642764 0 642954 0 0 0 0 0 0 642738 0 0 0 0 0 0 0 0 0 0 0 0 0 0 0 0 0 0 
644994 645026 644952 644966 645058 645010 644940 644934 644928 644912 645080 645084 645078 645084 644914 644902 645034 645112 645120 645102 645134 644992 644996 644860 644866 644910 645066 645112 644996 645002 644834 644838 644838 644822 644858 644848 644984 645012 645050 645054 645166 644962 644974 644872 644812 644828 644806 644816 644796 644890 644922 644948 645000 645018 645038 645006 644980 645114 645056 644922 644920 644782 644784 644790 644774 644754 644846 644916 644950 645004 644986 644980 644968 644982 645116 644966 644896 644908 644920 644844 644732 644734 644748 644730 644742 644864 644970 644950 644952 645068 645086 645104 645088 644916 644922 644862 644874 644886 644742 644676 644692 644694 644694 644760 644846 644924 644916 644922 644912 644914 644886 644960 644950 645046 645036 645058 645026 644968 644914 644930 644814 644842 644836 644840 644678 644672 644684 644748 
644942 644974 644900 644914 644984 644958 644888 644882 644876 644860 644910 644962 645004 645032 644862 644850 644912 644942 644950 644932 645012 644940 644944 644808 644814 644858 644868 645050 645092 645038 644782 644786 644786 644770 644806 644796 644862 644842 644852 644856 644968 645126 645066 644820 644760 644776 644754 644764 644744 644816 644800 644826 644830 644820 644840 644808 644782 644916 645106 645120 645024 644730 644732 644738 644722 644702 644772 644794 644780 644806 644788 644782 644770 644784 644930 645164 645094 644988 644928 644792 644680 644682 644696 644678 644690 644742 644772 644752 644754 644870 644912 644990 644958 645114 645120 645060 645072 645084 644690 644624 644640 644642 644642 644708 644724 644726 644718 644724 644714 644716 644688 644762 644752 644848 645010 645036 645106 645096 645090 645106 645012 645006 645012 644816 644626 644620 644632 644674 
0 0 644541 0 0 0 644560 0 644397 644357 644367 644497 644590 0 644495 0 0 0 0 0 644622 0 644700 0 644242 644266 644262 0 0 644816 644321 0 644329 644289 644355 0 0 0 644222 644232 0 0 644832 0 644266 0 0 0 644151 0 644092 0 0 644142 0 0 644047 0 644691 0 644770 0 0 0 0 644107 0 0 0 0 0 0 0 0 0 0 0 0 644637 644346 644066 0 644106 0 0 0 0 0 0 0 644350 0 0 0 0 0 644663 0 644091 643926 643966 0 643945 0 0 0 0 0 643877 643882 643812 0 0 0 0 0 0 0 0 644537 0 0 0 0 0 0 0 0 
642696 642688 642699 642682 642676 642700 642717 642738 642663 642655 642643 642663 642666 642663 642704 642698 642644 642649 642645 642654 642638 642709 642707 642749 642632 642630 642622 642619 642633 642660 642760 642738 642714 642706 642676 642671 642619 642609 642614 642616 642612 642616 642646 642769 642749 642757 642746 642703 642621 642596 642588 642601 642603 642598 642608 642592 642579 642590 642591 642596 642667 642756 642687 642642 642658 642648 642574 642585 642578 642591 642582 642579 642573 642580 642583 642594 642583 642685 642715 642757 642731 642710 642717 642684 642570 642559 642574 642564 642565 642565 642568 642577 642569 642569 642572 642566 642596 642626 642736 642703 642711 642712 642594 642555 642550 642551 642547 642550 642545 642546 642531 642547 642552 642552 642543 642554 642552 642547 642544 642552 642614 642676 642673 642721 642658 642655 642589 642525 
0 0 640207 0 0 0 640237 0 640144 640128 640023 640045 640072 0 640248 0 0 0 0 0 640009 0 640207 0 640082 640066 639948 0 0 640101 640315 0 640294 640278 640194 0 0 0 639986 639906 0 0 640073 0 640317 0 0 0 640072 0 639958 0 0 639924 0 0 639847 0 639915 0 640139 0 0 0 0 640150 0 0 0 0 0 0 0 0 0 0 0 0 640224 640279 640278 0 640253 0 0 0 0 0 0 0 639809 0 0 0 0 0 639973 0 640258 640258 640262 0 640030 0 0 0 0 0 639800 639778 639702 0 0 0 0 0 0 0 0 639849 0 0 0 0 0 0 0 0 
644771 644747 644795 644771 644723 644795 644819 644843 644751 644735 644675 644699 644723 644747 644819 644819 644699 644675 644675 644675 644699 644843 644819 644889 644689 644685 644627 644699 644771 644795 644889 644889 644853 644837 644777 644767 644663 644643 644651 644603 644651 644771 644795 644889 644889 644889 644889 644831 644667 644617 644601 644627 644631 644603 644627 644555 644555 644603 644699 644771 644843 644859 644799 644709 644741 644721 644573 644595 644581 644607 644589 644583 644571 644531 644603 644747 644771 644867 644889 644883 644859 644819 644833 644791 644565 644543 644573 644553 644555 644555 644579 644627 644603 644747 644747 644771 644795 644819 644811 644803 644819 644803 644613 644535 644525 644527 644519 644525 644515 644507 644459 644483 644483 644531 644603 644627 644675 644699 644723 644723 644843 644889 644889 644859 644739 644733 644603 644475 
642910 642902 642928 642938 642894 642870 642916 642898 642944 642936 642920 642892 642874 642844 642942 642954 642942 642888 642880 642898 642842 642840 642860 642924 642892 642912 642914 642804 642760 642790 642926 642946 642947 642939 642932 642922 642936 642938 642954 642902 642838 642726 642762 642888 642948 642932 642954 642936 642846 642868 642876 642902 642930 642938 642942 642902 642928 642842 642748 642686 642756 642892 642906 642864 642872 642852 642824 642870 642880 642930 642947 642944 642938 642902 642828 642706 642660 642768 642804 642866 642940 642904 642918 642876 642768 642818 642896 642941 642954 642840 642822 642792 642800 642656 642662 642626 642662 642698 642860 642912 642920 642888 642768 642762 642800 642898 642914 642920 642934 642946 642926 642876 642886 642838 642748 642746 642694 642660 642630 642646 642650 642726 642720 642806 642824 642818 642758 642726 
643114 643106 643132 643142 643098 643074 643120 643102 643180 643182 643124 643096 643078 643048 643146 643158 643146 643092 643084 643102 643046 643044 643064 643092 643164 643182 643118 643008 642964 642994 643070 643114 643162 643170 643182 643182 643182 643182 643158 643106 643042 642930 642966 643032 643092 643076 643098 643170 643118 643140 643148 643174 643182 643142 643146 643106 643132 643046 642952 642890 642960 642978 643166 643136 643144 643124 643096 643142 643152 643182 643174 643180 643182 643106 643032 642910 642864 642960 642972 642964 643074 643116 643122 643112 643040 643090 643168 643182 643160 643044 643026 642996 643004 642860 642866 642830 642866 642902 642922 642988 643020 643076 643040 643034 643072 643170 643182 643182 643182 643150 643130 643080 643090 643042 642952 642950 642898 642864 642834 642850 642854 642894 642888 642892 643060 643054 643030 642998 
0 0 644774 0 0 0 644744 0 644830 644846 644726 644710 644704 0 644770 0 0 0 0 0 644660 0 644688 0 644876 644860 644696 0 0 644636 644658 0 644750 644766 644826 0 0 0 644748 644672 0 0 644608 0 644680 0 0 0 644868 0 644840 0 0 644708 0 0 644674 0 644566 0 644560 0 0 0 0 644826 0 0 0 0 0 0 0 0 0 0 0 0 644560 644552 644664 0 644744 0 0 0 0 0 0 0 644580 0 0 0 0 0 644508 0 644510 644576 644608 0 644833 0 0 0 0 0 644742 644668 644624 0 0 0 0 0 0 0 0 644476 0 0 0 0 0 0 0 0 
645002 645014 644996 645030 645006 644938 644960 644918 645068 645084 645002 644998 644986 644956 644986 644998 645048 644970 644962 644980 644948 644860 644904 644896 645112 645130 644948 644910 644852 644858 644874 644918 644966 644982 645042 645052 645098 645070 645012 644912 644896 644818 644830 644836 644896 644880 644902 644988 645074 645132 645126 645126 645082 644948 644976 644864 644890 644852 644854 644778 644776 644782 645016 645064 645040 645032 645096 645126 645102 645058 644980 644986 644998 644840 644838 644818 644752 644764 644776 644768 644880 644968 644960 644992 645020 645084 645078 644968 644918 644802 644808 644826 644810 644768 644774 644718 644730 644742 644726 644792 644824 644944 644972 645034 645066 645030 645002 644996 644958 644860 644792 644766 644776 644776 644758 644780 644776 644766 644742 644758 644670 644698 644692 644696 644956 644950 644962 644998 
0 0 644577 0 0 0 644505 0 644714 644738 644680 644636 644599 0 644557 0 0 0 0 0 644536 0 644393 0 644774 644822 644622 0 0 644301 644333 0 644513 644537 644651 0 0 0 644726 644574 0 0 644245 0 644377 0 0 0 644682 0 644856 0 0 644646 0 0 644556 0 644348 0 644137 0 0 0 0 644595 0 0 0 0 0 0 0 0 0 0 0 0 644137 644121 644336 0 644480 0 0 0 0 0 0 0 644390 0 0 0 0 0 644045 0 644037 644168 644228 0 644515 0 0 0 0 0 644675 644496 644360 0 0 0 0 0 0 0 0 644143 0 0 0 0 0 0 0 0 
645037 645053 645031 645065 645069 644973 644995 644953 645103 645109 645069 645065 645049 644995 645021 645033 645115 645037 645029 645047 645015 644895 644939 644931 645077 645121 645015 644977 644887 644893 644909 644953 645001 645013 645061 645059 645155 645131 645079 644979 644963 644853 644865 644871 644931 644915 644937 645013 645007 645101 645107 645133 645131 645015 645043 644931 644957 644919 644921 644813 644811 644817 644995 645001 644985 644965 645057 645101 645087 645107 645047 645053 645059 644907 644905 644857 644787 644799 644811 644803 644915 644945 644959 644941 644953 645049 645079 645035 644985 644869 644875 644893 644877 644807 644813 644753 644765 644777 644761 644827 644859 644905 644905 644971 645031 645033 645025 645031 645011 644927 644859 644833 644843 644843 644825 644847 644843 644833 644805 644821 644705 644733 644727 644731 644889 644883 644895 644959 
0 0 644774 0 0 0 644720 0 644878 644883 644873 644835 644788 0 644759 0 0 0 0 0 644760 0 644636 0 644859 644914 644816 0 0 644567 644591 0 644729 644739 644811 0 0 644958 644900 644774 0 0 644525 0 644624 0 0 0 644777 0 644922 0 644958 644828 0 0 644765 644684 644619 0 644444 0 0 0 0 644711 0 0 0 0 0 0 644886 0 0 0 0 0 644444 644432 644592 644655 644667 0 644711 0 644914 644860 0 0 644630 0 0 0 0 0 644375 0 644369 644468 644516 0 644639 0 0 644868 0 0 644838 644744 644642 0 0 0 0 0 0 0 0 644446 644285 0 0 0 0 0 0 0 
0 0 642649 0 0 0 642637 0 642674 642674 642641 642613 642595 0 642663 0 0 0 0 0 642563 0 642581 0 642674 642674 642635 0 0 642511 642647 0 642674 642674 642674 0 0 0 642674 642623 0 0 642483 0 642669 0 0 0 642674 0 642674 0 0 642659 0 0 642649 0 642469 0 642477 0 0 0 0 642674 0 0 0 0 0 0 0 0 0 0 0 0 642525 642589 642674 0 642674 0 0 0 0 0 0 0 642543 0 0 0 0 0 642383 0 642619 642674 642674 0 642674 0 0 0 0 0 642674 642633 642565 0 0 0 0 0 0 0 0 642367 0 0 0 0 0 0 0 0 
0 644893 644871 644905 644909 644813 644835 644793 644915 644899 644983 644931 644889 0 644861 0 0 644951 0 644961 644881 644735 644779 0 644853 644897 645001 0 0 644733 644749 0 644825 644809 644845 644835 0 644999 645041 644989 0 0 644705 0 644771 0 0 0 644783 0 644909 0 644987 645025 645029 0 645015 644929 644787 644653 644651 0 0 644777 0 644741 0 0 0 0 0 0 645023 644989 0 0 644627 644639 644651 644643 644719 644721 644735 0 644729 0 644977 645029 0 0 644909 644879 0 644647 0 0 644605 0 644601 644663 644679 644681 644681 0 0 644979 0 0 645015 645033 645013 644963 644973 644925 644835 644833 644757 644699 644645 644661 644545 0 0 0 644665 0 644671 644735 
644917 644949 644875 644889 644981 644925 644863 644857 644851 644835 645003 645007 644997 644973 644837 644825 644957 645035 645043 645025 645021 644875 644901 644783 644789 644833 645057 644983 644867 644873 644757 644761 644761 644745 644781 644771 644907 644935 644993 645093 645065 644833 644845 644795 644735 644751 644729 644739 644719 644813 644845 644871 644923 645057 645029 645121 645095 645117 644927 644793 644791 644705 644707 644713 644697 644677 644769 644839 644873 644947 645025 645019 645007 645111 645103 644837 644767 644779 644791 644757 644655 644657 644671 644653 644665 644787 644913 645037 645067 645143 645121 645043 645075 644787 644793 644733 644745 644757 644665 644599 644615 644617 644617 644683 644769 644963 645003 645009 645027 645043 645015 645087 645079 645131 645023 644997 644897 644839 644785 644801 644685 644713 644707 644711 644601 644595 644607 644671 
0 0 0 0 0 0 0 0 642342 0 0 0 642333 0 0 0 0 0 0 0 0 0 0 0 0 0 642489 0 0 0 642216 0 0 0 0 0 0 0 0 642495 0 0 0 0 0 0 0 0 0 0 0 0 0 0 0 0 642556 0 0 0 0 0 0 0 0 0 0 0 0 0 0 0 0 0 0 0 0 0 0 642084 0 0 0 0 0 0 0 0 0 0 0 0 0 0 0 0 0 0 642057 0 642106 0 642108 0 0 0 0 0 0 642506 0 0 0 0 0 0 0 0 0 0 0 0 0 0 0 0 0 0 
0 0 644447 0 0 0 644423 0 644399 644367 644689 644704 644676 0 644371 0 0 0 0 0 644717 0 644484 0 644275 644363 644739 0 0 644467 644211 0 644219 644187 644259 0 0 0 644645 644762 0 0 644411 0 644167 0 0 0 644135 0 644386 0 0 644691 0 0 644683 644790 644574 0 644303 0 0 0 0 644051 0 0 0 0 0 0 0 0 0 0 0 0 644303 644196 644007 644011 644039 0 0 0 0 644598 0 0 644775 0 0 0 0 0 644211 0 644024 643895 643927 0 643931 0 0 644503 0 0 644547 644599 644589 0 0 0 0 0 0 0 0 644323 644091 0 0 0 0 0 0 0 
0 0 644163 0 0 0 0 0 644067 0 644215 0 644370 0 644104 0 0 0 0 0 0 0 0 0 0 643986 644140 0 0 0 644048 0 643986 0 643964 0 0 0 644094 644110 0 0 0 0 0 0 0 0 0 0 0 0 0 0 0 0 643925 0 644562 0 0 0 0 0 0 643740 0 0 0 0 0 0 0 0 0 0 0 0 0 644123 0 0 643833 0 0 0 0 0 0 0 644248 0 0 0 0 0 0 0 643868 643703 643743 0 643554 0 0 0 0 0 643755 643760 0 0 0 0 0 0 0 0 0 0 0 0 0 0 0 0 0 0 
0 644721 644680 644675 644721 644767 644686 644679 644618 644594 644623 644701 644751 0 644647 0 0 644671 0 644656 644776 644766 644770 0 644525 644547 644560 0 0 644887 644529 0 644535 644511 644563 644548 0 644521 644536 644542 0 0 644929 0 644496 0 0 0 644446 0 644458 0 644503 644488 644518 0 644431 644632 644917 645014 644892 0 0 644461 0 644409 0 0 0 0 0 0 644413 644434 0 0 645001 644838 644748 644544 644376 644379 644400 0 644339 0 644416 644386 0 0 644626 644743 0 644991 0 0 644992 0 644391 644292 644316 644319 644317 0 0 644347 0 0 644329 644332 644290 644401 644386 644530 644773 644812 644939 644958 644959 644974 644940 0 0 0 644295 0 644302 644256 
0 0 644442 0 0 0 644508 0 644286 644246 644272 644381 644453 0 644443 0 0 0 0 0 644481 0 644625 0 644131 644145 644167 0 0 644711 644348 0 644334 644294 644303 0 0 0 644127 644135 0 0 644749 0 644293 0 0 0 644052 0 643983 0 0 644047 0 0 643952 0 644590 0 644791 0 0 0 0 644112 0 0 0 0 0 0 0 0 0 0 0 0 644639 644364 644103 0 644133 0 0 0 0 0 0 0 644233 0 0 0 0 0 644567 0 644124 643963 644003 0 643893 0 0 0 0 0 643782 643787 643717 0 0 0 0 0 0 0 0 644419 0 0 0 0 0 0 0 0 
644991 644959 645023 644989 644927 644975 645045 645051 644951 644935 644905 644901 644907 644901 645033 645021 644913 644873 644865 644883 644851 644993 644989 645119 644889 644885 644851 644813 644841 644895 645119 645099 645053 645037 644977 644967 644863 644843 644853 644815 644799 644807 644867 645087 645097 645113 645091 645031 644867 644817 644801 644827 644831 644821 644841 644767 644783 644755 644757 644767 644909 645105 644999 644909 644941 644921 644773 644795 644781 644807 644789 644783 644771 644743 644741 644763 644741 644945 645003 645067 645065 645019 645033 644991 644765 644743 644773 644753 644755 644705 644711 644729 644713 644713 644719 644707 644767 644827 645067 645051 645067 645003 644813 644735 644725 644727 644719 644725 644715 644717 644689 644669 644679 644679 644661 644683 644679 644669 644663 644679 644803 644925 644919 645019 644939 644933 644803 644675 
644945 644913 644987 644973 644881 644929 644999 645005 645011 645027 644859 644855 644861 644855 645025 645037 644905 644827 644819 644837 644805 644947 644943 645077 645047 645029 644805 644767 644795 644849 645057 645099 645101 645117 645081 645091 644955 644927 644869 644769 644753 644761 644821 645019 645079 645063 645085 645123 645025 644975 644959 644985 644939 644805 644833 644721 644747 644709 644711 644721 644863 644965 645155 645067 645099 645079 644931 644953 644939 644915 644837 644843 644855 644697 644695 644717 644695 644899 644957 644951 645063 645155 645143 645149 644923 644901 644931 644825 644775 644659 644665 644683 644667 644667 644673 644661 644721 644781 644909 644975 645007 645115 644971 644893 644883 644885 644859 644853 644815 644717 644649 644623 644633 644633 644615 644637 644633 644623 644617 644633 644757 644879 644873 644879 645097 645091 644961 644833 
0 0 644707 0 0 644620 644700 0 644751 644767 644576 644558 644555 0 644739 0 0 0 0 644543 644483 0 644616 0 644804 644769 644519 0 0 644500 644627 0 644754 644770 644807 644817 0 644667 644603 644477 0 0 644458 0 644660 0 0 0 644780 0 644724 0 644679 644531 0 0 644468 644387 644342 0 644448 0 0 644818 0 644788 0 0 0 0 0 0 644595 644405 0 0 644282 644453 644480 644468 644629 644747 644733 0 644640 0 644684 644565 0 0 644333 644336 0 0 0 0 644308 0 644405 644504 644549 644714 644674 0 0 644636 0 0 644555 644447 644369 644318 644333 644309 644246 644267 0 644210 644189 644213 644289 0 0 0 644706 0 644659 0 
644960 644928 645002 644988 644896 644944 645014 645020 645026 645042 644874 644870 644876 644870 645040 645052 644920 644842 644834 644852 644820 644962 644958 645042 645078 645044 644820 644782 644810 644864 645020 645064 645112 645128 645096 645106 644970 644942 644884 644784 644768 644776 644836 644982 645042 645026 645048 645134 645062 645012 644996 645006 644954 644820 644848 644736 644762 644724 644726 644736 644878 644928 645166 645104 645136 645116 644968 644990 644976 644930 644852 644858 644870 644712 644710 644732 644710 644910 644922 644914 645026 645120 645106 645136 644960 644938 644958 644840 644790 644674 644680 644698 644682 644682 644688 644676 644736 644796 644872 644938 644970 645098 645008 644930 644920 644910 644874 644868 644830 644732 644664 644638 644648 644648 644630 644652 644648 644638 644632 644648 644772 644844 644838 644842 645084 645078 644998 644870 
0 0 644731 0 0 0 0 0 644707 0 644611 0 644659 0 644755 0 0 0 0 0 0 0 0 0 0 644683 644563 0 0 0 644731 0 644765 0 0 0 0 0 644587 644539 0 0 0 0 0 0 0 0 0 0 0 0 0 0 0 0 644491 0 0 0 0 0 0 0 0 644765 0 0 0 0 0 0 0 0 0 0 0 0 0 644683 0 0 644731 0 0 0 0 0 0 0 0 0 0 0 0 0 0 0 644611 644611 644635 0 644703 0 0 0 0 0 644491 644443 0 0 0 0 0 0 0 0 0 0 0 0 0 0 0 0 0 0 
644975 644967 644969 645003 644939 644911 644933 644891 645041 645057 644917 644913 644919 644909 644959 644971 644963 644885 644877 644895 644863 644833 644877 644869 645103 645083 644863 644825 644825 644831 644847 644891 644939 644955 645015 645025 645013 644985 644927 644827 644811 644791 644803 644809 644869 644853 644875 644961 645125 645107 645075 645049 644997 644863 644891 644779 644805 644767 644769 644751 644749 644755 644993 645083 645051 645071 645137 645081 645047 644973 644895 644901 644913 644755 644753 644771 644725 644737 644749 644741 644853 644947 644933 644999 645105 645111 645007 644883 644833 644717 644723 644741 644725 644721 644727 644691 644703 644715 644699 644765 644797 644939 645057 645099 645093 644957 644917 644911 644873 644775 644707 644681 644691 644691 644673 644695 644691 644681 644675 644691 644643 644671 644665 644669 645037 645035 645047 645043 
645012 645028 645006 645040 645042 644948 644970 644928 645078 645094 645046 645040 645022 644970 644996 645008 645090 645014 645006 645024 644990 644870 644914 644906 645100 645130 644992 644952 644862 644868 644884 644928 644976 644992 645052 645058 645140 645114 645056 644956 644940 644828 644840 644846 644906 644890 644912 644998 645030 645122 645130 645152 645126 644992 645020 644908 644934 644896 644896 644788 644786 644792 645010 645024 645008 644988 645078 645124 645112 645102 645024 645030 645042 644884 644882 644832 644762 644774 644786 644778 644890 644962 644962 644964 644976 645072 645104 645012 644962 644846 644852 644870 644854 644782 644788 644728 644740 644752 644736 644802 644834 644928 644928 644994 645054 645058 645034 645034 645002 644904 644836 644810 644820 644820 644802 644824 644820 644808 644778 644794 644680 644708 644702 644706 644912 644906 644918 644980 
644985 645001 644979 645013 645017 644921 644943 644901 645051 645067 645063 645037 644997 644943 644969 644981 645087 645031 645023 645041 644987 644843 644887 644879 645083 645117 645009 644949 644835 644841 644857 644901 644949 644965 645025 645035 645137 645131 645073 644973 644957 644801 644813 644819 644879 644863 644885 644971 645013 645107 645137 645163 645143 645009 645037 644925 644951 644913 644893 644761 644759 644765 645001 645007 644991 644971 645063 645131 645139 645119 645041 645047 645059 644901 644899 644805 644735 644747 644759 644751 644863 644951 644943 644947 644959 645079 645131 645029 644979 644863 644869 644887 644871 644755 644761 644701 644713 644725 644709 644775 644807 644911 644911 644977 645061 645085 645063 645057 645019 644921 644853 644827 644837 644837 644819 644841 644837 644805 644753 644769 644653 644681 644675 644679 644895 644889 644901 644965 
644939 644955 644933 644967 644971 644875 644897 644855 645005 645021 645045 644993 644951 644897 644923 644935 645043 645013 645005 645023 644943 644797 644841 644833 645035 645061 645057 644905 644789 644795 644811 644855 644903 644919 644979 644989 645093 645113 645099 645021 644983 644755 644767 644773 644833 644817 644839 644925 644965 645059 645091 645109 645125 645057 645085 644973 644999 644961 644849 644715 644713 644719 644941 644959 644943 644923 645015 645085 645119 645145 645089 645095 645107 644949 644947 644759 644689 644701 644713 644705 644817 644893 644893 644899 644911 645033 645153 645077 645027 644911 644917 644935 644919 644709 644715 644655 644667 644679 644663 644729 644761 644863 644863 644929 645015 645127 645103 645103 645067 644969 644901 644875 644885 644885 644867 644889 644819 644761 644707 644723 644607 644635 644629 644633 644847 644841 644853 644917 
644929 644945 644923 644957 644961 644865 644887 644845 644979 644979 645035 644983 644941 644887 644913 644925 645033 645003 644995 645013 644933 644787 644831 644823 644943 644987 645077 644895 644779 644785 644801 644845 644883 644883 644931 644925 645051 645075 645093 645087 644977 644745 644757 644763 644823 644807 644829 644883 644873 644967 644999 645025 645075 645123 645105 645065 645091 645027 644839 644705 644703 644709 644861 644867 644851 644831 644923 644993 645027 645099 645145 645145 645145 645041 645013 644749 644679 644691 644703 644695 644787 644811 644825 644807 644819 644941 645067 645145 645119 645003 645007 644955 644985 644699 644705 644645 644657 644669 644653 644715 644739 644771 644771 644837 644923 645115 645131 645137 645123 645061 644993 644967 644977 644977 644933 644909 644809 644751 644697 644713 644597 644625 644619 644623 644755 644749 644761 644825 
644900 644916 644894 644928 644932 644836 644858 644816 644966 644982 645006 644954 644912 644858 644884 644896 645004 644974 644966 644984 644904 644758 644802 644794 644970 645014 645048 644866 644750 644756 644772 644816 644864 644880 644940 644948 645054 645074 645064 645060 644948 644716 644728 644734 644794 644778 644800 644886 644900 644994 645026 645052 645086 645096 645076 645038 645064 645000 644810 644676 644674 644680 644888 644894 644878 644858 644950 645020 645054 645110 645128 645134 645146 645014 644986 644720 644650 644662 644674 644666 644778 644838 644852 644834 644846 644968 645094 645142 645092 644976 644982 644926 644958 644670 644676 644616 644628 644640 644624 644690 644722 644798 644798 644864 644950 645144 645162 645166 645132 645034 644966 644940 644950 644950 644906 644880 644780 644722 644668 644684 644568 644596 644590 644594 644782 644776 644788 644852 
0 0 644830 0 0 0 644776 0 644934 644936 644998 644920 644857 0 644815 0 0 0 0 0 644845 0 644692 0 644903 644959 645051 0 0 644623 644647 0 644785 644795 644861 0 0 645082 645085 645001 0 0 644581 0 644680 0 0 0 644798 0 644987 0 645076 645055 0 0 644968 644911 644704 0 644500 0 0 0 0 644735 0 0 0 0 0 0 645112 0 0 0 0 0 644500 644488 644648 644703 644710 0 644717 0 645089 645075 0 0 644845 0 0 0 0 0 644431 0 644425 644524 644572 0 644645 0 0 645086 0 0 645036 644923 644821 0 0 0 0 0 0 0 0 644515 644341 0 0 0 0 0 0 0 
0 0 644673 0 0 644738 644655 0 644637 644613 644865 644871 644844 0 644616 0 0 0 0 644898 644864 0 644705 0 644544 644610 644946 0 0 644642 644496 0 644502 644478 644532 644517 0 644763 644850 645000 0 0 644600 0 644463 0 0 0 644439 0 644628 0 644745 644946 0 0 645033 645008 644723 0 644519 0 0 644430 0 644376 0 0 0 0 0 0 644871 645106 0 0 644483 644501 644519 644487 644343 644346 644367 0 644358 0 644730 644916 0 0 645014 644897 0 0 0 0 644450 0 644358 644259 644283 644286 644286 0 0 644805 0 0 644931 645022 644989 645084 645079 645108 644867 644828 0 644591 644510 644534 644360 0 0 0 644262 0 644271 0 
644930 644962 644888 644902 644994 644946 644876 644870 644864 644848 645016 645020 645014 645020 644850 644838 644970 645048 645056 645038 645070 644928 644932 644796 644802 644846 645068 645088 644994 644992 644770 644774 644774 644758 644794 644784 644920 644948 645006 645056 645122 644960 644972 644808 644748 644764 644742 644752 644732 644826 644858 644884 644936 645020 645040 645008 644982 645116 645054 644920 644918 644718 644720 644726 644710 644690 644782 644852 644886 644960 644988 644982 644970 644984 645130 644964 644894 644906 644896 644780 644668 644670 644684 644666 644678 644800 644926 644952 644954 645070 645110 645158 645134 644914 644920 644860 644872 644884 644678 644612 644628 644630 644630 644696 644782 644926 644918 644924 644914 644916 644888 644962 644952 645048 645100 645122 645024 644966 644912 644928 644812 644840 644834 644800 644614 644608 644620 644684 
644939 644969 644897 644911 644977 644955 644885 644879 644873 644857 644907 644959 644997 645027 644859 644847 644909 644939 644947 644929 645009 644937 644941 644805 644811 644853 644865 645047 645089 645035 644779 644783 644783 644767 644803 644793 644859 644839 644849 644853 644965 645123 645063 644817 644757 644773 644751 644761 644741 644809 644797 644823 644827 644817 644837 644805 644779 644913 645103 645123 645021 644727 644729 644735 644719 644699 644765 644791 644777 644803 644785 644779 644767 644781 644927 645161 645097 644985 644925 644789 644677 644679 644693 644675 644687 644739 644769 644749 644751 644867 644909 644987 644955 645115 645121 645063 645075 645087 644687 644621 644637 644639 644639 644703 644721 644723 644715 644721 644711 644713 644685 644759 644749 644845 645007 645033 645109 645099 645089 645105 645015 645003 645009 644813 644623 644617 644629 644667 
0 0 644706 0 0 644793 644688 0 644670 644646 644666 644744 644807 0 644649 0 0 0 0 644699 644819 0 644772 0 644577 644621 644603 0 0 644913 644529 0 644535 644511 644565 644550 0 644564 644579 644585 0 0 644955 0 644496 0 0 0 644472 0 644501 0 644546 644531 0 0 644474 644675 644960 0 644892 0 0 644463 0 644409 0 0 0 0 0 0 644456 644477 0 0 645110 644838 644748 644544 644376 644379 644400 0 644391 0 644459 644429 0 0 644669 644786 0 0 0 0 645075 0 644391 644292 644316 644319 644319 0 0 644390 0 0 644372 644375 644333 644444 644429 644573 644816 644855 0 645058 645079 645087 644997 0 0 0 644295 0 644304 0 
0 0 644859 0 0 644946 644913 0 644751 644727 644691 644769 644832 0 644874 0 0 0 0 644724 644824 0 644995 0 644658 644652 644628 0 0 644966 645010 0 644904 644880 644790 644775 0 644589 644604 644610 0 0 644924 0 644977 0 0 0 644625 0 644526 0 644571 644556 0 0 644499 644680 644759 0 644987 0 0 644688 0 644706 0 0 0 0 0 0 644481 644502 0 0 644735 645041 645127 645025 644857 644860 644881 0 644472 0 644484 644454 0 0 644654 644717 0 0 0 0 644774 0 644872 644773 644797 644800 644544 0 0 644415 0 0 644397 644400 644358 644469 644454 644574 644615 644648 0 644627 644618 644642 644828 0 0 0 644736 0 644529 0 
0 0 644365 0 0 0 644419 0 644221 644181 644248 644359 644423 0 644354 0 0 0 0 0 644463 0 644547 0 644066 644092 644145 0 0 644567 644407 0 644326 644286 644214 0 0 0 644105 644115 0 0 644523 0 644352 0 0 0 643975 0 643954 0 0 644025 0 0 643930 0 644399 0 644559 0 0 0 0 644038 0 0 0 0 0 0 0 0 0 0 0 0 644652 644441 644169 0 644192 0 0 0 0 0 0 0 644208 0 0 0 0 0 644307 0 644194 644029 644069 0 643804 0 0 0 0 0 643760 643765 643695 0 0 0 0 0 0 0 0 644195 0 0 0 0 0 0 0 0 
0 0 0 0 0 0 0 0 0 0 0 0 0 0 0 0 0 0 0 0 0 0 0 0 0 0 0 0 0 0 643073 0 0 0 0 0 0 0 0 0 0 0 0 0 0 0 0 0 0 0 0 0 0 0 0 0 0 0 0 0 0 0 0 0 0 0 0 0 0 0 0 0 0 0 0 0 0 0 0 643080 0 0 0 0 0 0 0 0 0 0 0 0 0 0 0 0 0 0 0 0 643024 0 642847 0 0 0 0 0 0 0 0 0 0 0 0 0 0 0 0 0 0 0 0 0 0 0 0 0 
0 0 644939 0 0 0 644939 0 644939 644939 644939 644915 644897 0 644939 0 0 0 0 0 644865 0 644883 0 644917 644937 644937 0 0 644813 644939 0 644939 644939 644939 0 0 0 644939 644925 0 0 644785 0 644939 0 0 0 644871 0 644901 0 0 644939 0 0 644891 0 644771 0 644779 0 0 0 0 644877 0 0 0 0 0 0 0 0 0 0 0 0 644827 644891 644939 0 644939 0 0 0 0 0 0 0 644821 0 0 0 0 0 644685 0 644871 644889 644913 0 644793 0 0 0 0 0 644891 644843 644795 0 0 0 0 0 0 0 0 644669 0 0 0 0 0 0 0 0 
0 0 644617 0 0 0 644641 0 644665 644697 644361 644353 644365 0 644693 0 0 0 0 0 644253 0 644529 0 644789 644701 644253 0 0 644341 644819 0 644845 644877 644805 0 0 0 644381 644181 0 0 644285 0 644863 0 0 0 644867 0 644675 0 0 644253 0 0 644137 644061 644065 0 644369 0 0 0 0 644969 0 0 0 0 0 0 0 0 0 0 0 0 644559 644670 644894 645019 644991 0 0 0 0 644293 0 0 643973 0 0 0 0 0 644085 0 644586 644718 644782 0 644782 0 0 644441 0 0 644273 644077 643941 0 0 0 0 0 0 0 0 643909 644157 0 0 0 0 0 0 0 
0 0 616091 0 0 0 0 0 616115 0 616087 0 616064 0 616098 0 0 0 0 0 0 0 0 0 0 616106 616084 0 0 0 616090 0 616112 0 0 0 0 0 616104 616078 0 0 0 0 0 0 0 0 0 0 0 0 0 0 0 0 616091 0 0 0 0 0 0 0 0 616076 0 0 0 0 0 0 0 0 0 0 0 0 0 616061 0 0 616109 0 0 0 0 0 0 0 0 0 0 0 0 0 0 0 616068 616101 616113 0 616034 0 0 0 0 0 616117 616100 0 0 0 0 0 0 0 0 0 0 0 0 0 0 0 0 0 0 
644885 644853 644927 644913 644821 644869 644939 644945 644951 644967 644799 644795 644801 644795 644965 644977 644845 644767 644759 644777 644745 644887 644883 645012 644999 644969 644745 644707 644735 644789 645014 645034 645041 645057 645021 645031 644895 644867 644809 644709 644693 644701 644761 644976 645036 645020 645042 645063 645022 644951 644927 644927 644879 644745 644773 644661 644687 644649 644651 644661 644803 644952 645095 645047 645071 645071 644933 644927 644903 644855 644777 644783 644795 644637 644635 644657 644635 644839 644892 644938 645050 645112 645100 645112 644925 644903 644879 644765 644715 644599 644605 644623 644607 644607 644613 644601 644661 644721 644896 644962 644994 645112 644973 644895 644885 644831 644799 644793 644755 644657 644589 644563 644573 644573 644555 644577 644573 644563 644557 644573 644697 644814 644808 644866 645094 645088 644963 644835 
0 0 644725 0 0 0 644692 0 644775 644799 644566 644560 644569 0 644731 0 0 0 0 0 644485 0 644608 0 644868 644814 644485 0 0 644518 644563 0 644701 644725 644815 0 0 644668 644581 644431 0 0 644476 0 644596 0 0 0 644959 0 644803 0 644686 644485 0 0 644398 644341 644344 0 644416 0 0 0 0 644899 0 0 0 0 0 0 644560 0 0 0 0 0 644416 644404 644572 644713 644692 0 645038 0 644701 644515 0 0 644275 0 0 0 0 0 644326 0 644341 644440 644488 0 645045 0 0 644626 0 0 644500 644353 644251 0 0 0 0 0 0 0 0 644227 644257 0 0 0 0 0 0 0 
644878 644894 644872 644906 644910 644814 644836 644794 644944 644960 644964 644932 644890 644836 644862 644874 644982 644932 644924 644942 644882 644736 644780 644772 645006 645010 644912 644844 644728 644734 644750 644794 644842 644858 644918 644928 645032 645032 644976 644876 644860 644694 644706 644712 644772 644756 644778 644864 645028 645078 645094 645068 645044 644912 644940 644828 644854 644816 644788 644654 644652 644658 644896 644986 644954 644974 645122 645100 645094 645022 644944 644950 644962 644804 644802 644698 644628 644640 644652 644644 644756 644850 644836 644902 645056 645152 645056 644932 644882 644766 644772 644790 644774 644648 644654 644594 644606 644618 644602 644668 644700 644842 645008 645074 645156 645006 644966 644960 644922 644824 644756 644730 644740 644740 644722 644744 644738 644700 644646 644662 644546 644574 644568 644572 644954 644960 644998 645062 
0 0 644580 0 0 0 644526 0 644688 644712 644721 644669 644607 0 644565 0 0 0 0 0 644594 0 644442 0 644728 644764 644703 0 0 644373 644397 0 644535 644559 644648 0 0 644823 644772 644661 0 0 644331 0 644430 0 0 0 644672 0 644830 0 644838 644715 0 0 644652 644571 644453 0 644250 0 0 0 0 644603 0 0 0 0 0 0 644790 0 0 0 0 0 644250 644238 644406 644512 644511 0 644643 0 644845 644757 0 0 644517 0 0 0 0 0 644181 0 644175 644274 644322 0 644571 0 0 644812 0 0 644754 644631 644539 0 0 0 0 0 0 0 0 644265 644091 0 0 0 0 0 0 0 
0 0 644561 0 0 0 644489 0 644678 644670 644776 644681 644597 0 644541 0 0 0 0 0 644581 0 644377 0 644579 644667 644836 0 0 644285 644317 0 644483 644481 644563 0 0 0 644878 644848 0 0 644229 0 644361 0 0 0 644439 0 644691 0 0 644920 0 0 644934 644728 644393 0 644121 0 0 0 0 644355 0 0 0 0 0 0 0 0 0 0 0 0 644121 644105 644292 644315 644343 0 0 0 0 645002 0 0 644724 0 0 0 0 0 644029 0 644021 644144 644196 0 644235 0 0 644882 0 0 644988 644922 644802 0 0 0 0 0 0 0 0 644141 643909 0 0 0 0 0 0 0 
644900 644916 644894 644928 644932 644836 644858 644816 644944 644942 645006 644954 644912 644858 644884 644896 645004 644974 644966 644984 644904 644758 644802 644794 644896 644940 645048 644866 644750 644756 644772 644816 644848 644848 644888 644878 645014 645040 645064 645060 644948 644716 644728 644734 644794 644778 644800 644846 644826 644920 644952 644978 645030 645096 645076 645088 645114 645000 644810 644676 644674 644680 644814 644820 644804 644784 644876 644946 644980 645054 645112 645112 645112 645088 644986 644720 644650 644662 644674 644666 644752 644764 644778 644760 644772 644894 645020 645136 645140 645026 645004 644926 644958 644670 644676 644616 644628 644640 644624 644680 644704 644724 644724 644790 644876 645070 645110 645116 645134 645108 645040 645014 645024 645024 644906 644880 644780 644722 644668 644684 644568 644596 644590 644594 644708 644702 644714 644778 
644838 644870 644796 644810 644902 644854 644784 644778 644772 644756 644924 644928 644922 644920 644758 644746 644878 644956 644964 644946 644968 644824 644840 644704 644710 644754 644978 644968 644874 644865 644678 644682 644682 644666 644702 644692 644828 644856 644914 645014 645016 644850 644851 644716 644656 644672 644650 644660 644640 644734 644766 644792 644844 644978 644950 645056 645030 645064 644940 644810 644800 644626 644628 644634 644618 644598 644690 644760 644794 644868 644946 644940 644928 645044 645064 644854 644784 644782 644776 644688 644576 644578 644592 644574 644586 644708 644834 644958 645002 645106 645088 645034 645062 644804 644810 644750 644762 644774 644586 644520 644536 644538 644538 644604 644690 644884 644924 644930 644962 644976 644948 645022 645012 645094 645036 645011 644914 644856 644802 644818 644702 644730 644724 644680 644522 644516 644528 644592 
0 0 641053 0 0 0 0 0 641125 0 641041 0 640972 0 641074 0 0 0 0 0 0 0 0 0 0 641188 641032 0 0 0 641050 0 641116 0 641158 0 0 0 641092 641014 0 0 0 0 0 0 0 0 0 0 0 0 0 0 0 0 641053 0 640783 0 0 0 0 0 0 641278 0 0 0 0 0 0 0 0 0 0 0 0 0 640963 0 0 641179 0 0 0 0 0 0 0 640894 0 0 0 0 0 0 0 641008 641107 641119 0 641346 0 0 0 0 0 641155 641080 0 0 0 0 0 0 0 0 0 0 0 0 0 0 0 0 0 0 
0 0 644499 0 0 644586 644481 0 644463 644439 644691 644697 644688 0 644442 0 0 0 0 644724 644772 0 644565 0 644370 644436 644727 0 0 644695 644322 0 644328 644304 644358 644343 0 644589 644665 644745 0 0 644679 0 644289 0 0 0 644265 0 644454 0 644571 644691 0 0 644686 644835 644809 0 644601 0 0 644256 0 644202 0 0 0 0 0 0 644616 644701 0 0 644613 644577 644537 644337 644169 644172 644193 0 644184 0 644545 644625 0 0 644865 644900 0 0 0 0 644579 0 644184 644085 644109 644112 644112 0 0 644550 0 0 644584 644611 644593 644692 644677 644797 644872 644870 0 644721 644655 644671 644495 0 0 0 644088 0 644097 0 
644912 644944 644870 644884 644976 644928 644858 644852 644846 644830 644998 645002 644996 645002 644832 644820 644952 645030 645038 645020 645052 644910 644914 644778 644784 644828 645052 645090 645008 645002 644752 644756 644756 644740 644776 644766 644902 644930 644988 645042 645104 644974 644986 644790 644730 644746 644724 644734 644714 644808 644840 644866 644918 645006 645024 644994 644968 645102 645068 644934 644932 644700 644702 644708 644692 644672 644764 644834 644868 644942 644974 644968 644956 644970 645116 644978 644908 644920 644898 644762 644650 644652 644666 644648 644660 644782 644908 644938 644940 645056 645098 645170 645144 644928 644934 644874 644886 644898 644660 644594 644610 644612 644612 644678 644764 644912 644904 644910 644900 644902 644874 644948 644938 645034 645118 645138 645038 644980 644926 644942 644826 644854 644848 644786 644596 644590 644602 644666 
0 644703 644635 644637 644703 644722 644623 644614 644580 644556 644602 644680 644733 0 644584 0 0 644650 0 644635 644755 644701 644707 0 644487 644529 644539 0 0 644842 644464 0 644470 644446 644500 644485 0 644500 644515 644521 0 0 644884 0 644431 0 0 0 644401 0 644437 0 644482 644467 644497 0 644410 644611 644896 645015 644827 0 0 644398 0 644344 0 0 0 0 0 0 644392 644413 0 0 645054 644773 644683 644479 644311 644314 644335 0 644301 0 644395 644365 0 0 644605 644722 0 645072 0 0 645034 0 644326 644227 644251 644254 644254 0 0 644326 0 0 644308 644311 644269 644380 644365 644509 644752 644791 644941 645028 645074 645073 644986 0 0 0 644230 0 644239 644238 
644913 644909 644872 644885 644905 644930 644860 644854 644847 644831 644831 644883 644925 644967 644834 644822 644833 644863 644871 644853 644933 644912 644916 644780 644785 644793 644789 644971 645063 645010 644754 644758 644758 644742 644778 644768 644783 644763 644773 644777 644889 645097 645038 644792 644732 644748 644726 644736 644716 644737 644721 644747 644751 644741 644761 644729 644703 644837 645027 645131 644996 644702 644704 644710 644694 644674 644693 644715 644701 644727 644709 644703 644691 644705 644851 645105 645132 644960 644900 644764 644652 644654 644668 644650 644661 644663 644693 644673 644675 644791 644833 644911 644879 645116 645122 645098 645111 645078 644662 644596 644612 644614 644614 644643 644645 644647 644639 644645 644635 644637 644609 644683 644673 644769 644931 644957 645055 645084 645078 645094 645051 644978 644984 644788 644598 644592 644604 644595 
644863 644871 644841 644835 644856 644899 644829 644823 644797 644781 644782 644834 644876 644929 644803 644791 644784 644814 644822 644804 644884 644881 644885 644749 644735 644755 644740 644922 645013 644979 644723 644727 644727 644711 644747 644737 644734 644714 644724 644728 644840 645047 645007 644761 644701 644717 644695 644705 644685 644688 644672 644698 644702 644692 644712 644680 644654 644788 644978 645085 644965 644671 644673 644679 644663 644643 644644 644666 644652 644678 644660 644654 644642 644656 644802 645067 645098 644929 644869 644733 644621 644623 644637 644619 644611 644614 644644 644624 644626 644742 644784 644862 644830 645100 645097 645107 645093 645047 644631 644565 644581 644583 644583 644605 644596 644598 644590 644596 644586 644588 644560 644634 644624 644720 644882 644908 645008 645051 645084 645082 645051 644947 644953 644757 644567 644561 644573 644546 
0 0 644334 0 0 0 644361 0 644211 644171 644157 644287 644392 0 644296 0 0 0 0 0 644412 0 644501 0 644056 644070 644052 0 0 644679 644184 0 644170 644130 644156 0 0 0 644012 644022 0 0 644749 0 644129 0 0 0 643944 0 643882 0 0 643932 0 0 643837 0 644647 0 644741 0 0 0 0 643936 0 0 0 0 0 0 0 0 0 0 0 0 644549 644209 643929 0 643969 0 0 0 0 0 0 0 644162 0 0 0 0 0 644833 0 643954 643789 643829 0 643746 0 0 0 0 0 643667 643672 643602 0 0 0 0 0 0 0 0 644732 0 0 0 0 0 0 0 0 
644902 644886 644908 644874 644870 644966 644920 644917 644836 644820 644796 644848 644890 644944 644894 644882 644798 644828 644836 644818 644898 644975 644976 644843 644774 644770 644754 644936 645045 645046 644817 644821 644821 644805 644838 644828 644748 644728 644738 644742 644854 645062 645068 644855 644795 644811 644789 644799 644752 644702 644686 644712 644716 644706 644726 644694 644668 644802 644979 645079 645050 644765 644767 644770 644757 644737 644658 644680 644666 644692 644674 644668 644656 644670 644816 645048 645079 645020 644963 644827 644715 644717 644731 644713 644650 644628 644658 644638 644640 644756 644798 644876 644844 645055 645055 645057 645103 645100 644725 644659 644675 644677 644674 644620 644610 644612 644604 644610 644600 644602 644574 644648 644638 644734 644883 644908 644982 645007 645013 645029 645082 645017 645020 644851 644661 644655 644664 644560 
0 0 0 0 0 0 0 0 0 0 0 0 0 0 0 0 0 0 0 0 0 0 0 0 0 0 644765 0 0 0 645053 0 0 0 0 0 0 0 0 0 0 0 0 0 0 0 0 0 0 0 0 0 0 0 0 0 0 0 0 0 0 0 0 0 0 0 0 0 0 0 0 0 0 0 0 0 0 0 0 645101 0 0 0 0 0 0 0 0 0 0 0 0 0 0 0 0 0 0 645121 0 645079 0 644723 0 0 0 0 0 0 0 0 0 0 0 0 0 0 0 0 0 0 0 0 0 0 0 0 0 
0 0 644849 0 0 0 0 0 644873 0 644721 0 644723 0 644887 0 0 0 0 0 0 0 0 0 0 644849 644667 0 0 0 644967 0 644963 0 0 0 0 0 644731 644631 0 0 0 0 0 0 0 0 0 0 0 0 0 0 0 0 644609 0 0 0 0 0 0 0 0 644885 0 0 0 0 0 0 0 0 0 0 0 0 0 644957 0 0 645021 0 0 0 0 0 0 0 0 0 0 0 0 0 0 0 645045 645111 645109 0 644777 0 0 0 0 0 644661 644579 0 0 0 0 0 0 0 0 0 0 0 0 0 0 0 0 0 0 
0 0 0 0 0 0 0 0 0 0 0 0 0 0 0 0 0 0 0 0 0 0 0 0 0 0 0 0 0 0 645031 0 0 0 0 0 0 0 0 0 0 0 0 0 0 0 0 0 0 0 0 0 0 0 0 0 0 0 0 0 0 0 0 0 0 0 0 0 0 0 0 0 0 0 0 0 0 0 0 645021 0 0 0 0 0 0 0 0 0 0 0 0 0 0 0 0 0 0 0 0 645147 0 644793 0 0 0 0 0 0 0 0 0 0 0 0 0 0 0 0 0 0 0 0 0 0 0 0 0 
0 0 643928 0 0 643841 643922 0 643988 644012 643856 643826 643811 0 643961 0 0 0 0 643823 643751 0 643838 0 644081 644039 643823 0 0 643721 643985 0 644027 644051 644045 644060 0 643958 643895 643793 0 0 643679 0 644018 0 0 0 644106 0 644061 0 643976 643847 0 0 643808 643703 643610 0 643694 0 0 644123 0 644133 0 0 0 0 0 0 643922 643757 0 0 643514 643724 643790 643902 644070 644135 644114 0 643995 0 644015 643901 0 0 643661 643640 0 0 0 0 643529 0 643863 643962 644010 644171 644019 0 0 643988 0 0 643910 643811 643757 643694 643709 643661 643562 643571 0 643478 643445 643469 643535 0 0 0 644139 0 644004 0 
0 0 0 0 0 0 0 0 0 0 0 0 0 0 0 0 0 0 0 0 0 0 0 0 0 0 0 0 0 0 0 0 0 0 0 0 0 0 0 0 0 0 0 0 0 0 0 0 0 0 0 0 0 0 0 0 0 0 0 0 0 0 0 0 0 0 0 0 0 0 0 0 0 0 0 0 0 0 0 0 0 0 0 0 0 0 0 0 0 0 0 0 0 0 0 0 0 0 0 0 0 0 644733 0 0 0 0 0 0 0 0 0 0 0 0 0 0 0 0 0 0 0 0 0 0 0 0 0 
644892 644908 644886 644920 644882 644828 644850 644808 644958 644974 644860 644856 644862 644850 644876 644888 644906 644828 644820 644838 644806 644750 644794 644786 645020 645024 644806 644768 644742 644748 644764 644808 644856 644872 644932 644942 644956 644928 644870 644770 644754 644708 644720 644726 644786 644770 644792 644878 645042 645050 645018 644992 644940 644806 644834 644722 644748 644710 644712 644668 644666 644672 644910 645000 644968 644988 645094 645024 644990 644916 644838 644844 644856 644698 644696 644712 644642 644654 644666 644658 644770 644864 644850 644916 645144 645076 644950 644826 644776 644660 644666 644684 644668 644662 644668 644608 644620 644632 644616 644682 644714 644856 645096 645170 645094 644900 644860 644854 644816 644718 644650 644624 644634 644634 644616 644638 644634 644624 644618 644634 644560 644588 644582 644586 644968 644974 645098 645126 
644889 644905 644883 644917 644921 644825 644847 644805 644955 644971 644969 644943 644901 644847 644873 644885 644993 644937 644929 644947 644893 644747 644791 644783 645017 645021 644915 644855 644739 644745 644761 644805 644853 644869 644929 644939 645043 645037 644979 644879 644863 644705 644717 644723 644783 644767 644789 644875 645039 645089 645105 645079 645049 644915 644943 644831 644857 644819 644799 644665 644663 644669 644907 644997 644965 644985 645133 645111 645099 645025 644947 644953 644965 644807 644805 644709 644639 644651 644663 644655 644767 644861 644847 644913 645053 645159 645059 644935 644885 644769 644775 644793 644777 644659 644665 644605 644617 644629 644613 644679 644711 644853 645005 645071 645157 645009 644969 644963 644925 644827 644759 644733 644743 644743 644725 644747 644743 644711 644657 644673 644557 644585 644579 644583 644965 644967 644995 645059 
0 0 644457 0 0 0 644385 0 644601 644633 644681 644577 644493 0 644437 0 0 0 0 0 644477 0 644273 0 644687 644721 644764 0 0 644181 644213 0 644397 644429 644549 0 0 0 644797 644753 0 0 644125 0 644257 0 0 0 644582 0 644819 0 0 644825 0 0 644757 644633 644289 0 644017 0 0 0 0 644495 0 0 0 0 0 0 0 0 0 0 0 0 644017 644001 644225 644393 644379 0 0 0 0 644901 0 0 644581 0 0 0 0 0 643925 0 643917 644049 644113 0 644409 0 0 644987 0 0 644893 644721 644585 0 0 0 0 0 0 0 0 644037 643805 0 0 0 0 0 0 0 
644850 644866 644844 644878 644882 644786 644808 644766 644916 644932 644956 644904 644862 644808 644834 644846 644954 644924 644916 644934 644854 644708 644752 644744 644968 644982 644998 644816 644700 644706 644722 644766 644814 644830 644890 644900 645004 645024 645014 645010 644898 644666 644678 644684 644744 644728 644750 644836 644906 645000 645032 645040 645036 645046 645026 645032 645058 644950 644760 644626 644624 644630 644868 644900 644884 644864 644956 645026 645060 645060 645078 645084 645096 645008 644936 644670 644600 644612 644624 644616 644728 644822 644808 644840 644852 644974 645088 645114 645086 644970 644954 644876 644908 644620 644626 644566 644578 644590 644574 644640 644672 644800 644804 644870 644956 645136 645148 645142 645126 645028 644960 644934 644944 644944 644856 644830 644730 644672 644618 644634 644518 644546 644540 644544 644788 644782 644794 644858 
644909 644925 644903 644937 644941 644845 644867 644825 644969 644969 645015 644963 644921 644867 644893 644905 645013 644983 644975 644993 644913 644767 644811 644803 644967 644993 645057 644875 644759 644765 644781 644825 644873 644873 644921 644921 645041 645065 645073 645067 644957 644725 644737 644743 644803 644787 644809 644873 644897 644991 645023 645041 645065 645103 645085 645041 645067 645007 644819 644685 644683 644689 644873 644891 644875 644855 644947 645017 645051 645089 645135 645135 645135 645017 644993 644729 644659 644671 644683 644675 644777 644825 644825 644831 644843 644965 645089 645133 645095 644979 644985 644935 644965 644679 644685 644625 644637 644649 644633 644699 644729 644795 644795 644861 644947 645135 645133 645133 645109 645037 644969 644943 644953 644953 644913 644889 644789 644731 644677 644693 644577 644605 644599 644603 644779 644773 644785 644849 
0 0 644165 0 0 0 0 0 644330 0 644445 0 644210 0 644140 0 0 0 0 0 0 0 0 0 0 644459 644528 0 0 0 643860 0 644078 0 0 0 0 0 644576 644537 0 0 0 0 0 0 0 0 0 0 0 0 0 0 0 0 644652 0 0 0 0 0 0 0 0 644143 0 0 0 0 0 0 0 0 0 0 0 0 0 643595 0 0 644030 0 0 0 0 0 0 0 0 0 0 0 0 0 0 0 643490 643646 643722 0 643993 0 0 0 0 0 644793 644669 0 0 0 0 0 0 0 0 0 0 0 0 0 0 0 0 0 0 
0 0 0 0 0 0 0 0 644754 0 0 0 644728 0 0 0 0 0 0 0 0 0 0 0 0 0 644894 0 0 0 644518 0 0 0 0 0 0 0 0 644900 0 0 0 0 0 0 0 0 0 0 0 0 0 0 0 0 644974 0 0 0 0 0 0 0 0 0 0 0 0 0 0 0 0 0 0 0 0 0 0 644359 0 0 0 0 0 0 0 0 0 0 0 0 0 0 0 0 0 0 644296 0 644396 0 644418 0 0 0 0 0 0 644981 0 0 0 0 0 0 0 0 0 0 0 0 0 0 0 0 0 0 
0 0 644883 0 0 0 644859 0 644860 644844 645003 644979 644949 0 644846 0 0 0 0 0 644941 0 644839 0 644798 644842 645021 0 0 644793 644763 0 644770 644754 644790 0 0 0 644996 645021 0 0 644765 0 644744 0 0 0 644728 0 644854 0 0 645012 0 0 645021 0 644847 0 644711 0 0 0 0 644686 0 0 0 0 0 0 0 0 0 0 0 0 644711 644703 644664 0 644680 0 0 0 0 0 0 0 644963 0 0 0 0 0 644665 0 644643 644608 644624 0 644626 0 0 0 0 0 644954 645004 645021 0 0 0 0 0 0 0 0 644721 0 0 0 0 0 0 0 0 
0 0 644611 0 0 644675 644593 0 644575 644551 644803 644809 644783 0 644554 0 0 0 0 644836 644793 0 644639 0 644482 644548 644884 0 0 644571 644434 0 644440 644416 644470 644455 0 644701 644788 644938 0 0 644529 0 644401 0 0 0 644377 0 644566 0 644683 644884 0 0 644971 644937 644652 0 644448 0 0 644368 0 644314 0 0 0 0 0 0 644809 645046 0 0 644412 644430 644448 644423 644281 644284 644305 0 644296 0 644668 644854 0 0 644943 644826 0 0 0 0 644379 0 644296 644197 644221 644224 644224 0 0 644743 0 0 644869 645016 645043 645116 645113 645039 644796 644757 0 644520 644439 644463 644289 0 0 0 644200 0 644209 0 
0 0 644621 0 0 644674 644603 0 644585 644561 644813 644807 644780 0 644564 0 0 0 0 644840 644826 0 644643 0 644492 644558 644894 0 0 644604 644444 0 644450 644426 644480 644465 0 644711 644798 644946 0 0 644562 0 644411 0 0 0 644387 0 644576 0 644693 644894 0 0 644981 644970 644685 0 644481 0 0 644378 0 644324 0 0 0 0 0 0 644819 645054 0 0 644445 644463 644481 644423 644291 644294 644315 0 644306 0 644678 644864 0 0 644976 644859 0 0 0 0 644412 0 644300 644207 644231 644234 644234 0 0 644753 0 0 644879 645006 645026 645085 645080 645072 644829 644790 0 644553 644472 644496 644322 0 0 0 644210 0 644219 0 
0 0 644625 0 0 644698 644607 0 644589 644565 644817 644823 644806 0 644568 0 0 0 0 644850 644820 0 644657 0 644496 644562 644898 0 0 644624 644448 0 644454 644430 644484 644469 0 644715 644802 644944 0 0 644596 0 644415 0 0 0 644391 0 644580 0 644697 644890 0 0 644953 644956 644720 0 644516 0 0 644382 0 644328 0 0 0 0 0 0 644815 645005 0 0 644480 644494 644494 644445 644295 644298 644319 0 644310 0 644682 644848 0 0 644960 644878 0 0 0 0 644447 0 644310 644211 644235 644238 644238 0 0 644749 0 0 644851 644929 644887 644993 644983 645013 644856 644825 0 644588 644507 644531 644357 0 0 0 644214 0 644223 0 
0 0 644653 0 0 644740 644635 0 644617 644593 644845 644851 644842 0 644596 0 0 0 0 644878 644915 0 644717 0 644524 644590 644910 0 0 644821 644476 0 644482 644458 644512 644497 0 644743 644830 644930 0 0 644814 0 644443 0 0 0 644419 0 644608 0 644725 644876 0 0 644843 645009 644939 0 644735 0 0 644410 0 644356 0 0 0 0 0 0 644801 644858 0 0 644699 644709 644665 644491 644323 644326 644347 0 644338 0 644710 644786 0 0 645005 645057 0 0 0 0 644666 0 644338 644239 644263 644266 644266 0 0 644735 0 0 644741 644756 644714 644825 644810 644941 645033 645028 0 644807 644726 644750 644576 0 0 0 644242 0 644251 0 
0 0 644588 0 0 644675 644570 0 644552 644528 644780 644786 644777 0 644531 0 0 0 0 644813 644861 0 644654 0 644459 644525 644827 0 0 644795 644411 0 644417 644393 644447 644432 0 644678 644755 644843 0 0 644800 0 644378 0 0 0 644354 0 644543 0 644660 644789 0 0 644756 644933 644932 0 644724 0 0 644345 0 644291 0 0 0 0 0 0 644714 644771 0 0 644736 644692 644630 644426 644258 644261 644282 0 644273 0 644635 644699 0 0 644939 645010 0 0 0 0 644702 0 644273 644174 644198 644201 644201 0 0 644648 0 0 644654 644672 644630 644741 644726 644867 645004 645004 0 644844 644775 644794 644618 0 0 0 644177 0 644186 0 
0 644456 644345 644366 644501 644417 644327 644317 644309 644285 644507 644537 644521 0 644288 0 0 644549 0 644539 644587 644375 644391 0 644216 644282 644468 0 0 644497 644168 0 644174 644150 644204 644189 0 644405 644432 644462 0 0 644525 0 644135 0 0 0 644111 0 644298 0 644387 644408 644426 0 644375 644523 644681 644601 644459 0 0 644102 0 644048 0 0 0 0 0 0 644333 644390 0 0 644575 644411 644339 644167 644015 644018 644039 0 644030 0 644312 644318 0 0 644519 644597 0 644607 0 0 644541 0 644029 643931 643955 643958 643958 0 0 644267 0 0 644273 644300 644282 644369 644359 644455 644617 644643 644723 644681 644617 644633 644457 0 0 0 643934 0 643943 644039 
0 0 644560 0 0 644647 644542 0 644524 644500 644750 644758 644749 0 644503 0 0 0 0 644783 644833 0 644626 0 644431 644497 644741 0 0 644767 644383 0 644389 644365 644419 644404 0 644648 644711 644723 0 0 644809 0 644350 0 0 0 644326 0 644515 0 644630 644669 0 0 644612 644813 644974 0 644746 0 0 644317 0 644263 0 0 0 0 0 0 644594 644615 0 0 644998 644692 644602 644398 644230 644233 644254 0 644245 0 644591 644567 0 0 644807 644924 0 0 0 0 644959 0 644245 644146 644170 644173 644173 0 0 644528 0 0 644510 644513 644471 644582 644567 644711 644954 644993 0 645106 645049 645073 644895 0 0 0 644149 0 644158 0 
0 0 644550 0 0 644637 644532 0 644514 644490 644630 644708 644737 0 644493 0 0 0 0 644663 644783 0 644616 0 644421 644487 644567 0 0 644757 644373 0 644379 644355 644409 644394 0 644528 644543 644549 0 0 644799 0 644340 0 0 0 644316 0 644465 0 644510 644495 0 0 644438 644639 644924 0 644736 0 0 644307 0 644253 0 0 0 0 0 0 644420 644441 0 0 644988 644682 644592 644388 644220 644223 644244 0 644235 0 644423 644393 0 0 644633 644750 0 0 0 0 644949 0 644235 644136 644160 644163 644163 0 0 644354 0 0 644336 644339 644297 644408 644393 644537 644780 644819 0 645056 645103 645079 644895 0 0 0 644139 0 644148 0 
0 0 644562 0 0 0 644538 0 644514 644482 644536 644640 644700 0 644486 0 0 0 0 0 644740 0 644650 0 644390 644434 644452 0 0 644838 644326 0 644334 644302 644374 0 0 0 644420 644428 0 0 644894 0 644282 0 0 0 644250 0 644316 0 0 644356 0 0 644280 0 644928 0 644810 0 0 0 0 644166 0 0 0 0 0 0 0 0 0 0 0 0 644618 644346 644122 0 644154 0 0 0 0 0 0 0 644540 0 0 0 0 0 645042 0 644142 644010 644042 0 644046 0 0 0 0 0 644144 644148 644092 0 0 0 0 0 0 0 0 645062 0 0 0 0 0 0 0 0 
0 0 644536 0 0 0 644580 0 644394 644362 644314 644418 644502 0 644528 0 0 0 0 0 644518 0 644692 0 644270 644262 644230 0 0 644812 644407 0 644415 644383 644416 0 0 0 644198 644206 0 0 644868 0 644363 0 0 0 644224 0 644094 0 0 644134 0 0 644058 644326 644706 0 644880 0 0 0 0 644236 0 0 0 0 0 0 0 0 0 0 0 0 644699 644427 644203 644207 644235 0 0 0 0 643998 0 0 644318 0 0 0 0 0 645041 0 644223 644091 644123 0 644088 0 0 643946 0 0 643922 643926 643870 0 0 0 0 0 0 0 0 644898 645042 0 0 0 0 0 0 0 
644888 644872 644894 644860 644856 644952 644930 644972 644822 644806 644782 644834 644876 644930 644904 644892 644784 644814 644822 644804 644884 645030 644986 644978 644760 644756 644740 644922 645038 645032 644974 644956 644924 644908 644848 644838 644734 644714 644724 644728 644840 645042 645060 645012 644952 644968 644946 644902 644738 644688 644672 644698 644702 644692 644712 644680 644654 644788 644978 645002 645114 644922 644870 644780 644812 644792 644644 644666 644652 644678 644660 644654 644642 644656 644802 644998 644976 645126 645098 644984 644872 644874 644888 644848 644636 644614 644644 644624 644626 644742 644784 644862 644830 644948 644954 644942 645002 645062 644882 644816 644832 644834 644684 644606 644596 644598 644590 644596 644586 644588 644560 644634 644624 644720 644882 644908 644914 644904 644898 644914 645038 645146 645140 645008 644796 644790 644674 644546 
644867 644851 644873 644839 644835 644931 644909 644951 644801 644785 644761 644813 644855 644909 644883 644871 644763 644793 644801 644783 644863 645009 644965 644907 644739 644735 644719 644901 645017 645011 644881 644885 644885 644869 644827 644817 644713 644693 644703 644707 644819 645051 645039 644919 644859 644875 644853 644863 644717 644667 644651 644677 644681 644671 644691 644659 644633 644767 644957 645077 645093 644829 644831 644759 644791 644771 644623 644645 644631 644657 644639 644633 644621 644635 644781 645047 645069 645087 645027 644891 644779 644781 644795 644777 644615 644593 644623 644603 644605 644721 644763 644841 644809 645041 645047 645035 645095 645125 644789 644723 644739 644741 644663 644585 644575 644577 644569 644575 644565 644567 644539 644613 644603 644699 644861 644887 644981 644997 644991 645007 645131 645105 645111 644915 644725 644719 644653 644525 
642942 642934 642945 642928 642926 642974 642963 642984 642909 642901 642889 642915 642936 642963 642950 642944 642890 642905 642909 642900 642940 643013 642991 642995 642878 642876 642844 642932 642924 642966 643006 642984 642960 642952 642922 642917 642865 642855 642848 642826 642906 642890 642938 643025 642995 643003 642992 642949 642867 642842 642834 642847 642849 642808 642830 642778 642765 642856 642876 642850 642956 643050 642933 642888 642904 642894 642820 642831 642824 642825 642792 642789 642783 642754 642860 642858 642824 642980 643028 643059 643003 642956 642963 642930 642816 642805 642808 642762 642751 642809 642836 642860 642844 642808 642814 642790 642838 642886 643030 642997 643005 642960 642840 642801 642796 642761 642745 642748 642731 642708 642670 642719 642714 642786 642792 642814 642810 642788 642770 642786 642850 642950 642944 643086 642904 642901 642835 642771 
0 0 643382 0 0 643295 643376 0 643442 643466 643310 643280 643265 0 643415 0 0 0 0 643277 643205 0 643292 0 643535 643493 643277 0 0 643175 643403 0 643481 643505 643499 643514 0 643412 643349 643247 0 0 643133 0 643436 0 0 0 643616 0 643523 0 643430 643301 0 0 643262 643157 643064 0 643148 0 0 643601 0 643631 0 0 0 0 0 0 643376 643211 0 0 642968 643178 643232 643292 643460 643553 643532 0 643550 0 643469 643355 0 0 643115 643094 0 0 0 0 642983 0 643275 643374 643422 643565 643574 0 0 643442 0 0 643364 643265 643211 643148 643163 643115 643016 643025 0 642932 642899 642923 642989 0 0 0 643654 0 643564 0 
644850 644818 644892 644878 644786 644834 644904 644910 644916 644932 644764 644760 644766 644760 644930 644942 644810 644732 644724 644742 644710 644852 644848 644984 644978 644934 644710 644672 644700 644754 644987 645006 645006 645022 644986 644996 644860 644832 644774 644674 644658 644666 644726 644949 645009 644993 645015 645028 645022 644950 644922 644896 644844 644710 644738 644626 644652 644614 644616 644626 644768 644897 645060 645046 645070 645070 644948 644926 644894 644820 644742 644748 644760 644602 644600 644622 644600 644804 644864 644883 644995 645087 645073 645114 644963 644921 644854 644730 644680 644564 644570 644588 644572 644572 644578 644566 644626 644686 644841 644907 644939 645081 645011 644933 644912 644804 644764 644758 644720 644622 644554 644528 644538 644538 644520 644542 644538 644528 644522 644538 644662 644786 644780 644811 645116 645113 645001 644873 
0 0 644008 0 0 643950 643986 0 644056 644072 644000 643972 643954 0 644012 0 0 0 0 643978 643922 0 643930 0 644118 644098 643994 0 0 643870 643948 0 644016 644032 644068 644078 0 644068 644034 643973 0 0 643842 0 643970 0 0 0 644164 0 644134 0 644080 644009 0 0 643975 643913 643828 0 643814 0 0 644136 0 644136 0 0 0 0 0 0 644059 643937 0 0 643740 643814 643838 643866 643978 644048 644034 0 644201 0 644114 644041 0 0 643881 643872 0 0 0 0 643742 0 643860 643926 643946 644052 644191 0 0 644103 0 0 644043 643969 643925 643887 643897 643873 643819 643826 0 643740 643710 643726 643708 0 0 0 644140 0 644191 0 
0 644817 644799 644833 644818 644741 644763 644721 644871 644887 644812 644808 644798 0 644789 0 0 644780 0 644790 644758 644663 644707 0 644933 644933 644758 0 0 644661 644677 0 644769 644785 644845 644855 0 644880 644822 644722 0 0 644633 0 644699 0 0 0 644955 0 644970 0 644892 644758 644786 0 644700 644662 644664 644581 644579 0 0 644913 0 644901 0 0 0 0 0 0 644808 644650 0 0 644555 644567 644579 644571 644683 644777 644763 0 645027 0 644902 644778 0 0 644618 644636 0 644571 0 0 644533 0 644529 644595 644627 644769 644979 0 0 644852 0 0 644768 644670 644602 644576 644586 644586 644568 644590 644586 644576 644554 644570 644473 0 0 0 644879 0 644984 645069 
