644781 644772 644767 644722 644758 644744 644740 644757 644753 644706 644726 644726 644731 644723 644704 644694 644704 644698 644690 644701 644697 644602 644669 644666 644667 644678 644644 644667 644665 644662 644661 644664 644667 644656 644652 644637 644652 644661 644603 644614 644606 644617 644620 644620 644623 644633 644614 644589 644568 644565 644600 644592 644615 644623 644611 644541 644547 644550 644544 644583 644586 644590 644593 644599 644600 644576 644584 644533 644576 644582 644583 644596 644563 644568 644577 644574 644552 644546 644507 644499 644325 644524 644484 644279 644249 644441 644473 644203 644183 644373 644391 644137 644145 644183 644198 644351 644101 644332 644346 644352 644089 644123 644092 644115 644127 644118 644315 644295 644067 644119 644263 644279 644278 644003 644003 644060 644106 644261 644267 644273 644215 644243 644241 644257 644263 644260 644001 644255 
0 645043 645024 644965 644973 644961 644901 644916 644910 644851 644827 0 0 644820 0 644730 0 0 0 0 644814 644749 0 0 644646 644679 644577 0 0 0 0 0 644796 644613 0 0 0 0 0 0 644538 0 0 0 644517 644544 644708 0 0 0 0 0 0 644514 0 0 0 0 0 0 0 0 0 0 644523 644631 644655 644391 0 644469 644544 644609 644592 0 0 0 644379 644459 0 644472 644263 0 644427 0 644149 0 0 0 0 0 0 643981 643993 643917 643890 643908 643849 0 0 0 643909 643845 643788 643821 643821 643758 643836 643824 643785 643797 643776 643947 643964 0 0 643692 643686 0 0 643755 0 643839 0 0 643923 0 643777 643710 
0 0 644605 644519 0 644527 0 644569 644593 0 0 0 0 644593 0 644425 0 0 0 0 644605 0 0 0 644521 0 644449 0 0 0 0 0 644598 644473 0 0 0 0 0 0 644377 0 0 0 644425 0 644550 0 0 0 0 0 0 644569 0 0 0 0 0 0 0 0 0 0 0 644526 644526 644329 0 0 644598 644574 644526 0 0 0 644605 0 0 644478 0 0 0 0 643961 0 0 0 0 0 0 0 0 0 643993 644442 643821 0 0 0 643801 0 643849 643873 643897 643921 0 644414 643801 643897 644398 0 0 0 0 643849 0 0 0 644367 0 0 0 0 644452 0 0 0 
0 0 643583 643646 0 643622 0 643569 643553 0 0 0 0 643493 0 643517 0 0 0 0 643443 0 0 0 643413 0 643403 0 0 0 0 0 643383 643415 0 0 0 0 0 0 643413 0 0 0 643375 0 643299 0 0 0 0 0 0 643301 0 0 0 0 0 0 0 0 0 0 0 643247 643263 643339 0 0 643215 643241 643221 0 0 0 643153 0 0 643141 0 0 0 0 643367 0 0 0 0 0 0 0 0 0 643028 642909 643002 0 0 0 643250 0 642960 642982 642982 642940 0 642853 642958 642966 642821 0 0 0 0 642896 0 0 0 642831 0 0 0 0 642801 0 0 0 
0 0 644941 644973 645032 645025 0 644946 644880 644918 644874 0 0 644760 0 644746 0 0 0 0 644661 0 0 0 644612 0 644542 0 0 0 0 0 644541 644590 0 0 0 0 0 0 644490 0 0 0 644462 0 644373 0 0 0 0 0 0 644410 0 0 0 0 0 0 0 0 0 0 644273 644269 644301 644294 0 644201 644205 644257 644217 0 0 0 644081 644057 0 644057 644139 0 0 0 643987 0 0 0 0 0 0 0 0 643662 643626 643616 643572 0 0 0 643667 643566 643490 643534 643534 643450 643532 643504 643486 643502 643440 0 0 0 0 643362 643354 0 0 643436 0 0 0 0 643377 0 0 643386 
0 0 642967 642991 0 643001 0 642977 642950 0 0 0 0 642890 0 642927 0 0 0 0 642850 0 0 0 642844 0 642834 0 0 0 0 0 642802 642846 0 0 0 0 0 0 642844 0 0 0 642806 0 642742 0 0 0 0 0 0 642720 0 0 0 0 0 0 0 0 0 0 0 642702 642718 642770 0 0 642634 642672 642676 0 0 0 642560 0 0 642620 0 0 0 0 642810 0 0 0 0 0 0 0 0 0 642513 642340 642459 0 0 0 642730 0 642445 642467 642467 642425 0 642284 642425 642451 642252 0 0 0 0 642381 0 0 0 642262 0 0 0 0 642220 0 0 0 
0 643037 643030 643053 643109 643105 643143 643090 643040 643126 643114 0 0 643010 0 643052 0 0 0 0 642960 643062 0 0 643058 643011 643018 0 0 0 0 0 642906 643042 0 0 0 0 0 0 642940 0 0 0 642981 643019 642816 0 0 0 0 0 0 642956 0 0 0 0 0 0 0 0 0 0 642863 642766 642774 642843 0 642845 642822 642811 642753 0 0 0 642815 642761 0 642665 642716 0 642650 0 642616 0 0 0 0 0 0 642492 642476 642301 642340 642800 642159 0 0 0 642408 642205 642162 642197 642221 642224 642788 642772 642113 642213 642756 642623 642568 0 0 642130 642224 0 0 642761 0 642635 0 0 642615 0 642308 642741 
0 0 0 0 0 0 0 645152 0 0 0 0 0 0 0 0 0 0 0 0 0 0 0 0 0 0 644972 0 0 0 0 0 644968 0 0 0 0 0 0 0 0 0 0 0 644932 0 644884 0 0 0 0 0 0 0 0 0 0 0 0 0 0 0 0 0 0 0 0 0 0 0 0 0 644806 0 0 0 0 0 0 0 0 0 0 0 0 0 0 0 0 0 0 0 0 0 644514 0 0 0 0 0 0 0 0 0 644468 644426 0 0 0 0 0 0 0 0 0 0 0 0 0 0 0 0 0 0 0 0 0 0 
0 0 0 0 0 0 0 644811 644836 0 0 0 0 0 0 0 0 0 0 0 0 0 0 0 0 0 644578 0 0 0 0 0 644639 0 0 0 0 0 0 0 0 0 0 0 644518 0 644537 0 0 0 0 0 0 0 0 0 0 0 0 0 0 0 0 0 0 0 0 0 0 0 0 0 644423 0 0 0 0 0 0 0 0 0 0 0 0 0 0 0 0 0 0 0 0 0 643891 0 0 0 0 0 0 0 0 0 643815 643759 0 0 0 0 0 0 0 0 0 0 0 0 0 0 0 0 0 0 0 0 0 0 
0 0 644797 644867 644933 644941 0 644845 644741 645050 645014 0 0 644621 0 644905 0 0 0 0 644517 0 0 0 644675 0 644698 0 0 0 0 0 644397 644732 0 0 0 0 0 0 644649 0 0 0 644621 0 644229 0 0 0 0 0 0 644309 0 0 0 0 0 0 0 0 0 0 644129 644125 644157 644453 0 644057 644061 644113 644073 0 0 0 643937 643913 0 643913 644324 0 0 0 644172 0 0 0 0 0 0 0 0 643821 643785 643597 643729 0 0 0 643852 643725 643649 643693 643693 643609 643595 643485 643645 643661 643421 0 0 0 0 643521 643513 0 0 643550 0 0 0 0 643233 0 0 643528 
0 0 644764 644754 644851 644844 0 644832 644728 644987 645018 0 0 644608 0 644984 0 0 0 0 644504 0 0 0 644664 0 644768 0 0 0 0 0 644384 644778 0 0 0 0 0 0 644744 0 0 0 644714 0 644216 0 0 0 0 0 0 644296 0 0 0 0 0 0 0 0 0 0 644116 644112 644144 644548 0 644044 644048 644100 644060 0 0 0 643924 643900 0 643900 644315 0 0 0 644163 0 0 0 0 0 0 0 0 643916 643880 643584 643791 0 0 0 643843 643820 643744 643788 643788 643704 643584 643472 643733 643756 643408 0 0 0 0 643616 643608 0 0 643572 0 0 0 0 643220 0 0 643574 
644641 644611 644619 644603 644649 644642 644645 644678 644664 644622 644627 644685 644645 644637 644618 644613 644652 644656 644649 644615 644599 644576 644632 644630 644631 644625 644608 644614 644579 644576 644563 644554 644557 644620 644616 644596 644542 644551 644592 644603 644595 644594 644597 644585 644588 644597 644491 644578 644569 644566 644589 644581 644579 644570 644488 644554 644560 644563 644557 644572 644575 644567 644570 644558 644502 644453 644461 644546 644541 644484 644473 644474 644440 644470 644455 644452 644454 644424 644384 644376 644375 644398 644361 644341 644321 644304 644312 644275 644255 644281 644242 644209 644217 644206 644221 644259 644064 644158 644172 644178 644161 644138 644114 644138 644150 644141 644228 644203 644050 644142 644171 644118 644104 644075 644075 644083 644129 644174 644180 644186 644123 644094 644080 644096 644102 644086 644073 644168 
644494 644482 644498 644418 644453 644439 644435 644511 644550 644401 644423 644537 644583 644583 644564 644419 644473 644485 644549 644561 644569 644297 644469 644507 644526 644537 644503 644526 644525 644522 644533 644526 644529 644515 644511 644496 644514 644523 644450 644436 644447 644478 644481 644480 644483 644492 644463 644450 644429 644426 644453 644453 644474 644482 644460 644402 644408 644407 644405 644444 644447 644451 644454 644458 644472 644425 644433 644394 644436 644454 644445 644446 644412 644440 644427 644424 644424 644396 644356 644348 644022 644386 644333 643976 643946 644337 644343 643900 643880 644291 644318 643834 643842 644002 644059 644280 643806 644242 644237 644240 643786 643906 643896 643922 643966 643979 644256 644252 643802 643974 644236 644246 644215 643700 643700 643921 643967 644223 644226 644229 644212 644244 644227 644235 644238 644182 643698 644214 
0 0 644885 644860 0 644864 0 644900 644926 0 0 0 0 644955 0 644806 0 0 0 0 644938 0 0 0 644901 0 644883 0 0 0 0 0 644878 644895 0 0 0 0 0 0 644798 0 0 0 644851 0 644794 0 0 0 0 0 0 644789 0 0 0 0 0 0 0 0 0 0 0 644742 644758 644763 0 0 644710 644736 644716 0 0 0 644648 0 0 644636 0 0 0 0 644410 0 0 0 0 0 0 0 0 0 644427 644397 644199 0 0 0 644250 0 644256 644281 644317 644345 0 644341 644185 644325 644309 0 0 0 0 644283 0 0 0 644319 0 0 0 0 644296 0 0 0 
644848 644812 644828 644772 644817 644803 644775 644875 644904 644729 644739 644889 644948 644964 644994 644711 644789 644801 644961 644994 644968 644637 644761 644817 644945 644981 644861 644970 644959 644956 644943 644934 644937 644885 644919 644928 644922 644931 644749 644727 644743 644793 644787 644849 644849 644888 644871 644777 644747 644753 644755 644771 644882 644926 644868 644729 644717 644711 644723 644789 644783 644822 644825 644890 644882 644833 644841 644745 644808 644864 644853 644854 644820 644850 644835 644832 644834 644804 644764 644756 644313 644794 644741 644267 644237 644714 644722 644191 644171 644643 644652 644125 644133 644293 644407 644621 644097 644568 644582 644588 644077 644197 644187 644213 644261 644345 644573 644565 644093 644277 644533 644528 644514 643991 643991 644251 644338 644507 644513 644519 644485 644504 644490 644506 644512 644496 643989 644489 
0 0 642909 642921 0 642933 0 642928 642902 0 0 0 0 642844 0 642993 0 0 0 0 642804 0 0 0 642836 0 642898 0 0 0 0 0 642756 642886 0 0 0 0 0 0 642932 0 0 0 642882 0 642696 0 0 0 0 0 0 642676 0 0 0 0 0 0 0 0 0 0 0 642656 642672 642858 0 0 642588 642626 642630 0 0 0 642514 0 0 642574 0 0 0 0 642851 0 0 0 0 0 0 0 0 0 642615 642308 642544 0 0 0 642771 0 642547 642569 642569 642527 0 642252 642520 642553 642220 0 0 0 0 642483 0 0 0 642278 0 0 0 0 642174 0 0 0 
644492 644462 644470 644454 644501 644494 644552 644530 644518 644564 644571 644559 644477 644461 644423 644557 644596 644602 644487 644417 644409 644483 644578 644560 644489 644415 644516 644393 644345 644339 644337 644343 644349 644528 644506 644381 644319 644337 644520 644542 644526 644512 644518 644482 644488 644482 644265 644492 644486 644480 644514 644498 644432 644305 644259 644468 644480 644486 644474 644480 644486 644458 644464 644305 644215 644213 644229 644452 644394 644179 644181 644207 644187 644151 644169 644163 644119 644107 644123 644107 644358 644063 644077 644335 644320 643969 643977 644297 644287 643971 643907 644264 644268 644243 644225 643949 644105 643823 643837 643843 644240 644179 644156 644179 644179 644137 643949 643893 644091 644163 643861 643783 643769 644196 644172 644093 644089 643930 643936 643942 643813 643759 643745 643761 643767 643751 644196 643926 
644491 644461 644469 644453 644500 644493 644551 644529 644519 644563 644570 644566 644501 644493 644474 644556 644595 644601 644530 644471 644455 644482 644581 644579 644543 644482 644557 644471 644435 644432 644419 644410 644413 644569 644563 644477 644398 644407 644529 644540 644532 644543 644546 644534 644537 644546 644347 644515 644494 644491 644526 644518 644526 644427 644344 644467 644473 644476 644470 644509 644512 644516 644519 644439 644358 644309 644317 644459 644490 644340 644329 644330 644296 644326 644311 644308 644310 644280 644240 644232 644256 644270 644217 644210 644180 644247 644227 644134 644114 644272 644204 644068 644076 644109 644124 644261 643961 644126 644121 644124 644020 644035 644018 644041 644053 644044 644273 644233 643947 644045 644217 644130 644099 643934 643934 643986 644032 644275 644278 644281 644193 644130 644111 644119 644122 644066 643932 644268 
645028 644992 645008 644952 645012 644998 644970 645070 645084 644924 644934 645084 645128 645144 645140 644906 644984 644996 645142 645134 645126 644832 644956 645012 645100 645122 645046 645100 645062 645056 645054 645060 645066 645070 645070 645040 645036 645054 644944 644922 644938 644988 644982 645008 645014 645032 644982 644972 644942 644948 644950 644966 644996 645012 644976 644924 644912 644906 644918 644974 644974 644972 644978 644964 644932 644930 644946 644926 644920 644896 644898 644924 644904 644868 644886 644880 644836 644824 644840 644824 644508 644780 644794 644462 644432 644686 644694 644386 644366 644630 644624 644320 644328 644488 644590 644608 644292 644540 644554 644560 644272 644392 644382 644408 644456 644508 644560 644552 644288 644472 644520 644500 644486 644186 644186 644446 644460 644494 644500 644506 644472 644476 644462 644478 644484 644468 644184 644476 
644979 644943 644959 644903 644973 644959 644934 645031 645035 644888 644898 645048 645079 645095 645133 644870 644948 644960 645120 645139 645099 644796 644920 644976 645118 645158 645020 645138 645090 645084 645082 645086 645089 645044 645094 645081 645064 645082 644908 644886 644902 644952 644946 645018 645012 645068 645010 644936 644906 644912 644914 644930 645037 645050 645004 644888 644876 644870 644882 644948 644942 644998 644998 645005 644960 644958 644974 644904 644961 644924 644926 644952 644932 644896 644914 644908 644864 644852 644868 644852 644472 644808 644822 644426 644396 644714 644722 644350 644330 644671 644652 644284 644292 644452 644566 644649 644256 644568 644582 644588 644236 644356 644346 644372 644420 644510 644601 644593 644252 644436 644561 644528 644514 644150 644150 644410 644501 644535 644541 644547 644513 644504 644490 644506 644512 644496 644148 644517 
0 0 644918 644894 0 644898 0 644934 644960 0 0 0 0 644973 0 644815 0 0 0 0 644957 0 0 0 644937 0 644876 0 0 0 0 0 644917 644900 0 0 0 0 0 0 644804 0 0 0 644852 0 644833 0 0 0 0 0 0 644829 0 0 0 0 0 0 0 0 0 0 0 644781 644797 644756 0 0 644749 644775 644755 0 0 0 644687 0 0 644675 0 0 0 0 644415 0 0 0 0 0 0 0 0 0 644420 644437 644208 0 0 0 644255 0 644265 644290 644324 644348 0 644381 644194 644324 644349 0 0 0 0 644276 0 0 0 644358 0 0 0 0 644335 0 0 0 
0 644733 644717 644809 644775 644789 644793 644717 644677 644803 644750 0 0 644617 0 644682 0 0 0 0 644577 644931 0 0 644609 644559 644580 0 0 0 0 0 644529 644604 0 0 0 0 0 0 644554 0 0 0 644540 644558 644469 0 0 0 0 0 0 644449 0 0 0 0 0 0 0 0 0 0 644383 644429 644445 644456 0 644347 644361 644399 644403 0 0 0 644287 644299 0 644347 644658 0 644317 0 644582 0 0 0 0 0 0 644470 644478 644140 644122 644081 644096 0 0 0 644422 644092 644054 644076 644076 644034 644069 644025 644052 644060 643993 643963 643973 0 0 643990 643986 0 0 644027 0 643927 0 0 643947 0 644334 644002 
644736 644700 644716 644660 644730 644716 644773 644788 644786 644763 644809 644839 644786 644778 644759 644847 644859 644868 644815 644756 644740 644635 644890 644888 644817 644767 644866 644756 644720 644717 644704 644695 644698 644854 644826 644762 644683 644692 644874 644879 644877 644882 644885 644861 644864 644831 644632 644860 644839 644836 644871 644863 644789 644712 644629 644812 644818 644821 644815 644854 644857 644855 644858 644724 644643 644594 644602 644804 644817 644625 644614 644615 644581 644611 644596 644593 644595 644565 644525 644517 644479 644550 644502 644433 644403 644456 644464 644357 644337 644458 644394 644291 644299 644446 644469 644436 644263 644310 644324 644330 644243 644362 644345 644370 644398 644389 644425 644380 644259 644390 644348 644270 644256 644157 644157 644331 644377 644395 644401 644407 644300 644246 644232 644248 644254 644238 644155 644413 
644987 644951 644967 644911 644981 644967 645035 645039 645043 645037 645095 645087 645005 644989 644951 645095 645145 645157 645015 644945 644937 644897 645145 645139 645017 644943 645095 644921 644873 644867 644865 644871 644877 645091 645035 644909 644847 644865 645063 645085 645069 645067 645073 645049 645055 645045 644793 645035 645017 645011 645057 645041 644961 644833 644787 644987 644999 645005 644993 645023 645029 645013 645019 644833 644743 644741 644757 644971 644961 644707 644709 644735 644715 644679 644697 644691 644647 644635 644651 644635 644697 644591 644605 644651 644621 644497 644505 644575 644555 644499 644435 644509 644517 644655 644637 644477 644481 644351 644365 644371 644461 644581 644569 644591 644591 644549 644477 644421 644477 644575 644389 644311 644297 644375 644375 644505 644501 644459 644465 644471 644341 644287 644273 644289 644295 644279 644373 644489 
0 0 643848 643832 0 643872 0 643908 643898 0 0 0 0 643928 0 643895 0 0 0 0 643918 0 0 0 644017 0 643970 0 0 0 0 0 643896 643982 0 0 0 0 0 0 643911 0 0 0 643966 0 643830 0 0 0 0 0 0 643910 0 0 0 0 0 0 0 0 0 0 0 643792 643800 643912 0 0 643812 643813 643779 0 0 0 643793 0 0 643715 0 0 0 0 643658 0 0 0 0 0 0 0 0 0 643714 643744 643475 0 0 0 643578 0 643532 643557 643593 643650 0 643716 643461 643601 643700 0 0 0 0 643564 0 0 0 643726 0 0 0 0 643605 0 0 0 
0 644712 644728 644660 644712 644698 644718 644770 644792 644674 644684 0 0 644830 0 644656 0 0 0 0 644832 644580 0 0 644858 644871 644775 0 0 0 0 0 644838 644799 0 0 0 0 0 0 644680 0 0 0 644759 644822 644795 0 0 0 0 0 0 644769 0 0 0 0 0 0 0 0 0 0 644709 644755 644771 644657 0 644673 644687 644725 644729 0 0 0 644613 644625 0 644673 644258 0 644643 0 644182 0 0 0 0 0 0 644070 644078 644238 644320 644389 644042 0 0 0 644022 644142 644132 644158 644199 644256 644365 644333 644038 644207 644301 644289 644299 0 0 644170 644267 0 0 644313 0 644253 0 0 644273 0 643934 644283 
0 0 0 0 0 0 0 0 0 0 0 0 0 0 0 0 0 0 0 0 0 0 0 0 0 0 644986 0 0 0 0 0 0 0 0 0 0 0 0 0 0 0 0 0 0 0 0 0 0 0 0 0 0 0 0 0 0 0 0 0 0 0 0 0 0 0 0 0 0 0 0 0 644638 0 0 0 0 0 0 0 0 0 0 0 0 0 0 0 0 0 0 0 0 0 644618 0 0 0 0 0 0 0 0 0 644526 644538 0 0 0 0 0 0 0 0 0 0 0 0 0 0 0 0 0 0 0 0 0 0 
644315 644285 644293 644277 644324 644317 644337 644353 644343 644314 644319 644394 644365 644373 644392 644305 644344 644350 644430 644395 644363 644268 644330 644358 644429 644432 644380 644443 644431 644434 644399 644360 644357 644392 644420 644483 644372 644363 644324 644313 644321 644346 644343 644379 644376 644415 644327 644338 644323 644326 644327 644335 644457 644444 644330 644314 644308 644305 644311 644344 644341 644373 644370 644442 644354 644317 644309 644322 644423 644318 644320 644346 644320 644290 644308 644302 644258 644246 644262 644246 644106 644202 644216 644083 644068 644108 644116 644045 644035 644108 644046 644012 644016 644006 644087 644086 643848 643962 643976 643982 643988 643922 643905 643930 643966 644023 644050 644030 643834 643974 643998 643922 643908 643939 643915 643937 644083 643996 644002 644008 643950 643898 643884 643900 643906 643890 643944 643990 
644353 644353 644369 644277 644311 644297 644293 644369 644409 644259 644281 644395 644453 644469 644507 644253 644331 644343 644467 644513 644509 644155 644303 644359 644477 644527 644403 644549 644579 644576 644581 644551 644545 644427 644471 644549 644575 644557 644291 644269 644285 644335 644329 644401 644395 644473 644535 644319 644289 644295 644297 644313 644527 644535 644540 644271 644259 644253 644265 644331 644325 644389 644383 644511 644538 644515 644519 644287 644465 644520 644533 644536 644502 644506 644517 644514 644490 644486 644446 644438 643855 644474 644423 643809 643779 644391 644431 643733 643713 644344 644384 643667 643675 643835 643949 644333 643639 644332 644327 644330 643619 643739 643729 643755 643803 643893 644309 644305 643635 643819 644289 644334 644305 643533 643533 643793 643987 644276 644279 644282 644265 644310 644315 644323 644326 644272 643531 644267 
644927 644893 644909 644851 644897 644883 644861 644955 644983 644815 644825 644975 645027 645043 645081 644797 644875 644887 645047 645087 645049 644723 644847 644903 645045 645113 644947 645135 645139 645139 645117 645067 645061 644971 645027 645121 645091 645073 644835 644813 644829 644879 644873 644945 644939 645017 645045 644863 644833 644839 644841 644857 645073 645105 645045 644815 644803 644797 644809 644875 644869 644933 644927 645063 645041 645021 645021 644831 645001 645005 645007 645033 645013 644977 644995 644989 644945 644933 644949 644933 644399 644889 644903 644353 644323 644793 644803 644277 644257 644729 644733 644211 644219 644379 644493 644707 644183 644649 644663 644669 644163 644283 644273 644299 644347 644437 644659 644651 644179 644363 644619 644609 644595 644077 644077 644337 644521 644593 644599 644605 644571 644585 644571 644587 644593 644577 644075 644575 
644334 644339 644347 644296 644307 644300 644286 644336 644362 644263 644268 644343 644384 644392 644411 644254 644293 644299 644379 644414 644417 644217 644279 644307 644378 644415 644329 644426 644444 644441 644453 644438 644435 644341 644369 644413 644450 644441 644273 644262 644270 644295 644292 644328 644325 644364 644407 644287 644272 644275 644276 644284 644392 644373 644410 644263 644257 644254 644260 644293 644290 644322 644319 644337 644354 644378 644387 644271 644353 644318 644344 644372 644352 644290 644334 644328 644258 644272 644288 644272 644055 644226 644242 644032 644017 644073 644140 643994 643984 644003 644046 643961 643965 643962 644043 643981 643804 643988 644002 644008 643937 643878 643861 643886 643922 643979 643945 643925 643790 643930 643893 643946 643934 643894 643871 643893 644039 643891 643897 643903 643845 643898 643908 643924 643930 643916 643893 643885 
644936 644936 644952 644860 644883 644869 644841 644941 644992 644795 644805 644955 645036 645052 645088 644777 644855 644867 645027 645088 645092 644703 644827 644883 645017 645058 644927 645047 645058 645055 645078 645080 645083 644951 644993 645005 645068 645077 644815 644793 644809 644859 644853 644921 644919 644965 645017 644843 644813 644819 644821 644837 644959 644987 645014 644795 644783 644777 644789 644855 644849 644897 644897 644939 644980 644979 644987 644811 644885 644944 644957 644983 644963 644916 644945 644939 644884 644883 644899 644883 644379 644839 644853 644333 644303 644698 644753 644257 644237 644605 644672 644191 644199 644359 644473 644583 644163 644599 644613 644619 644143 644263 644253 644279 644327 644417 644535 644527 644159 644343 644495 644559 644545 644057 644057 644317 644415 644469 644475 644481 644447 644524 644521 644537 644543 644527 644055 644451 
0 0 0 0 0 0 0 0 0 0 0 0 0 0 0 0 0 0 0 0 0 0 0 0 0 0 644862 0 0 0 0 0 645053 0 0 0 0 0 0 0 0 0 0 0 644849 0 644942 0 0 0 0 0 0 0 0 0 0 0 0 0 0 0 0 0 0 0 0 0 0 0 0 0 644825 0 0 0 0 0 0 0 0 0 0 0 0 0 0 0 0 0 0 0 0 0 644181 0 0 0 0 0 0 0 0 0 643962 644095 0 0 0 0 0 0 0 0 0 0 0 0 0 0 0 0 0 0 0 0 0 0 
0 0 644811 644795 0 644835 0 644871 644861 0 0 0 0 644889 0 644878 0 0 0 0 644865 0 0 0 644955 0 644954 0 0 0 0 0 644815 644968 0 0 0 0 0 0 644870 0 0 0 644930 0 644731 0 0 0 0 0 0 644771 0 0 0 0 0 0 0 0 0 0 0 644679 644695 644834 0 0 644647 644673 644653 0 0 0 644585 0 0 644573 0 0 0 0 644505 0 0 0 0 0 0 0 0 0 644498 644415 644271 0 0 0 644345 0 644328 644353 644389 644426 0 644359 644257 644397 644327 0 0 0 0 644354 0 0 0 644404 0 0 0 0 644233 0 0 0 
644712 644688 644704 644636 644694 644680 644724 644752 644768 644714 644736 644802 644812 644828 644856 644708 644786 644798 644872 644857 644839 644586 644758 644814 644893 644856 644858 644845 644821 644818 644817 644820 644823 644882 644902 644839 644808 644817 644746 644724 644740 644790 644784 644845 644842 644883 644781 644774 644744 644750 644752 644768 644865 644801 644778 644726 644714 644708 644720 644786 644780 644817 644820 644801 644756 644744 644752 644740 644803 644738 644739 644752 644731 644724 644733 644730 644708 644702 644675 644667 644310 644679 644652 644264 644234 644561 644593 644188 644168 644539 644511 644122 644130 644290 644403 644517 644094 644463 644478 644484 644074 644194 644184 644210 644258 644339 644505 644461 644090 644274 644429 644399 644409 643988 643988 644248 644333 644475 644481 644487 644381 644363 644361 644377 644383 644392 643986 644469 
644322 644286 644302 644246 644315 644301 644317 644373 644378 644283 644305 644419 644422 644438 644476 644288 644355 644367 644491 644482 644442 644179 644338 644394 644501 644531 644438 644550 644539 644542 644507 644460 644454 644451 644495 644576 644480 644466 644326 644304 644320 644370 644364 644436 644430 644497 644435 644354 644324 644330 644332 644348 644550 644580 644438 644306 644294 644288 644300 644366 644360 644424 644418 644576 644512 644425 644417 644322 644503 644494 644483 644484 644438 644480 644465 644462 644464 644434 644394 644386 643890 644424 644371 643844 643814 644401 644381 643768 643748 644409 644358 643702 643710 643870 643984 644398 643674 644280 644275 644278 643654 643774 643764 643790 643838 643928 644374 644370 643670 643854 644354 644284 644253 643568 643568 643828 644013 644341 644344 644347 644330 644284 644265 644273 644276 644220 643566 644332 
644741 644753 644769 644665 644687 644673 644645 644745 644797 644599 644609 644759 644841 644857 644895 644581 644659 644671 644831 644901 644909 644507 644631 644687 644829 644891 644731 644887 644899 644896 644931 644951 644951 644755 644811 644845 644946 644951 644619 644597 644613 644663 644657 644729 644723 644795 644934 644647 644617 644623 644625 644641 644799 644843 644931 644599 644587 644581 644593 644659 644653 644717 644711 644807 644870 644896 644904 644615 644725 644852 644877 644914 644883 644838 644895 644892 644822 644864 644827 644819 644183 644818 644804 644137 644107 644685 644775 644061 644041 644591 644671 643995 644003 644163 644277 644569 643967 644662 644676 644682 643947 644067 644057 644083 644131 644221 644521 644513 643963 644147 644481 644583 644608 643861 643861 644121 644255 644455 644461 644467 644433 644523 644545 644561 644567 644590 643859 644437 
644840 644808 644824 644764 644799 644785 644768 644857 644896 644722 644732 644882 644940 644956 644994 644704 644782 644794 644954 645000 644964 644630 644754 644810 644952 644999 644854 644993 644992 644989 644980 644966 644966 644878 644934 644962 644959 644966 644742 644720 644736 644786 644780 644852 644846 644914 644908 644770 644740 644746 644748 644764 644916 644949 644905 644722 644710 644704 644716 644782 644776 644840 644834 644924 644919 644870 644878 644738 644842 644901 644890 644891 644857 644887 644872 644869 644871 644841 644801 644793 644306 644828 644778 644260 644230 644730 644742 644184 644164 644660 644672 644118 644126 644286 644400 644638 644090 644588 644602 644608 644070 644190 644180 644206 644254 644344 644590 644582 644086 644270 644550 644548 644534 643984 643984 644244 644372 644524 644530 644536 644502 644524 644510 644526 644532 644516 643982 644506 
642911 642893 642901 642873 642908 642901 642935 642937 642939 642936 642965 642968 642961 642953 642934 642999 642990 642996 642966 642931 642927 642866 643024 643028 642967 642918 643016 642896 642860 642854 642864 642882 642888 643004 642974 642872 642858 642876 643040 643029 643037 643048 643051 643017 643020 642972 642828 643032 643023 643020 643043 643035 642900 642808 642822 643008 643014 643017 643011 643026 643029 643018 643024 642796 642742 642788 642804 643000 642932 642706 642720 642758 642762 642678 642720 642714 642646 642658 642722 642706 642822 642602 642676 642799 642784 642484 642516 642761 642751 642462 642434 642728 642732 642782 642827 642440 642624 642386 642412 642418 642704 642698 642681 642706 642742 642747 642428 642384 642610 642748 642352 642322 642332 642661 642661 642689 642704 642398 642404 642410 642304 642286 642284 642300 642306 642338 642660 642416 
644456 644426 644434 644418 644465 644458 644516 644494 644484 644529 644570 644537 644475 644459 644421 644628 644595 644601 644485 644415 644407 644447 644653 644629 644487 644413 644585 644391 644343 644337 644335 644341 644347 644561 644505 644379 644317 644335 644679 644690 644684 644653 644659 644587 644593 644515 644263 644651 644645 644639 644673 644657 644431 644303 644257 644627 644639 644645 644633 644639 644645 644599 644605 644303 644213 644211 644227 644611 644499 644177 644179 644205 644185 644149 644167 644161 644117 644105 644121 644105 644483 644061 644075 644460 644445 643967 643975 644422 644412 643969 643905 644389 644393 644466 644445 643947 644308 643821 643835 643841 644365 644382 644365 644390 644414 644374 643947 643891 644294 644400 643859 643781 643767 644322 644322 644330 644326 643929 643935 643941 643811 643757 643743 643759 643765 643749 644310 643959 
0 0 644792 644776 0 644816 0 644852 644840 0 0 0 0 644828 0 644986 0 0 0 0 644776 0 0 0 644856 0 644954 0 0 0 0 0 644716 644930 0 0 0 0 0 0 645039 0 0 0 644962 0 644632 0 0 0 0 0 0 644672 0 0 0 0 0 0 0 0 0 0 0 644580 644596 644960 0 0 644548 644574 644554 0 0 0 644486 0 0 644474 0 0 0 0 644667 0 0 0 0 0 0 0 0 0 644626 644316 644461 0 0 0 644507 0 644514 644538 644562 644538 0 644260 644447 644562 644228 0 0 0 0 644494 0 0 0 644310 0 0 0 0 644134 0 0 0 
644757 644727 644735 644693 644763 644749 644817 644795 644785 644819 644859 644838 644807 644815 644812 644893 644884 644890 644868 644809 644793 644679 644918 644922 644881 644820 644942 644809 644773 644770 644757 644748 644751 644930 644902 644815 644736 644745 644924 644913 644921 644952 644949 644943 644946 644907 644685 644938 644911 644914 644927 644935 644865 644765 644682 644890 644884 644881 644887 644942 644941 644943 644946 644767 644677 644647 644655 644892 644899 644641 644643 644668 644634 644613 644631 644625 644581 644569 644578 644569 644547 644525 644539 644501 644471 644431 644439 644425 644405 644433 644369 644359 644367 644480 644557 644411 644322 644285 644299 644305 644311 644396 644379 644404 644440 644477 644411 644355 644308 644448 644323 644245 644231 644225 644225 644411 644465 644393 644399 644405 644275 644221 644207 644223 644229 644213 644223 644411 
644748 644712 644728 644672 644742 644728 644796 644800 644803 644798 644856 644856 644825 644829 644816 644923 644906 644918 644872 644813 644797 644658 644971 644964 644885 644824 644970 644813 644777 644774 644761 644752 644755 644946 644906 644819 644740 644749 644983 644972 644980 645002 645002 644982 644985 644923 644689 644990 644978 644978 644986 644990 644869 644748 644686 644966 644966 644964 644966 644987 644990 644982 644985 644748 644658 644651 644659 644961 644938 644622 644624 644650 644630 644594 644612 644606 644562 644550 644566 644550 644579 644506 644520 644545 644527 644412 644420 644486 644466 644414 644350 644420 644428 644580 644643 644392 644392 644266 644280 644286 644372 644492 644479 644504 644540 644563 644392 644336 644388 644548 644304 644226 644212 644286 644286 644503 644551 644374 644380 644386 644256 644202 644188 644204 644210 644194 644284 644404 
644678 644642 644658 644602 644672 644658 644726 644730 644734 644728 644786 644792 644778 644794 644802 644851 644836 644848 644850 644802 644778 644588 644901 644912 644874 644825 644946 644814 644778 644775 644762 644753 644754 644922 644898 644820 644741 644750 644892 644870 644886 644936 644930 644967 644967 644922 644690 644920 644890 644896 644898 644914 644870 644770 644687 644872 644860 644854 644866 644922 644922 644946 644946 644782 644701 644652 644660 644874 644937 644683 644672 644673 644639 644669 644654 644651 644653 644623 644583 644575 644456 644613 644560 644410 644380 644556 644564 644334 644314 644558 644494 644268 644276 644436 644538 644536 644240 644410 644424 644430 644220 644340 644330 644356 644404 644466 644536 644480 644236 644420 644448 644370 644356 644134 644134 644394 644470 644518 644524 644530 644400 644346 644332 644348 644354 644338 644132 644548 
0 0 0 0 0 0 0 0 0 0 0 0 0 0 0 0 0 0 0 0 0 0 0 0 0 0 644700 0 0 0 0 0 644525 0 0 0 0 0 0 0 0 0 0 0 644715 0 644423 0 0 0 0 0 0 0 0 0 0 0 0 0 0 0 0 0 0 0 0 0 0 0 0 0 644317 0 0 0 0 0 0 0 0 0 0 0 0 0 0 0 0 0 0 0 0 0 644133 0 0 0 0 0 0 0 0 0 643942 644031 0 0 0 0 0 0 0 0 0 0 0 0 0 0 0 0 0 0 0 0 0 0 
0 644040 644056 644012 644094 644080 644172 644152 644144 644186 644256 0 0 644204 0 644300 0 0 0 0 644196 644034 0 0 644350 644255 644428 0 0 0 0 0 644156 644402 0 0 0 0 0 0 644332 0 0 0 644441 644408 644030 0 0 0 0 0 0 644090 0 0 0 0 0 0 0 0 0 0 643955 643952 643976 644334 0 643901 643904 643943 643913 0 0 0 643811 643793 0 643793 643902 0 643748 0 643826 0 0 0 0 0 0 643714 643722 643827 643965 643556 643571 0 0 0 643666 643695 643673 643711 643771 643871 643556 643472 643555 643787 643424 643307 643286 0 0 643737 643831 0 0 643547 0 643271 0 0 643283 0 643578 643574 
0 0 0 0 0 0 0 0 0 0 0 0 0 0 0 0 0 0 0 0 0 0 0 0 0 0 644701 0 0 0 0 0 645024 0 0 0 0 0 0 0 0 0 0 0 644684 0 645035 0 0 0 0 0 0 0 0 0 0 0 0 0 0 0 0 0 0 0 0 0 0 0 0 0 644966 0 0 0 0 0 0 0 0 0 0 0 0 0 0 0 0 0 0 0 0 0 644020 0 0 0 0 0 0 0 0 0 643801 643930 0 0 0 0 0 0 0 0 0 0 0 0 0 0 0 0 0 0 0 0 0 0 
644655 644619 644635 644579 644649 644635 644703 644707 644711 644705 644763 644769 644755 644763 644749 644831 644813 644825 644805 644746 644730 644565 644881 644889 644818 644757 644903 644746 644710 644707 644694 644685 644688 644879 644839 644752 644673 644682 644941 644919 644935 644943 644943 644916 644919 644856 644622 644955 644940 644940 644947 644955 644802 644702 644619 644916 644916 644912 644916 644951 644954 644922 644925 644714 644633 644584 644592 644910 644872 644615 644604 644605 644571 644601 644586 644583 644585 644555 644515 644507 644514 644545 644492 644468 644438 644464 644472 644392 644372 644466 644402 644326 644334 644494 644575 644444 644298 644318 644332 644338 644278 644398 644388 644414 644462 644495 644444 644388 644294 644478 644356 644278 644264 644192 644192 644436 644483 644426 644432 644438 644308 644254 644240 644256 644262 644246 644190 644456 
642757 642739 642747 642719 642754 642747 642781 642783 642785 642782 642811 642814 642807 642807 642788 642845 642836 642842 642820 642785 642781 642712 642870 642874 642821 642784 642870 642773 642749 642746 642745 642748 642751 642858 642830 642767 642736 642745 642912 642901 642909 642904 642907 642871 642874 642835 642709 642912 642927 642924 642915 642915 642793 642729 642706 642914 642920 642919 642917 642906 642909 642877 642880 642729 642684 642683 642691 642906 642827 642666 642667 642680 642670 642652 642661 642658 642636 642630 642638 642630 642718 642604 642615 642697 642682 642486 642518 642659 642649 642464 642436 642626 642630 642620 642673 642442 642462 642388 642414 642420 642602 642536 642519 642544 642580 642593 642430 642386 642448 642588 642354 642324 642334 642553 642529 642535 642581 642400 642406 642412 642306 642288 642286 642302 642308 642340 642558 642418 
644475 644445 644453 644415 644484 644471 644535 644513 644503 644541 644589 644556 644525 644529 644510 644647 644614 644620 644566 644507 644491 644401 644672 644664 644579 644518 644664 644507 644471 644468 644455 644446 644449 644640 644600 644513 644434 644443 644737 644726 644734 644722 644721 644677 644680 644617 644383 644741 644756 644753 644740 644744 644563 644463 644380 644741 644745 644742 644744 644735 644738 644695 644698 644475 644394 644345 644353 644733 644633 644376 644365 644366 644332 644357 644347 644344 644325 644313 644276 644268 644400 644269 644253 644366 644348 644175 644183 644314 644294 644177 644113 644248 644280 644526 644566 644155 644368 644029 644043 644049 644236 644442 644425 644450 644486 644503 644155 644099 644354 644494 644067 643989 643975 644198 644222 644445 644491 644137 644143 644149 644019 643965 643951 643967 643973 643957 644160 644167 
644543 644513 644521 644505 644552 644545 644591 644581 644571 644592 644621 644624 644593 644589 644570 644655 644646 644652 644626 644567 644551 644522 644680 644684 644627 644578 644676 644567 644531 644528 644515 644506 644509 644664 644636 644573 644494 644503 644698 644687 644695 644710 644713 644677 644680 644641 644443 644694 644685 644682 644701 644697 644599 644523 644440 644670 644676 644679 644673 644688 644691 644683 644686 644535 644454 644405 644413 644662 644633 644436 644425 644426 644392 644422 644407 644404 644406 644376 644336 644328 644437 644355 644313 644403 644385 644261 644269 644346 644326 644263 644199 644280 644288 644297 644346 644241 644139 644115 644129 644135 644232 644213 644196 644221 644257 644266 644229 644185 644125 644265 644153 644075 644061 644146 644146 644208 644254 644199 644205 644211 644105 644051 644037 644053 644059 644043 644144 644217 
644879 644843 644859 644803 644873 644859 644927 644931 644935 644929 644987 644993 644945 644931 644893 645055 645037 645049 644957 644887 644879 644789 645105 645089 644959 644885 645057 644863 644815 644809 644807 644813 644819 645033 644977 644851 644789 644807 645137 645137 645137 645125 645131 645059 645065 644987 644735 645117 645123 645117 645137 645123 644903 644775 644729 645095 645107 645113 645101 645105 645111 645071 645077 644775 644685 644683 644699 645079 644971 644649 644651 644677 644657 644621 644639 644633 644589 644577 644593 644577 644753 644533 644547 644709 644679 644439 644447 644633 644613 644441 644377 644567 644575 644731 644745 644419 644539 644293 644307 644313 644519 644639 644629 644655 644683 644657 644419 644363 644535 644683 644331 644253 644239 644433 644433 644613 644609 644401 644407 644413 644283 644229 644215 644231 644237 644221 644431 644431 
644895 644859 644875 644819 644889 644875 644937 644947 644951 644893 644903 645009 644995 645011 645049 644875 644953 644965 645081 645055 645015 644799 644925 644981 645121 645105 645025 645125 645093 645087 645077 645033 645027 645049 645105 645129 645053 645039 644913 644891 644907 644957 644951 645023 645017 645095 645005 644941 644911 644917 644919 644935 645129 645053 645005 644893 644881 644875 644887 644953 644947 645011 645005 645053 644963 644961 644977 644909 645053 644927 644929 644955 644935 644899 644917 644911 644867 644855 644871 644855 644477 644811 644825 644431 644401 644717 644725 644355 644335 644719 644655 644289 644297 644457 644571 644697 644261 644571 644585 644591 644241 644361 644351 644377 644425 644515 644691 644641 644257 644441 644609 644531 644517 644155 644155 644415 644593 644627 644633 644639 644561 644507 644493 644509 644515 644499 644153 644609 
0 0 643015 642975 0 642991 0 643027 643041 0 0 0 0 643071 0 643017 0 0 0 0 643085 0 0 0 643093 0 643080 0 0 0 0 0 643091 643080 0 0 0 0 0 0 643057 0 0 0 643088 0 643085 0 0 0 0 0 0 643140 0 0 0 0 0 0 0 0 0 0 0 643087 643079 643082 0 0 643108 643116 643092 0 0 0 643077 0 0 643056 0 0 0 0 642760 0 0 0 0 0 0 0 0 0 643081 642934 643010 0 0 0 642696 0 643043 643044 643056 643089 0 642878 643020 643064 642846 0 0 0 0 643075 0 0 0 642880 0 0 0 0 642836 0 0 0 
644731 644743 644759 644655 644677 644663 644635 644735 644787 644589 644599 644749 644831 644847 644875 644571 644649 644661 644821 644875 644899 644497 644621 644677 644803 644846 644721 644835 644847 644844 644879 644918 644921 644745 644779 644793 644906 644915 644609 644587 644603 644653 644647 644707 644707 644753 644940 644637 644607 644613 644615 644631 644747 644791 644937 644589 644577 644571 644583 644649 644643 644683 644683 644755 644818 644914 644922 644605 644673 644800 644837 644886 644901 644786 644867 644864 644770 644836 644857 644849 644173 644778 644834 644127 644097 644612 644716 644051 644031 644518 644598 643985 643993 644153 644267 644496 643957 644647 644673 644679 643937 644057 644047 644073 644121 644203 644448 644440 643953 644137 644408 644522 644593 643851 643851 644111 644203 644382 644388 644394 644360 644450 644484 644500 644506 644599 643849 644364 
644341 644311 644319 644303 644350 644343 644401 644379 644369 644414 644455 644422 644391 644383 644364 644513 644480 644486 644420 644361 644345 644332 644538 644530 644433 644372 644518 644361 644325 644322 644309 644300 644303 644494 644454 644367 644288 644297 644604 644593 644601 644576 644579 644531 644534 644471 644237 644596 644623 644620 644607 644599 644417 644317 644234 644641 644647 644650 644644 644590 644593 644549 644552 644329 644248 644199 644207 644633 644487 644230 644219 644220 644186 644216 644201 644198 644200 644170 644130 644122 644422 644151 644107 644427 644409 644057 644065 644375 644355 644059 643995 644309 644341 644390 644435 644037 644232 643911 643925 643931 644297 644306 644289 644314 644350 644355 644037 643981 644218 644356 643949 643871 643857 644259 644283 644297 644343 644019 644025 644031 643901 643847 643833 643849 643855 643839 644221 644049 
642699 642681 642689 642661 642696 642689 642723 642725 642727 642724 642753 642756 642745 642737 642718 642787 642778 642784 642750 642715 642711 642654 642812 642816 642751 642714 642800 642703 642679 642676 642675 642678 642681 642788 642760 642697 642666 642675 642854 642843 642851 642834 642837 642801 642804 642765 642639 642842 642857 642854 642853 642845 642723 642659 642636 642864 642870 642873 642867 642836 642839 642807 642810 642659 642614 642613 642621 642856 642757 642596 642597 642610 642600 642582 642591 642588 642566 642560 642568 642560 642660 642538 642545 642659 642644 642424 642456 642621 642611 642402 642374 642588 642592 642642 642683 642380 642484 642326 642352 642358 642564 642558 642541 642566 642602 642603 642368 642324 642470 642604 642292 642262 642272 642521 642521 642545 642591 642338 642344 642350 642244 642226 642224 642240 642246 642278 642520 642356 
644868 644832 644848 644792 644862 644848 644916 644920 644912 644918 644976 644960 644912 644906 644868 645044 645026 645032 644932 644862 644854 644778 645080 645056 644934 644860 645032 644838 644790 644784 644782 644788 644794 645008 644952 644826 644764 644782 645128 645128 645128 645100 645104 645034 645040 644962 644710 645116 645136 645130 645128 645122 644878 644750 644704 645106 645118 645118 645112 645104 645110 645046 645052 644750 644660 644658 644674 645090 644946 644624 644626 644652 644632 644596 644614 644608 644564 644552 644568 644552 644780 644508 644522 644734 644704 644414 644422 644658 644638 644416 644352 644592 644600 644734 644756 644394 644564 644268 644282 644288 644544 644662 644638 644662 644686 644668 644394 644338 644560 644686 644306 644228 644214 644458 644458 644624 644620 644376 644382 644388 644258 644204 644190 644206 644212 644196 644456 644406 
644842 644806 644822 644766 644836 644822 644890 644894 644898 644892 644950 644956 644910 644894 644856 645018 645000 645012 644920 644850 644842 644752 645068 645056 644922 644848 645020 644826 644778 644772 644770 644776 644782 644996 644940 644814 644752 644770 645128 645128 645128 645088 645094 645022 645028 644950 644698 645104 645134 645128 645126 645110 644866 644738 644692 645130 645142 645148 645136 645092 645098 645034 645040 644738 644648 644646 644662 645114 644934 644612 644614 644640 644620 644584 644602 644596 644552 644540 644556 644540 644764 644496 644510 644744 644716 644402 644410 644670 644650 644404 644340 644604 644612 644772 644782 644382 644576 644256 644270 644276 644556 644676 644666 644692 644724 644694 644382 644326 644572 644720 644294 644216 644202 644470 644470 644650 644646 644364 644370 644376 644246 644192 644178 644194 644200 644184 644468 644394 
643009 642991 642999 642971 643006 642999 643033 643035 643037 643034 643063 643066 643059 643067 643086 643097 643088 643094 643102 643083 643069 642964 643122 643126 643119 643082 643148 643071 643047 643044 643043 643046 643049 643136 643128 643065 643034 643043 643142 643131 643139 643162 643159 643169 643168 643133 643007 643156 643141 643144 643145 643153 643091 643011 643004 643132 643126 643123 643129 643162 643159 643175 643178 642999 642945 642981 642989 643140 643125 642909 642923 642961 642965 642881 642923 642917 642849 642861 642925 642909 642924 642805 642879 642901 642886 642687 642719 642863 642853 642665 642637 642830 642834 642854 642935 642643 642696 642589 642615 642621 642806 642770 642753 642778 642814 642871 642631 642587 642682 642822 642555 642525 642535 642763 642763 642785 642861 642601 642607 642613 642507 642489 642487 642503 642509 642541 642762 642619 
644848 644812 644828 644772 644842 644828 644896 644900 644904 644898 644956 644962 644930 644930 644930 645024 645006 645018 644978 644926 644906 644758 645074 645074 644998 644924 645074 644902 644854 644848 644846 644852 644858 645050 645016 644890 644828 644846 645122 645112 645122 645122 645122 645098 645098 645026 644774 645122 645116 645116 645122 645122 644942 644814 644768 645092 645092 645092 645092 645122 645122 645110 645116 644814 644724 644722 644738 645092 645010 644688 644690 644716 644696 644660 644678 644672 644628 644616 644632 644616 644716 644572 644586 644670 644640 644478 644486 644594 644574 644480 644416 644528 644536 644696 644756 644458 644500 644332 644346 644352 644480 644600 644590 644616 644660 644684 644458 644402 644496 644660 644370 644292 644278 644394 644394 644612 644640 644440 644446 644452 644322 644268 644254 644270 644276 644260 644392 644470 
644489 644465 644465 644489 644513 644513 644561 644513 644489 644585 644609 644537 644489 644489 644489 644640 644609 644609 644537 644489 644465 644561 644640 644628 644561 644513 644628 644497 644449 644443 644441 644441 644441 644609 644585 644485 644423 644439 644640 644640 644640 644640 644640 644640 644640 644609 644369 644640 644640 644640 644640 644640 644537 644409 644363 644640 644640 644640 644640 644640 644640 644640 644640 644409 644319 644317 644333 644640 644588 644283 644285 644311 644291 644255 644273 644267 644223 644211 644227 644211 644640 644167 644181 644640 644640 644073 644081 644640 644640 644075 644011 644640 644640 644390 644438 644053 644270 643927 643941 643947 644640 644318 644294 644318 644342 644366 644053 643997 644246 644342 643965 643887 643873 644558 644510 644294 644358 644035 644041 644047 643917 643863 643849 643865 643871 643855 644630 644065 
643051 643033 643041 643013 643048 643041 643075 643077 643079 643076 643105 643108 643101 643109 643128 643139 643130 643136 643144 643129 643111 643006 643164 643168 643165 643128 643190 643117 643093 643090 643089 643092 643095 643178 643174 643111 643080 643089 643182 643171 643179 643204 643201 643213 643210 643179 643053 643196 643181 643184 643185 643193 643137 643061 643050 643172 643166 643163 643169 643202 643199 643221 643224 643049 642995 643027 643035 643180 643171 642959 642973 643011 643014 642931 642973 642967 642899 642911 642975 642959 642964 642855 642929 642941 642926 642737 642769 642903 642893 642715 642687 642870 642874 642846 642927 642693 642688 642639 642665 642671 642846 642762 642745 642770 642806 642863 642681 642637 642674 642814 642605 642575 642585 642779 642755 642777 642857 642651 642657 642663 642557 642539 642537 642553 642559 642591 642802 642669 
644440 644422 644430 644402 644437 644430 644430 644466 644468 644395 644388 644497 644490 644498 644517 644350 644413 644419 644533 644520 644500 644361 644375 644415 644522 644545 644437 644556 644556 644559 644536 644509 644506 644461 644501 644586 644521 644512 644345 644334 644342 644379 644376 644424 644421 644484 644500 644359 644332 644335 644348 644356 644538 644600 644503 644311 644305 644302 644308 644365 644362 644406 644403 644616 644571 644502 644494 644319 644468 644553 644554 644553 644515 644539 644548 644545 644523 644517 644499 644507 644045 644495 644502 643999 643969 644448 644452 643923 643903 644429 644401 643857 643865 643901 643982 644407 643743 644353 644379 644385 643809 643817 643800 643825 643861 643918 644361 644351 643729 643869 644319 644289 644299 643723 643723 643832 643978 644295 644301 644307 644271 644253 644251 644267 644273 644305 643721 644277 
0 0 644450 644270 644326 644298 0 644442 644534 644152 644172 0 0 644654 0 644116 0 0 0 0 644730 0 0 0 644612 0 644416 0 0 0 0 0 644758 644464 0 0 0 0 0 0 644180 0 0 0 644400 0 644734 0 0 0 0 0 0 644978 0 0 0 0 0 0 0 0 0 0 645106 644742 644710 644184 0 645073 645075 644946 644794 0 0 0 644953 644933 0 644762 643320 0 0 0 643168 0 0 0 0 0 0 0 0 643280 643508 644367 642888 0 0 0 642848 643088 643068 643120 643216 643396 644271 644255 642880 643248 644191 0 0 0 0 643196 643588 0 0 644163 0 0 0 0 644253 0 0 644103 
0 0 644290 644210 0 644242 0 644314 644342 0 0 0 0 644402 0 644294 0 0 0 0 644430 0 0 0 644446 0 644420 0 0 0 0 0 644466 644420 0 0 0 0 0 0 644374 0 0 0 644436 0 644502 0 0 0 0 0 0 644455 0 0 0 0 0 0 0 0 0 0 0 644494 644502 644424 0 0 644403 644453 644481 0 0 0 644317 0 0 644405 0 0 0 0 643940 0 0 0 0 0 0 0 0 0 644422 644075 644280 0 0 0 643876 0 644346 644348 644372 644438 0 644019 644300 644388 643987 0 0 0 0 644410 0 0 0 644021 0 0 0 0 643989 0 0 0 
0 0 644318 644226 0 644246 0 644318 644346 0 0 0 0 644376 0 644226 0 0 0 0 644402 0 0 0 644362 0 644313 0 0 0 0 0 644432 644325 0 0 0 0 0 0 644254 0 0 0 644309 0 644472 0 0 0 0 0 0 644384 0 0 0 0 0 0 0 0 0 0 0 644449 644457 644255 0 0 644394 644431 644436 0 0 0 644339 0 0 644372 0 0 0 0 643812 0 0 0 0 0 0 0 0 0 644058 644182 643800 0 0 0 643700 0 643876 643901 643937 643994 0 644154 643796 643945 644138 0 0 0 0 643908 0 0 0 644131 0 0 0 0 644187 0 0 0 
0 0 642937 642881 0 642937 0 643009 643013 0 0 0 0 643073 0 643103 0 0 0 0 643071 0 0 0 643168 0 643216 0 0 0 0 0 643048 643204 0 0 0 0 0 0 643207 0 0 0 643234 0 642983 0 0 0 0 0 0 643063 0 0 0 0 0 0 0 0 0 0 0 642945 642953 643266 0 0 642965 642966 642932 0 0 0 642946 0 0 642868 0 0 0 0 642785 0 0 0 0 0 0 0 0 0 643265 642892 643125 0 0 0 642721 0 643191 643193 643217 643270 0 642836 643145 643233 642804 0 0 0 0 643255 0 0 0 642886 0 0 0 0 642710 0 0 0 
644594 644558 644574 644518 644588 644574 644642 644646 644650 644643 644689 644708 644694 644710 644748 644733 644739 644751 644780 644754 644714 644504 644783 644803 644826 644796 644847 644807 644795 644796 644763 644724 644721 644835 644855 644841 644736 644727 644785 644763 644779 644829 644823 644881 644875 644876 644691 644813 644783 644789 644791 644807 644890 644791 644694 644765 644753 644747 644759 644825 644819 644883 644877 644803 644722 644673 644673 644781 644924 644704 644693 644694 644660 644690 644675 644672 644674 644644 644604 644596 644349 644634 644581 644303 644273 644594 644591 644227 644207 644596 644532 644161 644169 644329 644443 644574 644133 644448 644462 644468 644113 644233 644223 644249 644297 644387 644574 644518 644129 644313 644486 644408 644394 644027 644027 644287 644456 644555 644561 644567 644438 644384 644370 644386 644392 644376 644025 644573 
0 0 644350 644177 644233 644205 0 644349 644441 644059 644079 0 0 644561 0 644023 0 0 0 0 644630 0 0 0 644519 0 644323 0 0 0 0 0 644654 644371 0 0 0 0 0 0 644087 0 0 0 644307 0 644630 0 0 0 0 0 0 644885 0 0 0 0 0 0 0 0 0 0 645018 644638 644606 644091 0 645083 644990 644842 644690 0 0 0 645050 645003 0 644658 643227 0 0 0 643075 0 0 0 0 0 0 0 0 643187 643415 644471 642795 0 0 0 642755 642995 642975 643027 643123 643303 644375 644359 642787 643155 644295 0 0 0 0 643103 643495 0 0 644267 0 0 0 0 644346 0 0 644207 
0 0 643153 643076 0 643108 0 643180 643208 0 0 0 0 643268 0 643160 0 0 0 0 643293 0 0 0 643312 0 643286 0 0 0 0 0 643317 643286 0 0 0 0 0 0 643240 0 0 0 643302 0 643305 0 0 0 0 0 0 643443 0 0 0 0 0 0 0 0 0 0 0 643309 643293 643290 0 0 643425 643405 643335 0 0 0 643394 0 0 643311 0 0 0 0 642806 0 0 0 0 0 0 0 0 0 643288 643242 643146 0 0 0 642742 0 643212 643214 643238 643304 0 643186 643166 643254 643154 0 0 0 0 643276 0 0 0 643188 0 0 0 0 643141 0 0 0 
0 0 644832 644728 0 644736 0 644796 644834 0 0 0 0 644864 0 644642 0 0 0 0 644902 0 0 0 644814 0 644729 0 0 0 0 0 644944 644753 0 0 0 0 0 0 644634 0 0 0 644713 0 644978 0 0 0 0 0 0 644916 0 0 0 0 0 0 0 0 0 0 0 644968 644960 644611 0 0 644960 645010 644980 0 0 0 644850 0 0 644932 0 0 0 0 644170 0 0 0 0 0 0 0 0 0 644274 644536 644030 0 0 0 644010 0 644092 644117 644153 644210 0 644480 644021 644161 644448 0 0 0 0 644124 0 0 0 644434 0 0 0 0 644546 0 0 0 
0 0 0 0 0 0 0 0 0 0 0 0 0 0 0 0 0 0 0 0 0 0 0 0 0 0 642715 0 0 0 0 0 0 0 0 0 0 0 0 0 0 0 0 0 0 0 0 0 0 0 0 0 0 0 0 0 0 0 0 0 0 0 0 0 0 0 0 0 0 0 0 0 642934 0 0 0 0 0 0 0 0 0 0 0 0 0 0 0 0 0 0 0 0 0 642259 0 0 0 0 0 0 0 0 0 642163 642187 0 0 0 0 0 0 0 0 0 0 0 0 0 0 0 0 0 0 0 0 0 0 
644615 644614 644630 644539 644561 644547 644519 644619 644671 644473 644483 644633 644715 644731 644769 644455 644533 644545 644705 644775 644770 644381 644505 644561 644703 644777 644605 644799 644839 644842 644842 644800 644794 644629 644685 644797 644824 644806 644493 644471 644487 644537 644531 644603 644597 644675 644806 644521 644491 644497 644499 644515 644747 644847 644809 644473 644461 644455 644467 644533 644527 644591 644585 644835 644903 644808 644800 644489 644677 644921 644896 644859 644821 644935 644878 644881 644929 644909 644782 644790 644057 644901 644805 644011 643981 644819 644858 643935 643915 644725 644792 643869 643877 644037 644151 644703 643841 644744 644770 644776 643821 643941 643931 643957 644005 644095 644655 644647 643837 644021 644615 644680 644690 643735 643735 643995 644187 644589 644595 644601 644567 644644 644642 644658 644664 644685 643733 644571 
644330 644336 644344 644292 644303 644296 644282 644332 644358 644259 644264 644339 644380 644388 644407 644250 644289 644295 644375 644410 644414 644213 644275 644303 644374 644411 644325 644422 644446 644449 644450 644447 644444 644337 644365 644428 644459 644450 644269 644258 644266 644291 644288 644324 644321 644360 644464 644283 644268 644271 644272 644280 644402 644466 644467 644259 644253 644250 644256 644289 644286 644318 644315 644466 644499 644454 644446 644267 644368 644481 644506 644515 644467 644467 644524 644521 644451 644493 644427 644435 644010 644447 644444 643976 643958 644292 644372 643924 643904 644222 644266 643858 643890 643957 644038 644200 643799 644268 644282 644288 643846 643873 643856 643881 643917 643974 644164 644144 643785 643925 644112 644178 644214 643808 643808 643888 644034 644110 644116 644122 644064 644118 644140 644156 644162 644196 643770 644104 
644451 644451 644467 644375 644409 644395 644391 644467 644507 644357 644379 644493 644551 644567 644605 644375 644429 644441 644565 644611 644607 644253 644425 644469 644575 644625 644513 644647 644683 644689 644679 644661 644655 644525 644569 644671 644685 644667 644437 644415 644431 644469 644463 644523 644517 644571 644669 644465 644447 644453 644443 644459 644643 644725 644675 644441 644429 644423 644435 644477 644471 644523 644517 644725 644764 644673 644657 644457 644611 644746 644771 644762 644699 644732 644777 644774 644716 644746 644662 644670 644013 644712 644685 643979 643961 644617 644669 643927 643907 644564 644608 643861 643893 644054 644168 644542 643858 644586 644589 644592 643838 643958 643948 643974 644022 644112 644506 644486 643854 644038 644454 644520 644532 643752 643752 644012 644208 644452 644458 644464 644406 644460 644482 644498 644504 644514 643750 644446 
0 0 644213 644145 0 644165 0 644237 644277 0 0 0 0 644327 0 644145 0 0 0 0 644329 0 0 0 644313 0 644264 0 0 0 0 0 644331 644276 0 0 0 0 0 0 644201 0 0 0 644260 0 644301 0 0 0 0 0 0 644405 0 0 0 0 0 0 0 0 0 0 0 644291 644283 644206 0 0 644415 644366 644304 0 0 0 644474 0 0 644272 0 0 0 0 643731 0 0 0 0 0 0 0 0 0 644017 644343 643727 0 0 0 643619 0 643817 643843 643891 643953 0 644315 643723 643904 644299 0 0 0 0 643867 0 0 0 644292 0 0 0 0 644296 0 0 0 
0 0 644308 644112 644159 644131 0 644275 644376 643983 644003 0 0 644496 0 643947 0 0 0 0 644588 0 0 0 644443 0 644247 0 0 0 0 0 644684 644295 0 0 0 0 0 0 644011 0 0 0 644231 0 644704 0 0 0 0 0 0 644811 0 0 0 0 0 0 0 0 0 0 644976 644712 644680 644015 0 645038 645020 644916 644764 0 0 0 644999 645066 0 644732 643151 0 0 0 642999 0 0 0 0 0 0 0 0 643111 643339 644386 642719 0 0 0 642679 642919 642899 642951 643047 643227 644290 644274 642711 643079 644210 0 0 0 0 643027 643419 0 0 644182 0 0 0 0 644367 0 0 644122 
644726 644738 644754 644650 644672 644658 644630 644730 644782 644584 644594 644744 644826 644842 644880 644566 644644 644656 644816 644886 644894 644492 644616 644672 644814 644888 644716 644910 644958 644964 644966 644960 644954 644740 644796 644922 644984 644966 644604 644582 644598 644648 644642 644714 644708 644786 645038 644632 644602 644608 644610 644626 644870 644958 645044 644584 644572 644566 644578 644644 644638 644702 644696 644910 644964 645090 645074 644600 644802 644928 644978 645052 645112 644900 645014 645008 644868 644952 645160 645144 644168 644860 645114 644122 644092 644670 644774 644046 644026 644576 644656 643980 643988 644148 644262 644554 643952 644716 644778 644784 643932 644052 644042 644068 644116 644206 644506 644498 643948 644132 644466 644580 644662 643846 643846 644106 644302 644440 644446 644452 644418 644508 644542 644558 644564 644740 643844 644422 
0 0 643871 643791 0 643823 0 643895 643923 0 0 0 0 643983 0 643875 0 0 0 0 644011 0 0 0 644027 0 644001 0 0 0 0 0 644047 644001 0 0 0 0 0 0 643955 0 0 0 644017 0 644070 0 0 0 0 0 0 644083 0 0 0 0 0 0 0 0 0 0 0 644083 644076 644005 0 0 644083 644083 644083 0 0 0 644001 0 0 644083 0 0 0 0 643521 0 0 0 0 0 0 0 0 0 644003 643759 643861 0 0 0 643457 0 643927 643929 643953 644019 0 643703 643881 643969 643671 0 0 0 0 643991 0 0 0 643705 0 0 0 0 643673 0 0 0 
0 0 643964 644172 644128 644156 0 644012 643908 644304 644284 0 0 643788 0 644332 0 0 0 0 643684 0 0 0 643844 0 644040 0 0 0 0 0 643564 643992 0 0 0 0 0 0 644244 0 0 0 644048 0 643396 0 0 0 0 0 0 643476 0 0 0 0 0 0 0 0 0 0 643296 643292 643324 644140 0 643224 643228 643280 643240 0 0 0 643104 643080 0 643080 645047 0 0 0 644961 0 0 0 0 0 0 0 0 643508 643472 642764 643420 0 0 0 644652 643412 643336 643380 643380 643296 642764 642652 643332 643348 642588 0 0 0 0 643208 643200 0 0 642752 0 0 0 0 642400 0 0 642788 
644499 644511 644527 644423 644445 644431 644403 644503 644555 644357 644367 644517 644599 644615 644653 644339 644417 644429 644589 644659 644667 644265 644389 644445 644587 644661 644489 644683 644731 644737 644739 644722 644716 644513 644569 644695 644746 644728 644377 644355 644371 644421 644415 644487 644481 644559 644774 644405 644375 644381 644383 644399 644643 644771 644780 644357 644345 644339 644351 644417 644411 644475 644469 644771 644861 644790 644774 644373 644575 644897 644884 644846 644816 644918 644884 644890 644916 644941 644808 644824 643941 644913 644854 643895 643865 644805 644870 643819 643799 644734 644810 643753 643761 643921 644035 644723 643725 644839 644846 644849 643705 643825 643815 643841 643889 643979 644678 644670 643721 643905 644638 644741 644797 643619 643619 643879 644075 644612 644618 644624 644590 644680 644703 644719 644725 644803 643617 644594 
0 644693 644709 644605 644627 644613 644585 644685 644737 644539 644549 0 0 644797 0 644521 0 0 0 0 644849 644447 0 0 644769 644843 644671 0 0 0 0 0 644909 644695 0 0 0 0 0 0 644553 0 0 0 644663 644741 644993 0 0 0 0 0 0 644953 0 0 0 0 0 0 0 0 0 0 645029 645045 645029 644555 0 644993 645043 645051 645071 0 0 0 644933 645017 0 645151 644123 0 645175 0 644047 0 0 0 0 0 0 643935 643943 644103 644217 644619 643907 0 0 0 643887 644007 643997 644023 644071 644161 644571 644563 643903 644087 644531 644645 644727 0 0 644061 644257 0 0 644517 0 644573 0 0 644629 0 643799 644487 
643027 643027 643011 643103 643069 643083 643087 643011 642971 643121 643099 642985 642927 642911 642873 643103 643049 643037 642913 642867 642871 643225 643053 643009 642903 642853 642965 642831 642795 642789 642799 642817 642823 642953 642909 642807 642793 642811 643041 643063 643047 643009 643015 642955 642961 642907 642763 643013 643031 643025 643035 643019 642835 642743 642757 643015 643027 643033 643021 643001 643007 642955 642961 642731 642677 642723 642739 642999 642867 642641 642655 642693 642697 642613 642655 642649 642581 642593 642657 642641 643445 642537 642611 643446 643431 642419 642451 643397 643387 642397 642369 643364 643344 642696 642678 642375 642652 642321 642347 642353 643304 642648 642610 642632 642632 642590 642363 642319 642608 642616 642287 642257 642267 643213 643189 642546 642542 642333 642339 642345 642239 642221 642219 642235 642241 642273 643248 642351 
0 0 644501 644605 0 644597 0 644525 644473 0 0 0 0 644413 0 644633 0 0 0 0 644361 0 0 0 644433 0 644495 0 0 0 0 0 644301 644483 0 0 0 0 0 0 644577 0 0 0 644491 0 644217 0 0 0 0 0 0 644257 0 0 0 0 0 0 0 0 0 0 0 644165 644181 644537 0 0 644133 644159 644139 0 0 0 644071 0 0 644059 0 0 0 0 645007 0 0 0 0 0 0 0 0 0 644249 643901 644223 0 0 0 644904 0 644181 644203 644203 644161 0 643845 644179 644187 643813 0 0 0 0 644117 0 0 0 643875 0 0 0 0 643719 0 0 0 
644530 644518 644534 644454 644500 644486 644458 644558 644586 644412 644422 644572 644630 644646 644684 644394 644472 644484 644644 644690 644674 644320 644444 644500 644642 644716 644544 644738 644762 644768 644746 644698 644692 644568 644624 644750 644722 644704 644432 644410 644426 644476 644470 644542 644536 644614 644680 644460 644430 644436 644438 644454 644698 644826 644686 644412 644400 644394 644406 644472 644466 644530 644524 644826 644868 644684 644668 644428 644630 644904 644860 644786 644710 644932 644824 644830 644964 644886 644678 644694 643996 644978 644724 643950 643920 645138 645064 643874 643854 645098 645130 643808 643816 643976 644090 645076 643780 645052 645054 645054 643760 643880 643870 643896 643944 644034 645028 645020 643776 643960 644988 645012 644998 643674 643674 643934 644130 644962 644968 644974 644940 644982 644974 644990 644996 644980 643672 644944 
644544 644556 644572 644468 644490 644476 644448 644548 644600 644402 644412 644562 644644 644660 644698 644384 644462 644474 644634 644704 644712 644310 644434 644490 644632 644706 644534 644728 644776 644782 644784 644776 644770 644558 644614 644740 644800 644782 644422 644400 644416 644466 644460 644532 644526 644604 644806 644450 644420 644426 644428 644444 644688 644816 644812 644402 644390 644384 644396 644462 644456 644520 644514 644816 644906 644826 644810 644418 644620 644942 644938 644888 644852 644970 644926 644932 645002 644988 644820 644836 643986 645056 644866 643940 643910 645050 645128 643864 643844 644956 645036 643798 643806 643966 644080 644934 643770 645046 645076 645082 643750 643870 643860 643886 643934 644024 644886 644878 643766 643950 644846 644958 644992 643664 643664 643924 644120 644820 644826 644832 644798 644888 644920 644936 644942 644990 643662 644802 
644465 644453 644437 644541 644519 644533 644561 644461 644409 644607 644597 644447 644365 644349 644311 644625 644547 644535 644375 644305 644297 644699 644575 644519 644377 644303 644475 644281 644233 644227 644225 644231 644237 644451 644395 644269 644207 644225 644587 644609 644593 644543 644549 644477 644483 644405 644153 644559 644589 644583 644581 644565 644321 644193 644147 644607 644619 644625 644613 644547 644553 644489 644495 644193 644103 644101 644117 644591 644389 644067 644069 644095 644075 644039 644057 644051 644007 643995 644011 643995 645023 643951 643965 645057 645081 643857 643865 645103 645093 643859 643795 645047 645081 644416 644398 643837 644372 643711 643725 643731 645037 644368 644330 644352 644352 644310 643837 643781 644328 644336 643749 643671 643657 644960 644934 644266 644262 643819 643825 643831 643701 643647 643633 643649 643655 643639 644958 643849 
644483 644471 644455 644559 644537 644551 644579 644479 644427 644625 644615 644465 644383 644367 644329 644643 644565 644553 644393 644323 644315 644717 644593 644537 644395 644321 644493 644299 644251 644245 644243 644249 644255 644469 644413 644287 644225 644243 644605 644627 644611 644561 644567 644495 644501 644423 644171 644577 644607 644601 644599 644583 644339 644211 644165 644625 644637 644643 644631 644565 644571 644507 644513 644211 644121 644119 644135 644609 644407 644085 644087 644113 644093 644057 644075 644069 644025 644013 644029 644013 645041 643969 643983 645087 645116 643875 643883 645126 645129 643877 643813 645085 645096 644379 644361 643855 644335 643729 643743 643749 645052 644331 644293 644315 644315 644273 643855 643799 644291 644299 643767 643689 643675 644966 644917 644229 644225 643837 643843 643849 643719 643665 643651 643667 643673 643657 644964 643867 
644434 644410 644426 644358 644416 644402 644446 644474 644490 644418 644428 644524 644534 644550 644588 644400 644478 644490 644596 644594 644566 644308 644450 644506 644630 644632 644550 644654 644666 644672 644638 644584 644578 644574 644630 644702 644608 644590 644438 644416 644432 644482 644476 644548 644542 644620 644566 644466 644436 644442 644444 644460 644704 644742 644572 644418 644406 644400 644412 644478 644472 644536 644530 644778 644760 644570 644554 644434 644636 644796 644746 644672 644596 644824 644710 644716 644856 644772 644564 644580 644002 644864 644610 643956 643926 645030 644950 643880 643860 645067 645031 643814 643822 643982 644096 645063 643786 644959 644928 644925 643766 643886 643876 643902 643950 644040 645051 645007 643782 643966 644975 644933 644919 643680 643680 643940 644136 645003 645009 645015 644927 644909 644895 644911 644917 644901 643678 644985 
644481 644487 644503 644405 644427 644413 644385 644485 644537 644339 644349 644499 644581 644597 644635 644321 644399 644411 644571 644641 644643 644247 644371 644427 644569 644643 644471 644665 644713 644719 644715 644674 644668 644495 644551 644677 644698 644680 644359 644337 644353 644403 644397 644469 644463 644541 644680 644387 644357 644363 644365 644381 644625 644753 644686 644339 644327 644321 644333 644399 644393 644457 644451 644753 644837 644696 644680 644355 644557 644873 644836 644774 644722 644901 644812 644818 644933 644874 644690 644706 643923 644954 644736 643877 643847 645081 645040 643801 643781 645033 645099 643735 643743 643903 644017 645013 643707 645062 645052 645052 643687 643807 643797 643823 643871 643961 644965 644957 643703 643887 644925 644998 645008 643601 643601 643861 644057 644899 644905 644911 644877 644961 644960 644976 644982 645002 643599 644881 
0 644262 644246 644338 644304 644318 644322 644246 644206 644356 644334 0 0 644146 0 644338 0 0 0 0 644106 644460 0 0 644138 644088 644200 0 0 0 0 0 644058 644188 0 0 0 0 0 0 644282 0 0 0 644196 644142 643998 0 0 0 0 0 0 643978 0 0 0 0 0 0 0 0 0 0 643912 643958 643974 644256 0 643876 643890 643928 643932 0 0 0 643816 643828 0 643876 644700 0 643846 0 644752 0 0 0 0 0 0 644805 644747 644011 643993 643610 643967 0 0 0 644745 643963 643925 643947 643947 643905 643598 643554 643923 643931 643522 643492 643502 0 0 643861 643857 0 0 643580 0 643456 0 0 643476 0 644680 643586 
0 643067 643051 643155 643133 643147 643175 643075 643023 643221 643211 0 0 642963 0 643239 0 0 0 0 642911 643313 0 0 642991 642917 643089 0 0 0 0 0 642851 643065 0 0 0 0 0 0 643207 0 0 0 643097 643019 642767 0 0 0 0 0 0 642807 0 0 0 0 0 0 0 0 0 0 642717 642715 642731 643205 0 642681 642683 642709 642689 0 0 0 642621 642609 0 642609 643622 0 642579 0 643684 0 0 0 0 0 0 643718 643754 643065 643047 642451 643021 0 0 0 643738 643017 642979 643001 643001 642959 642451 642395 642977 642985 642363 642285 642271 0 0 642915 642911 0 0 642445 0 642261 0 0 642269 0 643682 642463 
0 0 643634 643522 643662 643634 0 643771 643755 643774 643890 0 0 643640 0 644026 0 0 0 0 643536 0 0 0 643696 0 643892 0 0 0 0 0 643416 643844 0 0 0 0 0 0 644128 0 0 0 643908 0 643248 0 0 0 0 0 0 643328 0 0 0 0 0 0 0 0 0 0 643148 643144 643176 644124 0 643076 643080 643132 643092 0 0 0 642956 642932 0 642932 643518 0 0 0 643558 0 0 0 0 0 0 0 0 645002 644800 642616 644812 0 0 0 643622 644972 644937 644970 644958 644838 642616 642504 644816 644926 642440 0 0 0 0 644810 644694 0 0 642604 0 0 0 0 642252 0 0 642640 
0 0 0 0 0 0 0 0 0 0 0 0 0 0 0 0 0 0 0 0 0 0 0 0 0 0 0 0 0 0 0 0 0 0 0 0 0 0 0 0 0 0 0 0 0 0 0 0 0 0 0 0 0 0 0 0 0 0 0 0 0 0 0 0 0 0 0 0 0 0 0 0 0 0 0 0 0 0 0 0 0 0 0 0 0 0 0 0 0 0 0 0 0 0 645078 0 0 0 0 0 0 0 0 0 0 644959 0 0 0 0 0 0 0 0 0 0 0 0 0 0 0 0 0 0 0 0 0 0 
0 0 643619 643549 0 643581 0 643653 643681 0 0 0 0 643741 0 643633 0 0 0 0 643759 0 0 0 643785 0 643759 0 0 0 0 0 643771 643759 0 0 0 0 0 0 643713 0 0 0 643775 0 643759 0 0 0 0 0 0 643921 0 0 0 0 0 0 0 0 0 0 0 643763 643747 643763 0 0 643939 643865 643789 0 0 0 644049 0 0 643773 0 0 0 0 643279 0 0 0 0 0 0 0 0 0 643761 644291 643619 0 0 0 643215 0 643685 643687 643711 643777 0 644269 643639 643727 644237 0 0 0 0 643749 0 0 0 644271 0 0 0 0 644205 0 0 0 
0 0 644220 644203 0 644219 0 644220 644220 0 0 0 0 644160 0 644220 0 0 0 0 644132 0 0 0 644116 0 644142 0 0 0 0 0 644096 644142 0 0 0 0 0 0 644188 0 0 0 644126 0 644060 0 0 0 0 0 0 643980 0 0 0 0 0 0 0 0 0 0 0 644032 644048 644138 0 0 643928 643978 644006 0 0 0 643842 0 0 643974 0 0 0 0 643949 0 0 0 0 0 0 0 0 0 644140 643600 644220 0 0 0 643885 0 644216 644214 644190 644124 0 643544 644220 644174 643512 0 0 0 0 644152 0 0 0 643546 0 0 0 0 643514 0 0 0 
644432 644444 644460 644356 644378 644364 644336 644436 644488 644290 644300 644450 644532 644548 644586 644272 644350 644362 644522 644592 644600 644198 644322 644378 644520 644594 644422 644616 644664 644670 644672 644648 644642 644446 644502 644628 644672 644654 644310 644288 644304 644354 644348 644420 644414 644492 644678 644338 644308 644314 644316 644332 644576 644704 644684 644290 644278 644272 644284 644350 644344 644408 644402 644704 644794 644706 644690 644306 644508 644830 644810 644760 644732 644858 644798 644804 644890 644860 644714 644730 643874 644928 644760 643828 643798 645025 645014 643752 643732 644993 645065 643686 643694 643854 643968 644993 643658 645071 645061 645058 643638 643758 643748 643774 643822 643912 644949 644941 643654 643838 644909 645005 645039 643552 643552 643812 644008 644883 644889 644895 644861 644951 644967 644983 644989 645058 643550 644865 
644400 644412 644428 644324 644346 644332 644304 644404 644456 644258 644268 644418 644500 644516 644554 644240 644318 644330 644490 644560 644568 644166 644290 644346 644488 644562 644390 644584 644632 644638 644640 644634 644628 644414 644470 644596 644658 644640 644278 644256 644272 644322 644316 644388 644382 644460 644712 644306 644276 644282 644284 644300 644544 644668 644718 644258 644246 644240 644252 644318 644312 644376 644370 644656 644737 644758 644742 644274 644476 644755 644766 644765 644784 644769 644784 644787 644785 644815 644788 644797 643842 644825 644812 643796 643766 644844 644868 643720 643700 644796 644868 643654 643662 643822 643936 644774 643626 644936 644958 644958 643606 643726 643716 643742 643790 643880 644726 644718 643622 643806 644686 644800 644882 643520 643520 643780 643976 644660 644666 644672 644638 644728 644762 644778 644784 644930 643518 644642 
644400 644412 644428 644324 644346 644332 644304 644404 644456 644258 644268 644418 644500 644516 644554 644240 644318 644330 644490 644560 644568 644166 644290 644346 644488 644562 644390 644584 644632 644638 644640 644634 644628 644414 644470 644596 644658 644640 644278 644256 644272 644322 644316 644388 644382 644460 644712 644306 644276 644282 644284 644300 644544 644672 644718 644258 644246 644240 644252 644318 644312 644376 644370 644672 644762 644757 644741 644274 644476 644798 644796 644770 644783 644826 644808 644814 644858 644870 644775 644791 643842 644914 644821 643796 643766 644971 644991 643720 643700 644893 644973 643654 643662 643822 643936 644871 643626 645033 645084 645084 643606 643726 643716 643742 643790 643880 644823 644815 643622 643806 644783 644897 644979 643520 643520 643780 643976 644757 644763 644769 644735 644825 644859 644875 644881 645014 643518 644739 
0 0 643914 643978 0 643986 0 643950 643912 0 0 0 0 643882 0 644104 0 0 0 0 643844 0 0 0 643932 0 644017 0 0 0 0 0 643802 643993 0 0 0 0 0 0 644112 0 0 0 644033 0 643736 0 0 0 0 0 0 643816 0 0 0 0 0 0 0 0 0 0 0 643698 643706 644135 0 0 643718 643719 643685 0 0 0 643699 0 0 643621 0 0 0 0 644401 0 0 0 0 0 0 0 0 0 644086 643612 644008 0 0 0 644467 0 643999 644022 644034 644025 0 643556 643974 644026 643524 0 0 0 0 643967 0 0 0 643606 0 0 0 0 643430 0 0 0 
0 0 643560 643451 643591 643563 0 643692 643658 643703 643819 0 0 643562 0 643950 0 0 0 0 643458 0 0 0 643618 0 643814 0 0 0 0 0 643338 643766 0 0 0 0 0 0 644050 0 0 0 643830 0 643170 0 0 0 0 0 0 643250 0 0 0 0 0 0 0 0 0 0 643070 643066 643098 644046 0 642998 643002 643054 643014 0 0 0 642878 642854 0 642854 643447 0 0 0 643487 0 0 0 0 0 0 0 0 644923 644722 642538 644955 0 0 0 643551 645005 645022 645001 644944 644788 642538 642426 644943 644912 642362 0 0 0 0 644912 644620 0 0 642526 0 0 0 0 642174 0 0 642562 
0 0 644445 644365 0 644397 0 644469 644497 0 0 0 0 644496 0 644449 0 0 0 0 644468 0 0 0 644452 0 644478 0 0 0 0 0 644432 644478 0 0 0 0 0 0 644508 0 0 0 644462 0 644396 0 0 0 0 0 0 644316 0 0 0 0 0 0 0 0 0 0 0 644368 644384 644474 0 0 644264 644314 644342 0 0 0 644178 0 0 644310 0 0 0 0 644095 0 0 0 0 0 0 0 0 0 644476 643936 644435 0 0 0 644031 0 644501 644503 644508 644460 0 643880 644455 644508 643848 0 0 0 0 644488 0 0 0 643882 0 0 0 0 643850 0 0 0 
0 0 644354 644274 0 644306 0 644378 644397 0 0 0 0 644404 0 644358 0 0 0 0 644388 0 0 0 644372 0 644398 0 0 0 0 0 644352 644398 0 0 0 0 0 0 644404 0 0 0 644382 0 644316 0 0 0 0 0 0 644236 0 0 0 0 0 0 0 0 0 0 0 644288 644304 644394 0 0 644184 644234 644262 0 0 0 644098 0 0 644230 0 0 0 0 644004 0 0 0 0 0 0 0 0 0 644396 643856 644344 0 0 0 643940 0 644399 644400 644404 644380 0 643800 644364 644404 643768 0 0 0 0 644404 0 0 0 643802 0 0 0 0 643770 0 0 0 
0 0 0 0 0 0 0 0 0 0 0 0 0 0 0 0 0 0 0 0 0 0 0 0 0 0 642814 0 0 0 0 0 0 0 0 0 0 0 0 0 0 0 0 0 0 0 0 0 0 0 0 0 0 0 0 0 0 0 0 0 0 0 0 0 0 0 0 0 0 0 0 0 642485 0 0 0 0 0 0 0 0 0 0 0 0 0 0 0 0 0 0 0 0 0 643258 0 0 0 0 0 0 0 0 0 643290 643288 0 0 0 0 0 0 0 0 0 0 0 0 0 0 0 0 0 0 0 0 0 0 
0 0 0 0 0 0 0 0 0 0 0 0 0 0 0 0 0 0 0 0 0 0 0 0 0 0 0 0 0 0 0 0 0 0 0 0 0 0 0 0 0 0 0 0 0 0 0 0 0 0 0 0 0 0 0 0 0 0 0 0 0 0 0 0 0 0 0 0 0 0 0 0 0 0 0 0 0 0 0 0 0 0 0 0 0 0 0 0 0 0 0 0 0 0 0 0 0 0 0 0 0 0 0 0 0 635947 0 0 0 0 0 0 0 0 0 0 0 0 0 0 0 0 0 0 0 0 0 0 
0 0 644032 643928 644009 643988 0 644096 644126 644019 644056 0 0 644216 0 644014 0 0 0 0 644242 0 0 0 644318 0 644239 0 0 0 0 0 644260 644275 0 0 0 0 0 0 644062 0 0 0 644227 0 644242 0 0 0 0 0 0 644498 0 0 0 0 0 0 0 0 0 0 644533 644248 644224 644065 0 644587 644512 644401 644287 0 0 0 644677 644551 0 644263 643417 0 0 0 643303 0 0 0 0 0 0 0 0 643387 643558 645042 643093 0 0 0 643063 643243 643228 643267 643339 643474 645042 645012 643087 643363 644964 0 0 0 0 643324 643618 0 0 645037 0 0 0 0 644891 0 0 645014 
0 0 643613 643533 0 643565 0 643637 643665 0 0 0 0 643725 0 643617 0 0 0 0 643753 0 0 0 643769 0 643743 0 0 0 0 0 643769 643743 0 0 0 0 0 0 643697 0 0 0 643759 0 643757 0 0 0 0 0 0 643905 0 0 0 0 0 0 0 0 0 0 0 643761 643745 643747 0 0 643937 643863 643787 0 0 0 644043 0 0 643771 0 0 0 0 643263 0 0 0 0 0 0 0 0 0 643745 644285 643603 0 0 0 643199 0 643669 643671 643695 643761 0 644323 643623 643711 644292 0 0 0 0 643733 0 0 0 644324 0 0 0 0 644274 0 0 0 
0 0 643029 643019 0 643067 0 643077 643053 0 0 0 0 643029 0 643221 0 0 0 0 642991 0 0 0 643079 0 643164 0 0 0 0 0 642949 643140 0 0 0 0 0 0 643259 0 0 0 643180 0 642883 0 0 0 0 0 0 642963 0 0 0 0 0 0 0 0 0 0 0 642845 642853 643282 0 0 642865 642866 642832 0 0 0 642833 0 0 642768 0 0 0 0 643037 0 0 0 0 0 0 0 0 0 643619 642663 643779 0 0 0 643069 0 643779 643767 643740 643683 0 642607 643779 643732 642575 0 0 0 0 643751 0 0 0 642657 0 0 0 0 642481 0 0 0 
0 0 644209 644129 0 644161 0 644233 644261 0 0 0 0 644303 0 644213 0 0 0 0 644303 0 0 0 644295 0 644303 0 0 0 0 0 644275 644303 0 0 0 0 0 0 644293 0 0 0 644301 0 644239 0 0 0 0 0 0 644159 0 0 0 0 0 0 0 0 0 0 0 644211 644227 644303 0 0 644107 644157 644185 0 0 0 644021 0 0 644153 0 0 0 0 643859 0 0 0 0 0 0 0 0 0 644303 643779 644199 0 0 0 643795 0 644265 644267 644291 644300 0 643723 644219 644303 643691 0 0 0 0 644303 0 0 0 643725 0 0 0 0 643693 0 0 0 
0 0 643934 643858 0 643890 0 643962 643990 0 0 0 0 644050 0 643942 0 0 0 0 644074 0 0 0 644094 0 644068 0 0 0 0 0 644086 644068 0 0 0 0 0 0 644022 0 0 0 644084 0 644074 0 0 0 0 0 0 644230 0 0 0 0 0 0 0 0 0 0 0 644078 644062 644072 0 0 644254 644180 644104 0 0 0 644364 0 0 644088 0 0 0 0 643588 0 0 0 0 0 0 0 0 0 644070 644610 643928 0 0 0 643524 0 643994 643996 644020 644086 0 644666 643948 644036 644693 0 0 0 0 644058 0 0 0 644664 0 0 0 0 644664 0 0 0 
0 643862 643870 643818 643829 643822 643808 643858 643884 643785 643790 0 0 643914 0 643776 0 0 0 0 643940 643711 0 0 643900 643937 643851 0 0 0 0 0 643948 643863 0 0 0 0 0 0 643792 0 0 0 643847 643886 643942 0 0 0 0 0 0 643992 0 0 0 0 0 0 0 0 0 0 644037 643944 643936 643793 0 644055 644032 643995 643957 0 0 0 644085 644045 0 643943 643471 0 643958 0 643419 0 0 0 0 0 0 643319 643351 643530 643611 644170 643372 0 0 0 643307 643446 643429 643454 643490 643547 644170 644198 643358 643498 644214 644231 644190 0 0 643461 643607 0 0 644173 0 644243 0 0 644239 0 643231 644164 
0 644645 644661 644557 644579 644565 644537 644637 644689 644491 644501 0 0 644749 0 644473 0 0 0 0 644801 644399 0 0 644707 644755 644623 0 0 0 0 0 644827 644647 0 0 0 0 0 0 644505 0 0 0 644611 644659 644829 0 0 0 0 0 0 644755 0 0 0 0 0 0 0 0 0 0 644803 644822 644822 644507 0 644803 644827 644829 644822 0 0 0 644803 644829 0 644780 644075 0 644780 0 643999 0 0 0 0 0 0 643887 643895 644055 644169 644731 643859 0 0 0 643839 643959 643949 643975 644023 644107 644707 644724 643855 644039 644708 644813 644829 0 0 644013 644131 0 0 644677 0 644751 0 0 644805 0 643751 644650 
642690 642672 642664 642728 642729 642736 642774 642700 642662 642809 642816 642705 642640 642632 642613 642854 642791 642785 642669 642610 642594 642843 642829 642789 642682 642621 642767 642610 642574 642571 642558 642549 642552 642743 642703 642616 642537 642546 642859 642870 642862 642825 642828 642780 642783 642720 642486 642845 642872 642869 642856 642848 642666 642566 642483 642893 642899 642902 642896 642839 642842 642798 642801 642578 642497 642448 642456 642885 642736 642479 642468 642469 642435 642465 642450 642447 642449 642419 642379 642371 643073 642409 642356 643097 643121 642386 642366 643145 643145 642411 642343 643145 643193 643038 643029 642400 643016 642265 642260 642263 643217 643014 642995 643006 643006 642985 642412 642372 642994 642998 642356 642269 642238 643289 643276 642963 642961 642415 642418 642421 642332 642269 642250 642258 642261 642205 643205 642442 
643338 643326 643310 643414 643392 643406 643434 643334 643282 643480 643470 643320 643238 643222 643184 643474 643420 643408 643248 643178 643170 643572 643424 643380 643250 643176 643336 643154 643106 643100 643098 643104 643110 643324 643268 643142 643080 643098 643412 643434 643418 643380 643386 643326 643332 643278 643026 643384 643402 643396 643406 643390 643194 643066 643020 643408 643420 643426 643414 643372 643378 643326 643332 643066 642976 642974 642990 643392 643238 642940 642942 642968 642948 642912 642930 642924 642880 642868 642884 642868 643798 642824 642838 643821 643836 642730 642738 643851 643841 642732 642668 643818 643870 643534 643492 642710 643502 642584 642598 642604 643866 643498 643460 643482 643482 643440 642710 642654 643458 643466 642622 642544 642530 643919 643959 643396 643380 642692 642698 642704 642574 642520 642506 642522 642528 642512 643846 642722 
0 0 644282 644202 0 644234 0 644306 644328 0 0 0 0 644322 0 644286 0 0 0 0 644308 0 0 0 644298 0 644313 0 0 0 0 0 644278 644313 0 0 0 0 0 0 644328 0 0 0 644305 0 644242 0 0 0 0 0 0 644162 0 0 0 0 0 0 0 0 0 0 0 644214 644230 644311 0 0 644110 644160 644188 0 0 0 644024 0 0 644156 0 0 0 0 643932 0 0 0 0 0 0 0 0 0 644312 643782 644272 0 0 0 643868 0 644328 644328 644328 644304 0 643726 644284 644328 643694 0 0 0 0 644318 0 0 0 643728 0 0 0 0 643696 0 0 0 
0 0 643408 643296 643436 643408 0 643552 643560 643548 643664 0 0 643680 0 643800 0 0 0 0 643688 0 0 0 643912 0 644004 0 0 0 0 0 643711 643956 0 0 0 0 0 0 644056 0 0 0 644084 0 643624 0 0 0 0 0 0 643722 0 0 0 0 0 0 0 0 0 0 643542 643538 643566 644252 0 643470 643474 643526 643486 0 0 0 643350 643326 0 643326 643292 0 0 0 643332 0 0 0 0 0 0 0 0 644856 644920 643010 644521 0 0 0 643396 644721 644701 644753 644840 645008 643010 642898 644513 644872 642834 0 0 0 0 644829 645078 0 0 642998 0 0 0 0 642646 0 0 643034 
644334 644298 644314 644258 644327 644313 644357 644385 644390 644335 644349 644435 644434 644450 644488 644321 644399 644411 644507 644494 644454 644219 644371 644427 644541 644543 644471 644565 644563 644566 644526 644472 644466 644495 644547 644604 644496 644478 644359 644337 644353 644403 644397 644469 644463 644541 644454 644387 644357 644363 644365 644381 644614 644618 644460 644339 644327 644321 644333 644399 644393 644457 644451 644642 644592 644449 644441 644355 644548 644610 644573 644524 644462 644624 644543 644546 644640 644574 644422 644430 643923 644632 644445 643877 643847 644751 644675 643801 643781 644809 644746 643735 643743 643903 644017 644820 643707 644680 644637 644634 643687 643807 643797 643823 643871 643961 644844 644848 643703 643887 644854 644771 644707 643601 643601 643861 644057 644865 644862 644859 644818 644777 644763 644771 644771 644644 643599 644842 
644392 644356 644372 644316 644386 644372 644404 644444 644448 644382 644398 644494 644492 644508 644546 644370 644448 644460 644566 644552 644512 644266 644420 644476 644588 644591 644520 644602 644590 644593 644558 644519 644516 644544 644593 644632 644531 644522 644408 644386 644402 644452 644446 644518 644512 644582 644486 644436 644406 644412 644414 644430 644630 644646 644489 644388 644376 644370 644382 644448 644442 644504 644500 644670 644619 644476 644468 644404 644566 644637 644600 644551 644489 644651 644570 644573 644667 644601 644449 644457 643972 644659 644472 643926 643896 644778 644702 643850 643830 644837 644773 643784 643792 643952 644066 644848 643756 644707 644664 644661 643736 643856 643846 643872 643920 644010 644850 644850 643752 643936 644832 644766 644718 643650 643650 643910 644076 644850 644850 644850 644784 644742 644728 644744 644750 644670 643648 644832 
0 0 643458 643402 0 643458 0 643530 643534 0 0 0 0 643594 0 643576 0 0 0 0 643598 0 0 0 643710 0 643702 0 0 0 0 0 643610 643702 0 0 0 0 0 0 643656 0 0 0 643718 0 643598 0 0 0 0 0 0 643798 0 0 0 0 0 0 0 0 0 0 0 643602 643586 643706 0 0 643778 643704 643628 0 0 0 643888 0 0 643612 0 0 0 0 643222 0 0 0 0 0 0 0 0 0 643704 644198 643562 0 0 0 643158 0 643628 643630 643654 643720 0 644177 643582 643670 644161 0 0 0 0 643692 0 0 0 644220 0 0 0 0 644066 0 0 0 
644294 644258 644274 644218 644288 644274 644297 644346 644350 644251 644261 644408 644394 644410 644448 644233 644311 644323 644480 644454 644414 644159 644283 644339 644481 644504 644383 644526 644526 644532 644486 644432 644426 644407 644463 644586 644456 644438 644271 644249 644265 644315 644309 644381 644375 644453 644414 644299 644269 644275 644277 644293 644537 644614 644420 644251 644239 644233 644245 644311 644305 644369 644363 644662 644608 644418 644402 644267 644469 644644 644594 644520 644444 644672 644558 644564 644704 644620 644412 644428 643835 644712 644458 643789 643759 644902 644798 643713 643693 644996 644916 643647 643655 643815 643929 645018 643619 644856 644794 644788 643599 643719 643709 643735 643783 643873 645021 645074 643615 643799 645106 644992 644910 643513 643513 643773 643969 645039 645033 645027 645135 645054 645025 645014 645008 644832 643511 645009 
0 644581 644597 644515 644537 644523 644495 644595 644647 644449 644459 0 0 644707 0 644431 0 0 0 0 644737 644357 0 0 644679 644753 644581 0 0 0 0 0 644768 644605 0 0 0 0 0 0 644463 0 0 0 644573 644651 644763 0 0 0 0 0 0 644833 0 0 0 0 0 0 0 0 0 0 644859 644767 644751 644465 0 644859 644854 644837 644789 0 0 0 644859 644837 0 644741 644033 0 644741 0 643957 0 0 0 0 0 0 643845 643853 644013 644127 644809 643817 0 0 0 643797 643917 643907 643933 643981 644071 644785 644809 643813 643997 644809 644854 644813 0 0 643971 644167 0 0 644761 0 644859 0 0 644854 0 643709 644737 
644298 644310 644326 644222 644244 644230 644202 644302 644354 644156 644166 644316 644398 644414 644452 644138 644216 644228 644388 644458 644466 644064 644188 644244 644386 644460 644288 644482 644530 644536 644538 644532 644526 644312 644368 644494 644556 644538 644176 644154 644170 644220 644214 644286 644280 644358 644586 644204 644174 644180 644182 644198 644442 644570 644592 644156 644144 644138 644150 644216 644210 644274 644268 644570 644660 644590 644574 644172 644374 644696 644694 644658 644616 644724 644696 644702 644756 644758 644584 644600 643740 644812 644630 643694 643664 644906 644898 643618 643598 644904 644968 643552 643560 643720 643834 644926 643524 645028 644966 644960 643504 643624 643614 643640 643688 643778 644926 644981 643520 643704 644997 645084 645082 643418 643418 643678 643874 644938 644935 644932 644993 645071 645095 645095 645092 645004 643416 644911 
644328 644338 644354 644252 644274 644260 644232 644332 644384 644186 644196 644346 644428 644444 644482 644168 644246 644258 644418 644488 644494 644094 644218 644274 644416 644490 644318 644512 644560 644566 644566 644548 644542 644342 644398 644524 644572 644554 644206 644184 644200 644250 644244 644316 644310 644388 644589 644234 644204 644210 644212 644228 644472 644600 644595 644186 644174 644168 644180 644246 644240 644304 644298 644600 644688 644593 644577 644202 644404 644724 644710 644672 644619 644752 644710 644716 644784 644772 644587 644603 643770 644828 644633 643724 643694 644936 644914 643648 643628 644934 644996 643582 643590 643750 643864 644956 643554 645031 644969 644963 643534 643654 643644 643670 643718 643808 644956 645010 643550 643734 644995 645086 645085 643448 643448 643708 643904 644958 644961 644962 644963 645050 645067 645075 645078 645007 643446 644937 
0 0 643726 643646 0 643678 0 643750 643778 0 0 0 0 643838 0 643730 0 0 0 0 643866 0 0 0 643882 0 643856 0 0 0 0 0 643902 643856 0 0 0 0 0 0 643810 0 0 0 643872 0 643910 0 0 0 0 0 0 644018 0 0 0 0 0 0 0 0 0 0 0 643914 643898 643860 0 0 644070 644016 643940 0 0 0 644156 0 0 643924 0 0 0 0 643376 0 0 0 0 0 0 0 0 0 643858 644398 643716 0 0 0 643312 0 643782 643784 643808 643874 0 644454 643736 643824 644470 0 0 0 0 643846 0 0 0 644452 0 0 0 0 644470 0 0 0 
644312 644324 644340 644236 644258 644244 644216 644316 644368 644170 644180 644330 644412 644428 644466 644152 644230 644242 644402 644472 644480 644078 644202 644258 644400 644474 644302 644496 644544 644550 644552 644546 644540 644326 644382 644508 644570 644552 644190 644168 644184 644234 644228 644300 644294 644372 644624 644218 644188 644194 644196 644212 644456 644584 644630 644170 644158 644152 644164 644230 644224 644288 644282 644584 644674 644676 644660 644186 644388 644710 644708 644682 644702 644738 644720 644726 644770 644782 644744 644760 643754 644826 644790 643708 643678 644920 644912 643632 643612 644918 644982 643566 643574 643734 643848 644933 643538 645066 645052 645046 643518 643638 643628 643654 643702 643792 644915 644910 643534 643718 644878 644992 645074 643432 643432 643692 643888 644852 644858 644864 644830 644920 644954 644970 644976 645118 643430 644834 
0 643837 643813 643969 643936 643957 643999 643849 643771 644068 644053 0 0 643681 0 644095 0 0 0 0 643603 644206 0 0 643723 643612 643870 0 0 0 0 0 643513 643834 0 0 0 0 0 0 644047 0 0 0 643882 643765 643387 0 0 0 0 0 0 643447 0 0 0 0 0 0 0 0 0 0 643312 643309 643333 644044 0 643258 643261 643300 643270 0 0 0 643168 643150 0 643150 644692 0 643105 0 644800 0 0 0 0 0 0 644955 644920 643899 643872 642913 643833 0 0 0 644991 643827 643770 643803 643803 643740 642913 642829 643767 643779 642781 642664 642643 0 0 643674 643668 0 0 642904 0 642628 0 0 642640 0 645028 642931 
0 0 643875 643791 643896 643875 0 643983 643989 643980 644041 0 0 644079 0 644007 0 0 0 0 644085 0 0 0 644253 0 644232 0 0 0 0 0 644103 644260 0 0 0 0 0 0 644055 0 0 0 644220 0 644085 0 0 0 0 0 0 644385 0 0 0 0 0 0 0 0 0 0 644376 644091 644067 644058 0 644430 644355 644244 644130 0 0 0 644520 644394 0 644106 643410 0 0 0 643296 0 0 0 0 0 0 0 0 643380 643551 644991 643086 0 0 0 643056 643236 643221 643260 643332 643467 645063 645043 643080 643356 645037 0 0 0 0 643317 643611 0 0 645114 0 0 0 0 644894 0 0 645127 
