645090 0 645074 645086 0 645016 0 0 0 0 0 644930 644970 0 0 0 0 0 0 0 0 0 0 0 0 644846 644878 0 0 0 0 644784 644796 0 0 0 644748 0 0 0 0 0 644738 0 0 0 0 644704 0 644786 0 0 0 0 0 0 0 0 0 0 644604 644684 644652 0 0 0 0 0 0 0 0 0 0 0 0 0 0 0 0 644524 0 0 0 0 0 0 0 644502 0 0 0 644450 0 0 0 0 0 0 0 0 0 0 0 644412 0 644382 0 0 0 0 0 0 644408 0 0 644416 0 0 0 0 0 0 0 644434 0 644444 0 0 
644780 644780 644788 644774 644769 644756 644756 644745 644768 644745 644737 644721 644745 644741 644690 644719 644714 644673 644673 644673 644691 644709 644700 644708 644734 644674 644695 644681 644663 644669 644675 644647 644648 644663 644653 644647 644629 644682 644593 644599 644621 644607 644625 644611 644624 644577 644599 644607 644627 644652 644591 644589 644573 644595 644583 644577 644563 644577 644603 644581 644557 644597 644581 644608 644572 644547 644547 644531 644531 644534 644530 644536 644586 644529 644521 644481 644481 644491 644517 644517 644539 644531 644490 644508 644522 644534 644489 644507 644471 644513 644487 644481 644472 644463 644493 644475 644469 644481 644491 644493 644499 644496 644530 644490 644431 644447 644453 644467 644451 644443 644409 644453 644459 644453 644437 644463 644453 644463 644459 644426 644498 644480 644486 644524 644480 644494 644480 644447 
0 0 645158 0 0 0 0 0 0 0 0 0 0 0 0 0 0 0 0 0 0 0 0 0 0 0 0 0 0 0 0 0 0 0 0 0 0 0 0 0 0 0 0 0 0 0 0 0 0 644930 0 0 0 0 0 0 0 0 0 0 0 0 0 0 0 0 0 0 0 0 0 0 0 0 0 0 0 0 0 0 0 0 0 0 0 0 0 0 0 0 0 0 0 0 0 0 0 0 0 0 0 0 0 0 0 0 0 0 0 0 0 0 0 0 0 0 0 0 0 0 0 0 0 0 0 0 0 0 
645072 0 645044 645072 0 645010 0 0 0 0 0 644900 644928 0 0 0 0 0 0 0 0 0 0 0 0 644874 644900 0 0 0 0 644732 644744 0 0 0 644696 0 0 0 0 0 644756 0 0 0 0 644652 0 644758 0 0 0 0 0 0 0 0 0 0 644552 644632 644600 0 0 0 0 0 0 0 0 0 0 0 0 0 0 0 0 644472 0 0 0 0 0 0 0 644530 0 0 0 644478 0 0 0 0 0 0 0 0 0 0 0 644464 0 644410 0 0 0 0 0 0 644356 0 0 644364 0 0 0 0 0 0 0 644406 0 644496 0 0 
644991 0 645005 644991 645017 644943 0 644994 0 644995 644990 644970 644994 645009 0 0 0 0 0 0 0 0 0 0 0 644893 644946 0 0 0 0 644927 644941 0 644904 0 644942 644894 0 0 0 644858 644876 0 0 0 0 644883 0 644879 0 0 0 0 0 0 0 0 644869 0 644882 644926 644929 644857 0 0 0 0 644869 0 0 0 0 0 0 0 0 0 644790 644802 0 0 0 0 0 0 0 644758 644722 0 0 644732 0 644727 0 0 0 0 0 0 0 0 644800 644643 0 644698 0 644718 0 0 0 644722 644749 0 0 644799 0 0 0 0 0 0 0 644743 0 644659 0 0 
644831 0 644783 644823 0 644925 0 0 0 0 0 644639 644679 0 0 0 0 0 0 0 0 0 0 0 0 644663 644607 0 0 0 0 644483 644495 0 0 0 644447 0 0 0 0 0 644465 0 0 0 0 644403 0 644745 0 0 0 0 0 0 0 0 0 0 644303 644383 644351 0 0 0 0 0 0 0 0 0 0 0 0 0 0 0 0 644223 0 0 0 0 0 0 0 644323 0 0 0 644225 0 0 0 0 0 0 0 0 0 0 0 644609 0 644215 0 0 0 0 0 0 644107 0 0 644115 0 0 0 0 0 0 0 644397 0 644649 0 0 
645067 645067 645043 645067 645019 645103 645103 644990 645083 645019 644995 644969 644982 644978 644969 644993 644971 644923 644923 644923 644928 644946 645010 645018 645090 644953 644969 644955 644900 644906 644912 644884 644890 644937 644923 644884 644866 645038 644867 644873 644895 644881 644899 644885 644875 644823 644836 644844 644864 645008 644865 644863 644847 644869 644857 644817 644800 644820 644840 644818 644794 644834 644818 644964 644943 644821 644821 644768 644768 644776 644804 644810 644918 644803 644779 644731 644731 644728 644754 644754 644776 644768 644732 644782 644891 644927 644763 644781 644745 644787 644761 644755 644731 644700 644730 644712 644706 644718 644728 644730 644736 644830 644874 644859 644705 644721 644727 644741 644725 644707 644659 644690 644696 644690 644674 644700 644690 644700 644696 644700 644854 644836 644842 644832 644837 644875 644861 644721 
644425 0 644449 644401 644485 644387 0 644496 0 644427 644456 644484 644496 644459 0 0 0 0 0 0 0 0 0 0 0 644313 644424 0 0 0 0 644413 644267 0 644403 0 644338 644288 0 0 0 644357 644375 0 0 0 0 644386 0 644243 0 0 0 0 0 0 0 0 644389 0 644278 644290 644219 644177 0 0 0 0 644239 0 0 0 0 0 0 0 0 0 644299 644287 0 0 0 0 0 0 0 644257 644221 0 0 644231 0 644249 0 0 0 0 0 0 0 0 644053 644016 0 644197 0 644217 0 0 0 644239 644224 0 0 644182 0 0 0 0 0 0 0 643990 0 644040 0 0 
644915 644918 644915 644903 644923 644916 644909 644928 644931 644889 644901 644925 644935 644927 644815 644863 644902 644914 644923 644920 644938 644904 644896 644904 644908 644799 644887 644873 644936 644927 644918 644914 644824 644855 644893 644928 644848 644874 644809 644815 644813 644847 644889 644875 644897 644892 644913 644920 644930 644844 644831 644866 644862 644872 644860 644898 644899 644895 644919 644908 644824 644816 644776 644800 644725 644824 644836 644871 644798 644710 644714 644720 644754 644806 644842 644826 644829 644863 644876 644869 644782 644726 644666 644692 644639 644675 644753 644784 644760 644790 644764 644794 644806 644838 644864 644855 644852 644796 644734 644688 644694 644700 644710 644607 644720 644748 644754 644792 644789 644779 644756 644833 644835 644829 644789 644791 644720 644706 644726 644610 644690 644672 644678 644668 644585 644623 644609 644724 
644566 0 644586 644566 644598 644518 0 644576 0 644598 644576 644552 644576 644598 0 0 0 0 0 0 0 0 0 0 0 644546 644552 0 0 0 0 644518 644531 0 644504 0 644533 644478 0 0 0 644504 644480 0 0 0 0 644474 0 644463 0 0 0 0 0 0 0 0 644456 0 644473 644517 644519 644441 0 0 0 0 644460 0 0 0 0 0 0 0 0 0 644381 644393 0 0 0 0 0 0 0 644412 644376 0 0 644384 0 644312 0 0 0 0 0 0 0 0 644384 644290 0 644352 0 644360 0 0 0 644312 644340 0 0 644390 0 0 0 0 0 0 0 644327 0 644306 0 0 
645056 0 645092 645074 645102 644969 0 645075 0 645139 645134 645048 645054 645024 0 0 0 0 0 0 0 0 0 0 0 644970 645088 0 0 0 0 644907 644822 0 645023 0 644880 644795 0 0 0 644956 644983 0 0 0 0 644847 0 644750 0 0 0 0 0 0 0 0 644841 0 644772 644832 644784 644684 0 0 0 0 644733 0 0 0 0 0 0 0 0 0 644712 644712 0 0 0 0 0 0 0 644806 644752 0 0 644767 0 644631 0 0 0 0 0 0 0 0 644549 644580 0 644716 0 644746 0 0 0 644616 644625 0 0 644631 0 0 0 0 0 0 0 644486 0 644604 0 0 
644744 0 644768 644720 0 644688 0 0 0 0 0 644792 644750 0 0 0 0 0 0 0 0 0 0 0 0 644522 644748 0 0 0 0 644640 644422 0 0 0 644518 0 0 0 0 0 644648 0 0 0 0 644564 0 644422 0 0 0 0 0 0 0 0 0 0 644460 644454 644350 0 0 0 0 0 0 0 0 0 0 0 0 0 0 0 0 644384 0 0 0 0 0 0 0 644412 0 0 0 644360 0 0 0 0 0 0 0 0 0 0 0 644146 0 644292 0 0 0 0 0 0 644268 0 0 644276 0 0 0 0 0 0 0 644166 0 644154 0 0 
644898 0 644946 644874 0 644812 0 0 0 0 0 644980 645004 0 0 0 0 0 0 0 0 0 0 0 0 644778 644912 0 0 0 0 644934 644764 0 0 0 644850 0 0 0 0 0 644798 0 0 0 0 644850 0 644668 0 0 0 0 0 0 0 0 0 0 644754 644786 644716 0 0 0 0 0 0 0 0 0 0 0 0 0 0 0 0 644678 0 0 0 0 0 0 0 644620 0 0 0 644558 0 0 0 0 0 0 0 0 0 0 0 644258 0 644500 0 0 0 0 0 0 644562 0 0 644570 0 0 0 0 0 0 0 644316 0 644290 0 0 
645008 0 645032 644984 645054 644970 0 645042 0 644998 645004 645019 645042 645054 0 0 0 0 0 0 0 0 0 0 0 644896 644961 0 0 0 0 644995 645000 0 644919 0 645012 644943 0 0 0 644873 644891 0 0 0 0 644947 0 644928 0 0 0 0 0 0 0 0 644923 0 644953 644996 644980 644906 0 0 0 0 644940 0 0 0 0 0 0 0 0 0 644851 644873 0 0 0 0 0 0 0 644773 644737 0 0 644747 0 644779 0 0 0 0 0 0 0 0 644834 644636 0 644713 0 644733 0 0 0 644779 644820 0 0 644870 0 0 0 0 0 0 0 644792 0 644652 0 0 
644943 644937 644967 644967 644953 644885 644899 644936 644887 645015 644990 644930 644922 644901 645067 645041 644976 644928 644910 644916 644892 644869 644811 644819 644821 645062 644998 645012 644876 644870 644864 644848 644787 645030 644968 644860 644806 644769 645039 645038 645051 645010 644960 644974 644915 644829 644835 644832 644852 644739 645018 644959 644927 644953 644965 644817 644799 644823 644839 644817 644758 644774 644741 644695 644920 644991 644953 644767 644732 644673 644653 644659 644649 645000 644833 644747 644741 644727 644753 644753 644728 644691 644629 644631 644834 644870 644963 644992 644956 644998 644972 644916 644787 644699 644729 644711 644705 644706 644680 644653 644659 644595 644605 644802 644916 644932 644938 644887 644809 644769 644671 644689 644695 644689 644673 644699 644654 644652 644660 644549 644585 644567 644573 644563 644780 644818 644804 644932 
644979 644973 644991 645003 644987 644945 644959 644969 644935 645046 645023 644951 644955 644935 645007 645051 644997 644925 644907 644913 644901 644903 644859 644867 644893 644991 645015 645019 644873 644879 644885 644857 644811 645019 644964 644857 644839 644841 644957 644963 644985 644971 644942 644947 644889 644803 644809 644817 644837 644811 644955 644923 644896 644921 644923 644791 644773 644797 644813 644791 644767 644807 644775 644767 644885 644911 644899 644741 644741 644697 644689 644695 644745 644893 644807 644721 644715 644701 644727 644727 644749 644725 644653 644667 644835 644847 644853 644871 644835 644877 644851 644845 644761 644673 644703 644685 644679 644691 644701 644687 644693 644655 644689 644803 644795 644811 644817 644827 644777 644743 644645 644663 644669 644663 644647 644673 644663 644673 644669 644585 644657 644639 644645 644671 644793 644807 644793 644811 
645041 645035 645065 645045 645073 644983 644997 645087 644985 645078 645115 645104 645073 645021 644980 645052 645127 645102 645084 645090 645066 644989 644909 644917 644919 644964 645111 645097 645050 645044 645038 645022 644885 645079 645093 645034 644957 644867 645021 645027 645037 645047 645065 645051 645061 644980 644986 644994 645014 644837 645031 645029 645013 645035 645023 644968 644950 644974 644990 644968 644932 644925 644861 644793 644822 644987 644987 644918 644906 644771 644751 644757 644747 644969 644958 644898 644892 644878 644904 644904 644902 644811 644727 644729 644736 644772 644929 644947 644911 644953 644927 644921 644909 644850 644880 644862 644856 644868 644854 644773 644779 644693 644703 644704 644871 644887 644893 644907 644891 644882 644822 644840 644846 644840 644824 644850 644828 644826 644834 644647 644683 644665 644671 644661 644682 644720 644706 644887 
644248 644245 644260 644238 644264 644219 644224 644271 644220 644251 644272 644284 644264 644238 644177 644237 644283 644271 644262 644265 644259 644222 644182 644186 644187 644161 644272 644265 644245 644248 644251 644237 644170 644251 644251 644237 644206 644161 644193 644199 644209 644219 644237 644230 644241 644188 644203 644217 644227 644146 644203 644219 644201 644222 644216 644182 644173 644185 644215 644194 644192 644190 644158 644124 644055 644183 644185 644169 644179 644113 644103 644106 644101 644165 644140 644099 644096 644101 644138 644150 644183 644133 644091 644092 644005 644017 644113 644143 644109 644149 644123 644119 644091 644075 644114 644093 644090 644154 644159 644114 644117 644074 644079 643973 644069 644085 644091 644105 644080 644064 644025 644070 644097 644094 644110 644145 644140 644145 644143 644051 644069 644060 644063 644058 643963 643977 643963 644083 
645031 645033 645055 645007 645081 644985 644979 645105 645005 645033 645075 645129 645093 645041 644935 645007 645101 645151 645155 645155 645135 645009 644929 644937 644939 644919 645079 645065 645133 645113 645071 645091 644905 645047 645111 645117 644977 644887 645025 645031 645005 645065 645085 645071 645093 645061 645071 645079 645099 644857 645049 645049 645033 645055 645043 645053 645035 645059 645075 645053 645001 644945 644881 644813 644777 645007 645007 645003 644975 644791 644771 644777 644767 644989 644983 644965 644965 644963 644989 644989 644935 644831 644747 644749 644691 644727 644949 644967 644931 644973 644947 644941 644933 644935 644965 644947 644941 644953 644887 644793 644799 644713 644723 644659 644891 644907 644913 644927 644911 644903 644893 644925 644931 644925 644909 644935 644897 644859 644903 644667 644703 644685 644691 644681 644637 644675 644661 644907 
644956 644956 644980 644936 645002 644908 644908 645021 644922 644962 645004 645048 645012 644960 644864 644936 645030 645028 645026 645028 645018 644928 644848 644856 644858 644848 645008 644994 645002 644996 644990 644974 644824 644976 644990 644986 644896 644806 644918 644924 644934 644944 644974 644960 644994 644974 644974 644958 644978 644776 644928 644950 644946 644956 644944 644968 644950 644971 644966 644956 644884 644864 644800 644732 644706 644908 644920 644906 644858 644710 644690 644696 644686 644890 644932 644920 644918 644914 644916 644904 644854 644750 644666 644668 644620 644656 644838 644868 644844 644874 644848 644878 644894 644886 644904 644898 644892 644832 644806 644712 644718 644632 644642 644588 644804 644832 644838 644876 644872 644864 644847 644876 644870 644864 644824 644826 644780 644778 644786 644586 644622 644604 644610 644600 644566 644604 644590 644808 
644433 644439 644445 644409 644473 644419 644405 644495 644453 644411 644441 644501 644503 644477 644325 644385 644455 644458 644476 644470 644514 644461 644421 644425 644426 644309 644433 644419 644489 644503 644492 644492 644409 644401 644418 644481 644445 644400 644357 644363 644359 644372 644390 644376 644398 644388 644421 644449 644459 644385 644356 644354 644338 644360 644348 644398 644391 644394 644435 644412 644447 644429 644397 644363 644203 644312 644312 644387 644434 644352 644342 644345 644340 644294 644288 644278 644284 644319 644356 644368 644424 644372 644330 644331 644153 644165 644254 644272 644236 644278 644252 644246 644238 644293 644332 644311 644308 644386 644400 644353 644356 644313 644318 644121 644196 644212 644218 644232 644216 644208 644210 644288 644315 644312 644328 644365 644395 644386 644398 644290 644308 644299 644302 644297 644111 644125 644111 644212 
644761 644764 644783 644749 644791 644718 644711 644796 644753 644760 644769 644781 644803 644817 644723 644747 644758 644746 644755 644752 644782 644828 644780 644782 644714 644715 644747 644740 644772 644793 644814 644804 644754 644731 644726 644780 644778 644734 644696 644699 644710 644703 644712 644705 644710 644681 644714 644776 644766 644708 644695 644688 644668 644691 644685 644687 644696 644684 644748 644723 644730 644746 644706 644664 644610 644667 644655 644734 644704 644640 644622 644628 644618 644658 644607 644578 644581 644624 644683 644714 644700 644656 644596 644600 644531 644573 644644 644647 644617 644650 644637 644598 644558 644602 644659 644632 644635 644678 644652 644618 644624 644564 644574 644515 644597 644593 644596 644579 644547 644531 644508 644607 644662 644656 644640 644666 644626 644624 644632 644518 644554 644536 644542 644532 644492 644535 644528 644617 
645062 0 645060 645038 645052 645026 0 645038 0 644990 644984 645008 645052 645104 0 0 0 0 0 0 0 0 645130 645130 0 644924 644940 0 0 0 0 645054 645092 0 644898 0 645068 645082 0 0 0 644852 644870 0 0 0 0 644998 0 645072 0 0 0 0 0 0 0 0 644954 0 644996 645036 645020 645028 0 0 0 0 644970 0 0 0 644982 0 0 0 0 0 644896 644934 0 0 0 0 0 0 0 644752 644716 0 0 644726 0 644806 0 0 0 644920 0 0 0 0 644938 644692 0 644692 0 644712 0 0 0 644816 644886 0 644876 644902 0 0 0 0 0 0 0 644896 0 644708 0 0 
645055 0 645031 645031 645023 645061 0 645009 0 644961 644955 644979 645023 645075 0 0 0 0 0 0 0 0 645169 645169 0 644895 644911 0 0 0 0 645025 645057 0 644869 0 645033 645121 0 0 0 644823 644841 0 0 0 0 644969 0 645101 0 0 0 0 0 0 0 0 644925 0 644961 645001 644985 645057 0 0 0 0 644935 0 0 0 645011 0 0 0 0 0 644867 644909 0 0 0 0 0 0 0 644723 644687 0 0 644697 0 644777 0 0 0 644885 0 0 0 0 644967 644727 0 644663 0 644683 0 0 0 644787 644861 0 644841 644867 0 0 0 0 0 0 0 644925 0 644743 0 0 
644573 644579 644549 644549 644541 644631 644617 644527 644629 644479 644473 644497 644534 644544 644429 644453 644451 644427 644445 644439 644483 644528 644596 644600 644673 644413 644429 644415 644457 644472 644487 644461 644512 644397 644387 644449 644476 644647 644327 644333 644355 644341 644359 644345 644367 644357 644389 644417 644427 644632 644325 644323 644307 644329 644317 644368 644359 644363 644403 644380 644416 644460 644464 644610 644415 644281 644281 644355 644403 644455 644481 644484 644594 644263 644257 644247 644253 644287 644324 644336 644419 644439 644433 644470 644408 644413 644223 644241 644205 644247 644221 644215 644207 644261 644300 644279 644276 644354 644395 644420 644423 644524 644572 644376 644165 644181 644187 644201 644185 644177 644179 644256 644283 644280 644296 644333 644364 644381 644367 644429 644555 644546 644549 644551 644366 644380 644366 644181 
644779 0 644765 644827 0 644759 0 0 0 0 0 644581 644589 0 0 0 0 0 0 0 0 0 0 0 0 644947 644717 0 0 0 0 644393 644405 0 0 0 644357 0 0 0 0 0 644569 0 0 0 0 644313 0 644487 0 0 0 0 0 0 0 0 0 0 644213 644293 644261 0 0 0 0 0 0 0 0 0 0 0 0 0 0 0 0 644133 0 0 0 0 0 0 0 644607 0 0 0 644461 0 0 0 0 0 0 0 0 0 0 0 644721 0 644499 0 0 0 0 0 0 644017 0 0 644025 0 0 0 0 0 0 0 644135 0 644761 0 0 
644884 0 644932 644932 0 644768 0 0 0 0 0 645000 644936 0 0 0 0 0 0 0 0 0 0 0 0 644858 645108 0 0 0 0 644854 644572 0 0 0 644704 0 0 0 0 0 645010 0 0 0 0 644778 0 644476 0 0 0 0 0 0 0 0 0 0 644674 644640 644524 0 0 0 0 0 0 0 0 0 0 0 0 0 0 0 0 644598 0 0 0 0 0 0 0 644812 0 0 0 644760 0 0 0 0 0 0 0 0 0 0 0 644338 0 644692 0 0 0 0 0 0 644482 0 0 644490 0 0 0 0 0 0 0 644124 0 644370 0 0 
644827 644821 644851 644846 644859 644769 644783 644873 644771 644903 644920 644891 644859 644807 644845 644903 644931 644889 644871 644877 644853 644775 644695 644703 644705 644829 644939 644939 644837 644831 644825 644809 644671 644939 644915 644821 644743 644653 644887 644893 644903 644913 644903 644903 644877 644815 644809 644793 644813 644623 644897 644891 644879 644891 644891 644803 644785 644809 644801 644791 644719 644711 644647 644579 644687 644877 644879 644741 644693 644557 644537 644543 644533 644859 644836 644781 644775 644749 644751 644739 644689 644597 644513 644515 644601 644637 644807 644837 644813 644843 644817 644847 644813 644733 644739 644733 644727 644667 644641 644559 644565 644479 644489 644569 644773 644801 644807 644843 644819 644804 644741 644723 644705 644699 644659 644661 644615 644613 644621 644433 644469 644451 644457 644447 644547 644585 644571 644777 
644955 644958 644979 644943 645011 644912 644905 645040 644947 644970 645012 645061 645047 645001 644872 644944 645038 645080 645089 645086 645089 644969 644889 644897 644899 644856 645016 645002 645097 645067 645031 645045 644865 644984 645052 645081 644937 644847 644956 644962 644942 645006 645058 645044 645061 645032 645065 645075 645095 644817 644990 645023 645007 645029 645017 645038 645032 645035 645072 645050 644955 644905 644841 644773 644714 644981 644981 645000 644929 644751 644731 644737 644727 644963 644957 644929 644932 644960 644986 644986 644895 644791 644707 644709 644628 644664 644922 644941 644905 644947 644921 644915 644907 644932 644962 644944 644938 644949 644847 644753 644759 644673 644683 644596 644865 644881 644887 644901 644885 644877 644859 644922 644928 644922 644906 644932 644851 644819 644857 644627 644663 644645 644651 644641 644574 644612 644598 644881 
644444 644450 644456 644420 644484 644430 644416 644506 644461 644422 644452 644512 644513 644497 644336 644396 644466 644462 644480 644474 644518 644481 644441 644445 644446 644320 644444 644430 644502 644511 644512 644500 644429 644412 644422 644494 644465 644420 644356 644362 644370 644376 644394 644380 644402 644392 644426 644462 644472 644405 644360 644358 644342 644364 644352 644399 644404 644396 644448 644425 644455 644449 644417 644383 644214 644316 644316 644400 644442 644372 644362 644365 644360 644298 644292 644282 644288 644332 644369 644381 644444 644392 644350 644351 644164 644176 644258 644276 644240 644282 644256 644250 644242 644306 644345 644324 644321 644399 644420 644373 644376 644333 644338 644132 644200 644216 644222 644236 644220 644212 644214 644301 644328 644325 644341 644378 644403 644406 644406 644310 644328 644319 644322 644317 644122 644136 644122 644216 
644356 644362 644368 644332 644396 644342 644328 644416 644376 644334 644362 644398 644428 644422 644248 644308 644352 644352 644370 644364 644407 644406 644366 644370 644363 644232 644330 644316 644397 644408 644411 644397 644354 644298 644312 644397 644388 644345 644240 644246 644256 644266 644296 644282 644316 644330 644357 644377 644387 644330 644250 644272 644268 644278 644266 644342 644351 644336 644375 644364 644352 644372 644342 644308 644126 644230 644242 644339 644339 644297 644287 644290 644285 644212 644244 644234 644240 644293 644332 644332 644343 644317 644275 644276 644076 644088 644160 644190 644166 644196 644170 644200 644194 644271 644310 644289 644286 644314 644319 644298 644301 644258 644263 644044 644126 644154 644160 644188 644172 644164 644166 644266 644293 644290 644292 644305 644300 644305 644303 644235 644253 644244 644247 644242 644034 644048 644034 644130 
0 0 644020 0 0 0 0 0 0 0 0 0 0 0 0 0 0 0 0 0 0 0 0 0 0 0 0 0 0 0 0 644137 643996 0 0 0 644056 0 0 0 0 0 0 0 0 0 0 0 0 643924 0 0 0 0 0 0 0 0 0 0 644092 644040 643996 0 0 0 0 0 0 0 0 0 0 0 0 0 0 0 0 0 0 0 0 0 0 0 0 0 0 0 0 0 0 0 0 0 0 0 0 0 0 0 0 0 0 643993 0 0 0 0 0 0 0 0 0 644058 0 0 0 0 0 0 0 643788 0 0 0 0 
0 0 644971 0 0 0 0 0 0 0 0 0 0 0 0 0 0 0 0 0 0 0 0 0 0 0 0 0 0 0 0 0 645149 0 0 0 645079 0 0 0 0 0 0 0 0 0 0 0 0 645057 0 0 0 0 0 0 0 0 0 0 645053 0 0 0 0 0 0 0 0 0 0 0 0 0 0 0 0 0 0 0 0 0 0 0 0 0 0 0 0 0 0 0 0 0 0 0 0 0 0 0 0 0 0 0 0 0 0 0 0 0 0 0 0 0 0 644969 0 0 0 0 0 0 0 0 0 0 0 0 
644973 644970 644997 644985 645013 644920 644927 645018 644928 645044 645047 645035 645004 644964 645015 645057 645058 645009 645000 645003 644997 644932 644852 644860 644862 644999 645069 645076 644969 644975 644970 644953 644828 645085 645029 644953 644888 644810 645044 645050 645061 645050 645007 645014 644967 644899 644905 644913 644933 644780 645042 644989 644961 644986 644992 644887 644869 644893 644909 644887 644863 644856 644804 644736 644857 644998 644974 644837 644837 644714 644694 644700 644690 644980 644878 644811 644808 644797 644823 644823 644834 644754 644670 644672 644771 644807 644940 644958 644922 644964 644938 644930 644831 644769 644799 644781 644775 644787 644786 644716 644722 644636 644646 644739 644882 644898 644904 644906 644842 644810 644737 644759 644765 644759 644743 644769 644759 644758 644765 644590 644626 644608 644614 644604 644717 644755 644741 644898 
644818 0 644854 644840 644872 644736 0 644893 0 644892 644946 644936 644872 644794 0 0 0 0 0 0 0 0 0 0 0 644742 644960 0 0 0 0 644855 644590 0 645014 0 644698 644563 0 0 0 644968 645020 0 0 0 0 644901 0 644518 0 0 0 0 0 0 0 0 644909 0 644720 644650 644554 644452 0 0 0 0 644681 0 0 0 0 0 0 0 0 0 644810 644804 0 0 0 0 0 0 0 644878 644836 0 0 644869 0 644729 0 0 0 0 0 0 0 0 644317 644352 0 644812 0 644846 0 0 0 644714 644723 0 0 644699 0 0 0 0 0 0 0 644254 0 644376 0 0 
644998 645004 645022 644974 645062 644960 644946 645096 645004 645000 645042 645114 645100 645076 644902 644974 645068 645092 645110 645104 645124 645066 644986 644994 644956 644886 645046 645032 645124 645124 645124 645124 644962 645014 645052 645124 645034 644944 644968 644974 644972 645006 645028 645014 645036 645026 645056 645104 645104 644914 644990 644992 644976 644998 644986 645032 645032 645032 645080 645056 645034 645002 644938 644870 644744 644950 644950 645036 645008 644848 644828 644834 644824 644932 644926 644916 644922 644960 645008 645022 644992 644888 644804 644806 644658 644694 644892 644910 644874 644916 644890 644884 644876 644936 644984 644960 644960 644986 644944 644850 644856 644770 644780 644626 644834 644850 644856 644870 644854 644846 644848 644936 644964 644958 644942 644968 644930 644916 644936 644724 644760 644742 644748 644738 644604 644642 644628 644850 
0 0 644987 0 0 0 0 0 0 0 0 0 0 0 0 0 0 0 0 0 0 0 0 0 0 0 0 0 0 0 0 0 645123 0 0 0 645165 0 0 0 0 0 0 0 0 0 0 0 0 645023 0 0 0 0 0 0 0 0 0 0 645097 0 0 0 0 0 0 0 0 0 0 0 0 0 0 0 0 0 0 0 0 0 0 0 0 0 0 0 0 0 0 0 0 0 0 0 0 0 0 0 0 0 0 0 0 0 0 0 0 0 0 0 0 0 0 645003 0 0 0 0 0 0 0 0 0 0 0 0 
644976 0 644952 644952 0 645034 0 0 0 0 0 644900 644944 0 0 0 0 0 0 0 0 0 0 0 0 644816 644832 0 0 0 0 644946 645002 0 0 0 644978 645142 0 0 0 0 644762 0 0 0 0 644890 0 645142 0 0 0 0 0 0 0 0 0 0 644906 644946 644930 645102 0 0 0 0 0 0 0 0 0 0 0 0 0 0 0 644830 0 0 0 0 0 0 0 644644 0 0 0 644618 0 0 0 0 0 0 0 0 0 0 645046 644782 0 644584 0 0 0 0 0 0 644782 0 0 644812 0 0 0 0 0 0 0 645004 0 644798 0 0 
644827 644824 644851 644839 644867 644774 644781 644886 644787 644898 644913 644913 644879 644831 644901 644911 644936 644948 644939 644942 644924 644799 644719 644727 644729 644893 644947 644954 644921 644903 644861 644881 644695 644963 644968 644905 644767 644677 644994 644997 644972 644991 644958 644965 644930 644887 644890 644877 644897 644647 644999 644952 644936 644949 644955 644881 644869 644884 644885 644875 644791 644735 644671 644603 644752 644973 644949 644825 644765 644581 644561 644567 644557 644974 644889 644823 644820 644822 644835 644823 644725 644621 644537 644539 644666 644702 644932 644962 644938 644966 644942 644934 644843 644794 644823 644806 644800 644751 644677 644583 644589 644503 644513 644634 644898 644926 644932 644917 644854 644822 644749 644784 644789 644783 644743 644745 644687 644649 644693 644457 644493 644475 644481 644471 644612 644650 644636 644902 
644943 644937 644967 644967 644975 644885 644899 644987 644887 645037 645041 645005 644973 644923 645056 645061 645051 645014 644996 645002 644986 644891 644811 644819 644821 645050 645073 645087 644962 644964 644939 644942 644787 645099 645054 644946 644857 644769 645121 645121 645114 645090 645034 645048 644978 644892 644898 644906 644926 644739 645098 645022 644990 645016 645028 644880 644862 644886 644902 644880 644852 644825 644763 644695 644908 645048 645012 644830 644826 644673 644653 644659 644649 645053 644896 644810 644804 644790 644816 644816 644803 644713 644629 644631 644822 644858 645025 645043 645007 645049 645023 644973 644850 644762 644792 644774 644768 644780 644755 644675 644681 644595 644605 644790 644967 644983 644989 644944 644872 644832 644734 644752 644758 644752 644736 644762 644748 644727 644754 644549 644585 644567 644573 644563 644768 644806 644792 644983 
645010 645004 645034 645034 645042 644952 644966 645036 644954 645104 645090 645024 645022 644990 645124 645130 645070 644998 644980 644986 644974 644958 644878 644886 644888 645108 645092 645106 644946 644952 644958 644930 644854 645124 645038 644930 644906 644836 645104 645110 645132 645084 645018 645032 644962 644876 644882 644890 644910 644806 645094 645006 644974 645000 645012 644864 644846 644870 644886 644864 644840 644874 644830 644762 644966 645046 645000 644814 644814 644740 644720 644726 644716 645040 644880 644794 644788 644774 644800 644800 644822 644780 644696 644698 644880 644916 645000 645018 644982 645024 644998 644970 644834 644746 644776 644758 644752 644764 644774 644742 644748 644662 644672 644848 644942 644958 644964 644936 644856 644816 644718 644736 644742 644736 644720 644746 644736 644746 644742 644616 644652 644634 644640 644630 644826 644864 644850 644958 
644818 0 644830 644818 644842 644794 0 644854 0 644842 644854 644865 644854 644842 0 0 0 0 0 0 0 0 0 0 0 644810 644865 0 0 0 0 644865 644799 0 644865 0 644835 644782 0 0 0 644865 644865 0 0 0 0 644865 0 644775 0 0 0 0 0 0 0 0 644843 0 644834 644819 644782 644753 0 0 0 0 644821 0 0 0 0 0 0 0 0 0 644771 644795 0 0 0 0 0 0 0 644819 644783 0 0 644771 0 644699 0 0 0 0 0 0 0 0 644696 644622 0 644759 0 644747 0 0 0 644699 644747 0 0 644801 0 0 0 0 0 0 0 644666 0 644626 0 0 
644289 0 644337 644313 0 644183 0 0 0 0 0 644461 644393 0 0 0 0 0 0 0 0 0 0 0 0 644243 644519 0 0 0 0 644439 644133 0 0 0 644277 0 0 0 0 0 644611 0 0 0 0 644491 0 644013 0 0 0 0 0 0 0 0 0 0 644325 644213 644085 0 0 0 0 0 0 0 0 0 0 0 0 0 0 0 0 644415 0 0 0 0 0 0 0 644461 0 0 0 644481 0 0 0 0 0 0 0 0 0 0 0 643723 0 644389 0 0 0 0 0 0 644357 0 0 644315 0 0 0 0 0 0 0 643685 0 643755 0 0 
644839 644833 644851 644863 644847 644781 644795 644849 644783 644909 644903 644867 644835 644795 644876 644915 644913 644913 644895 644901 644853 644763 644707 644715 644717 644860 644935 644942 644861 644831 644801 644809 644671 644935 644953 644845 644719 644665 644918 644924 644910 644955 644969 644977 644927 644865 644859 644841 644861 644635 644947 644966 644950 644963 644969 644853 644835 644859 644851 644841 644719 644687 644635 644591 644730 644951 644951 644791 644693 644557 644549 644555 644545 644940 644893 644830 644824 644799 644801 644789 644665 644585 644513 644527 644644 644680 644886 644918 644894 644924 644898 644918 644870 644782 644789 644783 644777 644715 644617 644547 644553 644491 644501 644612 644854 644882 644888 644911 644890 644852 644754 644772 644755 644749 644709 644711 644615 644589 644621 644445 644481 644463 644469 644459 644590 644628 644614 644858 
644203 644200 644215 644215 644219 644174 644181 644226 644175 644248 644253 644241 644219 644193 644170 644230 644264 644276 644267 644270 644240 644177 644137 644141 644142 644154 644272 644264 644250 644229 644208 644218 644125 644246 644296 644242 644161 644116 644212 644218 644204 644262 644308 644302 644306 644289 644290 644246 644256 644101 644246 644316 644332 644320 644310 644283 644274 644286 644268 644281 644173 644145 644113 644079 644048 644274 644310 644256 644160 644068 644058 644061 644056 644256 644291 644236 644233 644238 644251 644251 644140 644088 644046 644047 643998 644010 644180 644234 644234 644240 644214 644270 644256 644212 644239 644230 644227 644183 644116 644069 644072 644029 644034 643966 644194 644224 644230 644268 644262 644235 644162 644207 644222 644219 644211 644198 644121 644102 644124 644006 644024 644015 644018 644013 643956 643970 643956 644174 
644814 644817 644826 644802 644846 644795 644788 644855 644804 644815 644836 644870 644845 644805 644739 644799 644849 644885 644894 644891 644863 644773 644729 644737 644763 644723 644838 644831 644871 644841 644811 644819 644681 644815 644865 644855 644729 644711 644781 644787 644773 644831 644875 644868 644903 644928 644915 644851 644871 644681 644815 644881 644897 644884 644878 644921 644903 644925 644883 644897 644729 644697 644645 644637 644617 644843 644879 644847 644703 644567 644559 644565 644615 644825 644873 644844 644847 644844 644869 644857 644675 644595 644523 644537 644567 644579 644749 644803 644803 644809 644783 644849 644824 644816 644846 644828 644822 644725 644627 644557 644563 644525 644559 644535 644763 644803 644809 644836 644813 644797 644774 644806 644812 644806 644777 644743 644625 644599 644631 644455 644527 644509 644515 644529 644513 644539 644525 644743 
644798 644801 644822 644786 644854 644755 644748 644881 644785 644823 644856 644904 644881 644843 644749 644810 644881 644941 644950 644947 644929 644811 644731 644739 644737 644733 644870 644863 644953 644915 644873 644893 644707 644854 644921 644941 644779 644689 644839 644845 644819 644898 644943 644936 644981 644999 644999 644949 644969 644659 644885 644959 644963 644962 644956 644999 644999 644999 644991 644993 644803 644747 644683 644615 644591 644935 644950 644943 644777 644593 644573 644579 644569 644917 644962 644957 644960 644975 644977 644953 644737 644633 644549 644551 644505 644541 644831 644895 644883 644901 644875 644941 644937 644959 644965 644959 644953 644823 644689 644595 644601 644515 644525 644473 644843 644883 644889 644934 644926 644922 644921 644949 644931 644925 644873 644851 644699 644661 644705 644469 644505 644487 644493 644483 644451 644489 644475 644835 
644777 0 644801 644729 0 644715 0 0 0 0 0 644913 644925 0 0 0 0 0 0 0 0 0 0 0 0 644529 644777 0 0 0 0 644973 644721 0 0 0 644817 0 0 0 0 0 644831 0 0 0 0 644999 0 644663 0 0 0 0 0 0 0 0 0 0 644817 644753 644649 0 0 0 0 0 0 0 0 0 0 0 0 0 0 0 0 644883 0 0 0 0 0 0 0 644621 0 0 0 644573 0 0 0 0 0 0 0 0 0 0 0 644047 0 644505 0 0 0 0 0 0 644773 0 0 644777 0 0 0 0 0 0 0 644311 0 644079 0 0 
644173 644176 644185 644161 644205 644154 644147 644222 644177 644174 644195 644231 644229 644221 644089 644149 644208 644244 644253 644250 644256 644205 644165 644169 644162 644073 644197 644183 644270 644257 644236 644246 644153 644165 644224 644270 644189 644144 644131 644137 644123 644181 644234 644221 644248 644243 644264 644274 644284 644129 644165 644221 644217 644227 644215 644249 644258 644246 644282 644271 644201 644173 644141 644107 643967 644179 644191 644246 644188 644096 644086 644089 644084 644161 644193 644188 644191 644222 644239 644239 644168 644116 644074 644075 643917 643929 644099 644139 644115 644145 644119 644149 644168 644212 644227 644218 644215 644211 644144 644097 644100 644057 644062 643885 644075 644103 644109 644147 644155 644153 644154 644207 644210 644207 644199 644212 644149 644130 644152 644034 644052 644043 644046 644041 643875 643889 643875 644079 
0 0 0 0 0 0 0 0 0 0 0 0 0 0 0 0 0 0 0 0 0 0 0 0 0 0 0 0 0 0 0 0 0 0 0 0 0 0 0 0 0 0 0 0 0 0 0 0 0 645159 0 0 0 0 0 0 0 0 0 0 0 0 0 0 0 0 0 0 0 0 0 0 0 0 0 0 0 0 0 0 0 0 0 0 0 0 0 0 0 0 0 0 0 0 0 0 0 0 0 0 0 0 0 0 0 0 0 0 0 0 0 0 0 0 0 0 0 0 0 0 0 0 0 0 0 0 0 0 
644903 644897 644927 644927 644935 644845 644859 644949 644847 644997 645003 644979 644935 644883 645003 645023 645025 645023 645005 645011 644975 644851 644771 644779 644781 644995 645047 645061 644971 644953 644913 644931 644747 645079 645063 644955 644819 644729 645094 645097 645074 645109 645055 645069 645011 644925 644931 644927 644947 644699 645105 645055 645023 645049 645061 644913 644895 644919 644935 644913 644841 644787 644723 644655 644862 645083 645049 644863 644815 644633 644613 644619 644609 645074 644929 644843 644837 644823 644849 644849 644777 644673 644589 644591 644776 644812 645040 645063 645033 645066 645050 645014 644883 644795 644825 644807 644801 644801 644729 644635 644641 644555 644565 644744 644994 645009 645012 644985 644905 644865 644767 644785 644791 644785 644769 644795 644737 644701 644743 644509 644545 644527 644533 644523 644722 644760 644746 645010 
644738 644732 644762 644762 644770 644680 644694 644784 644682 644832 644838 644814 644770 644718 644804 644858 644860 644884 644866 644872 644812 644686 644606 644614 644616 644788 644882 644896 644832 644790 644748 644768 644582 644902 644924 644816 644654 644564 644894 644900 644874 644946 644952 644966 644944 644904 644898 644824 644844 644534 644938 644988 644990 644982 644994 644892 644874 644898 644868 644880 644678 644622 644558 644490 644646 644988 645010 644830 644652 644468 644448 644454 644444 644974 644932 644870 644864 644838 644840 644828 644612 644508 644424 644426 644560 644596 644886 644952 644950 644958 644932 644977 644910 644822 644828 644822 644816 644698 644564 644470 644476 644390 644400 644528 644910 644938 644944 644970 644932 644904 644830 644812 644794 644788 644748 644728 644574 644536 644580 644344 644380 644362 644368 644358 644506 644544 644530 644892 
644183 644180 644195 644195 644199 644154 644161 644206 644155 644230 644233 644221 644199 644173 644176 644229 644244 644256 644247 644250 644220 644157 644117 644121 644122 644160 644255 644258 644230 644209 644188 644198 644105 644249 644276 644222 644141 644096 644218 644224 644210 644268 644290 644295 644286 644291 644270 644226 644236 644081 644252 644308 644316 644305 644305 644285 644276 644288 644248 644261 644153 644125 644093 644059 644054 644280 644311 644236 644140 644048 644038 644041 644036 644262 644275 644208 644205 644210 644247 644253 644120 644068 644026 644027 644004 644016 644186 644240 644240 644246 644220 644292 644228 644184 644223 644202 644199 644163 644096 644049 644052 644009 644014 643972 644200 644252 644258 644277 644239 644207 644134 644179 644206 644203 644213 644178 644101 644082 644104 643986 644004 643995 643998 643993 643962 643976 643962 644180 
644899 644896 644923 644911 644937 644846 644853 644951 644849 644960 644985 644981 644937 644885 644880 644947 645008 645032 645021 645026 644979 644853 644773 644781 644783 644864 645007 645000 644987 644957 644915 644935 644749 644991 645046 644971 644821 644731 644970 644976 644950 645020 645056 645049 645038 644989 644983 644967 644987 644701 645004 645038 645030 645041 645035 644977 644959 644983 644975 644965 644845 644789 644725 644657 644722 645008 645017 644915 644819 644635 644615 644621 644611 644990 644985 644918 644913 644899 644925 644913 644779 644675 644591 644593 644636 644672 644938 644968 644944 644974 644948 644978 644938 644871 644901 644883 644877 644841 644731 644637 644643 644557 644567 644604 644904 644932 644938 644964 644933 644917 644843 644861 644867 644861 644833 644835 644741 644703 644747 644511 644547 644529 644535 644525 644582 644620 644606 644908 
644664 644658 644688 644688 644696 644606 644620 644710 644608 644750 644764 644740 644696 644644 644713 644763 644786 644810 644792 644798 644738 644612 644532 644540 644542 644697 644799 644806 644758 644716 644674 644694 644508 644813 644844 644742 644580 644490 644803 644809 644783 644861 644870 644877 644870 644832 644826 644750 644770 644460 644849 644900 644908 644897 644903 644820 644802 644826 644794 644808 644604 644548 644484 644416 644555 644901 644921 644758 644578 644394 644374 644380 644370 644883 644860 644798 644792 644766 644768 644756 644538 644434 644350 644352 644469 644505 644795 644861 644861 644867 644841 644895 644838 644750 644756 644750 644744 644624 644490 644396 644402 644316 644326 644437 644821 644849 644855 644885 644849 644829 644758 644740 644722 644716 644676 644654 644500 644462 644506 644270 644306 644288 644294 644284 644415 644453 644439 644801 
644268 644274 644280 644244 644304 644254 644240 644311 644260 644246 644276 644326 644304 644278 644160 644220 644290 644338 644352 644350 644325 644262 644222 644226 644227 644144 644268 644254 644335 644314 644293 644303 644210 644236 644298 644327 644246 644201 644202 644208 644194 644252 644306 644292 644350 644396 644375 644331 644341 644186 644236 644306 644326 644312 644300 644390 644381 644393 644353 644366 644258 644230 644198 644164 644038 644264 644300 644341 644245 644153 644143 644146 644141 644246 644346 644336 644338 644343 644380 644358 644225 644173 644131 644132 643988 644000 644170 644224 644224 644230 644204 644304 644296 644317 644356 644335 644332 644268 644201 644154 644157 644114 644119 643956 644184 644236 644242 644290 644274 644266 644267 644312 644339 644336 644318 644283 644206 644187 644209 644091 644109 644100 644103 644098 643946 643960 643946 644164 
644904 644910 644928 644880 644968 644866 644852 644994 644898 644906 644948 645018 644994 644970 644808 644880 644974 645046 645064 645058 645042 644970 644894 644898 644850 644792 644952 644938 645066 645042 645018 645042 644870 644920 645006 645066 644942 644850 644898 644904 644878 644960 645026 645012 645082 645112 645136 645090 645090 644822 644944 645038 645068 645044 645032 645112 645112 645112 645114 645136 644966 644910 644846 644778 644650 644996 645042 645130 644940 644756 644736 644742 644732 644978 645018 645008 645014 645040 645088 645112 644900 644796 644712 644714 644564 644600 644890 644956 644966 644962 644936 644976 644968 645016 645064 645040 645040 644986 644852 644758 644764 644678 644688 644532 644926 644942 644948 644962 644946 644938 644940 645016 645058 645052 645036 645016 644862 644824 644868 644632 644668 644650 644656 644646 644510 644548 644534 644896 
644821 644824 644845 644809 644877 644778 644771 644906 644813 644846 644879 644927 644911 644869 644768 644833 644904 644964 644973 644970 644959 644837 644757 644765 644767 644752 644893 644886 644983 644941 644899 644919 644733 644877 644944 644967 644805 644715 644858 644864 644838 644920 644966 644959 645006 645045 645051 644975 644995 644685 644904 644984 645008 644987 644981 645051 645047 645048 645019 645041 644829 644773 644709 644641 644610 644956 644995 644991 644803 644619 644599 644605 644595 644938 644996 644990 644993 645012 645014 645001 644763 644659 644575 644577 644524 644560 644850 644916 644924 644922 644896 644971 644970 644995 645002 644996 644990 644849 644715 644621 644627 644541 644551 644492 644884 644924 644930 644968 644959 644943 644920 644985 644968 644962 644921 644879 644725 644687 644731 644495 644531 644513 644519 644509 644470 644508 644494 644856 
644836 0 644872 644800 644932 644779 0 644983 0 644839 644902 645010 644992 644960 0 0 0 0 0 0 0 0 0 0 0 644668 644908 0 0 0 0 645057 644778 0 644989 0 644886 644751 0 0 0 644920 644997 0 0 0 0 645111 0 644706 0 0 0 0 0 0 0 0 645113 0 644922 644838 644742 644640 0 0 0 0 644883 0 0 0 0 0 0 0 0 0 645000 645014 0 0 0 0 0 0 0 644848 644796 0 0 644811 0 644901 0 0 0 0 0 0 0 0 644505 644278 0 644760 0 644790 0 0 0 644896 644927 0 0 644931 0 0 0 0 0 0 0 644442 0 644302 0 0 
644872 644875 644884 644858 644904 644853 644846 644921 644876 644860 644890 644930 644924 644912 644774 644834 644904 644943 644952 644949 644948 644896 644852 644860 644851 644758 644882 644868 644960 644948 644934 644942 644804 644850 644912 644960 644852 644833 644816 644822 644808 644866 644920 644906 644961 644958 644984 644972 644972 644803 644850 644920 644928 644926 644914 644962 644962 644961 644984 644984 644852 644820 644768 644759 644652 644878 644902 644958 644826 644690 644682 644688 644713 644860 644880 644855 644858 644890 644938 644946 644798 644718 644646 644660 644577 644613 644784 644838 644826 644844 644818 644838 644830 644866 644914 644890 644890 644848 644750 644680 644686 644648 644669 644545 644786 644804 644810 644824 644808 644800 644785 644866 644888 644882 644866 644866 644748 644722 644754 644578 644649 644631 644637 644627 644523 644561 644547 644778 
0 0 644881 0 0 0 0 0 0 0 0 0 0 0 0 0 0 0 0 0 0 0 0 0 0 0 0 0 0 0 0 0 645045 0 0 0 645085 0 0 0 0 0 0 0 0 0 0 0 0 644917 0 0 0 0 0 0 0 0 0 0 645141 0 0 0 0 0 0 0 0 0 0 0 0 0 0 0 0 0 0 0 0 0 0 0 0 0 0 0 0 0 0 0 0 0 0 0 0 0 0 0 0 0 0 0 0 0 0 0 0 0 0 0 0 0 0 645109 0 0 0 0 0 0 0 0 0 0 0 0 
0 0 640589 0 0 0 0 0 0 0 0 0 0 0 0 0 0 0 0 0 0 0 0 0 0 0 0 0 0 0 0 640781 640850 0 0 0 640870 0 0 0 0 0 0 0 0 0 0 0 0 640786 0 0 0 0 0 0 0 0 0 0 640862 640870 640838 0 0 0 0 0 0 0 0 0 0 0 0 0 0 0 0 0 0 0 0 0 0 0 0 0 0 0 0 0 0 0 0 0 0 0 0 0 0 0 0 0 0 640101 0 0 0 0 0 0 0 0 0 640748 0 0 0 0 0 0 0 640673 0 0 0 0 
0 0 636175 0 0 0 0 0 0 0 0 0 0 0 0 0 0 0 0 0 0 0 0 0 0 0 0 0 0 0 0 0 636265 0 0 0 636249 0 0 0 0 0 0 0 0 0 0 0 0 636193 0 0 0 0 0 0 0 0 0 0 636220 0 636297 0 0 0 0 0 0 0 0 0 0 0 0 0 0 0 0 0 0 0 0 0 0 0 0 0 0 0 0 0 0 0 0 0 0 0 0 0 0 0 0 0 0 0 0 0 0 0 0 0 0 0 0 636159 0 0 0 0 0 0 0 0 0 0 0 0 
644909 0 644885 644885 0 644967 0 0 0 0 0 644833 644877 0 0 0 0 0 0 0 0 0 0 0 0 644749 644765 0 0 0 0 644879 645059 0 0 0 644993 645083 0 0 0 0 644695 0 0 0 0 644823 0 645113 0 0 0 0 0 0 0 0 0 0 644963 645009 644993 645155 0 0 0 0 0 0 0 0 0 0 0 0 0 0 0 644769 0 0 0 0 0 0 0 644577 0 0 0 644551 0 0 0 0 0 0 0 0 0 0 645113 644719 0 644517 0 0 0 0 0 0 644731 0 0 644875 0 0 0 0 0 0 0 645071 0 644735 0 0 
644370 644367 644346 644382 644314 644408 644415 644285 644378 644345 644312 644264 644278 644288 644406 644358 644287 644227 644218 644221 644227 644272 644340 644344 644400 644414 644298 644305 644201 644216 644231 644205 644256 644314 644247 644193 644220 644374 644313 644310 644335 644270 644225 644232 644185 644118 644133 644161 644171 644359 644278 644207 644179 644204 644210 644112 644103 644115 644147 644124 644160 644204 644208 644337 644508 644228 644192 644099 644147 644199 644225 644228 644314 644237 644096 644029 644026 644031 644068 644080 644163 644183 644177 644214 644496 644508 644293 644248 644230 644245 644258 644153 644049 644005 644044 644023 644020 644098 644139 644164 644167 644263 644292 644464 644249 644206 644203 644124 644060 644028 643955 644000 644027 644024 644040 644077 644108 644125 644111 644173 644282 644273 644276 644271 644454 644468 644454 644273 
644848 644842 644860 644872 644856 644814 644828 644858 644804 644918 644912 644876 644844 644804 644941 644944 644922 644922 644904 644910 644862 644772 644728 644736 644762 644925 644944 644958 644870 644840 644810 644818 644680 644976 644962 644854 644728 644710 644983 644989 644975 645004 644966 644980 644934 644868 644874 644838 644858 644680 645009 644978 644966 644972 644984 644856 644838 644862 644858 644856 644728 644696 644644 644636 644819 645009 644992 644806 644702 644566 644558 644564 644603 645003 644872 644786 644780 644766 644792 644792 644674 644594 644522 644536 644758 644781 644939 644981 644965 644987 644961 644955 644826 644738 644768 644750 644744 644712 644626 644556 644562 644524 644558 644726 644925 644941 644947 644926 644848 644808 644710 644728 644734 644728 644712 644718 644624 644598 644630 644454 644526 644508 644514 644517 644704 644741 644727 644921 
643906 643903 643918 643918 643922 643877 643884 643929 643878 643953 643956 643944 643922 643896 643948 643966 643967 643979 643970 643973 643943 643880 643840 643844 643845 643932 643978 643985 643953 643932 643911 643921 643828 643994 643999 643945 643864 643819 643990 643996 643982 644022 644013 644020 644009 644012 643993 643949 643959 643804 644024 644031 644039 644028 644034 644006 643997 644009 643971 643984 643876 643848 643816 643782 643826 644048 644052 643959 643863 643771 643761 643764 643759 644034 644014 643954 643951 643956 643974 643974 643843 643791 643749 643750 643776 643788 643958 644012 644012 644018 643992 644058 643974 643930 643962 643948 643945 643886 643819 643772 643775 643732 643737 643744 643972 644022 644028 644042 643985 643953 643880 643925 643945 643942 643934 643901 643824 643805 643827 643709 643727 643718 643721 643716 643734 643748 643734 643952 
644852 644858 644876 644828 644916 644814 644800 644950 644860 644854 644896 644968 644964 644968 644756 644828 644922 644994 645012 645006 645018 645000 644934 644928 644830 644740 644900 644886 645046 645040 645034 645062 644938 644868 644954 645062 645010 644882 644846 644852 644826 644908 644974 644960 645030 645050 645088 645102 645082 644886 644892 644986 644996 644992 644980 645062 645080 645056 645106 645106 645034 644978 644914 644846 644598 644944 644970 645152 645008 644824 644804 644810 644800 644926 644950 644940 644946 645008 645078 645126 644968 644864 644780 644782 644512 644548 644838 644904 644894 644910 644884 644908 644900 644988 645054 645024 645030 645054 644920 644826 644832 644746 644756 644480 644854 644874 644880 644894 644878 644870 644872 644998 645084 645084 645088 645084 644930 644892 644936 644700 644736 644718 644724 644714 644458 644496 644482 644844 
644619 0 644655 644583 644715 644562 0 644766 0 644622 644685 644791 644787 644793 0 0 0 0 0 0 0 0 0 0 0 644451 644689 0 0 0 0 644908 644925 0 644710 0 644961 644664 0 0 0 644641 644670 0 0 0 0 644862 0 644709 0 0 0 0 0 0 0 0 644796 0 645043 645009 645033 644775 0 0 0 0 645082 0 0 0 0 0 0 0 0 0 644709 644781 0 0 0 0 0 0 0 644493 644439 0 0 644454 0 644574 0 0 0 0 0 0 0 0 644830 644061 0 644403 0 644433 0 0 0 644589 644724 0 0 645006 0 0 0 0 0 0 0 644685 0 644085 0 0 
644823 644829 644835 644799 644848 644803 644789 644834 644843 644786 644780 644804 644845 644883 644715 644760 644758 644734 644752 644746 644800 644899 644882 644878 644811 644699 644736 644722 644778 644811 644844 644822 644942 644704 644694 644786 644903 644837 644634 644640 644662 644648 644666 644652 644674 644664 644702 644770 644760 644852 644632 644630 644614 644636 644624 644675 644684 644670 644736 644711 644867 644919 644963 644874 644587 644588 644588 644736 644880 644999 644985 644982 644825 644570 644564 644554 644560 644612 644671 644707 644912 644988 644964 644978 644501 644537 644530 644548 644512 644554 644528 644522 644514 644590 644647 644620 644623 644833 644936 644983 644989 644958 644883 644469 644472 644488 644494 644508 644492 644484 644486 644595 644664 644667 644747 644806 644919 644950 644916 644896 644929 644932 644935 644796 644447 644485 644471 644488 
644854 644860 644841 644830 644833 644834 644820 644819 644880 644771 644765 644789 644833 644885 644721 644745 644743 644719 644737 644731 644791 644917 644956 644948 644850 644705 644721 644707 644771 644813 644855 644835 645021 644689 644679 644787 644949 644902 644619 644625 644647 644633 644651 644637 644659 644649 644691 644779 644759 644932 644617 644615 644599 644621 644609 644661 644679 644655 644735 644709 644925 644981 645045 644976 644618 644573 644573 644759 644951 645118 645129 645126 644926 644555 644549 644539 644545 644607 644677 644725 644991 645086 645086 645125 644532 644568 644515 644533 644497 644539 644513 644507 644499 644587 644653 644623 644629 644905 645034 645084 645090 645104 645018 644500 644457 644473 644479 644493 644477 644469 644471 644597 644687 644693 644805 644875 645017 645048 645014 645043 645073 645078 645079 644916 644478 644516 644502 644473 
644413 644419 644403 644389 644395 644416 644402 644381 644445 644333 644327 644351 644395 644447 644283 644307 644305 644281 644299 644293 644353 644479 644521 644513 644444 644267 644283 644269 644333 644375 644417 644397 644583 644251 644241 644349 644511 644496 644181 644187 644209 644195 644213 644199 644221 644211 644253 644341 644321 644526 644179 644177 644161 644183 644171 644223 644241 644217 644297 644271 644487 644543 644607 644570 644200 644135 644135 644321 644513 644653 644665 644668 644534 644117 644111 644101 644107 644169 644239 644287 644553 644637 644631 644654 644140 644162 644077 644095 644059 644101 644075 644069 644061 644149 644215 644185 644191 644467 644591 644618 644621 644653 644624 644108 644019 644035 644041 644055 644039 644031 644033 644159 644249 644255 644367 644437 644562 644579 644565 644613 644648 644639 644642 644524 644086 644122 644108 644035 
644901 0 644877 644877 644869 644959 0 644855 0 644807 644801 644825 644869 644921 0 0 0 0 0 0 0 0 645033 645025 0 644741 644757 0 0 0 0 644871 645035 0 644715 0 644985 645075 0 0 0 644669 644687 0 0 0 0 644815 0 645105 0 0 0 0 0 0 0 0 644771 0 644939 644979 644963 645135 0 0 0 0 644913 0 0 0 645161 0 0 0 0 0 644713 644761 0 0 0 0 0 0 0 644569 644533 0 0 644543 0 644623 0 0 0 644863 0 0 0 0 645093 644745 0 644509 0 644529 0 0 0 644633 644723 0 644819 644845 0 0 0 0 0 0 0 645079 0 644737 0 0 
644870 644864 644894 644890 644902 644812 644826 644916 644814 644949 644964 644946 644902 644850 644958 644962 644987 645016 644998 645004 644944 644818 644738 644746 644748 644958 644998 645005 644964 644922 644880 644900 644714 645014 645043 644948 644786 644696 645054 645054 645030 645066 645069 645076 645042 644956 644962 644956 644976 644666 645074 645065 645037 645062 645068 644944 644926 644950 644966 644944 644810 644754 644690 644622 644826 645086 645050 644894 644784 644600 644580 644586 644576 645092 644954 644874 644868 644854 644880 644880 644744 644640 644556 644558 644740 644776 645066 645092 645062 645092 645078 645011 644907 644826 644856 644838 644832 644830 644696 644602 644608 644522 644532 644708 645022 645038 645044 644982 644918 644886 644798 644816 644822 644816 644800 644826 644706 644668 644712 644476 644512 644494 644500 644490 644686 644724 644710 645038 
644789 644785 644813 644789 644823 644733 644741 644837 644735 644827 644860 644867 644823 644771 644766 644814 644885 644933 644919 644925 644865 644739 644659 644667 644669 644755 644874 644867 644885 644843 644801 644821 644635 644858 644925 644869 644707 644617 644859 644862 644837 644902 644947 644940 644981 645007 644965 644877 644897 644587 644894 644965 644993 644968 644962 644995 644977 645001 644921 644947 644731 644675 644611 644543 644613 644944 644980 644897 644705 644521 644501 644507 644497 644935 645076 645058 645052 645026 644979 644931 644665 644561 644477 644479 644527 644563 644853 644919 644931 644925 644899 645019 645064 645010 645003 645010 645004 644751 644617 644523 644529 644443 644453 644495 644891 644955 644961 645048 645053 645049 644994 645000 644969 644963 644851 644781 644627 644589 644633 644397 644433 644415 644421 644411 644473 644511 644497 644859 
644774 644777 644798 644762 644830 644731 644724 644859 644766 644795 644832 644880 644858 644817 644697 644769 644857 644917 644926 644923 644903 644785 644705 644713 644709 644681 644841 644827 644925 644889 644847 644867 644681 644809 644895 644915 644753 644663 644787 644793 644767 644849 644915 644901 644959 645026 645001 644923 644943 644633 644833 644927 644959 644933 644921 645028 645019 645029 644967 644992 644777 644721 644657 644589 644539 644885 644933 644943 644751 644567 644547 644553 644543 644867 645045 645040 645043 645052 645025 644977 644711 644607 644523 644525 644453 644489 644779 644845 644857 644851 644825 644963 645020 645038 645046 645040 645034 644797 644663 644569 644575 644489 644499 644421 644817 644881 644887 644994 645002 645005 644999 645030 645012 645006 644897 644827 644673 644635 644679 644443 644479 644461 644467 644457 644399 644437 644423 644785 
644846 644852 644870 644822 644910 644808 644794 644938 644842 644848 644890 644962 644938 644910 644750 644822 644916 644988 645006 645000 644986 644878 644798 644806 644794 644734 644894 644880 645010 644982 644940 644960 644774 644862 644948 645008 644846 644756 644840 644846 644820 644902 644968 644954 645024 645106 645082 645016 645034 644726 644886 644980 645012 644986 644974 645106 645106 645106 645058 645082 644870 644814 644750 644682 644592 644938 644986 645036 644844 644660 644640 644646 644636 644920 645104 645104 645110 645138 645118 645070 644804 644700 644616 644618 644506 644542 644832 644898 644910 644904 644878 645016 645064 645114 645140 645132 645126 644890 644756 644662 644668 644582 644592 644474 644870 644934 644940 645048 645042 645034 645036 645110 645106 645100 644990 644920 644766 644728 644772 644536 644572 644554 644560 644550 644452 644490 644476 644838 
644108 644111 644120 644091 644140 644089 644082 644157 644112 644093 644123 644166 644164 644166 644007 644067 644137 644179 644188 644185 644191 644150 644110 644114 644097 643991 644115 644101 644205 644202 644181 644191 644098 644083 644145 644213 644134 644089 644049 644055 644041 644099 644153 644139 644197 644240 644237 644219 644223 644074 644083 644153 644173 644159 644147 644246 644255 644243 644235 644246 644146 644118 644086 644052 643885 644111 644147 644229 644133 644041 644031 644034 644029 644093 644231 644243 644246 644277 644270 644246 644113 644061 644019 644020 643835 643847 644017 644071 644071 644077 644051 644153 644215 644267 644282 644283 644280 644156 644089 644042 644045 644002 644007 643803 644031 644083 644089 644175 644193 644197 644196 644272 644265 644262 644206 644171 644094 644075 644097 643979 643997 643988 643991 643986 643793 643807 643793 644011 
644661 0 644697 644637 644749 644599 0 644795 0 644684 644741 644825 644809 644801 0 0 0 0 0 0 0 0 0 0 0 644513 644753 0 0 0 0 644911 644632 0 644834 0 644740 644605 0 0 0 644765 644864 0 0 0 0 644987 0 644560 0 0 0 0 0 0 0 0 645011 0 644776 644692 644596 644494 0 0 0 0 644737 0 0 0 0 0 0 0 0 0 645059 645062 0 0 0 0 0 0 0 644759 644777 0 0 644865 0 644949 0 0 0 0 0 0 0 0 644359 644123 0 644799 0 644856 0 0 0 644959 645002 0 0 644851 0 0 0 0 0 0 0 644296 0 644147 0 0 
644093 0 644141 644051 0 644007 0 0 0 0 0 644305 644277 0 0 0 0 0 0 0 0 0 0 0 0 643875 644195 0 0 0 0 644409 644109 0 0 0 644253 0 0 0 0 0 644343 0 0 0 0 644505 0 644009 0 0 0 0 0 0 0 0 0 0 644301 644189 644061 0 0 0 0 0 0 0 0 0 0 0 0 0 0 0 0 644613 0 0 0 0 0 0 0 644203 0 0 0 644333 0 0 0 0 0 0 0 0 0 0 0 643355 0 644239 0 0 0 0 0 0 644567 0 0 644401 0 0 0 0 0 0 0 643661 0 643387 0 0 
645041 645044 645053 645029 645073 645022 645015 645088 645045 645042 645061 645073 645095 645099 644993 645029 645050 645038 645047 645044 645074 645115 645083 645079 645030 644985 645039 645032 645064 645085 645106 645096 645143 645023 645018 645072 645153 645056 644988 644991 645002 644995 645004 644997 645008 645003 645024 645068 645058 645071 644987 644986 644978 644989 644983 645009 645018 645006 645046 645033 645141 645169 645159 645093 644914 644965 644965 645058 645154 645114 645104 645107 645068 644956 644953 644948 644951 644982 645017 645041 645160 645134 645092 645093 644871 644889 644936 644945 644927 644948 644935 644932 644928 644972 645005 644990 644993 645131 645136 645115 645118 645075 645080 644855 644907 644915 644918 644925 644917 644913 644914 644977 645022 645025 645081 645116 645117 645122 645120 645052 645070 645061 645064 645059 644844 644863 644856 644915 
645016 645019 645028 645004 645046 644997 644990 645039 645020 645015 645012 645024 645046 645072 644968 645002 645001 644989 644998 644995 645025 645088 645058 645054 645005 644960 644990 644983 645015 645036 645057 645047 645118 644974 644969 645023 645104 645031 644939 644942 644953 644946 644955 644948 644959 644954 644975 645019 645009 645046 644938 644937 644929 644940 644934 644960 644969 644957 644997 644984 645092 645120 645152 645068 644889 644916 644916 645009 645105 645163 645153 645156 645043 644907 644904 644899 644902 644933 644968 644992 645125 645177 645141 645142 644846 644864 644887 644896 644878 644899 644886 644883 644879 644923 644956 644941 644944 645082 645149 645162 645165 645124 645089 644830 644858 644866 644869 644876 644868 644864 644865 644928 644973 644976 645032 645067 645142 645147 645141 645101 645119 645110 645113 645038 644819 644838 644831 644866 
644757 644763 644769 644733 644766 644725 644711 644752 644771 644704 644698 644722 644766 644818 644649 644678 644676 644652 644670 644664 644724 644850 644847 644839 644741 644633 644654 644640 644704 644746 644788 644768 644949 644622 644612 644720 644882 644793 644552 644558 644580 644566 644584 644570 644592 644582 644624 644712 644692 644823 644550 644548 644532 644554 644542 644594 644612 644588 644668 644642 644858 644914 644978 644867 644509 644506 644506 644692 644884 645063 645047 645041 644817 644488 644482 644472 644478 644540 644610 644658 644924 645028 645094 645069 644423 644459 644448 644466 644430 644472 644446 644440 644432 644520 644586 644556 644562 644838 644972 645066 645060 645015 644909 644391 644390 644406 644412 644426 644410 644402 644404 644530 644620 644626 644738 644808 644962 645000 644956 645054 644977 644995 644989 644807 644369 644407 644393 644406 
644738 644744 644726 644714 644719 644717 644703 644705 644758 644657 644651 644675 644719 644771 644606 644631 644629 644605 644623 644617 644677 644803 644834 644826 644733 644590 644607 644593 644657 644699 644741 644721 644906 644575 644565 644673 644835 644785 644505 644511 644533 644519 644537 644523 644545 644535 644577 644665 644645 644815 644503 644501 644485 644507 644495 644547 644565 644541 644621 644595 644811 644867 644931 644859 644501 644459 644459 644645 644837 645020 645028 645022 644809 644441 644435 644425 644431 644493 644563 644611 644877 644981 645013 645038 644415 644451 644401 644419 644383 644425 644399 644393 644385 644473 644539 644509 644515 644791 644925 645001 645004 645007 644901 644383 644343 644359 644365 644379 644363 644355 644357 644483 644573 644579 644691 644761 644915 644953 644909 644997 644969 644985 644981 644799 644361 644399 644385 644359 
644743 644737 644719 644767 644679 644781 644795 644645 644735 644741 644699 644627 644631 644627 644839 644767 644673 644601 644583 644589 644577 644595 644659 644667 644754 644855 644695 644709 644549 644555 644561 644533 644539 644727 644641 644533 644515 644702 644749 644743 644769 644687 644621 644635 644565 644479 644485 644493 644513 644672 644703 644609 644577 644603 644615 644467 644449 644473 644489 644467 644443 644483 644467 644628 644979 644651 644603 644417 644417 644425 644453 644459 644654 644669 644483 644397 644391 644377 644403 644403 644425 644417 644381 644431 645013 644983 644757 644691 644679 644685 644711 644573 644437 644349 644379 644361 644355 644367 644377 644379 644385 644491 644574 644997 644715 644655 644649 644539 644459 644419 644321 644339 644345 644339 644323 644349 644339 644349 644345 644349 644518 644500 644506 644638 645010 644981 644974 644739 
644935 644929 644911 644959 644871 644973 644987 644837 644927 644933 644891 644819 644823 644819 645031 644959 644865 644793 644775 644781 644769 644787 644851 644859 644911 645047 644887 644901 644741 644747 644753 644725 644731 644919 644833 644725 644707 644859 644941 644935 644961 644879 644813 644827 644757 644671 644677 644685 644705 644829 644895 644801 644769 644795 644807 644659 644641 644665 644681 644659 644635 644675 644659 644785 645163 644843 644795 644609 644609 644617 644645 644651 644739 644861 644675 644589 644583 644569 644595 644595 644617 644609 644573 644623 645085 645121 644947 644883 644871 644877 644903 644765 644629 644541 644571 644553 644547 644559 644569 644571 644577 644683 644695 645053 644899 644847 644841 644731 644651 644611 644513 644531 644537 644531 644515 644541 644531 644541 644537 644541 644675 644657 644663 644653 645031 645069 645055 644923 
644623 644617 644635 644647 644631 644589 644603 644633 644579 644693 644687 644651 644619 644579 644753 644719 644697 644697 644679 644685 644637 644547 644503 644511 644537 644761 644719 644733 644645 644615 644585 644593 644455 644751 644737 644629 644503 644485 644804 644801 644790 644783 644753 644767 644698 644612 644618 644625 644645 644455 644799 644742 644710 644736 644748 644600 644582 644606 644622 644600 644503 644471 644419 644411 644742 644784 644736 644550 644477 644341 644333 644339 644389 644801 644616 644530 644524 644510 644536 644536 644449 644369 644297 644311 644699 644717 644856 644812 644794 644809 644822 644706 644570 644482 644512 644494 644488 644499 644401 644331 644337 644299 644333 644682 644810 644770 644767 644672 644592 644552 644454 644472 644478 644472 644456 644482 644399 644373 644405 644229 644301 644283 644289 644327 644672 644686 644672 644830 
644383 0 644431 644431 0 644267 0 0 0 0 0 644535 644447 0 0 0 0 0 0 0 0 0 0 0 0 644659 644671 0 0 0 0 644443 644071 0 0 0 644215 0 0 0 0 0 644811 0 0 0 0 644555 0 643975 0 0 0 0 0 0 0 0 0 0 644263 644151 644023 0 0 0 0 0 0 0 0 0 0 0 0 0 0 0 0 644557 0 0 0 0 0 0 0 644991 0 0 0 644897 0 0 0 0 0 0 0 0 0 0 0 644255 0 644969 0 0 0 0 0 0 644441 0 0 644363 0 0 0 0 0 0 0 643623 0 644295 0 0 
644538 0 644574 644574 644586 644451 0 644607 0 644679 644688 644652 644586 644508 0 0 0 0 0 0 0 0 0 0 0 644760 644754 0 0 0 0 644583 644304 0 644817 0 644412 644277 0 0 0 644886 644857 0 0 0 0 644665 0 644232 0 0 0 0 0 0 0 0 644707 0 644448 644364 644268 644166 0 0 0 0 644409 0 0 0 0 0 0 0 0 0 644676 644672 0 0 0 0 0 0 0 644984 644990 0 0 644931 0 644595 0 0 0 0 0 0 0 0 644031 644486 0 645000 0 644880 0 0 0 644580 644589 0 0 644497 0 0 0 0 0 0 0 643968 0 644518 0 0 
644737 644731 644761 644761 644769 644679 644693 644783 644681 644831 644837 644813 644769 644717 644864 644857 644859 644883 644865 644871 644811 644685 644605 644613 644615 644868 644881 644895 644831 644789 644747 644767 644581 644913 644923 644815 644653 644563 644963 644960 644937 644968 644951 644965 644931 644893 644887 644823 644843 644533 644976 644975 644979 644969 644981 644881 644863 644887 644855 644869 644677 644621 644557 644489 644746 645010 645005 644819 644651 644467 644447 644453 644443 645019 644921 644859 644853 644827 644829 644817 644611 644507 644423 644425 644660 644696 644986 645022 645028 645025 645012 644995 644899 644811 644817 644811 644805 644697 644563 644469 644475 644389 644399 644628 645000 645016 645019 644977 644921 644893 644796 644801 644783 644777 644737 644715 644573 644535 644579 644343 644379 644361 644367 644357 644606 644644 644630 644980 
644772 644766 644796 644796 644804 644714 644728 644818 644716 644866 644872 644848 644804 644752 644916 644892 644894 644918 644900 644906 644846 644720 644640 644648 644650 644932 644916 644930 644866 644824 644782 644802 644616 644948 644958 644850 644688 644598 645018 645012 644990 645004 644986 645000 644978 644970 644946 644858 644878 644568 645020 645022 645038 645016 645028 644958 644940 644964 644902 644928 644712 644656 644592 644524 644868 645064 645064 644878 644686 644502 644482 644488 644478 645082 644978 644892 644886 644872 644898 644894 644646 644542 644458 644460 644782 644818 645106 645104 645140 645098 645124 645068 644932 644844 644874 644856 644850 644732 644598 644504 644510 644424 644434 644750 645146 645146 645140 645034 644954 644914 644816 644834 644840 644834 644814 644762 644608 644570 644614 644378 644414 644396 644402 644392 644728 644766 644752 645114 
644338 0 644386 644362 0 644232 0 0 0 0 0 644510 644442 0 0 0 0 0 0 0 0 0 0 0 0 644398 644578 0 0 0 0 644488 644132 0 0 0 644276 0 0 0 0 0 644720 0 0 0 0 644592 0 644036 0 0 0 0 0 0 0 0 0 0 644324 644212 644084 0 0 0 0 0 0 0 0 0 0 0 0 0 0 0 0 644718 0 0 0 0 0 0 0 644730 0 0 0 644898 0 0 0 0 0 0 0 0 0 0 0 643994 0 644814 0 0 0 0 0 0 644732 0 0 644424 0 0 0 0 0 0 0 643684 0 644034 0 0 
644751 644745 644775 644773 644783 644693 644707 644797 644695 644814 644847 644827 644783 644731 644735 644801 644870 644897 644879 644885 644825 644699 644619 644627 644629 644719 644861 644854 644845 644803 644761 644781 644595 644845 644912 644829 644667 644577 644825 644831 644805 644887 644934 644927 644957 644967 644925 644837 644857 644547 644871 644952 644980 644955 644949 644955 644937 644961 644881 644907 644691 644635 644571 644503 644577 644923 644967 644857 644665 644481 644461 644467 644457 644905 645063 645053 645047 645009 644939 644891 644625 644521 644437 644439 644491 644527 644817 644883 644895 644889 644863 645001 645086 645005 644963 644993 644987 644711 644577 644483 644489 644403 644413 644459 644855 644919 644925 645035 645075 645072 645014 644995 644929 644923 644811 644741 644587 644549 644593 644357 644393 644375 644381 644371 644437 644475 644461 644823 
644550 0 644586 644514 644646 644493 0 644697 0 644553 644616 644724 644718 644719 0 0 0 0 0 0 0 0 0 0 0 644382 644622 0 0 0 0 644841 644566 0 644703 0 644674 644539 0 0 0 644634 644733 0 0 0 0 644913 0 644494 0 0 0 0 0 0 0 0 644929 0 644710 644626 644530 644428 0 0 0 0 644671 0 0 0 0 0 0 0 0 0 645051 645010 0 0 0 0 0 0 0 644628 644646 0 0 644805 0 645051 0 0 0 0 0 0 0 0 644293 643992 0 644682 0 644850 0 0 0 645061 645061 0 0 644785 0 0 0 0 0 0 0 644230 0 644016 0 0 
643865 643871 643877 643841 643905 643851 643837 643927 643885 643843 643873 643933 643941 643941 643757 643817 643887 643935 643953 643947 643971 643925 643885 643889 643878 643741 643865 643851 643986 643977 643956 643966 643873 643833 643895 643990 643909 643864 643799 643805 643791 643849 643903 643889 643947 644009 644015 643994 644004 643849 643833 643903 643923 643909 643897 644021 644036 644015 644016 644027 643921 643893 643861 643827 643635 643861 643897 644004 643908 643816 643806 643809 643804 643843 643974 643964 643970 644029 644045 644021 643888 643836 643794 643795 643585 643597 643767 643821 643821 643827 643801 643903 643924 644007 644050 644029 644026 643931 643864 643817 643820 643777 643782 643553 643781 643833 643839 643918 643902 643894 643896 644006 644033 644030 643981 643946 643869 643850 643872 643754 643772 643763 643766 643761 643543 643557 643543 643761 
644238 644244 644250 644214 644275 644224 644210 644292 644247 644216 644246 644301 644297 644271 644130 644190 644260 644308 644323 644320 644318 644255 644215 644219 644220 644114 644238 644224 644328 644307 644286 644296 644203 644206 644268 644320 644239 644194 644172 644178 644164 644222 644276 644262 644320 644375 644368 644324 644334 644179 644206 644276 644296 644282 644270 644381 644374 644378 644346 644359 644251 644223 644191 644157 644008 644234 644270 644334 644238 644146 644136 644139 644134 644216 644354 644405 644408 644410 644375 644351 644218 644166 644124 644125 643958 643970 644140 644194 644194 644200 644174 644276 644365 644409 644387 644402 644399 644261 644194 644147 644150 644107 644112 643926 644154 644206 644212 644298 644343 644337 644337 644404 644370 644367 644311 644276 644199 644180 644202 644084 644102 644093 644096 644091 643916 643930 643916 644134 
643677 643680 643689 643665 643709 643658 643651 643726 643681 643678 643699 643735 643733 643735 643600 643660 643712 643748 643757 643754 643760 643741 643701 643705 643666 643584 643701 643694 643774 643771 643768 643782 643689 643676 643728 643782 643725 643680 643642 643648 643634 643692 643738 643731 643766 643809 643806 643802 643792 643665 643676 643744 643760 643747 643740 643815 643824 643812 643804 643815 643737 643709 643677 643643 643478 643704 643740 643820 643724 643632 643622 643625 643620 643686 643807 643826 643829 643860 643847 643837 643704 643652 643610 643611 643428 643440 643610 643664 643664 643670 643644 643746 643806 643850 643859 643868 643871 643747 643680 643633 643636 643593 643598 643396 643624 643676 643682 643768 643795 643791 643792 643855 643856 643853 643797 643762 643685 643666 643688 643570 643588 643579 643582 643577 643386 643400 643386 643604 
644803 0 644827 644779 644867 644765 0 644901 0 644805 644847 644919 644915 644919 0 0 0 0 0 0 0 0 644887 644879 0 644691 644851 0 0 0 0 645013 645007 0 644905 0 645031 644833 0 0 0 644859 644925 0 0 0 0 645053 0 644863 0 0 0 0 0 0 0 0 645013 0 645103 645063 645037 644907 0 0 0 0 645125 0 0 0 644857 0 0 0 0 0 644955 645003 0 0 0 0 0 0 0 644811 644775 0 0 644785 0 644865 0 0 0 645173 0 0 0 0 644879 644431 0 644751 0 644771 0 0 0 644875 644965 0 645083 645153 0 0 0 0 0 0 0 644837 0 644447 0 0 
644456 644462 644468 644432 644496 644442 644428 644518 644476 644434 644464 644524 644532 644548 644348 644408 644478 644490 644508 644502 644550 644580 644552 644544 644470 644332 644456 644442 644542 644572 644590 644594 644648 644424 644450 644558 644648 644522 644378 644384 644382 644404 644434 644420 644454 644466 644498 644562 644542 644552 644388 644410 644406 644416 644404 644478 644496 644472 644530 644516 644684 644680 644708 644596 644226 644368 644380 644566 644710 644700 644690 644693 644570 644350 644366 644356 644362 644424 644494 644542 644726 644720 644675 644679 644176 644188 644298 644328 644304 644334 644308 644324 644316 644404 644470 644440 644446 644688 644748 644701 644704 644661 644650 644144 644264 644290 644296 644310 644294 644286 644288 644414 644504 644510 644622 644670 644741 644734 644744 644607 644656 644647 644650 644584 644134 644148 644134 644268 
644781 644787 644805 644757 644824 644743 644729 644822 644789 644762 644768 644804 644836 644876 644685 644736 644758 644739 644757 644751 644811 644908 644865 644857 644759 644669 644736 644722 644791 644833 644870 644855 644985 644704 644699 644807 644952 644811 644639 644645 644662 644653 644671 644657 644679 644669 644711 644799 644779 644841 644637 644635 644619 644641 644629 644681 644699 644675 644755 644729 644945 644984 645018 644885 644527 644593 644593 644779 644964 645048 645022 645019 644835 644575 644569 644559 644565 644627 644697 644745 644991 645043 645055 645033 644441 644477 644535 644553 644517 644559 644533 644527 644519 644607 644673 644643 644649 644917 645015 645062 645059 644979 644902 644409 644477 644493 644499 644513 644497 644489 644491 644617 644707 644713 644825 644890 645003 645029 645000 644975 644948 644957 644954 644815 644387 644425 644411 644493 
644638 644644 644657 644614 644685 644600 644586 644683 644646 644623 644629 644659 644697 644737 644537 644597 644613 644589 644607 644601 644661 644769 644722 644714 644616 644521 644591 644577 644641 644683 644725 644705 644837 644559 644549 644657 644813 644668 644489 644495 644517 644503 644521 644507 644529 644519 644561 644649 644629 644698 644487 644485 644469 644491 644479 644531 644549 644525 644605 644579 644795 644845 644897 644742 644384 644443 644443 644629 644821 644944 644923 644920 644692 644425 644419 644409 644415 644477 644547 644595 644861 644947 644932 644926 644298 644334 644385 644403 644367 644409 644383 644377 644369 644457 644523 644493 644499 644775 644909 644955 644958 644880 644784 644266 644327 644343 644349 644363 644347 644339 644341 644467 644557 644563 644675 644745 644897 644928 644893 644885 644849 644858 644855 644682 644244 644282 644268 644343 
644707 644713 644683 644683 644675 644752 644738 644661 644762 644613 644607 644631 644675 644727 644563 644587 644585 644561 644579 644573 644633 644759 644838 644830 644774 644547 644563 644549 644613 644655 644697 644677 644863 644531 644521 644629 644791 644826 644461 644467 644489 644475 644493 644479 644501 644491 644533 644621 644601 644856 644459 644457 644441 644463 644451 644503 644521 644497 644577 644551 644767 644823 644887 644900 644536 644415 644415 644601 644793 644977 644997 644991 644850 644397 644391 644381 644387 644449 644519 644567 644833 644937 644977 645010 644456 644492 644357 644375 644339 644381 644355 644349 644341 644429 644495 644465 644471 644747 644881 644964 644961 645039 644942 644424 644299 644315 644321 644335 644319 644311 644313 644439 644529 644535 644647 644717 644871 644907 644865 644973 645010 645023 645020 644840 644402 644440 644426 644315 
643572 0 643560 643548 0 643606 0 0 0 0 0 643544 643576 0 0 0 0 0 0 0 0 0 0 0 0 643424 643476 0 0 0 0 643601 643731 0 0 0 643692 643710 0 0 0 0 643417 0 0 0 0 643545 0 643740 0 0 0 0 0 0 0 0 0 0 643682 643711 643743 643777 0 0 0 0 0 0 0 0 0 0 0 0 0 0 0 643491 0 0 0 0 0 0 0 643299 0 0 0 643273 0 0 0 0 0 0 0 0 0 0 643814 643325 0 643239 0 0 0 0 0 0 643453 0 0 643621 0 0 0 0 0 0 0 643732 0 643336 0 0 
644466 0 644418 644514 0 644542 0 0 0 0 0 644234 644242 0 0 0 0 0 0 0 0 0 0 0 0 644672 644370 0 0 0 0 644046 644058 0 0 0 644010 0 0 0 0 0 644222 0 0 0 0 643966 0 644346 0 0 0 0 0 0 0 0 0 0 643866 643946 643914 0 0 0 0 0 0 0 0 0 0 0 0 0 0 0 0 643786 0 0 0 0 0 0 0 644340 0 0 0 644126 0 0 0 0 0 0 0 0 0 0 0 645004 0 644256 0 0 0 0 0 0 643670 0 0 643678 0 0 0 0 0 0 0 644250 0 644978 0 0 
644133 644130 644145 644145 644149 644104 644111 644156 644105 644180 644183 644171 644149 644123 644205 644193 644194 644206 644197 644200 644170 644107 644067 644071 644072 644213 644205 644212 644180 644159 644138 644148 644055 644221 644226 644172 644091 644046 644256 644253 644242 644249 644240 644247 644236 644219 644220 644176 644186 644031 644257 644258 644266 644255 644261 644213 644204 644216 644198 644211 644103 644075 644043 644009 644212 644279 644279 644186 644090 643998 643988 643991 643986 644288 644209 644142 644139 644144 644181 644181 644070 644018 643976 643977 644181 644193 644308 644299 644317 644296 644309 644266 644162 644118 644157 644136 644133 644113 644046 643999 644002 643959 643964 644149 644337 644307 644304 644237 644173 644141 644068 644113 644140 644137 644141 644128 644051 644032 644054 643936 643954 643945 643948 643943 644139 644153 644139 644329 
0 0 642875 0 0 0 0 0 0 0 0 0 0 0 0 0 0 0 0 0 0 0 0 0 0 0 0 0 0 0 0 643010 642785 0 0 0 642893 0 0 0 0 0 0 0 0 0 0 0 0 642617 0 0 0 0 0 0 0 0 0 0 642965 642877 642809 0 0 0 0 0 0 0 0 0 0 0 0 0 0 0 0 0 0 0 0 0 0 0 0 0 0 0 0 0 0 0 0 0 0 0 0 0 0 0 0 0 0 643285 0 0 0 0 0 0 0 0 0 643062 0 0 0 0 0 0 0 642385 0 0 0 0 
644817 644811 644841 644841 644849 644759 644773 644863 644761 644911 644917 644893 644849 644797 644961 644937 644939 644963 644945 644951 644891 644765 644685 644693 644695 644977 644961 644975 644911 644869 644827 644847 644661 644993 645003 644895 644733 644643 645063 645057 645035 645049 645031 645045 645023 644967 644971 644903 644923 644613 645065 645067 645063 645061 645073 644955 644937 644961 644947 644953 644757 644701 644637 644569 644875 645109 645089 644903 644731 644547 644527 644533 644523 645127 644971 644885 644879 644865 644891 644891 644691 644587 644503 644505 644789 644825 645115 645149 645161 645143 645157 645061 644925 644837 644867 644849 644843 644777 644643 644549 644555 644469 644479 644757 645133 645139 645137 645027 644947 644907 644809 644827 644833 644827 644811 644807 644653 644615 644659 644423 644459 644441 644447 644437 644735 644773 644759 645121 
644614 0 644650 644650 644662 644527 0 644683 0 644755 644764 644728 644662 644584 0 0 0 0 0 0 0 0 0 0 0 644726 644830 0 0 0 0 644659 644380 0 644893 0 644488 644353 0 0 0 644956 644935 0 0 0 0 644743 0 644308 0 0 0 0 0 0 0 0 644809 0 644524 644440 644344 644242 0 0 0 0 644485 0 0 0 0 0 0 0 0 0 644894 644824 0 0 0 0 0 0 0 644972 644990 0 0 645133 0 644875 0 0 0 0 0 0 0 0 644107 644336 0 645026 0 645144 0 0 0 644860 644855 0 0 644599 0 0 0 0 0 0 0 644044 0 644360 0 0 
643958 643955 643970 643970 643974 643929 643936 643981 643930 644005 644008 643996 643974 643948 643966 644002 644019 644031 644022 644025 643995 643932 643892 643896 643897 643954 644030 644031 644005 643984 643963 643973 643880 644022 644051 643997 643916 643871 644011 644014 644001 644042 644065 644068 644061 644066 644045 644001 644011 643856 644034 644081 644091 644080 644078 644060 644051 644063 644023 644036 643928 643900 643868 643834 643848 644060 644084 644011 643915 643823 643813 643816 643811 644051 644116 644121 644118 644087 644052 644028 643895 643843 643801 643802 643798 643810 643980 644034 644034 644040 644014 644099 644141 644097 644064 644079 644076 643938 643871 643824 643827 643784 643789 643766 643994 644046 644052 644116 644152 644132 644059 644092 644047 644044 643988 643953 643876 643857 643879 643761 643779 643770 643773 643768 643756 643770 643756 643974 
643989 643986 644001 644001 644005 643960 643967 644012 643961 644032 644039 644027 644005 643979 643953 644013 644050 644062 644053 644056 644026 643963 643923 643927 643928 643937 644055 644047 644036 644015 643994 644004 643911 644029 644082 644028 643947 643902 643995 644001 643987 644045 644092 644085 644092 644097 644076 644032 644042 643887 644029 644098 644114 644101 644093 644091 644082 644094 644054 644067 643959 643931 643899 643865 643831 644057 644093 644042 643946 643854 643844 643847 643842 644039 644147 644152 644149 644118 644083 644059 643926 643874 643832 643833 643781 643793 643963 644017 644017 644023 643997 644099 644172 644128 644095 644110 644107 643969 643902 643855 643858 643815 643820 643749 643977 644029 644035 644121 644173 644175 644126 644123 644078 644075 644019 643984 643907 643888 643910 643792 643810 643801 643804 643799 643739 643753 643739 643957 
644025 644022 644037 644011 644041 643996 644003 644048 643997 644013 644043 644063 644041 644015 643927 643987 644057 644098 644089 644092 644062 643999 643959 643963 643964 643911 644035 644021 644072 644051 644030 644040 643947 644003 644065 644064 643983 643938 643969 643975 643961 644019 644073 644059 644117 644133 644112 644068 644078 643923 644003 644073 644093 644079 644067 644127 644118 644130 644090 644103 643995 643967 643935 643901 643805 644031 644067 644078 643982 643890 643880 643883 643878 644013 644151 644188 644185 644154 644119 644095 643962 643910 643868 643869 643755 643767 643937 643991 643991 643997 643971 644073 644173 644164 644131 644146 644143 644005 643938 643891 643894 643851 643856 643723 643951 644003 644009 644095 644151 644179 644222 644159 644114 644111 644055 644020 643943 643924 643946 643828 643846 643837 643840 643835 643713 643727 643713 643931 
644141 0 644177 644105 644237 644084 0 644288 0 644144 644207 644315 644309 644315 0 0 0 0 0 0 0 0 0 0 0 643973 644213 0 0 0 0 644422 644143 0 644294 0 644251 644116 0 0 0 644225 644324 0 0 0 0 644498 0 644071 0 0 0 0 0 0 0 0 644522 0 644287 644203 644107 644005 0 0 0 0 644248 0 0 0 0 0 0 0 0 0 644645 644587 0 0 0 0 0 0 0 644219 644237 0 0 644396 0 644730 0 0 0 0 0 0 0 0 643870 643583 0 644273 0 644447 0 0 0 644745 644644 0 0 644362 0 0 0 0 0 0 0 643807 0 643607 0 0 
644010 0 644058 643974 0 643924 0 0 0 0 0 644222 644194 0 0 0 0 0 0 0 0 0 0 0 0 643798 644118 0 0 0 0 644330 644044 0 0 0 644188 0 0 0 0 0 644266 0 0 0 0 644426 0 643942 0 0 0 0 0 0 0 0 0 0 644236 644124 643996 0 0 0 0 0 0 0 0 0 0 0 0 0 0 0 0 644570 0 0 0 0 0 0 0 644126 0 0 0 644362 0 0 0 0 0 0 0 0 0 0 0 643278 0 644198 0 0 0 0 0 0 644628 0 0 644336 0 0 0 0 0 0 0 643596 0 643310 0 0 
644816 644822 644840 644792 644880 644778 644764 644914 644824 644818 644860 644932 644928 644932 644720 644792 644886 644958 644976 644970 644982 644948 644876 644876 644794 644704 644864 644850 645010 645004 644996 645020 644856 644832 644918 645026 644928 644828 644810 644816 644790 644872 644938 644924 644994 645080 645074 645066 645046 644808 644856 644950 644982 644956 644944 645092 645110 645086 645070 645092 644952 644896 644832 644764 644562 644908 644956 645116 644926 644742 644722 644728 644718 644890 645032 645022 645028 645090 645154 645140 644886 644782 644698 644700 644476 644512 644802 644868 644880 644874 644848 644984 644982 645070 645136 645106 645112 644972 644838 644744 644750 644664 644674 644444 644840 644904 644910 644976 644960 644952 644954 645080 645144 645140 645072 645002 644848 644810 644854 644618 644654 644636 644642 644632 644422 644460 644446 644808 
644730 0 644754 644706 644794 644692 0 644828 0 644732 644774 644846 644842 644846 0 0 0 0 0 0 0 0 644814 644806 0 644618 644778 0 0 0 0 644940 644928 0 644832 0 644958 644760 0 0 0 644786 644852 0 0 0 0 644980 0 644790 0 0 0 0 0 0 0 0 644984 0 645024 644976 644942 644832 0 0 0 0 645024 0 0 0 644784 0 0 0 0 0 645048 645070 0 0 0 0 0 0 0 644782 644794 0 0 644878 0 644960 0 0 0 645072 0 0 0 0 644784 644358 0 644818 0 644866 0 0 0 644970 645060 0 645144 645096 0 0 0 0 0 0 0 644736 0 644374 0 0 
0 0 644806 0 0 0 0 0 0 0 0 0 0 0 0 0 0 0 0 0 0 0 0 0 0 0 0 0 0 0 0 0 644986 0 0 0 645010 0 0 0 0 0 0 0 0 0 0 0 0 644842 0 0 0 0 0 0 0 0 0 0 645082 0 0 0 0 0 0 0 0 0 0 0 0 0 0 0 0 0 0 0 0 0 0 0 0 0 0 0 0 0 0 0 0 0 0 0 0 0 0 0 0 0 0 0 0 0 0 0 0 0 0 0 0 0 0 645172 0 0 0 0 0 0 0 0 0 0 0 0 
644954 644957 644966 644942 644986 644935 644928 645003 644958 644955 644976 645012 645010 645012 644906 644942 644989 645025 645034 645031 645037 645028 644996 644992 644943 644898 644978 644971 645051 645048 645045 645059 645056 644962 645005 645059 645068 644969 644951 644954 644941 644982 644993 644986 644997 644992 645013 645057 645047 644984 644974 644975 644967 644978 644972 644998 645007 644995 645035 645022 645104 645084 645092 645006 644827 644954 644954 645047 645117 645113 645099 645096 644981 644945 644942 644937 644940 644971 645006 645030 645113 645117 645103 645104 644784 644802 644925 644934 644916 644937 644924 644921 644917 644961 644994 644979 644982 645120 645137 645126 645129 645080 645027 644768 644896 644904 644907 644914 644906 644902 644903 644966 645011 645014 645070 645105 645156 645151 645153 645063 645061 645070 645067 644976 644757 644776 644769 644904 
644652 644658 644676 644628 644716 644614 644600 644750 644660 644654 644696 644767 644764 644768 644556 644628 644721 644731 644749 644743 644791 644800 644736 644728 644630 644540 644699 644685 644783 644813 644833 644835 644856 644667 644691 644799 644880 644682 644619 644625 644625 644645 644675 644661 644695 644709 644739 644803 644783 644712 644629 644651 644647 644657 644645 644721 644739 644715 644771 644757 644925 644912 644928 644756 644398 644609 644621 644807 644951 644966 644940 644936 644706 644591 644633 644641 644647 644703 644749 644785 644969 644978 644948 644947 644312 644348 644539 644569 644545 644575 644549 644579 644601 644689 644737 644719 644725 644929 645017 644993 644996 644897 644798 644280 644505 644533 644539 644577 644579 644571 644573 644699 644771 644777 644865 644911 645029 645039 645023 644868 644866 644875 644872 644696 644258 644296 644282 644509 
644638 644644 644662 644614 644702 644600 644586 644736 644646 644640 644682 644754 644750 644754 644542 644614 644708 644739 644757 644751 644799 644786 644722 644714 644616 644526 644686 644672 644791 644821 644820 644843 644842 644654 644699 644807 644866 644668 644627 644633 644612 644653 644677 644663 644685 644675 644717 644805 644785 644698 644637 644641 644625 644647 644635 644687 644705 644681 644761 644735 644933 644898 644914 644742 644384 644599 644599 644785 644959 644923 644901 644904 644692 644581 644575 644565 644571 644633 644703 644751 644956 644955 644901 644890 644298 644334 644541 644559 644523 644565 644539 644533 644525 644613 644679 644649 644655 644931 645004 644936 644939 644848 644784 644266 644483 644499 644505 644519 644503 644495 644497 644623 644713 644719 644831 644901 645019 644993 645022 644849 644831 644822 644825 644682 644244 644282 644268 644499 
644978 644981 644988 644966 644984 644959 644952 644977 644982 644953 644950 644962 644984 645010 644928 644940 644939 644927 644936 644933 644963 645026 645020 645016 644967 644920 644928 644921 644953 644974 644995 644985 645078 644912 644907 644961 645042 644993 644877 644880 644891 644884 644893 644886 644897 644892 644913 644957 644947 645008 644876 644875 644867 644878 644872 644898 644907 644895 644935 644922 645030 645058 645090 645030 644851 644854 644854 644947 645043 645135 645123 645120 645005 644845 644842 644837 644840 644871 644906 644930 645063 645115 645157 645134 644808 644826 644825 644834 644816 644837 644824 644821 644817 644861 644894 644879 644882 645020 645087 645134 645131 645104 645051 644792 644796 644804 644807 644814 644806 644802 644803 644866 644911 644914 644970 645005 645082 645101 645079 645163 645085 645094 645091 645000 644781 644800 644793 644804 
644728 644731 644704 644716 644688 644781 644774 644669 644768 644657 644642 644642 644676 644714 644644 644644 644619 644583 644592 644589 644631 644730 644806 644802 644795 644636 644608 644601 644609 644642 644675 644653 644794 644592 644563 644617 644734 644821 644545 644548 644571 644540 644537 644530 644529 644500 644533 644601 644591 644836 644532 644507 644487 644510 644504 644506 644515 644503 644567 644542 644698 644750 644794 644858 644649 644486 644474 644567 644711 644851 644873 644870 644809 644477 644426 644397 644400 644443 644502 644538 644743 644819 644834 644882 644581 644617 644457 644466 644436 644469 644455 644417 644377 644421 644478 644451 644454 644664 644767 644832 644835 644926 644867 644549 644399 644412 644415 644398 644366 644350 644327 644426 644495 644498 644578 644637 644750 644781 644747 644802 644913 644922 644919 644780 644527 644565 644551 644415 
644721 644727 644709 644697 644713 644755 644741 644711 644765 644651 644657 644693 644725 644765 644589 644625 644647 644635 644653 644647 644707 644794 644834 644830 644807 644573 644625 644611 644687 644729 644759 644751 644846 644593 644595 644703 644810 644855 644535 644541 644551 644549 644567 644553 644575 644565 644607 644695 644675 644870 644533 644531 644515 644537 644525 644577 644595 644571 644651 644625 644798 644826 644858 644892 644539 644489 644489 644667 644811 644903 644913 644910 644858 644471 644465 644455 644461 644523 644593 644638 644831 644883 644892 644924 644504 644525 644431 644449 644413 644455 644429 644423 644415 644503 644569 644539 644545 644764 644855 644900 644899 644942 644916 644472 644373 644389 644395 644409 644393 644385 644387 644513 644595 644598 644678 644737 644850 644869 644847 644848 644947 644956 644953 644829 644450 644488 644474 644389 
644808 644814 644784 644784 644776 644866 644852 644762 644864 644714 644708 644732 644776 644828 644664 644688 644686 644662 644680 644674 644734 644860 644940 644932 644906 644648 644664 644650 644714 644756 644798 644778 644964 644632 644622 644730 644892 644958 644562 644568 644590 644576 644594 644580 644602 644592 644634 644722 644702 644988 644560 644558 644542 644564 644552 644604 644622 644598 644678 644652 644868 644924 644988 645032 644650 644516 644516 644702 644894 645064 645090 645087 645001 644498 644492 644482 644488 644550 644620 644668 644934 645036 645022 645072 644607 644624 644458 644476 644440 644482 644456 644450 644442 644530 644596 644566 644572 644848 644982 645020 645026 645132 645087 644575 644400 644416 644422 644436 644420 644412 644414 644540 644630 644636 644748 644818 644967 644990 644964 644990 645136 645128 645134 644991 644553 644585 644571 644416 
0 0 639652 0 0 0 0 0 0 0 0 0 0 0 0 0 0 0 0 0 0 0 0 0 0 0 0 0 0 0 0 639697 639910 0 0 0 639835 0 0 0 0 0 0 0 0 0 0 0 0 639927 0 0 0 0 0 0 0 0 0 0 639777 639853 639873 0 0 0 0 0 0 0 0 0 0 0 0 0 0 0 0 0 0 0 0 0 0 0 0 0 0 0 0 0 0 0 0 0 0 0 0 0 0 0 0 0 0 639021 0 0 0 0 0 0 0 0 0 639670 0 0 0 0 0 0 0 640009 0 0 0 0 
644776 644770 644752 644800 644712 644814 644828 644678 644768 644774 644732 644660 644664 644660 644872 644800 644706 644634 644616 644622 644610 644628 644692 644700 644798 644888 644728 644742 644582 644588 644594 644566 644572 644760 644674 644566 644548 644746 644782 644776 644802 644720 644654 644668 644598 644512 644518 644526 644546 644716 644736 644642 644610 644636 644648 644500 644482 644506 644522 644500 644476 644516 644500 644672 645029 644684 644636 644450 644450 644458 644486 644492 644709 644702 644516 644430 644424 644410 644436 644436 644458 644450 644414 644464 645095 645066 644790 644724 644712 644718 644744 644606 644470 644382 644412 644394 644388 644400 644410 644412 644418 644524 644629 645099 644752 644688 644682 644572 644492 644452 644354 644372 644378 644372 644356 644382 644372 644382 644378 644382 644562 644544 644550 644671 645112 645081 645067 644784 
644460 0 644412 644508 0 644536 0 0 0 0 0 644228 644236 0 0 0 0 0 0 0 0 0 0 0 0 644684 644364 0 0 0 0 644040 644052 0 0 0 644004 0 0 0 0 0 644216 0 0 0 0 643960 0 644338 0 0 0 0 0 0 0 0 0 0 643860 643940 643908 0 0 0 0 0 0 0 0 0 0 0 0 0 0 0 0 643780 0 0 0 0 0 0 0 644356 0 0 0 644120 0 0 0 0 0 0 0 0 0 0 0 645098 0 644284 0 0 0 0 0 0 643664 0 0 643672 0 0 0 0 0 0 0 644096 0 645110 0 0 
643966 643963 643954 643978 643934 643985 643992 643917 643962 643965 643944 643907 643910 643908 644014 643978 643930 643870 643861 643864 643870 643892 643924 643928 643977 644022 643941 643948 643844 643859 643874 643848 643864 643957 643890 643836 643852 643951 643956 643953 643978 643913 643868 643875 643828 643761 643776 643804 643814 643936 643921 643850 643822 643847 643853 643755 643746 643758 643790 643767 643803 643836 643828 643914 644093 643871 643835 643742 643790 643807 643821 643824 643913 643880 643739 643672 643669 643674 643711 643723 643806 643803 643785 643810 644110 644118 643936 643891 643873 643888 643901 643796 643692 643648 643687 643666 643663 643741 643782 643784 643787 643840 643891 644126 643893 643849 643846 643767 643703 643671 643598 643643 643670 643667 643683 643720 643751 643768 643754 643769 643859 643850 643853 643870 644113 644142 644149 643921 
644816 644810 644840 644840 644848 644758 644772 644862 644760 644910 644916 644892 644848 644796 644960 644936 644938 644962 644944 644950 644890 644764 644684 644692 644694 644976 644960 644974 644910 644868 644826 644846 644660 644992 645002 644894 644732 644642 645062 645056 645034 645048 645006 645020 644974 644890 644896 644878 644898 644612 645064 645018 644988 645012 645024 644878 644860 644884 644898 644878 644756 644700 644636 644568 644934 645060 645014 644828 644730 644546 644526 644532 644522 645078 644894 644808 644802 644788 644814 644814 644690 644586 644502 644504 644862 644902 645126 645100 645090 645094 645120 644984 644848 644760 644790 644772 644766 644752 644642 644548 644554 644468 644478 644834 645104 645066 645060 644950 644870 644830 644732 644750 644756 644750 644734 644758 644652 644614 644658 644422 644458 644440 644446 644436 644812 644850 644836 645126 
