645105 645102 645096 645088 645098 645056 645078 645058 645086 645084 645084 645063 645004 645034 645004 645042 644992 645016 645000 644976 645019 645003 645027 645033 645021 644968 644940 644968 644972 644966 644976 644995 644987 644981 644919 644956 644934 644946 644983 644956 644949 644939 644965 644884 644934 644890 644884 644878 644948 644940 644916 644876 644884 644916 644871 644875 644868 644822 644816 644856 644834 644844 644844 644851 644851 644866 644812 644822 644820 644802 644829 644768 644778 644788 644746 644748 644720 644744 644750 644758 644720 644722 644792 644741 644755 644749 644727 644769 644705 644730 644706 644710 644722 644702 644716 644698 644702 644708 644688 644694 644716 644711 644666 644688 644688 644680 644662 644684 644698 644700 644706 644686 644715 644624 644636 644652 644658 644660 644634 644644 644648 644670 644648 644637 644665 644671 644612 644610 
644344 644338 644335 644338 644312 644322 644333 644316 644306 644270 644296 644332 644296 644311 644289 644248 644299 644302 644294 644275 644239 644298 644310 644316 644304 644278 644264 644287 644281 644277 644282 644227 644219 644292 644264 644272 644261 644218 644182 644163 644244 644258 644288 644236 644261 644239 644236 644233 644155 644147 644263 644234 644236 644123 644214 644230 644228 644205 644202 644222 644211 644216 644216 644182 644226 644237 644200 644205 644204 644195 644208 644178 644183 644188 644167 644168 644154 644166 644169 644173 644154 644148 643999 643998 644134 644164 644164 644188 644154 644159 644147 644149 644155 644145 644152 644143 644145 644148 644131 644134 644159 644156 644127 644138 644138 644134 644125 644136 644143 644144 644098 644106 644142 644106 644113 644120 644123 644124 644111 644116 644118 644129 644118 643894 644116 644122 644101 644099 
0 0 641594 641592 0 641594 641594 641594 641572 641519 0 641564 641594 0 0 0 641583 0 0 0 641494 0 0 0 0 641592 641594 0 0 0 641594 641500 0 0 0 641594 0 641548 641452 641396 641531 0 0 641594 641594 0 0 641594 641428 0 0 0 0 0 0 0 641594 0 0 641594 0 641594 641594 641518 0 0 0 0 0 0 641555 0 0 0 641594 641594 0 0 0 641594 0 0 641254 641283 0 0 641564 641576 641584 0 0 641594 641594 641594 0 0 641594 0 0 0 641571 0 641594 0 641594 641594 641594 0 0 641594 641548 0 0 0 641589 641594 0 0 0 0 0 641594 0 641179 0 0 0 0 
0 0 645058 645097 0 645075 645092 645021 645016 644950 0 645033 645107 0 0 0 645064 0 0 0 644853 0 0 0 0 645037 644999 0 0 0 644955 644835 0 0 0 644997 0 644796 644832 644739 644972 0 0 644937 645012 0 0 644918 644727 0 0 0 0 0 0 0 644891 0 0 644895 0 644877 644757 644835 0 0 0 0 0 0 644802 0 0 0 644730 644711 0 0 0 644700 0 0 644493 644493 0 0 644649 644721 644633 0 0 644676 644694 644664 0 0 644654 0 0 0 644634 0 644610 0 644643 644631 644604 0 0 644613 644436 0 0 0 644530 644589 0 0 0 0 0 644496 0 644337 0 0 0 0 
645054 645060 645063 645048 645075 645064 645053 645080 645081 645043 645046 645002 645032 645060 645028 645065 644957 645054 645026 645000 644976 644956 644978 644984 644972 644942 644920 644933 644939 644979 645002 644942 644934 644936 644884 644994 644974 644990 644987 644900 644902 644892 644928 644924 644959 644930 644924 644918 644892 644884 644878 644842 644924 644860 644824 644828 644848 644835 644838 644896 644874 644884 644870 644804 644804 644826 644852 644862 644858 644842 644782 644754 644818 644828 644765 644728 644742 644784 644790 644796 644760 644746 644736 644678 644708 644702 644680 644728 644670 644770 644746 644750 644762 644742 644756 644738 644742 644748 644712 644718 644670 644664 644706 644728 644728 644720 644702 644724 644738 644738 644750 644720 644668 644610 644603 644668 644665 644698 644674 644684 644688 644696 644674 644574 644618 644624 644579 644650 
0 0 0 0 0 645004 645021 0 644917 644787 0 644966 0 0 0 0 644873 0 0 0 0 0 0 0 0 644822 0 0 0 0 644844 0 0 0 0 644878 0 0 0 644494 0 0 0 0 644807 0 0 0 644480 0 0 0 0 0 0 0 644584 0 0 644650 0 644620 644514 0 0 0 0 0 0 0 644497 0 0 0 0 644284 0 0 0 0 0 0 644090 0 0 0 644232 644326 644154 0 0 644285 644315 644265 0 0 0 0 0 0 644193 0 644175 0 644230 0 0 0 0 644238 643993 0 0 0 0 0 0 0 0 0 0 644079 0 643830 0 0 0 0 
0 0 0 0 0 644996 645035 0 644909 644797 0 644972 0 0 0 0 644963 0 0 0 0 0 0 0 0 644912 0 0 0 0 644796 0 0 0 0 644842 0 0 0 644482 0 0 0 0 644863 0 0 0 644462 0 0 0 0 0 0 0 644670 0 0 644668 0 644638 644466 0 0 0 0 0 0 0 644559 0 0 0 0 644370 0 0 0 0 0 0 644072 0 0 0 644304 644402 644244 0 0 644303 644333 644283 0 0 0 0 0 0 644267 0 644193 0 644248 0 0 0 0 644202 643931 0 0 0 0 0 0 0 0 0 0 644031 0 643812 0 0 0 0 
0 0 645049 645038 0 645086 645053 645106 645043 644935 0 644954 645020 0 0 0 644867 0 0 0 644824 0 0 0 0 644858 644828 0 0 0 645104 644806 0 0 0 645074 0 644995 644875 644710 644783 0 0 644912 644909 0 0 644957 644698 0 0 0 0 0 0 0 644720 0 0 644924 0 644906 644906 644636 0 0 0 0 0 0 644603 0 0 0 644615 644540 0 0 0 644777 0 0 644464 644452 0 0 644450 644522 644438 0 0 644705 644723 644693 0 0 644693 0 0 0 644435 0 644639 0 644672 644660 644633 0 0 644690 644635 0 0 0 644345 644468 0 0 0 0 0 644645 0 644296 0 0 0 0 
0 0 0 0 0 644977 644966 0 645068 645016 0 644831 0 0 0 0 644686 0 0 0 0 0 0 0 0 644661 0 0 0 0 644805 0 0 0 0 644755 0 0 0 644645 0 0 0 0 644678 0 0 0 644625 0 0 0 0 0 0 0 644423 0 0 644505 0 644475 644475 0 0 0 0 0 0 0 644246 0 0 0 0 644123 0 0 0 0 0 0 644235 0 0 0 643991 644111 643971 0 0 644140 644170 644120 0 0 0 0 0 0 643966 0 644030 0 644085 0 0 0 0 644115 644228 0 0 0 0 0 0 0 0 0 0 644040 0 643791 0 0 0 0 
0 0 0 0 0 0 0 0 0 627076 0 0 0 0 0 0 0 0 0 0 0 0 0 0 0 0 0 0 0 0 0 0 0 0 0 0 0 0 0 627056 0 0 0 0 0 0 0 0 627016 0 0 0 0 0 0 0 0 0 0 0 0 0 0 0 0 0 0 0 0 0 0 0 0 0 0 0 0 0 0 0 0 0 627034 0 0 0 0 0 0 0 0 0 0 0 0 0 0 0 0 0 0 0 0 0 0 0 0 0 0 0 0 0 0 0 0 0 0 0 0 0 0 0 0 626838 0 0 0 0 
645084 645075 645069 645063 645081 645031 645053 645031 645069 645081 645089 645046 644990 645009 644977 645037 644988 645002 644975 644949 645022 644997 645021 645027 645015 644954 644926 644964 644960 644952 644951 644986 644978 644977 644915 644942 644920 644941 644977 644958 644943 644933 644961 644870 644920 644876 644870 644864 644950 644942 644912 644865 644870 644918 644865 644869 644854 644808 644802 644842 644820 644830 644819 644845 644845 644862 644798 644808 644806 644788 644823 644754 644764 644774 644732 644734 644706 644730 644736 644744 644706 644695 644794 644722 644749 644743 644721 644765 644701 644716 644692 644696 644708 644688 644702 644684 644688 644694 644661 644667 644711 644705 644652 644674 644674 644666 644648 644670 644684 644686 644701 644669 644709 644610 644624 644638 644644 644646 644620 644630 644634 644645 644623 644618 644659 644665 644600 644596 
0 0 0 0 0 644923 644956 0 644868 644784 0 645045 0 0 0 0 644796 0 0 0 0 0 0 0 0 644709 0 0 0 0 644743 0 0 0 0 644717 0 0 0 644611 0 0 0 0 644658 0 0 0 644649 0 0 0 0 0 0 0 644463 0 0 644481 0 644451 644413 0 0 0 0 0 0 0 644552 0 0 0 0 644163 0 0 0 0 0 0 644259 0 0 0 644243 644277 644073 0 0 644116 644146 644096 0 0 0 0 0 0 644172 0 644006 0 644061 0 0 0 0 644077 643922 0 0 0 0 0 0 0 0 0 0 643978 0 643999 0 0 0 0 
0 0 0 0 0 641867 641867 0 641819 641768 0 641839 641903 0 0 0 641894 0 0 0 641726 0 0 0 0 641903 0 0 0 0 641867 641714 0 0 0 641891 0 641795 641699 641645 641816 0 0 0 641903 0 0 641903 641642 0 0 0 0 0 0 0 641903 0 0 641903 0 641903 641867 0 0 0 0 0 0 0 641864 0 0 0 0 641903 0 0 0 0 0 0 641486 0 0 0 641875 641887 641895 0 0 641903 641903 641903 0 0 0 0 0 0 641882 0 641903 0 641903 0 0 0 0 641891 641795 0 0 0 0 0 0 0 0 0 0 641867 0 641382 0 0 0 0 
642637 642644 642647 642656 642635 642672 642661 642666 642641 642605 642591 642605 642650 642683 642655 642627 642595 642668 642672 642641 642521 642569 642581 642587 642575 642596 642586 642583 642593 642621 642660 642497 642489 642573 642557 642650 642639 642607 642585 642505 642515 642529 642577 642614 642613 642611 642614 642611 642461 642453 642551 642544 642614 642441 642485 642501 642550 642549 642552 642600 642589 642594 642594 642453 642501 642523 642578 642583 642582 642573 642479 642504 642561 642566 642515 642490 642504 642544 642547 642551 642532 642514 642401 642257 642405 642435 642437 642473 642453 642523 642525 642527 642533 642523 642530 642521 642523 642526 642497 642500 642439 642433 642505 642516 642516 642512 642503 642514 642521 642522 642487 642483 642413 642432 642425 642466 642463 642486 642489 642494 642496 642507 642496 642153 642387 642393 642413 642477 
644978 644990 644996 645002 644984 645034 645012 645034 644996 644930 644926 644946 645028 645056 645030 644974 644926 645062 645047 645016 644856 644924 644946 644952 644940 644920 644900 644902 644914 644970 645035 644838 644830 644904 644852 645049 645028 644976 644890 644780 644870 644860 644896 644954 644954 644950 645003 645000 644772 644764 644846 644816 644967 644740 644792 644796 644828 644826 644832 644953 644942 644959 644941 644772 644772 644794 644931 644948 644953 644937 644750 644736 644878 644923 644758 644708 644736 644825 644864 644891 644855 644793 644616 644598 644676 644670 644648 644696 644640 644774 644794 644808 644838 644816 644847 644833 644837 644843 644759 644765 644638 644632 644786 644797 644821 644805 644797 644819 644833 644833 644757 644743 644636 644592 644578 644660 644654 644700 644734 644779 644783 644767 644745 644494 644586 644592 644554 644734 
645042 645054 645060 645032 645072 645056 645042 645084 645083 645066 645044 644976 645010 645063 645053 645099 644918 645040 645041 645025 644974 644916 644940 644946 644934 644912 644892 644894 644906 644957 645017 644926 644918 644896 644844 644997 644975 645029 645021 644916 644862 644852 644888 644916 644937 644919 644925 644919 644908 644900 644838 644808 644925 644876 644784 644788 644820 644813 644816 644897 644875 644885 644885 644764 644764 644786 644853 644863 644861 644843 644742 644728 644819 644829 644743 644700 644720 644785 644791 644799 644761 644771 644752 644662 644668 644662 644640 644688 644632 644751 644747 644751 644763 644743 644757 644739 644743 644749 644737 644743 644630 644624 644707 644729 644729 644721 644703 644725 644739 644741 644789 644745 644628 644584 644570 644646 644643 644678 644675 644685 644689 644711 644689 644558 644578 644584 644546 644651 
0 0 0 0 0 644764 644819 0 644679 644605 0 644830 0 0 0 0 645067 0 0 0 0 0 0 0 0 645030 0 0 0 0 644564 0 0 0 0 644634 0 0 0 644344 0 0 0 0 644949 0 0 0 644324 0 0 0 0 0 0 0 644836 0 0 644754 0 644690 644234 0 0 0 0 0 0 0 644791 0 0 0 0 644536 0 0 0 0 0 0 643934 0 0 0 644532 644614 644432 0 0 644441 644471 644421 0 0 0 0 0 0 644489 0 644331 0 644386 0 0 0 0 643994 643699 0 0 0 0 0 0 0 0 0 0 643799 0 643674 0 0 0 0 
645026 645038 645044 645050 645032 645073 645060 645055 645044 644973 644969 644994 645071 645062 645028 644999 644984 645077 645045 645007 644899 644982 644994 645000 644988 644978 644958 644960 644972 645028 645033 644886 644878 644962 644910 645047 645036 644952 644933 644823 644928 644918 644954 644963 645000 644966 644989 644983 644815 644807 644904 644874 644975 644783 644850 644854 644886 644884 644881 644961 644939 644949 644901 644830 644830 644852 644917 644927 644913 644907 644808 644794 644883 644893 644810 644766 644785 644833 644855 644851 644825 644753 644659 644646 644734 644728 644706 644754 644698 644802 644802 644815 644827 644807 644821 644803 644807 644813 644719 644725 644696 644690 644771 644793 644793 644785 644767 644789 644803 644793 644712 644703 644694 644650 644636 644715 644712 644731 644739 644749 644753 644727 644705 644542 644644 644650 644612 644715 
644988 645000 645006 645000 644994 645032 645010 645044 645006 644957 644942 644944 645002 645054 645087 645001 644900 645036 645082 645083 644872 644898 644920 644926 644914 644894 644874 644876 644888 644944 645093 644848 644840 644878 644826 645080 645057 645039 644917 644807 644844 644834 644870 644930 644928 644924 645019 645013 644799 644791 644820 644790 644974 644767 644766 644770 644802 644800 644806 644987 644969 644979 644965 644746 644746 644768 644947 644957 644953 644937 644724 644710 644913 644923 644732 644682 644710 644828 644885 644891 644855 644829 644643 644608 644650 644644 644622 644670 644614 644748 644811 644843 644857 644837 644851 644833 644837 644843 644795 644801 644612 644606 644801 644823 644823 644815 644797 644819 644833 644833 644799 644779 644610 644566 644552 644634 644628 644674 644769 644779 644783 644791 644769 644504 644560 644566 644528 644745 
644959 644971 644977 644959 644977 644991 644969 645015 644989 644940 644925 644903 644959 645013 645066 644984 644857 644995 645047 645080 644855 644855 644879 644885 644873 644851 644831 644833 644845 644901 645061 644831 644823 644835 644783 645047 645022 645060 644900 644790 644801 644791 644827 644887 644885 644881 645019 645015 644782 644774 644777 644747 644935 644750 644723 644727 644759 644757 644763 644953 644958 644975 644969 644703 644703 644725 644947 644959 644957 644939 644681 644667 644884 644925 644689 644639 644667 644787 644880 644895 644857 644845 644626 644579 644607 644601 644579 644627 644571 644705 644776 644810 644854 644832 644853 644835 644839 644845 644811 644817 644569 644563 644802 644813 644825 644817 644799 644821 644835 644837 644827 644807 644567 644523 644509 644591 644585 644631 644740 644781 644785 644795 644773 644475 644517 644523 644485 644747 
0 0 0 0 0 642147 642147 0 642195 642197 0 642147 642099 0 0 0 642051 0 0 0 642217 0 0 0 0 642027 0 0 0 0 642147 642195 0 0 0 642123 0 642217 642125 642101 642099 0 0 0 642027 0 0 642099 642173 0 0 0 0 0 0 0 641931 0 0 642027 0 642051 642147 0 0 0 0 0 0 0 641931 0 0 0 0 641811 0 0 0 0 0 0 641981 0 0 0 641811 641835 641763 0 0 641883 641931 641907 0 0 0 0 0 0 641787 0 641883 0 641931 0 0 0 0 642123 642217 0 0 0 0 0 0 0 0 0 0 642147 0 641829 0 0 0 0 
644988 644976 644970 644988 644958 644956 644978 644932 644946 644922 644974 645035 644976 644934 644878 644878 645030 644952 644900 644850 644958 645053 645041 645044 645038 645000 644972 645018 645006 644986 644876 644946 644938 645052 644972 644892 644906 644794 644818 644865 645012 645045 645024 644916 644966 644922 644856 644850 644874 644866 644978 644912 644916 644842 644994 644989 644900 644854 644848 644888 644866 644864 644744 644974 644953 644934 644844 644842 644756 644774 644942 644800 644810 644808 644778 644780 644752 644776 644782 644694 644692 644596 644718 644706 644878 644866 644831 644840 644752 644762 644738 644742 644754 644734 644748 644730 644674 644680 644562 644568 644802 644808 644698 644720 644720 644712 644694 644716 644730 644636 644554 644546 644837 644656 644670 644684 644690 644692 644666 644676 644656 644570 644548 644602 644788 644791 644646 644642 
645016 645004 644998 645016 644986 644984 645006 644960 644974 644951 645003 645072 645004 644962 644906 644907 645011 644980 644928 644878 645010 645099 645087 645090 645084 644969 644941 644987 644975 644967 644904 645004 644996 645033 644941 644920 644934 644823 644847 644909 645070 645044 644993 644885 644935 644891 644884 644878 644933 644925 644947 644881 644885 644901 644986 644976 644869 644823 644817 644857 644835 644845 644772 644973 644925 644903 644813 644823 644784 644802 644929 644769 644779 644789 644747 644749 644721 644745 644751 644722 644720 644624 644770 644764 644877 644853 644809 644809 644721 644731 644707 644711 644723 644703 644717 644699 644702 644708 644590 644596 644771 644777 644667 644689 644689 644681 644663 644685 644699 644664 644583 644574 644824 644625 644639 644653 644659 644661 644635 644645 644649 644598 644576 644660 644775 644778 644615 644611 
645049 645037 645031 645049 645019 645017 645039 644993 645007 644994 645046 645087 645002 644995 644939 644950 645008 645013 644961 644911 645023 645070 645093 645096 645090 644966 644938 644984 644972 644964 644937 645000 644992 645030 644938 644953 644932 644866 644890 644928 645031 645014 644990 644882 644932 644888 644882 644876 644939 644931 644944 644878 644882 644907 644953 644946 644866 644820 644814 644854 644832 644842 644805 644933 644910 644900 644810 644820 644817 644800 644899 644766 644776 644786 644744 644746 644718 644742 644748 644755 644718 644657 644783 644760 644837 644823 644788 644806 644718 644728 644704 644708 644720 644700 644714 644696 644700 644706 644623 644629 644768 644768 644664 644686 644686 644678 644660 644682 644696 644697 644626 644607 644794 644622 644636 644650 644656 644658 644632 644642 644646 644631 644609 644656 644745 644748 644612 644608 
645092 645080 645074 645078 645062 645046 645068 645036 645050 645038 645085 645096 645004 645024 644982 644994 645010 645016 644990 644954 645030 645050 645074 645079 645068 644968 644940 644986 644974 644966 644966 645006 644998 645018 644940 644956 644934 644910 644934 644952 644996 644986 644992 644884 644934 644890 644884 644878 644946 644938 644945 644880 644884 644914 644918 644922 644868 644822 644816 644856 644834 644844 644834 644898 644892 644899 644812 644822 644820 644802 644876 644768 644778 644788 644746 644748 644720 644744 644750 644758 644720 644700 644790 644766 644802 644796 644770 644804 644720 644730 644706 644710 644722 644702 644716 644698 644702 644708 644666 644672 644753 644750 644666 644688 644688 644680 644662 644684 644698 644700 644670 644650 644762 644624 644638 644652 644658 644660 644634 644644 644648 644660 644638 644662 644712 644718 644614 644610 
0 0 0 0 0 644739 644794 0 644654 644578 0 644765 0 0 0 0 645042 0 0 0 0 0 0 0 0 645049 0 0 0 0 644539 0 0 0 0 644609 0 0 0 644279 0 0 0 0 644970 0 0 0 644273 0 0 0 0 0 0 0 644885 0 0 644775 0 644673 644209 0 0 0 0 0 0 0 644816 0 0 0 0 644585 0 0 0 0 0 0 643883 0 0 0 644543 644639 644477 0 0 644492 644522 644472 0 0 0 0 0 0 644504 0 644382 0 644437 0 0 0 0 643969 643674 0 0 0 0 0 0 0 0 0 0 643774 0 643623 0 0 0 0 
0 0 644843 644882 0 644866 644877 644812 644801 644741 0 644880 644932 0 0 0 645035 0 0 0 644700 0 0 0 0 645062 645086 0 0 0 644746 644682 0 0 0 644788 0 644587 644617 644586 644853 0 0 645030 645043 0 0 644743 644574 0 0 0 0 0 0 0 645038 0 0 644926 0 644836 644548 644922 0 0 0 0 0 0 645011 0 0 0 644881 644858 0 0 0 644491 0 0 644340 644340 0 0 644858 644912 644796 0 0 644829 644847 644817 0 0 644479 0 0 0 644839 0 644763 0 644796 644784 644743 0 0 644404 644227 0 0 0 644683 644738 0 0 0 0 0 644287 0 644184 0 0 0 0 
644989 644977 644971 645001 644947 644969 644991 644933 644935 644911 644930 644991 645013 644947 644879 644867 645106 644977 644913 644851 644871 645027 645003 645009 644997 645115 645123 645124 645121 645071 644889 644859 644851 645095 645112 644917 644943 644783 644807 644795 644973 645059 645121 645067 645081 645073 644893 644887 644787 644779 645109 645064 645031 644755 645069 645074 645052 645006 645000 645003 644981 644949 644757 645013 645048 645059 644959 644927 644781 644811 645028 644952 644962 644893 644930 644932 644904 644928 644934 644719 644729 644597 644631 644631 644954 644948 644926 644962 644898 644914 644890 644894 644906 644886 644900 644882 644711 644717 644563 644569 644909 644906 644850 644872 644872 644864 644846 644868 644845 644661 644543 644535 644914 644808 644822 644836 644842 644844 644818 644827 644705 644583 644561 644527 644864 644870 644798 644794 
644159 644153 644150 644177 644126 644161 644172 644131 644120 644084 644115 644165 644194 644150 644104 644062 644245 644176 644133 644090 644045 644188 644176 644182 644170 644234 644220 644243 644237 644223 644121 644033 644025 644240 644220 644146 644159 644032 643996 643969 644134 644196 644246 644192 644217 644195 644134 644131 643961 643953 644223 644190 644192 643929 644162 644178 644184 644161 644158 644178 644167 644162 644055 644130 644178 644199 644156 644151 644078 644093 644156 644134 644139 644134 644123 644124 644110 644122 644125 644047 644052 643963 643805 643805 644082 644112 644114 644150 644110 644115 644103 644105 644111 644101 644108 644099 644043 644046 643946 643949 644116 644110 644083 644094 644094 644090 644081 644092 644099 644018 643912 643920 644090 644062 644069 644076 644079 644080 644067 644072 644040 643968 643957 643701 644064 644070 644057 644055 
645028 645029 645026 645053 645002 645037 645048 645005 644996 644960 644958 645008 645082 645019 644951 644938 645103 645049 644985 644923 644888 645043 645020 645026 645014 645097 645071 645090 645100 645097 644961 644876 644868 645081 645040 644989 645014 644855 644872 644812 644989 645037 645084 645033 645080 645039 644964 644958 644804 644796 645034 645004 645033 644772 644980 644984 644999 644964 644961 645005 644983 644982 644829 644960 644960 644982 644961 644960 644853 644882 644938 644901 644927 644926 644890 644879 644865 644893 644899 644791 644800 644669 644648 644648 644864 644858 644836 644884 644828 644879 644855 644859 644871 644851 644865 644847 644782 644788 644635 644641 644826 644820 644815 644837 644837 644829 644811 644833 644847 644733 644615 644607 644824 644757 644764 644795 644798 644809 644783 644793 644764 644655 644633 644544 644774 644780 644740 644759 
0 0 0 0 0 644888 644833 0 644881 644703 0 644668 0 0 0 0 644523 0 0 0 0 0 0 0 0 644508 0 0 0 0 645042 0 0 0 0 644976 0 0 0 644328 0 0 0 0 644593 0 0 0 644308 0 0 0 0 0 0 0 644278 0 0 644742 0 644792 644792 0 0 0 0 0 0 0 644083 0 0 0 0 643978 0 0 0 0 0 0 643918 0 0 0 643828 643948 643808 0 0 644385 644487 644437 0 0 0 0 0 0 643803 0 644347 0 644402 0 0 0 0 644432 644407 0 0 0 0 0 0 0 0 0 0 644357 0 643608 0 0 0 0 
0 0 0 0 0 642165 642165 0 642213 642213 0 642165 642117 0 0 0 642069 0 0 0 642215 0 0 0 0 642045 0 0 0 0 642165 642213 0 0 0 642141 0 642215 642141 642117 642117 0 0 0 642045 0 0 642117 642189 0 0 0 0 0 0 0 641949 0 0 642045 0 642069 642165 0 0 0 0 0 0 0 641949 0 0 0 0 641829 0 0 0 0 0 0 641997 0 0 0 641829 641853 641781 0 0 641901 641949 641925 0 0 0 0 0 0 641805 0 641901 0 641949 0 0 0 0 642141 642215 0 0 0 0 0 0 0 0 0 0 642165 0 641847 0 0 0 0 
0 0 643880 643862 0 643830 643852 643842 643868 643892 0 643918 643778 0 0 0 643784 0 0 0 643990 0 0 0 0 643742 643714 0 0 0 643750 644026 644034 0 0 643730 0 643740 643860 643946 643936 0 0 643658 643708 0 0 643652 644026 644034 0 0 0 644034 0 0 643642 0 0 643630 0 643618 643618 643890 0 0 0 0 0 0 643720 0 0 0 643520 643522 0 0 0 643532 0 0 643990 643934 643794 0 643582 643582 643494 0 0 643484 643496 643476 0 0 643476 0 0 0 643544 0 643440 0 643462 643454 643436 0 0 643474 643500 0 0 0 643412 643426 0 0 0 0 0 643444 0 643830 0 0 0 0 
645013 645001 644995 645025 644971 644993 645015 644957 644959 644935 644978 645041 645037 644971 644903 644891 645114 645001 644937 644875 644926 645082 645058 645062 645052 645087 645059 645104 645093 645071 644913 644914 644906 645121 645057 644941 644967 644807 644831 644847 645028 645090 645107 645003 645053 645009 644917 644911 644842 644834 645060 644999 645003 644810 645036 645040 644987 644941 644935 644975 644953 644949 644781 645016 645009 645014 644931 644927 644805 644835 644994 644887 644897 644893 644865 644867 644839 644863 644869 644743 644753 644621 644686 644686 644920 644914 644887 644919 644839 644849 644825 644829 644841 644821 644835 644817 644735 644741 644587 644593 644870 644867 644785 644807 644807 644799 644781 644803 644817 644685 644567 644559 644880 644743 644757 644771 644777 644779 644753 644763 644717 644607 644585 644582 644830 644836 644733 644729 
644795 644783 644777 644807 644753 644775 644797 644739 644741 644717 644739 644800 644819 644753 644685 644673 644915 644783 644719 644657 644704 644842 644818 644821 644815 644927 644947 644939 644933 644877 644695 644710 644706 644904 644974 644723 644749 644589 644613 644606 644815 644882 644936 644891 644893 644897 644699 644693 644638 644634 644971 644929 644843 644610 644920 644946 644917 644871 644865 644815 644793 644755 644563 644874 644916 644927 644771 644733 644587 644617 644905 644817 644827 644699 644795 644797 644769 644793 644799 644525 644535 644403 644464 644604 644868 644829 644794 644830 644766 644779 644755 644759 644771 644751 644765 644747 644517 644523 644369 644375 644777 644774 644715 644737 644737 644729 644705 644727 644657 644467 644349 644341 644800 644673 644687 644701 644707 644709 644683 644651 644511 644389 644367 644500 644751 644754 644663 644659 
0 0 0 0 0 644908 644875 0 644767 644607 0 644722 0 0 0 0 644783 0 0 0 0 0 0 0 0 644766 0 0 0 0 644988 0 0 0 0 645054 0 0 0 644232 0 0 0 0 644817 0 0 0 644212 0 0 0 0 0 0 0 644532 0 0 644894 0 644888 644682 0 0 0 0 0 0 0 644343 0 0 0 0 644232 0 0 0 0 0 0 643822 0 0 0 644088 644208 644068 0 0 644531 644583 644533 0 0 0 0 0 0 644063 0 644443 0 644498 0 0 0 0 644442 644147 0 0 0 0 0 0 0 0 0 0 644247 0 643562 0 0 0 0 
644830 644836 644839 644860 644815 644876 644865 644858 644821 644761 644771 644832 644908 644887 644885 644783 644857 644902 644904 644878 644712 644850 644838 644844 644832 644854 644844 644845 644851 644879 644916 644700 644692 644846 644820 644932 644943 644810 644705 644636 644796 644810 644842 644872 644871 644869 644902 644896 644628 644620 644817 644802 644896 644596 644766 644782 644808 644807 644810 644910 644888 644886 644784 644734 644780 644791 644866 644864 644802 644820 644760 644762 644868 644830 644773 644736 644750 644822 644840 644740 644738 644624 644472 644472 644686 644716 644706 644742 644678 644781 644817 644836 644824 644816 644806 644788 644720 644726 644590 644596 644689 644686 644792 644814 644790 644794 644740 644762 644752 644682 644570 644562 644694 644618 644611 644676 644673 644708 644784 644710 644678 644610 644588 644368 644644 644650 644587 644760 
0 0 0 0 0 641362 641351 0 641355 641329 0 641318 641364 0 0 0 641337 0 0 0 641278 0 0 0 0 641346 0 0 0 0 641402 641243 0 0 0 641400 0 641406 641273 641206 641261 0 0 0 641363 0 0 641407 641205 0 0 0 0 0 0 0 641348 0 0 641402 0 641407 641407 0 0 0 0 0 0 0 641309 0 0 0 0 641348 0 0 0 0 0 0 641049 0 0 0 641318 641330 641338 0 0 641403 641407 641407 0 0 0 0 0 0 641325 0 641407 0 641407 0 0 0 0 641407 641406 0 0 0 0 0 0 0 0 0 0 641407 0 640887 0 0 0 0 
0 0 0 0 0 642015 642015 0 642063 642111 0 642015 641967 0 0 0 641919 0 0 0 642043 0 0 0 0 641895 0 0 0 0 642015 641983 0 0 0 641991 0 642087 642159 642135 641905 0 0 0 641895 0 0 641967 642055 0 0 0 0 0 0 0 641799 0 0 641895 0 641919 642015 0 0 0 0 0 0 0 641785 0 0 0 0 641679 0 0 0 0 0 0 641971 0 0 0 641679 641703 641631 0 0 641751 641799 641775 0 0 0 0 0 0 641655 0 641751 0 641799 0 0 0 0 641991 642087 0 0 0 0 0 0 0 0 0 0 642015 0 641603 0 0 0 0 
0 0 0 0 0 0 0 0 0 0 0 0 0 0 0 0 0 0 0 0 0 0 0 0 0 0 0 0 0 0 0 0 0 0 0 0 0 0 0 638109 0 0 0 0 0 0 0 0 638057 0 0 0 0 0 0 0 0 0 0 0 0 0 0 0 0 0 0 0 0 0 0 0 0 0 0 0 0 0 0 0 0 0 638037 0 0 0 0 0 0 0 0 0 0 0 0 0 0 0 0 0 0 0 0 0 0 0 0 0 0 0 0 0 0 0 0 0 0 0 0 0 0 0 0 637491 0 0 0 0 
0 0 0 0 0 642318 642318 0 642270 642222 0 642318 642364 0 0 0 642364 0 0 0 642246 0 0 0 0 642364 0 0 0 0 642318 642270 0 0 0 642342 0 642246 642150 642126 642364 0 0 0 642364 0 0 642364 642198 0 0 0 0 0 0 0 642294 0 0 642364 0 642364 642318 0 0 0 0 0 0 0 642294 0 0 0 0 642174 0 0 0 0 0 0 642006 0 0 0 642174 642198 642126 0 0 642246 642294 642270 0 0 0 0 0 0 642150 0 642246 0 642294 0 0 0 0 642342 642246 0 0 0 0 0 0 0 0 0 0 642318 0 641952 0 0 0 0 
642550 642544 642541 642556 642529 642540 642551 642522 642523 642511 642537 642584 642562 642529 642495 642489 642613 642544 642512 642481 642507 642602 642590 642593 642585 642592 642578 642601 642595 642591 642500 642483 642475 642624 642578 642514 642527 642447 642459 642486 642549 642611 642604 642550 642575 642553 642502 642499 642447 642439 642581 642548 642550 642427 642567 642583 642542 642519 642516 642536 642525 642530 642434 642535 642570 642559 642514 642519 642446 642461 642561 642492 642497 642502 642481 642482 642468 642480 642483 642415 642420 642354 642387 642243 642487 642517 642512 642512 642468 642473 642461 642463 642469 642459 642466 642457 642411 642414 642337 642340 642493 642496 642441 642452 642452 642448 642439 642450 642457 642386 642327 642323 642495 642420 642427 642434 642437 642438 642425 642430 642408 642347 642336 642139 642469 642475 642415 642413 
644932 644920 644914 644944 644890 644912 644934 644876 644878 644854 644906 644981 644956 644890 644822 644810 645046 644920 644856 644794 644876 645023 644999 645002 644996 645040 645048 645058 645046 645002 644832 644864 644856 645065 645084 644860 644886 644726 644750 644787 644978 645051 645064 644992 645006 644998 644836 644830 644792 644784 645090 645025 644956 644760 645056 645091 645013 644967 644961 644928 644906 644880 644700 645000 645056 645047 644884 644858 644724 644754 645045 644913 644923 644824 644891 644893 644865 644889 644895 644662 644672 644540 644636 644636 644977 644969 644934 644953 644865 644875 644851 644855 644867 644847 644861 644843 644654 644660 644506 644512 644911 644914 644811 644833 644833 644825 644806 644828 644770 644604 644486 644478 644937 644769 644783 644797 644803 644805 644779 644752 644648 644526 644504 644532 644887 644893 644759 644755 
0 0 644850 644877 0 644913 644892 644883 644832 644724 0 644793 644987 0 0 0 644994 0 0 0 644613 0 0 0 0 645045 645063 0 0 0 644905 644595 0 0 0 644947 0 644746 644658 644499 644766 0 0 645107 645082 0 0 644902 644487 0 0 0 0 0 0 0 644969 0 0 645073 0 644995 644707 644823 0 0 0 0 0 0 644852 0 0 0 644854 644789 0 0 0 644650 0 0 644253 644253 0 0 644699 644771 644687 0 0 644916 644934 644904 0 0 644638 0 0 0 644684 0 644850 0 644883 644871 644844 0 0 644563 644386 0 0 0 644594 644709 0 0 0 0 0 644446 0 644097 0 0 0 0 
0 0 0 0 0 0 0 0 0 644450 0 0 0 0 0 0 0 0 0 0 0 0 0 0 0 0 0 0 0 0 0 0 0 0 0 0 0 0 0 644075 0 0 0 0 644998 0 0 0 644055 0 0 0 0 0 0 0 0 0 0 0 0 0 0 0 0 0 0 0 0 0 0 0 0 0 0 0 0 0 0 0 0 0 643665 0 0 0 0 0 0 0 0 0 0 0 0 0 0 0 0 0 0 0 0 0 0 0 0 0 0 0 0 0 0 0 0 0 0 0 0 0 0 0 0 643405 0 0 0 0 
644916 644928 644934 644952 644910 644984 644962 644972 644922 644850 644846 644896 645036 645006 644977 644894 645030 645024 645011 644949 644776 644932 644908 644914 644902 645060 645064 645042 645054 645074 644987 644764 644756 645008 645027 645015 645041 644881 644810 644700 644878 644964 645036 645120 645094 645114 644991 644985 644692 644684 645021 644991 645123 644660 644956 644971 645003 645001 645007 645095 645073 645047 644855 644912 644947 644969 645051 645025 644879 644909 644925 644911 645052 644991 644933 644883 644911 645017 645024 644817 644827 644695 644536 644536 644851 644845 644823 644871 644815 644949 644980 644984 644996 644976 644990 644972 644809 644815 644661 644667 644813 644807 644940 644962 644962 644954 644936 644958 644937 644759 644641 644633 644811 644767 644753 644835 644829 644875 644908 644907 644803 644681 644659 644432 644761 644767 644729 644884 
644950 644962 644968 644975 644944 645007 644985 645006 644956 644884 644880 644919 644999 645029 645060 644928 644898 645023 645063 645088 644810 644895 644907 644913 644901 644892 644872 644874 644886 644942 645087 644798 644790 644876 644824 645083 645069 645054 644844 644734 644841 644832 644868 644928 644926 644922 645098 645095 644726 644718 644818 644788 644976 644694 644764 644768 644800 644798 644804 645004 645026 645055 645034 644744 644744 644766 645027 645044 645034 645028 644722 644708 644938 645015 644730 644680 644708 644828 644960 644972 644946 644885 644570 644570 644648 644642 644620 644668 644612 644746 644818 644862 644934 644912 644943 644925 644928 644934 644851 644857 644610 644604 644882 644883 644915 644901 644889 644911 644925 644914 644831 644823 644608 644564 644550 644632 644626 644672 644794 644871 644875 644860 644838 644466 644558 644564 644526 644830 
0 0 0 0 0 641490 641490 0 641442 641393 0 641464 641492 0 0 0 641485 0 0 0 641368 0 0 0 0 641492 0 0 0 0 641490 641374 0 0 0 641492 0 641418 641322 641270 641433 0 0 0 641492 0 0 641492 641302 0 0 0 0 0 0 0 641492 0 0 641492 0 641492 641490 0 0 0 0 0 0 0 641457 0 0 0 0 641492 0 0 0 0 0 0 641128 0 0 0 641466 641478 641486 0 0 641492 641492 641492 0 0 0 0 0 0 641473 0 641492 0 641492 0 0 0 0 641492 641418 0 0 0 0 0 0 0 0 0 0 641490 0 641064 0 0 0 0 
0 0 0 0 0 0 0 0 0 638320 0 0 0 0 0 0 0 0 0 0 0 0 0 0 0 0 0 0 0 0 0 0 0 0 0 0 0 0 0 638263 0 0 0 0 0 0 0 0 638375 0 0 0 0 0 0 0 0 0 0 0 0 0 0 0 0 0 0 0 0 0 0 0 0 0 0 0 0 0 0 0 0 0 638165 0 0 0 0 0 0 0 0 0 0 0 0 0 0 0 0 0 0 0 0 0 0 0 0 0 0 0 0 0 0 0 0 0 0 0 0 0 0 0 0 638362 0 0 0 0 
0 0 643815 643797 0 643765 643787 643777 643827 643885 0 643853 643713 0 0 0 643719 0 0 0 643973 0 0 0 0 643677 643649 0 0 0 643685 643985 643993 0 0 643665 0 643723 643853 643939 643871 0 0 643593 643643 0 0 643587 644019 644027 0 0 0 644027 0 0 643577 0 0 643565 0 643553 643553 643825 0 0 0 0 0 0 643655 0 0 0 643455 643457 0 0 0 643467 0 0 643983 643869 643729 0 643517 643517 643429 0 0 643419 643431 643411 0 0 643411 0 0 0 643479 0 643375 0 643397 643389 643371 0 0 643409 643483 0 0 0 643347 643361 0 0 0 0 0 643379 0 643765 0 0 0 0 
644070 644064 644061 644088 644037 644072 644083 644042 644031 643995 644033 644101 644094 644061 644015 643973 644145 644076 644044 644001 643981 644113 644101 644107 644095 644148 644158 644157 644151 644123 644032 643969 643961 644156 644182 644046 644059 643943 643907 643905 644059 644121 644160 644130 644131 644133 644034 644031 643897 643889 644185 644162 644106 643865 644125 644165 644156 644133 644130 644092 644081 644062 643966 644069 644174 644173 644070 644051 643978 643993 644153 644106 644111 644034 644095 644096 644082 644094 644097 643947 643952 643874 643741 643741 644079 644109 644111 644126 644082 644087 644075 644077 644083 644073 644080 644071 643943 643946 643857 643860 644107 644104 644055 644066 644066 644062 644043 644054 644013 643918 643823 643831 644087 644034 644041 644048 644051 644052 644039 644010 643940 643879 643868 643637 644061 644067 644029 644027 
644875 644869 644866 644893 644842 644877 644888 644847 644836 644800 644817 644867 644923 644866 644811 644778 644998 644893 644845 644783 644747 644903 644879 644885 644873 645013 645035 645022 645016 644976 644821 644735 644727 644979 645068 644849 644875 644715 644712 644671 644849 644935 645019 645007 644996 645010 644825 644819 644663 644655 645064 645088 644969 644631 644963 645014 645082 645062 645059 644941 644919 644881 644689 644895 645062 645084 644897 644859 644713 644743 645040 644999 644994 644825 644988 644977 644963 645011 644966 644651 644661 644529 644507 644507 644966 644975 644953 645001 644939 644980 644973 644977 644974 644969 644932 644914 644643 644649 644495 644501 644943 644937 644933 644955 644940 644947 644842 644864 644783 644593 644475 644467 644941 644855 644862 644893 644896 644909 644901 644777 644637 644515 644493 644403 644891 644897 644838 644877 
644946 644958 644964 644982 644940 645014 644992 645002 644952 644880 644876 644926 645066 645036 645032 644924 645039 645054 645057 645015 644806 644962 644938 644944 644932 645034 645014 645016 645028 645083 645049 644794 644786 645017 644966 645075 645100 644947 644840 644730 644908 644973 645010 645070 645068 645064 645057 645051 644722 644714 644960 644930 645107 644690 644906 644910 644942 644940 644946 645101 645083 645092 644921 644886 644886 644908 645061 645070 644945 644975 644864 644850 645026 645036 644872 644822 644850 644961 644999 644883 644893 644761 644566 644566 644790 644784 644762 644810 644754 644888 644942 644956 644971 644951 644965 644947 644875 644881 644727 644733 644752 644746 644915 644937 644937 644929 644911 644933 644947 644825 644707 644699 644750 644706 644692 644774 644768 644814 644882 644893 644869 644747 644725 644462 644700 644706 644668 644859 
0 0 643848 643830 0 643798 643820 643810 643860 643932 0 643886 643746 0 0 0 643752 0 0 0 644006 0 0 0 0 643710 643682 0 0 0 643718 644018 644026 0 0 643698 0 643756 643940 644026 643904 0 0 643626 643676 0 0 643620 644090 644098 0 0 0 644114 0 0 643610 0 0 643598 0 643586 643586 643858 0 0 0 0 0 0 643688 0 0 0 643488 643490 0 0 0 643500 0 0 644070 643926 643762 0 643550 643550 643462 0 0 643452 643464 643444 0 0 643444 0 0 0 643512 0 643408 0 643430 643422 643404 0 0 643442 643516 0 0 0 643380 643394 0 0 0 0 0 643412 0 643822 0 0 0 0 
644768 644756 644750 644780 644726 644748 644770 644712 644714 644690 644742 644836 644792 644726 644658 644646 644894 644756 644692 644630 644780 644896 644872 644866 644878 644900 644918 644918 644906 644850 644668 644786 644782 644916 644930 644696 644722 644562 644586 644648 644891 644958 644924 644862 644866 644868 644672 644666 644714 644710 644936 644871 644816 644686 644994 644986 644859 644813 644807 644788 644766 644728 644536 644950 644915 644893 644744 644706 644560 644590 644937 644759 644769 644672 644737 644739 644711 644735 644741 644498 644508 644376 644540 644684 644913 644872 644799 644799 644711 644721 644697 644701 644713 644693 644707 644689 644490 644496 644342 644348 644761 644767 644657 644679 644679 644671 644652 644674 644630 644440 644322 644314 644845 644615 644629 644643 644649 644651 644625 644622 644484 644362 644340 644586 644796 644799 644605 644601 
644881 644869 644863 644893 644839 644861 644883 644825 644827 644803 644855 644949 644905 644839 644771 644759 645007 644869 644805 644743 644874 645009 644985 644979 644985 645013 645033 645031 645019 644963 644781 644870 644862 645029 645081 644809 644835 644675 644699 644761 644984 645052 645037 644977 644979 644983 644785 644779 644798 644790 645087 645045 644929 644766 645090 645128 645033 644987 644981 644901 644879 644841 644649 645030 645089 645067 644857 644819 644673 644703 645105 644933 644931 644785 644911 644913 644885 644909 644903 644611 644621 644489 644634 644642 645054 645029 644973 644973 644885 644895 644871 644875 644887 644867 644869 644851 644603 644609 644455 644461 644935 644941 644831 644853 644853 644845 644803 644825 644743 644553 644435 644427 645000 644789 644803 644817 644823 644825 644799 644737 644597 644475 644453 644538 644951 644954 644779 644775 
0 0 0 0 0 644498 644531 0 644399 644305 0 644460 0 0 0 0 644779 0 0 0 0 0 0 0 0 644842 0 0 0 0 644378 0 0 0 0 644444 0 0 0 643970 0 0 0 0 644795 0 0 0 643950 0 0 0 0 0 0 0 645054 0 0 644678 0 644530 644050 0 0 0 0 0 0 0 644929 0 0 0 0 644800 0 0 0 0 0 0 643560 0 0 0 644720 644838 644682 0 0 644815 644799 644785 0 0 0 0 0 0 644695 0 644705 0 644714 0 0 0 0 643810 643515 0 0 0 0 0 0 0 0 0 0 643615 0 643300 0 0 0 0 
644838 644844 644847 644868 644823 644884 644873 644866 644829 644769 644778 644828 644934 644880 644812 644791 644955 644910 644846 644784 644708 644864 644840 644846 644834 644988 645014 644979 644985 644977 644822 644696 644688 644940 645026 644850 644876 644716 644713 644632 644810 644896 644976 645018 645005 645024 644826 644820 644624 644616 645023 645080 644970 644592 644924 644976 645086 645121 645124 644942 644920 644882 644690 644856 645048 645069 644898 644860 644714 644744 645026 645052 645008 644826 645063 645026 645040 645082 644980 644652 644662 644530 644468 644468 644952 645006 644984 645032 644968 645068 645044 645048 645000 645028 644946 644928 644644 644650 644496 644502 644974 644968 645004 645026 644966 645006 644844 644866 644784 644594 644476 644468 644972 644908 644901 644966 644963 644998 644972 644778 644638 644516 644494 644364 644922 644928 644877 644948 
644837 644849 644855 644873 644831 644894 644883 644876 644839 644771 644767 644817 644944 644905 644844 644801 644951 644926 644878 644816 644697 644853 644829 644835 644823 644993 645021 644975 644987 644987 644854 644685 644677 644929 645021 644882 644908 644748 644723 644621 644799 644885 644969 645050 645015 645049 644858 644852 644613 644605 645015 645081 645002 644581 644913 644965 645093 645110 645113 644974 644952 644914 644722 644845 645037 645059 644930 644892 644746 644776 645015 645041 645040 644858 645053 645013 645030 645093 645012 644684 644694 644562 644457 644457 644941 644975 644953 645001 644945 645061 645056 645059 645032 645039 644978 644960 644676 644682 644528 644534 644943 644937 645015 645037 644998 645017 644876 644898 644816 644626 644508 644500 644941 644897 644883 644956 644953 644988 644984 644810 644670 644548 644526 644353 644891 644897 644859 644960 
0 0 0 0 0 644640 644629 0 644513 644371 0 644536 0 0 0 0 644833 0 0 0 0 0 0 0 0 644896 0 0 0 0 644674 0 0 0 0 644736 0 0 0 644050 0 0 0 0 644917 0 0 0 644040 0 0 0 0 0 0 0 644720 0 0 644950 0 644862 644426 0 0 0 0 0 0 0 644599 0 0 0 0 644420 0 0 0 0 0 0 643650 0 0 0 644330 644426 644270 0 0 644647 644713 644659 0 0 0 0 0 0 644291 0 644581 0 644662 0 0 0 0 644186 643891 0 0 0 0 0 0 0 0 0 0 643991 0 643390 0 0 0 0 
644873 644885 644891 644909 644867 644941 644919 644929 644879 644807 644803 644853 644993 644963 644964 644851 644964 644981 644983 644978 644733 644889 644865 644871 644859 644970 644962 644952 644964 645008 644995 644721 644713 644942 644915 645017 645040 644940 644767 644657 644835 644898 644946 645018 645004 645012 645055 645052 644649 644641 644909 644879 645042 644617 644854 644859 644891 644889 644895 645056 645067 645084 644924 644822 644835 644857 645068 645071 644948 644978 644813 644799 645000 645037 644821 644771 644799 644909 645014 644886 644896 644764 644493 644493 644739 644733 644711 644759 644703 644837 644892 644926 644988 644966 644990 644972 644878 644884 644730 644736 644701 644695 644936 644937 644962 644954 644936 644958 644959 644828 644710 644702 644699 644655 644641 644723 644717 644763 644856 644917 644872 644750 644728 644389 644649 644655 644617 644884 
0 0 0 0 0 644622 644585 0 644481 644305 0 644420 0 0 0 0 644709 0 0 0 0 0 0 0 0 644752 0 0 0 0 644742 0 0 0 0 644796 0 0 0 643930 0 0 0 0 644817 0 0 0 643910 0 0 0 0 0 0 0 644578 0 0 644934 0 644990 644642 0 0 0 0 0 0 0 644383 0 0 0 0 644278 0 0 0 0 0 0 643520 0 0 0 644128 644248 644108 0 0 644633 644807 644741 0 0 0 0 0 0 644103 0 644685 0 644778 0 0 0 0 644402 644107 0 0 0 0 0 0 0 0 0 0 644207 0 643260 0 0 0 0 
0 0 0 0 0 644594 644539 0 644453 644273 0 644374 0 0 0 0 644289 0 0 0 0 0 0 0 0 644274 0 0 0 0 644794 0 0 0 0 644784 0 0 0 643898 0 0 0 0 644359 0 0 0 643878 0 0 0 0 0 0 0 644044 0 0 644554 0 644704 645046 0 0 0 0 0 0 0 643849 0 0 0 0 643744 0 0 0 0 0 0 643488 0 0 0 643594 643714 643574 0 0 644199 644409 644339 0 0 0 0 0 0 643569 0 644309 0 644494 0 0 0 0 644862 644641 0 0 0 0 0 0 0 0 0 0 644727 0 643228 0 0 0 0 
0 0 643754 643760 0 643728 643750 643716 643742 643766 0 643816 643724 0 0 0 643778 0 0 0 643864 0 0 0 0 643760 643754 0 0 0 643648 643900 643908 0 0 643652 0 643614 643734 643820 643882 0 0 643698 643726 0 0 643598 643900 643908 0 0 0 643908 0 0 643682 0 0 643648 0 643612 643516 643908 0 0 0 0 0 0 643760 0 0 0 643560 643562 0 0 0 643454 0 0 643864 643798 643834 0 643622 643622 643534 0 0 643524 643536 643516 0 0 643422 0 0 0 643584 0 643480 0 643502 643494 643476 0 0 643396 643374 0 0 0 643452 643466 0 0 0 0 0 643342 0 643694 0 0 0 0 
644857 644845 644839 644869 644815 644837 644859 644801 644803 644779 644831 644922 644881 644815 644747 644735 644983 644845 644781 644719 644826 644964 644940 644943 644937 644989 645009 645007 644995 644939 644757 644817 644809 645005 645057 644785 644811 644651 644675 644728 644931 645004 645013 644953 644955 644959 644761 644755 644745 644737 645063 645056 644905 644713 645042 645080 645044 645010 645004 644877 644855 644817 644625 644977 645100 645078 644833 644795 644649 644679 645092 644969 644942 644761 644947 644949 644921 644944 644914 644587 644597 644465 644586 644589 645036 645041 645006 645009 644921 644931 644907 644910 644898 644890 644880 644862 644579 644585 644431 644437 644971 644977 644866 644888 644864 644868 644779 644801 644719 644529 644411 644403 645012 644825 644839 644853 644859 644861 644835 644713 644573 644451 644429 644485 644963 644966 644815 644811 
644861 644855 644852 644879 644828 644863 644874 644830 644822 644786 644824 644889 644909 644844 644776 644764 644984 644874 644810 644748 644769 644925 644901 644907 644895 644999 645021 645008 645002 644962 644786 644757 644749 644995 645057 644814 644840 644680 644698 644693 644871 644957 645011 644982 644982 644988 644790 644784 644685 644677 645060 645078 644934 644653 644985 645037 645072 645049 645046 644906 644884 644846 644654 644917 645088 645089 644862 644824 644678 644708 645066 644999 644972 644790 644988 644977 644963 644989 644944 644616 644626 644494 644529 644529 644992 645011 644989 645019 644939 644976 644952 644955 644943 644935 644910 644892 644608 644614 644460 644466 644974 644971 644911 644933 644909 644913 644808 644830 644748 644558 644440 644432 644977 644855 644862 644893 644896 644906 644880 644742 644602 644480 644458 644425 644927 644933 644838 644856 
644835 644847 644853 644871 644829 644903 644881 644891 644841 644769 644765 644815 644955 644925 644945 644813 644949 644943 644959 644964 644695 644851 644827 644833 644821 644991 644995 644973 644985 644993 644981 644683 644675 644927 644949 645003 645025 644926 644729 644619 644797 644883 644967 645051 645025 645045 645041 645038 644611 644603 644943 644913 645075 644579 644887 644893 644925 644923 644929 645101 645112 645093 644923 644843 644869 644891 645113 645082 644947 644977 644847 644833 645058 645059 644855 644805 644833 644953 645072 644885 644895 644763 644455 644455 644773 644767 644745 644793 644737 644871 644943 644984 645046 645024 645055 645043 644877 644883 644729 644735 644735 644729 644994 644995 645029 645013 645007 645029 645017 644827 644709 644701 644733 644689 644675 644757 644751 644797 644914 644987 644871 644749 644727 644351 644683 644689 644651 644942 
644856 644868 644874 644892 644850 644924 644902 644912 644862 644790 644786 644836 644976 644946 644964 644834 644949 644964 644980 644978 644716 644872 644848 644854 644842 644943 644923 644925 644937 644993 644995 644704 644696 644927 644875 645017 645040 644940 644750 644640 644818 644883 644919 644979 644977 644973 645065 645068 644632 644624 644869 644839 645027 644600 644815 644819 644851 644849 644855 645046 645057 645088 644983 644795 644795 644817 645068 645099 645007 645037 644773 644759 644977 645094 644781 644731 644759 644879 644991 644945 644955 644823 644476 644476 644699 644693 644671 644719 644663 644797 644869 644903 644969 644943 645008 645001 644937 644943 644789 644795 644661 644655 644925 644914 644984 644954 644972 644994 645008 644887 644769 644761 644659 644615 644601 644683 644677 644723 644833 644954 644931 644809 644787 644372 644609 644615 644577 644881 
644863 644875 644881 644888 644857 644920 644898 644919 644869 644797 644793 644832 644914 644942 644973 644841 644813 644938 644976 645001 644723 644810 644822 644828 644816 644807 644787 644789 644801 644857 645000 644711 644703 644791 644739 644998 644984 644973 644757 644647 644756 644747 644783 644843 644841 644837 645034 645040 644639 644631 644733 644703 644891 644607 644679 644683 644715 644713 644719 644919 644941 644979 645105 644659 644659 644681 644963 645001 645107 645092 644637 644623 644853 645028 644645 644595 644623 644743 644881 645052 645026 644963 644483 644483 644563 644557 644535 644583 644527 644661 644733 644777 644861 644833 644915 644929 645008 645014 644929 644935 644525 644519 644821 644799 644895 644855 644969 644972 645005 644994 644909 644901 644523 644479 644465 644547 644541 644587 644709 644951 644955 644938 644916 644379 644473 644479 644441 644781 
644835 644847 644853 644871 644829 644903 644881 644891 644841 644769 644765 644815 644934 644925 644945 644813 644845 644943 644959 644973 644695 644830 644827 644833 644821 644839 644819 644821 644833 644889 644983 644683 644675 644823 644771 645003 645004 644945 644729 644619 644776 644779 644815 644875 644873 644869 645054 645060 644611 644603 644765 644735 644923 644579 644711 644715 644747 644745 644751 644951 644973 645011 645097 644691 644691 644713 644995 645033 645121 645127 644669 644655 644885 645067 644677 644627 644655 644775 644913 645075 645064 644953 644455 644455 644595 644589 644567 644615 644559 644693 644765 644809 644893 644865 644947 644965 645046 645052 644919 644925 644557 644551 644853 644831 644927 644887 645010 645021 645052 645017 644899 644891 644555 644511 644497 644579 644573 644619 644741 645001 645004 644939 644917 644351 644505 644511 644473 644813 
0 0 0 0 0 644465 644520 0 644380 644314 0 644629 0 0 0 0 644812 0 0 0 0 0 0 0 0 644845 0 0 0 0 644265 0 0 0 0 644335 0 0 0 644155 0 0 0 0 644760 0 0 0 644251 0 0 0 0 0 0 0 644909 0 0 644565 0 644415 643935 0 0 0 0 0 0 0 645030 0 0 0 0 644609 0 0 0 0 0 0 643861 0 0 0 644703 644727 644523 0 0 644514 644544 644494 0 0 0 0 0 0 644622 0 644404 0 644459 0 0 0 0 643695 643400 0 0 0 0 0 0 0 0 0 0 643500 0 643601 0 0 0 0 
644768 644774 644777 644798 644753 644789 644803 644753 644755 644699 644709 644770 644833 644767 644699 644687 644885 644797 644733 644671 644674 644812 644788 644791 644785 644918 644944 644909 644915 644891 644709 644663 644655 644874 644956 644737 644763 644603 644627 644576 644777 644852 644906 644905 644907 644911 644713 644707 644591 644583 644953 645010 644857 644559 644890 644928 645016 645035 645029 644829 644807 644769 644577 644823 644988 644999 644785 644747 644601 644631 644977 645090 644895 644713 645079 645065 645054 645005 644867 644539 644549 644417 644434 644435 644919 645033 645035 645070 645007 645063 645003 644971 644887 644915 644833 644815 644531 644537 644383 644389 645018 645015 644927 644949 644853 644893 644731 644753 644671 644481 644363 644355 645040 644947 644940 644986 644992 644994 644968 644665 644525 644403 644381 644331 644992 644995 644916 644943 
644774 644786 644792 644810 644768 644842 644820 644830 644780 644708 644704 644754 644894 644864 644882 644752 644888 644882 644898 644896 644634 644790 644766 644772 644760 644930 644958 644912 644924 644932 644913 644622 644614 644866 644958 644935 644958 644834 644668 644558 644736 644822 644906 645014 644964 645008 644944 644938 644550 644542 644952 645007 645014 644518 644850 644902 645019 645053 645059 645033 645038 645000 644808 644782 644963 644985 645016 644978 644832 644862 644941 644963 645108 644944 644985 644935 644963 645083 645098 644770 644780 644648 644394 644394 644867 644897 644875 644923 644867 645001 645073 645107 645107 645123 645064 645046 644762 644768 644614 644620 644865 644859 645087 645109 645073 645101 644962 644984 644902 644712 644594 644586 644863 644819 644805 644887 644881 644927 645037 644896 644756 644634 644612 644290 644813 644819 644781 645031 
644814 644826 644832 644850 644808 644882 644860 644870 644820 644748 644744 644794 644934 644904 644924 644792 644907 644922 644938 644952 644674 644830 644806 644812 644800 644913 644905 644895 644907 644951 644962 644662 644654 644885 644858 644982 645004 644924 644708 644598 644776 644841 644889 644961 644947 644955 645054 645060 644590 644582 644852 644822 644997 644558 644797 644802 644834 644832 644838 645025 645047 645073 645024 644765 644778 644800 645069 645095 645048 645078 644756 644742 644972 645123 644764 644714 644742 644862 645000 644986 644996 644864 644434 644434 644682 644676 644654 644702 644646 644780 644852 644896 644980 644952 645034 645049 644978 644984 644830 644836 644644 644638 644940 644918 645014 644974 645038 645060 645061 644928 644810 644802 644642 644598 644584 644666 644660 644706 644828 645019 644972 644850 644828 644330 644592 644598 644560 644900 
0 0 644616 644643 0 644689 644658 644659 644598 644490 0 644559 644763 0 0 0 644760 0 0 0 644379 0 0 0 0 644823 644865 0 0 0 644615 644361 0 0 0 644657 0 644456 644430 644265 644532 0 0 644909 644870 0 0 644612 644253 0 0 0 0 0 0 0 644973 0 0 644795 0 644705 644417 644601 0 0 0 0 0 0 644856 0 0 0 645118 645067 0 0 0 644360 0 0 644019 644019 0 0 644977 645025 644977 0 0 645008 644882 644924 0 0 644348 0 0 0 644974 0 644942 0 644831 644891 644648 0 0 644273 644096 0 0 0 644884 645007 0 0 0 0 0 644156 0 643863 0 0 0 0 
0 0 0 0 0 644151 644162 0 644038 643916 0 644099 0 0 0 0 644390 0 0 0 0 0 0 0 0 644459 0 0 0 0 644037 0 0 0 0 644103 0 0 0 643609 0 0 0 0 644450 0 0 0 643589 0 0 0 0 0 0 0 644701 0 0 644337 0 644217 643737 0 0 0 0 0 0 0 644594 0 0 0 0 644987 0 0 0 0 0 0 643199 0 0 0 644925 644919 644965 0 0 644694 644512 644582 0 0 0 0 0 0 644970 0 644612 0 644427 0 0 0 0 643497 643202 0 0 0 0 0 0 0 0 0 0 643302 0 642939 0 0 0 0 
644154 644166 644172 644190 644148 644199 644200 644169 644156 644088 644084 644134 644240 644188 644142 644100 644239 644215 644171 644128 644014 644165 644146 644152 644140 644269 644285 644251 644263 644269 644159 644002 643994 644217 644273 644185 644205 644070 644034 643938 644111 644173 644245 644276 644277 644279 644180 644177 643930 643922 644267 644309 644252 643898 644177 644217 644321 644341 644338 644238 644227 644208 644093 644121 644265 644287 644216 644197 644117 644139 644243 644373 644271 644180 644375 644369 644374 644326 644257 644086 644098 644001 643774 643774 644169 644271 644309 644333 644325 644367 644331 644309 644267 644281 644240 644231 644089 644092 643984 643987 644311 644305 644287 644298 644250 644270 644189 644200 644159 644057 643950 643958 644273 644313 644299 644340 644343 644344 644331 644156 644086 644006 643995 643670 644259 644265 644287 644307 
644687 644699 644705 644723 644681 644745 644733 644721 644693 644621 644617 644667 644793 644745 644721 644649 644801 644769 644745 644721 644547 644703 644679 644685 644673 644843 644871 644825 644837 644841 644745 644535 644527 644779 644871 644769 644793 644673 644577 644471 644649 644735 644819 644889 644865 644889 644793 644793 644463 644455 644865 644907 644865 644431 644763 644815 644919 644937 644937 644865 644865 644841 644745 644695 644863 644885 644865 644841 644769 644793 644841 644897 644937 644841 644911 644869 644887 644937 644937 644769 644793 644721 644307 644307 644767 644831 644809 644857 644801 644911 644935 644937 644937 644937 644937 644937 644793 644793 644721 644721 644799 644793 644937 644937 644937 644937 644913 644913 644865 644769 644673 644693 644797 644753 644739 644815 644815 644839 644887 644889 644817 644741 644719 644203 644747 644753 644715 644911 
644811 644823 644829 644847 644805 644879 644857 644867 644817 644745 644741 644791 644931 644901 644921 644789 644925 644919 644935 644943 644671 644827 644803 644809 644797 644967 644995 644949 644961 644969 644959 644659 644651 644903 644989 644979 645001 644889 644705 644595 644773 644859 644943 645051 645001 645045 645001 644995 644587 644579 644983 644990 645051 644555 644887 644933 645002 645000 645006 645079 645087 645056 644865 644819 644946 644968 645073 645035 644889 644919 644924 644910 645137 645001 644932 644882 644910 645030 645135 644827 644837 644705 644431 644431 644850 644844 644822 644870 644814 644948 645020 645064 645110 645088 645103 645085 644819 644825 644671 644677 644812 644806 645054 645069 645076 645068 645013 645035 644959 644769 644651 644643 644810 644766 644752 644834 644828 644874 644994 644953 644813 644691 644669 644327 644760 644766 644728 644998 
0 0 644558 644585 0 644633 644600 644615 644540 644432 0 644501 644711 0 0 0 644604 0 0 0 644321 0 0 0 0 644595 644565 0 0 0 644753 644303 0 0 0 644783 0 644696 644372 644207 644474 0 0 644649 644646 0 0 644900 644195 0 0 0 0 0 0 0 644457 0 0 644763 0 644853 644951 644373 0 0 0 0 0 0 644340 0 0 0 644352 644277 0 0 0 645058 0 0 643961 643961 0 0 644187 644259 644175 0 0 644550 644676 644634 0 0 645088 0 0 0 644172 0 644616 0 644727 644667 644910 0 0 645039 644884 0 0 0 644082 644205 0 0 0 0 0 644958 0 643805 0 0 0 0 
642446 642458 642464 642470 642452 642500 642480 642494 642464 642416 642400 642414 642502 642511 642521 642455 642428 642520 642528 642535 642330 642402 642414 642420 642408 642434 642426 642416 642428 642472 642540 642306 642298 642406 642390 642550 642537 642521 642412 642314 642348 642362 642410 642466 642465 642463 642562 642565 642270 642262 642384 642378 642490 642250 642318 642334 642390 642400 642404 642504 642515 642534 642606 642286 642334 642356 642526 642545 642618 642603 642312 642346 642471 642562 642367 642330 642356 642416 642485 642649 642644 642614 642210 642066 642238 642268 642270 642306 642286 642375 642411 642433 642475 642461 642502 642511 642647 642650 642597 642600 642272 642266 642455 642444 642492 642472 642553 642542 642583 642646 642587 642583 642246 642274 642260 642318 642312 642338 642399 642586 642620 642607 642596 641962 642220 642226 642248 642435 
644705 644717 644723 644717 644711 644749 644727 644761 644723 644651 644647 644661 644729 644771 644815 644695 644639 644753 644805 644843 644577 644625 644637 644643 644631 644633 644613 644615 644627 644683 644829 644565 644557 644617 644565 644813 644799 644827 644611 644501 644571 644573 644609 644669 644667 644663 644849 644855 644493 644485 644559 644529 644717 644461 644505 644509 644541 644539 644545 644745 644767 644805 644961 644485 644485 644507 644789 644827 644949 644931 644463 644449 644679 644861 644471 644421 644449 644569 644707 645011 645013 645079 644337 644325 644389 644383 644361 644409 644353 644487 644559 644603 644687 644659 644741 644759 645031 645025 645062 645065 644351 644345 644647 644625 644721 644681 644843 644821 644903 645069 645040 645048 644349 644305 644291 644373 644367 644413 644535 644909 645047 645060 645041 644221 644299 644305 644267 644607 
0 0 0 0 0 641995 641995 0 642043 642091 0 641995 641947 0 0 0 641899 0 0 0 642067 0 0 0 0 641875 0 0 0 0 641995 642043 0 0 0 641971 0 642067 642163 642187 641947 0 0 0 641875 0 0 641947 642115 0 0 0 0 0 0 0 641779 0 0 641875 0 641899 641995 0 0 0 0 0 0 0 641779 0 0 0 0 641659 0 0 0 0 0 0 642233 0 0 0 641659 641683 641611 0 0 641731 641779 641755 0 0 0 0 0 0 641635 0 641731 0 641779 0 0 0 0 641971 642067 0 0 0 0 0 0 0 0 0 0 641995 0 641677 0 0 0 0 
0 0 642597 642603 0 642571 642593 642559 642585 642585 0 642659 642567 0 0 0 642621 0 0 0 642707 0 0 0 0 642603 642599 0 0 0 642491 642743 0 0 0 642495 0 642457 642481 642543 642725 0 0 642543 642569 0 0 642441 642695 0 0 0 0 0 0 0 642599 0 0 642491 0 642455 642359 642751 0 0 0 0 0 0 642677 0 0 0 642573 642599 0 0 0 642297 0 0 642467 642963 0 0 642659 642635 642619 0 0 642489 642453 642457 0 0 642265 0 0 0 642645 0 642445 0 642419 642435 642345 0 0 642239 642217 0 0 0 642609 642575 0 0 0 0 0 642185 0 642893 0 0 0 0 
0 0 643671 643677 0 643645 643667 643633 643659 643683 0 643733 643641 0 0 0 643695 0 0 0 643781 0 0 0 0 643677 643673 0 0 0 643565 643817 643825 0 0 643569 0 643531 643651 643737 643799 0 0 643617 643643 0 0 643515 643817 643825 0 0 0 643825 0 0 643673 0 0 643565 0 643529 643433 643825 0 0 0 0 0 0 643751 0 0 0 643591 643593 0 0 0 643371 0 0 643781 643743 643825 0 643653 643653 643565 0 0 643555 643527 643531 0 0 643339 0 0 0 643615 0 643511 0 643493 643509 643419 0 0 643313 643291 0 0 0 643483 643497 0 0 0 0 0 643259 0 643639 0 0 0 0 
644762 644750 644744 644774 644720 644742 644764 644706 644708 644684 644736 644830 644786 644720 644652 644640 644888 644750 644686 644624 644766 644890 644866 644860 644872 644894 644914 644912 644900 644844 644662 644761 644753 644910 644962 644690 644716 644556 644580 644642 644875 644944 644918 644858 644860 644864 644666 644660 644689 644681 644968 644998 644810 644657 644982 645018 644986 644988 644982 644782 644760 644722 644530 644921 645042 645020 644738 644700 644554 644584 645064 645031 644848 644666 645009 645023 644995 644958 644820 644492 644502 644370 644526 644533 645017 645126 645083 645071 644996 644993 644957 644924 644840 644868 644786 644768 644484 644490 644336 644342 645046 645052 644880 644902 644806 644846 644684 644706 644624 644434 644316 644308 645109 644900 644914 644928 644934 644936 644909 644618 644478 644356 644334 644429 645073 645076 644890 644873 
0 0 0 0 0 644136 644171 0 644039 643955 0 644270 0 0 0 0 644453 0 0 0 0 0 0 0 0 644486 0 0 0 0 643936 0 0 0 0 644006 0 0 0 643796 0 0 0 0 644431 0 0 0 643864 0 0 0 0 0 0 0 644720 0 0 644236 0 644086 643606 0 0 0 0 0 0 0 644837 0 0 0 0 644946 0 0 0 0 0 0 643474 0 0 0 645036 644988 644880 0 0 644591 644381 644451 0 0 0 0 0 0 644979 0 644481 0 644296 0 0 0 0 643366 643071 0 0 0 0 0 0 0 0 0 0 643171 0 643214 0 0 0 0 
0 0 0 0 0 644195 644228 0 644096 644006 0 644229 0 0 0 0 644492 0 0 0 0 0 0 0 0 644543 0 0 0 0 644041 0 0 0 0 644111 0 0 0 643743 0 0 0 0 644492 0 0 0 643743 0 0 0 0 0 0 0 644777 0 0 644341 0 644191 643711 0 0 0 0 0 0 0 644742 0 0 0 0 645017 0 0 0 0 0 0 643353 0 0 0 645009 645025 644937 0 0 644696 644486 644556 0 0 0 0 0 0 644994 0 644586 0 644401 0 0 0 0 643471 643176 0 0 0 0 0 0 0 0 0 0 643276 0 643093 0 0 0 0 
0 0 0 0 0 644080 644117 0 643985 643895 0 644080 0 0 0 0 644377 0 0 0 0 0 0 0 0 644432 0 0 0 0 643880 0 0 0 0 643950 0 0 0 643594 0 0 0 0 644375 0 0 0 643574 0 0 0 0 0 0 0 644666 0 0 644180 0 644030 643550 0 0 0 0 0 0 0 644579 0 0 0 0 644962 0 0 0 0 0 0 643184 0 0 0 644916 644896 645048 0 0 644535 644325 644395 0 0 0 0 0 0 644973 0 644425 0 644240 0 0 0 0 643310 643015 0 0 0 0 0 0 0 0 0 0 643115 0 642924 0 0 0 0 
644730 644736 644739 644760 644715 644776 644765 644758 644721 644661 644660 644710 644826 644787 644745 644683 644844 644808 644774 644723 644590 644746 644722 644728 644716 644880 644906 644868 644877 644869 644761 644578 644570 644822 644914 644788 644813 644655 644605 644514 644692 644778 644862 644932 644897 644931 644765 644759 644506 644498 644908 644972 644896 644474 644806 644858 644978 645013 645016 644881 644859 644821 644629 644738 644930 644952 644837 644799 644653 644683 644908 645064 644947 644765 645075 645060 645074 645042 644919 644591 644601 644469 644350 644350 644834 644972 645008 645034 645001 645083 645059 645023 644939 644967 644885 644867 644583 644589 644435 644441 644999 644993 644979 645001 644905 644945 644783 644805 644723 644533 644415 644407 644974 644943 644936 645001 644998 645033 645053 644717 644577 644455 644433 644246 644947 644953 644912 645007 
644711 644723 644729 644747 644705 644779 644757 644767 644717 644645 644641 644691 644831 644801 644814 644689 644825 644819 644833 644808 644571 644727 644703 644709 644697 644867 644895 644849 644861 644869 644839 644559 644551 644803 644895 644865 644890 644750 644605 644495 644673 644759 644843 644951 644901 644945 644862 644856 644487 644479 644889 644955 644951 644455 644787 644839 644967 645013 645019 644959 644948 644917 644726 644719 644911 644933 644934 644896 644750 644780 644889 645039 645028 644862 645061 645011 645039 645091 645014 644688 644698 644566 644331 644331 644815 644951 644951 644999 644943 645077 645122 645102 645036 645062 644982 644964 644680 644686 644532 644538 644941 644935 645076 645091 645002 645042 644880 644902 644820 644630 644512 644504 644939 644895 644881 644963 644957 645003 645096 644814 644674 644552 644530 644227 644889 644895 644857 645088 
0 0 0 0 0 644355 644300 0 644200 644020 0 644135 0 0 0 0 644470 0 0 0 0 0 0 0 0 644575 0 0 0 0 644539 0 0 0 0 644597 0 0 0 643645 0 0 0 0 644660 0 0 0 643625 0 0 0 0 0 0 0 644821 0 0 644839 0 644701 644221 0 0 0 0 0 0 0 644626 0 0 0 0 644699 0 0 0 0 0 0 643235 0 0 0 644549 644669 644529 0 0 645096 644992 645024 0 0 0 0 0 0 644524 0 644996 0 644907 0 0 0 0 643981 643686 0 0 0 0 0 0 0 0 0 0 643786 0 642975 0 0 0 0 
0 0 0 0 0 644333 644278 0 644178 643998 0 644113 0 0 0 0 644448 0 0 0 0 0 0 0 0 644553 0 0 0 0 644399 0 0 0 0 644457 0 0 0 643623 0 0 0 0 644638 0 0 0 643603 0 0 0 0 0 0 0 644791 0 0 644699 0 644657 644317 0 0 0 0 0 0 0 644596 0 0 0 0 644603 0 0 0 0 0 0 643213 0 0 0 644453 644573 644433 0 0 644920 644946 644968 0 0 0 0 0 0 644428 0 644942 0 644941 0 0 0 0 644077 643782 0 0 0 0 0 0 0 0 0 0 643882 0 642953 0 0 0 0 
0 0 0 0 0 644236 644181 0 644081 643901 0 644016 0 0 0 0 644351 0 0 0 0 0 0 0 0 644456 0 0 0 0 644414 0 0 0 0 644468 0 0 0 643526 0 0 0 0 644541 0 0 0 643506 0 0 0 0 0 0 0 644706 0 0 644714 0 644698 644310 0 0 0 0 0 0 0 644511 0 0 0 0 644610 0 0 0 0 0 0 643116 0 0 0 644460 644580 644440 0 0 645017 644999 645033 0 0 0 0 0 0 644435 0 645063 0 644996 0 0 0 0 644070 643775 0 0 0 0 0 0 0 0 0 0 643875 0 642856 0 0 0 0 
644779 644791 644797 644815 644773 644847 644825 644835 644785 644713 644709 644759 644899 644869 644889 644757 644893 644887 644903 644917 644639 644795 644771 644777 644765 644935 644963 644917 644929 644937 644927 644627 644619 644871 644945 644947 644969 644883 644673 644563 644741 644827 644911 645019 644969 645013 645008 645011 644555 644547 644939 644920 645019 644523 644855 644889 644932 644930 644936 645047 645069 645052 644916 644787 644876 644898 645080 645063 644940 644970 644854 644840 645070 645048 644862 644812 644840 644960 645092 644878 644888 644756 644399 644399 644780 644774 644752 644800 644744 644878 644950 644994 645070 645044 645101 645092 644870 644876 644722 644728 644742 644736 645026 645015 645075 645055 645052 645074 645010 644820 644702 644694 644740 644696 644682 644764 644758 644804 644926 645004 644864 644742 644720 644295 644690 644696 644658 644982 
644702 644714 644720 644738 644696 644770 644748 644758 644708 644636 644632 644682 644822 644792 644812 644680 644816 644810 644826 644840 644562 644718 644694 644700 644688 644858 644886 644840 644852 644860 644850 644550 644542 644794 644886 644870 644892 644812 644596 644486 644664 644750 644834 644942 644892 644936 644942 644948 644478 644470 644880 644908 644942 644446 644778 644830 644920 644930 644936 644970 644992 644982 644909 644710 644864 644886 645014 645004 644933 644963 644842 644840 645036 645025 644862 644812 644840 644960 645064 644871 644881 644749 644322 644322 644768 644774 644752 644800 644744 644878 644950 644994 645066 645050 645097 645106 644863 644869 644715 644721 644742 644736 645038 645016 645097 645072 645063 645085 645003 644813 644695 644687 644740 644696 644682 644764 644758 644804 644926 644997 644857 644735 644713 644218 644690 644696 644658 644998 
0 0 644605 644632 0 644680 644647 644662 644587 644479 0 644548 644660 0 0 0 644507 0 0 0 644368 0 0 0 0 644498 644468 0 0 0 644800 644350 0 0 0 644804 0 644743 644419 644254 644423 0 0 644552 644549 0 0 644849 644242 0 0 0 0 0 0 0 644360 0 0 644666 0 644756 644998 644276 0 0 0 0 0 0 644243 0 0 0 644255 644180 0 0 0 645101 0 0 644008 644008 0 0 644090 644162 644078 0 0 644453 644579 644537 0 0 645113 0 0 0 644075 0 644519 0 644630 644570 644813 0 0 645146 644995 0 0 0 643985 644108 0 0 0 0 0 645055 0 643852 0 0 0 0 
644731 644743 644749 644767 644725 644799 644777 644787 644737 644665 644661 644711 644844 644821 644841 644709 644753 644839 644855 644869 644591 644740 644723 644729 644717 644747 644727 644729 644741 644797 644879 644579 644571 644731 644679 644899 644914 644841 644625 644515 644686 644687 644723 644783 644781 644777 644964 644970 644507 644499 644673 644643 644831 644475 644619 644623 644655 644653 644659 644859 644881 644919 645011 644599 644599 644621 644903 644941 645035 645046 644577 644563 644793 644975 644585 644535 644563 644683 644821 645094 645118 645044 644351 644351 644503 644497 644475 644523 644467 644601 644673 644717 644801 644773 644855 644873 645127 645124 645010 645016 644465 644459 644761 644739 644835 644795 644957 644935 645017 645108 644990 644982 644463 644419 644405 644487 644481 644527 644649 645023 645108 645030 645008 644247 644413 644419 644381 644721 
644678 644690 644696 644688 644684 644720 644698 644734 644696 644648 644632 644632 644677 644742 644788 644692 644575 644713 644776 644816 644562 644573 644597 644603 644591 644569 644549 644551 644563 644619 644800 644538 644530 644553 644501 644773 644747 644812 644609 644499 644519 644509 644545 644605 644603 644599 644797 644803 644491 644483 644495 644465 644653 644459 644441 644445 644477 644475 644481 644681 644703 644741 644932 644421 644421 644443 644725 644763 644909 644879 644399 644385 644615 644797 644407 644357 644385 644505 644643 644971 644961 645060 644335 644298 644325 644319 644297 644345 644289 644423 644495 644539 644623 644595 644677 644695 644979 644973 645077 645074 644287 644281 644583 644561 644657 644617 644779 644757 644839 645027 645039 645067 644285 644241 644227 644309 644303 644349 644471 644845 644981 645077 645082 644194 644235 644241 644203 644543 
643902 643914 643920 643912 643908 643944 643922 643958 643920 643872 643856 643856 643924 643966 644012 643916 643846 643948 644000 644040 643786 643820 643832 643838 643826 643852 643844 643834 643846 643890 644024 643762 643754 643824 643808 644008 643994 644036 643868 643770 643766 643780 643828 643900 643886 643894 644044 644050 643726 643718 643802 643796 643936 643706 643736 643752 643808 643818 643824 643964 643986 644012 644156 643704 643752 643774 644008 644034 644144 644126 643730 643764 643934 644068 643786 643748 643776 643860 643962 644206 644208 644266 643666 643522 643656 643686 643688 643724 643704 643802 643862 643894 643954 643938 643996 644014 644219 644216 644267 644270 643690 643684 643938 643916 643988 643960 644086 644064 644122 644244 644245 644253 643664 643692 643678 643736 643730 643764 643862 644140 644222 644263 644252 643418 643638 643644 643666 643922 
0 0 0 0 0 644035 644068 0 643936 643852 0 644099 0 0 0 0 644340 0 0 0 0 0 0 0 0 644383 0 0 0 0 643891 0 0 0 0 643961 0 0 0 643617 0 0 0 0 644332 0 0 0 643613 0 0 0 0 0 0 0 644617 0 0 644191 0 644041 643561 0 0 0 0 0 0 0 644616 0 0 0 0 644917 0 0 0 0 0 0 643223 0 0 0 644939 644887 645027 0 0 644546 644336 644406 0 0 0 0 0 0 644998 0 644436 0 644251 0 0 0 0 643321 643026 0 0 0 0 0 0 0 0 0 0 643126 0 642963 0 0 0 0 
644704 644692 644686 644716 644662 644684 644706 644648 644650 644626 644678 644762 644728 644662 644594 644582 644830 644692 644628 644566 644666 644804 644780 644783 644777 644836 644856 644854 644842 644786 644604 644661 644653 644852 644904 644632 644658 644498 644522 644568 644775 644844 644860 644800 644802 644806 644608 644602 644589 644581 644910 644940 644752 644557 644882 644920 644928 644930 644924 644724 644702 644664 644472 644821 644980 644962 644680 644642 644496 644526 644969 645020 644790 644608 644998 645048 645020 644900 644762 644434 644444 644312 644426 644433 644917 645037 645098 645060 645088 644982 644910 644866 644782 644810 644728 644710 644426 644432 644278 644284 645112 645118 644822 644844 644748 644788 644626 644648 644566 644376 644258 644250 645056 644993 645007 645021 645027 645028 644934 644560 644420 644298 644276 644329 645097 645100 644983 644862 
0 0 0 0 0 644242 644187 0 644087 643907 0 644022 0 0 0 0 644357 0 0 0 0 0 0 0 0 644462 0 0 0 0 644386 0 0 0 0 644440 0 0 0 643532 0 0 0 0 644547 0 0 0 643512 0 0 0 0 0 0 0 644712 0 0 644686 0 644668 644284 0 0 0 0 0 0 0 644517 0 0 0 0 644636 0 0 0 0 0 0 643122 0 0 0 644486 644606 644466 0 0 645017 644967 645029 0 0 0 0 0 0 644461 0 645051 0 644938 0 0 0 0 644044 643749 0 0 0 0 0 0 0 0 0 0 643849 0 642862 0 0 0 0 
644727 644739 644745 644763 644721 644795 644773 644783 644733 644661 644657 644707 644847 644817 644820 644705 644841 644835 644839 644834 644587 644743 644719 644725 644713 644883 644911 644865 644877 644885 644851 644575 644567 644819 644911 644873 644896 644790 644621 644511 644689 644775 644859 644967 644917 644961 644900 644894 644503 644495 644905 644971 644957 644471 644803 644855 644983 645029 645035 644971 644982 644956 644764 644735 644927 644949 644972 644934 644788 644818 644905 644992 645046 644900 645014 644964 644992 645093 645054 644726 644736 644604 644347 644347 644831 644926 644904 644952 644896 645030 645087 645110 645074 645102 645020 645002 644718 644724 644570 644576 644894 644888 645108 645121 645040 645080 644918 644940 644858 644668 644550 644542 644892 644848 644834 644916 644910 644956 645051 644852 644712 644590 644568 644243 644842 644848 644810 645063 
0 0 0 0 0 644342 644287 0 644187 644007 0 644122 0 0 0 0 644457 0 0 0 0 0 0 0 0 644562 0 0 0 0 644542 0 0 0 0 644592 0 0 0 643632 0 0 0 0 644647 0 0 0 643612 0 0 0 0 0 0 0 644696 0 0 644842 0 644852 644524 0 0 0 0 0 0 0 644501 0 0 0 0 644396 0 0 0 0 0 0 643222 0 0 0 644246 644366 644226 0 0 644851 645039 644973 0 0 0 0 0 0 644221 0 644931 0 645060 0 0 0 0 644284 643989 0 0 0 0 0 0 0 0 0 0 644089 0 642962 0 0 0 0 
0 0 644523 644550 0 644598 644565 644580 644505 644397 0 644466 644676 0 0 0 644667 0 0 0 644286 0 0 0 0 644730 644772 0 0 0 644718 644268 0 0 0 644748 0 644657 644337 644172 644439 0 0 644856 644781 0 0 644841 644160 0 0 0 0 0 0 0 644854 0 0 644898 0 644910 644676 644508 0 0 0 0 0 0 644737 0 0 0 644895 644820 0 0 0 644619 0 0 643926 643926 0 0 644730 644802 644718 0 0 645043 645065 645075 0 0 644607 0 0 0 644715 0 645093 0 645056 645076 644907 0 0 644532 644355 0 0 0 644625 644748 0 0 0 0 0 644415 0 643770 0 0 0 0 
0 0 644448 644475 0 644523 644490 644505 644430 644322 0 644391 644601 0 0 0 644592 0 0 0 644211 0 0 0 0 644655 644697 0 0 0 644643 644193 0 0 0 644673 0 644586 644262 644097 644364 0 0 644781 644706 0 0 644790 644085 0 0 0 0 0 0 0 644663 0 0 644823 0 644841 644841 644433 0 0 0 0 0 0 644546 0 0 0 644558 644483 0 0 0 644892 0 0 643851 643851 0 0 644393 644465 644381 0 0 644756 644882 644840 0 0 644912 0 0 0 644378 0 644822 0 644933 644873 645098 0 0 644863 644692 0 0 0 644288 644411 0 0 0 0 0 644752 0 643695 0 0 0 0 
644688 644700 644706 644724 644682 644756 644734 644744 644694 644622 644618 644668 644808 644778 644798 644666 644802 644796 644812 644826 644548 644704 644680 644686 644674 644844 644872 644826 644838 644846 644836 644536 644528 644780 644871 644856 644878 644798 644582 644472 644650 644736 644820 644928 644878 644922 644928 644934 644464 644456 644865 644859 644928 644432 644764 644815 644871 644870 644876 644956 644978 644968 644965 644696 644815 644837 645000 644990 644989 645010 644793 644780 644997 645024 644802 644752 644780 644900 645025 644947 644957 644825 644308 644308 644719 644714 644692 644740 644684 644818 644890 644934 645017 644990 645059 645077 644939 644945 644791 644797 644682 644676 644978 644956 645051 645012 645125 645127 645072 644889 644771 644763 644680 644636 644622 644704 644698 644744 644866 645073 644933 644811 644789 644204 644630 644636 644598 644938 
644710 644722 644728 644746 644704 644778 644756 644766 644716 644644 644640 644690 644830 644800 644820 644688 644824 644818 644834 644848 644570 644726 644702 644708 644696 644855 644870 644837 644849 644868 644858 644558 644550 644802 644822 644878 644900 644820 644604 644494 644672 644758 644831 644926 644889 644920 644950 644956 644486 644478 644816 644786 644939 644454 644762 644766 644798 644796 644802 644967 644989 644990 644990 644707 644742 644764 645011 645012 645014 645032 644720 644706 644936 645046 644728 644678 644706 644826 644964 645025 645037 644905 644330 644330 644646 644640 644618 644666 644610 644744 644816 644860 644944 644916 644998 645016 645019 645025 644871 644877 644608 644602 644904 644882 644978 644938 645100 645078 645125 644969 644851 644843 644606 644562 644548 644630 644624 644670 644792 645124 645013 644891 644869 644226 644556 644562 644524 644864 
0 0 0 0 0 644274 644219 0 644131 643951 0 644054 0 0 0 0 644097 0 0 0 0 0 0 0 0 644082 0 0 0 0 644474 0 0 0 0 644490 0 0 0 643576 0 0 0 0 644167 0 0 0 643556 0 0 0 0 0 0 0 643852 0 0 644362 0 644512 644804 0 0 0 0 0 0 0 643657 0 0 0 0 643552 0 0 0 0 0 0 643166 0 0 0 643402 643522 643382 0 0 644007 644217 644147 0 0 0 0 0 0 643377 0 644117 0 644302 0 0 0 0 645074 644833 0 0 0 0 0 0 0 0 0 0 644921 0 642906 0 0 0 0 
0 0 0 0 0 644181 644126 0 644206 644072 0 643961 0 0 0 0 643856 0 0 0 0 0 0 0 0 643841 0 0 0 0 644381 0 0 0 0 644335 0 0 0 643697 0 0 0 0 643926 0 0 0 643677 0 0 0 0 0 0 0 643611 0 0 644121 0 644271 644711 0 0 0 0 0 0 0 643416 0 0 0 0 643311 0 0 0 0 0 0 643287 0 0 0 643161 643281 643141 0 0 643766 643976 643906 0 0 0 0 0 0 643136 0 643876 0 644061 0 0 0 0 644963 645056 0 0 0 0 0 0 0 0 0 0 644948 0 642897 0 0 0 0 
644668 644680 644686 644656 644710 644688 644666 644724 644722 644692 644676 644600 644644 644710 644778 644736 644542 644680 644744 644806 644606 644540 644564 644570 644558 644536 644516 644518 644530 644586 644768 644564 644556 644520 644468 644740 644714 644856 644653 644543 644486 644476 644512 644572 644570 644566 644764 644770 644535 644527 644462 644432 644620 644503 644408 644412 644444 644442 644448 644648 644670 644708 644900 644388 644388 644410 644692 644730 644876 644846 644366 644352 644582 644764 644374 644324 644352 644472 644610 644938 644928 645060 644379 644288 644292 644286 644264 644312 644256 644390 644462 644506 644590 644562 644644 644662 644946 644940 645091 645088 644254 644248 644550 644528 644624 644584 644746 644724 644806 644996 645096 645117 644252 644208 644194 644276 644270 644316 644438 644812 644952 645069 645076 644184 644202 644208 644170 644510 
644741 644729 644723 644753 644699 644721 644743 644685 644687 644663 644715 644798 644765 644699 644631 644619 644867 644729 644665 644603 644728 644852 644828 644825 644831 644873 644893 644891 644879 644823 644641 644722 644714 644886 644941 644669 644695 644535 644559 644608 644836 644906 644897 644837 644839 644843 644645 644639 644650 644642 644947 644977 644789 644618 644944 644976 644965 644967 644961 644761 644739 644701 644509 644882 645012 644999 644717 644679 644533 644563 645023 645044 644827 644645 645022 645046 645018 644937 644799 644471 644481 644349 644488 644494 644978 645098 645095 645084 645018 645006 644946 644903 644819 644847 644765 644747 644463 644469 644315 644321 645064 645067 644859 644881 644785 644825 644663 644685 644603 644413 644295 644287 645105 644922 644936 644950 644956 644958 644932 644597 644457 644335 644313 644390 645078 645081 644912 644886 
644623 644630 644633 644654 644609 644664 644659 644634 644615 644555 644553 644603 644710 644653 644591 644565 644737 644680 644625 644563 644483 644639 644615 644621 644609 644774 644800 644761 644771 644763 644601 644471 644463 644715 644807 644629 644655 644495 644499 644407 644585 644671 644755 644794 644783 644797 644605 644599 644399 644391 644801 644866 644749 644367 644699 644751 644872 644907 644904 644721 644699 644661 644469 644631 644823 644845 644677 644639 644493 644523 644801 644970 644787 644605 644977 644992 645000 644897 644759 644431 644441 644309 644243 644243 644727 644865 644939 644939 645027 644969 644907 644863 644779 644807 644725 644707 644423 644429 644275 644281 644977 644971 644819 644841 644745 644785 644623 644645 644563 644373 644255 644247 644879 645109 645102 645074 645073 645042 644931 644557 644417 644295 644273 644139 644925 644931 645104 644859 
644682 644682 644679 644706 644655 644679 644701 644643 644645 644613 644623 644678 644723 644657 644589 644577 644799 644687 644623 644561 644558 644714 644690 644696 644684 644826 644848 644823 644829 644781 644599 644546 644538 644788 644870 644627 644653 644493 644517 644482 644660 644746 644820 644795 644797 644801 644603 644597 644474 644466 644867 644924 644747 644442 644774 644826 644920 644925 644919 644719 644697 644659 644467 644706 644898 644913 644675 644637 644491 644521 644876 645014 644785 644603 644993 645040 645015 644895 644757 644429 644439 644307 644318 644318 644802 644940 645014 645008 645088 644977 644905 644861 644777 644805 644723 644705 644421 644427 644273 644279 645051 645046 644817 644839 644743 644783 644621 644643 644561 644371 644253 644245 644954 645116 645123 645091 645097 645051 644929 644555 644415 644293 644271 644214 645000 645006 645099 644857 
0 0 644504 644537 0 644543 644542 644501 644474 644386 0 644455 644613 0 0 0 644656 0 0 0 644275 0 0 0 0 644717 644755 0 0 0 644455 644257 0 0 0 644497 0 644296 644294 644161 644428 0 0 644745 644722 0 0 644452 644149 0 0 0 0 0 0 0 644863 0 0 644635 0 644545 644257 644497 0 0 0 0 0 0 644752 0 0 0 645012 645043 0 0 0 644200 0 0 643915 643915 0 0 644959 644959 645077 0 0 644848 644722 644764 0 0 644188 0 0 0 645016 0 644782 0 644671 644731 644488 0 0 644113 643936 0 0 0 645044 645107 0 0 0 0 0 643996 0 643759 0 0 0 0 
644712 644724 644730 644748 644706 644747 644756 644717 644706 644646 644642 644692 644793 644736 644675 644648 644826 644763 644709 644647 644572 644728 644704 644710 644698 644868 644896 644850 644862 644846 644685 644560 644552 644804 644896 644713 644739 644579 644582 644496 644674 644760 644844 644877 644866 644880 644689 644683 644488 644480 644890 644956 644833 644456 644788 644840 644968 644990 644987 644805 644783 644745 644553 644720 644912 644934 644761 644723 644577 644607 644890 645067 644871 644689 645060 645088 645083 644981 644843 644515 644525 644393 644332 644332 644816 644954 645028 645028 645101 645052 644991 644947 644863 644891 644809 644791 644507 644513 644359 644365 645066 645060 644903 644925 644829 644869 644707 644729 644647 644457 644339 644331 644968 645065 645052 645106 645109 645110 645015 644641 644501 644379 644357 644228 645014 645020 645028 644943 
644555 644567 644573 644591 644549 644599 644599 644575 644551 644489 644485 644535 644647 644599 644575 644503 644669 644623 644599 644575 644415 644571 644547 644553 644541 644711 644739 644693 644705 644695 644599 644403 644395 644647 644739 644623 644647 644527 644431 644339 644517 644603 644687 644743 644719 644743 644647 644647 644331 644323 644733 644799 644719 644299 644631 644683 644811 644839 644839 644719 644719 644695 644599 644563 644755 644777 644719 644695 644623 644647 644733 644911 644791 644695 644911 644931 644935 644863 644791 644623 644647 644575 644175 644175 644659 644797 644871 644871 644935 644911 644887 644863 644815 644839 644791 644791 644647 644647 644559 644565 644909 644903 644863 644863 644815 644839 644767 644767 644719 644623 644527 644531 644811 644915 644901 644959 644959 644959 644935 644743 644671 644579 644557 644071 644857 644863 644877 644911 
644652 644664 644670 644688 644646 644720 644698 644708 644658 644586 644582 644632 644772 644742 644747 644630 644766 644760 644766 644749 644512 644668 644644 644650 644638 644808 644836 644790 644802 644810 644778 644500 644492 644744 644836 644800 644823 644691 644546 644436 644614 644700 644784 644892 644842 644886 644806 644803 644428 644420 644830 644896 644884 644396 644728 644780 644908 644954 644960 644898 644889 644858 644679 644660 644852 644874 644878 644847 644703 644733 644830 645008 644969 644815 645030 645016 645044 645026 644955 644641 644651 644519 644272 644272 644756 644894 644956 644968 644966 645046 645057 645043 644977 645003 644935 644917 644633 644639 644485 644491 644964 644958 645021 645032 644955 644992 644833 644855 644773 644583 644465 644457 644908 644918 644904 644986 644980 645026 645101 644767 644627 644505 644483 644168 644912 644918 644880 645065 
644682 644694 644700 644718 644676 644750 644728 644738 644688 644616 644612 644662 644802 644772 644792 644660 644796 644790 644806 644820 644542 644698 644674 644680 644668 644827 644843 644809 644821 644840 644830 644530 644522 644774 644830 644850 644872 644792 644576 644466 644644 644730 644803 644899 644861 644893 644922 644928 644458 644450 644824 644794 644911 644426 644735 644774 644806 644804 644810 644939 644961 644962 644962 644679 644750 644772 644983 644984 644986 645004 644728 644714 644944 645018 644736 644686 644714 644834 644972 645001 645011 644879 644302 644302 644654 644648 644626 644674 644618 644752 644824 644868 644952 644924 645006 645024 644993 644999 644845 644851 644616 644610 644912 644890 644986 644946 645107 645086 645090 644943 644825 644817 644614 644570 644556 644638 644632 644678 644800 645101 644987 644865 644843 644198 644564 644570 644532 644872 
644487 644499 644505 644523 644481 644555 644533 644543 644493 644421 644417 644467 644601 644577 644597 644465 644547 644595 644611 644625 644347 644497 644479 644485 644473 644553 644545 644535 644547 644591 644635 644335 644327 644525 644509 644655 644671 644597 644381 644271 644443 644481 644529 644601 644587 644595 644721 644727 644263 644255 644503 644497 644637 644231 644437 644453 644509 644519 644525 644665 644687 644713 644767 644405 644453 644475 644709 644735 644791 644803 644431 644465 644635 644769 644487 644449 644477 644561 644663 644853 644885 644832 644107 644107 644357 644387 644389 644425 644405 644503 644563 644595 644655 644639 644697 644715 644903 644897 644800 644806 644391 644385 644639 644617 644689 644661 644787 644765 644823 644888 644780 644772 644365 644393 644379 644437 644431 644465 644563 644841 644916 644820 644798 644003 644339 644345 644367 644623 
0 0 0 0 0 644169 644114 0 644098 643918 0 643949 0 0 0 0 643806 0 0 0 0 0 0 0 0 643791 0 0 0 0 644369 0 0 0 0 644301 0 0 0 643543 0 0 0 0 643876 0 0 0 643523 0 0 0 0 0 0 0 643561 0 0 644071 0 644221 644699 0 0 0 0 0 0 0 643366 0 0 0 0 643261 0 0 0 0 0 0 643133 0 0 0 643111 643231 643091 0 0 643716 643926 643856 0 0 0 0 0 0 643086 0 643826 0 644011 0 0 0 0 644905 644900 0 0 0 0 0 0 0 0 0 0 645044 0 642851 0 0 0 0 
644649 644661 644667 644661 644655 644693 644671 644705 644667 644606 644602 644605 644663 644715 644759 644650 644561 644697 644749 644787 644532 644559 644581 644587 644575 644555 644535 644537 644549 644605 644773 644509 644501 644539 644487 644757 644733 644782 644566 644456 644505 644495 644531 644591 644589 644585 644783 644789 644448 644440 644481 644451 644639 644416 644427 644431 644463 644461 644467 644667 644689 644727 644905 644407 644407 644429 644711 644749 644893 644865 644385 644371 644601 644783 644393 644343 644371 644491 644629 644955 644947 645041 644292 644269 644311 644305 644283 644331 644275 644409 644481 644525 644609 644581 644663 644681 644965 644959 645061 645058 644273 644267 644569 644547 644643 644603 644765 644743 644825 645013 645022 645051 644271 644227 644213 644295 644289 644335 644457 644831 644971 645063 645074 644165 644221 644227 644189 644529 
0 0 0 0 0 0 0 0 0 0 0 0 0 0 0 0 0 0 0 0 0 0 0 0 0 0 0 0 0 0 0 0 0 0 0 0 0 0 0 0 0 0 0 0 0 0 0 0 635346 0 0 0 0 0 0 0 0 0 0 0 0 0 0 0 0 0 0 0 0 0 0 0 0 0 0 0 0 0 0 0 0 0 635310 0 0 0 0 0 0 0 0 0 0 0 0 0 0 0 0 0 0 0 0 0 0 0 0 0 0 0 0 0 0 0 0 0 0 0 0 0 0 0 0 635662 0 0 0 0 
644686 644674 644668 644698 644644 644666 644688 644630 644632 644608 644660 644754 644710 644644 644576 644564 644812 644674 644610 644548 644702 644814 644790 644784 644796 644818 644838 644836 644824 644768 644586 644697 644689 644834 644886 644614 644640 644480 644504 644566 644811 644874 644842 644782 644784 644788 644590 644584 644625 644617 644892 644922 644734 644593 644918 644942 644910 644912 644906 644706 644684 644646 644454 644857 644966 644944 644662 644624 644478 644508 644988 645002 644772 644590 644980 645030 645002 644882 644744 644416 644426 644294 644462 644469 644953 645065 645090 645042 645064 644964 644892 644848 644764 644792 644710 644692 644408 644414 644260 644266 645089 645095 644804 644826 644730 644770 644608 644630 644548 644358 644240 644232 645092 644968 644982 644996 645002 645004 644916 644542 644402 644280 644258 644365 645128 645129 644958 644844 
642461 642455 642452 642467 642440 642451 642462 642433 642434 642422 642448 642495 642473 642440 642406 642400 642524 642455 642423 642392 642455 642525 642513 642510 642516 642527 642537 642536 642530 642502 642411 642435 642427 642535 642561 642425 642438 642358 642370 642401 642501 642549 642539 642509 642510 642512 642413 642410 642399 642391 642564 642579 642485 642379 642563 642589 642573 642574 642571 642471 642460 642441 642345 642511 642601 642590 642449 642430 642357 642372 642612 642619 642504 642413 642608 642633 642619 642559 642490 642326 642331 642265 642335 642195 642559 642646 642663 642639 642643 642600 642564 642542 642500 642514 642473 642464 642322 642325 642248 642251 642668 642671 642520 642531 642483 642503 642422 642433 642392 642297 642238 642234 642653 642595 642602 642609 642612 642613 642576 642389 642319 642258 642247 642091 642676 642679 642590 642540 
644610 644616 644619 644640 644595 644626 644645 644590 644592 644541 644551 644607 644670 644604 644536 644524 644727 644634 644570 644508 644487 644643 644619 644625 644613 644760 644786 644751 644757 644728 644546 644475 644467 644716 644798 644574 644600 644440 644464 644411 644589 644675 644748 644742 644744 644748 644550 644544 644403 644395 644795 644852 644694 644371 644703 644755 644858 644872 644866 644666 644644 644606 644414 644635 644827 644841 644622 644584 644438 644468 644805 644956 644732 644550 644940 644978 644962 644842 644704 644376 644386 644254 644247 644247 644731 644869 644943 644936 645016 644924 644852 644808 644724 644752 644670 644652 644368 644374 644220 644226 644979 644975 644764 644786 644690 644730 644568 644590 644508 644318 644200 644192 644883 645099 645092 645038 645044 644998 644876 644502 644362 644240 644218 644143 644929 644935 645104 644804 
644681 644693 644699 644717 644675 644749 644727 644737 644687 644615 644611 644661 644801 644771 644791 644659 644795 644789 644805 644809 644541 644697 644673 644679 644667 644837 644865 644819 644831 644839 644826 644529 644521 644773 644865 644848 644871 644771 644575 644465 644643 644729 644813 644921 644871 644915 644887 644881 644457 644449 644859 644925 644921 644425 644757 644809 644937 644983 644989 644946 644957 644940 644751 644689 644881 644903 644959 644921 644775 644805 644859 645001 645021 644887 645023 644974 645002 645049 645035 644713 644723 644591 644301 644301 644785 644899 644914 644961 644906 645039 645075 645079 645061 645083 645007 644989 644705 644711 644557 644563 644904 644898 645089 645090 645027 645067 644905 644927 644845 644655 644537 644529 644901 644858 644844 644926 644920 644966 645082 644839 644699 644577 644555 644197 644852 644858 644820 645105 
