638685 0 0 638416 0 0 0 0 0 638472 0 0 0 0 0 0 0 0 638255 0 0 0 0 0 0 0 0 0 0 0 0 0 0 0 0 0 0 0 0 0 0 0 0 0 0 0 0 0 0 0 0 0 0 0 0 0 0 0 0 0 0 0 0 0 0 0 0 0 0 0 0 0 0 0 0 0 638135 0 0 0 0 0 0 0 0 0 0 0 0 0 0 0 0 0 638035 0 0 0 0 0 0 0 0 0 0 0 0 0 0 0 0 0 0 0 0 0 0 0 0 0 0 0 637672 0 0 0 0 0 
640851 640851 640851 640851 0 0 640807 0 640851 640821 640851 0 640851 640851 640851 0 0 640721 640787 640851 640851 0 0 0 0 0 0 0 640761 640747 640729 640845 0 0 640851 0 0 0 0 0 0 0 0 0 0 640743 640675 0 640829 640837 640851 640851 0 0 0 640851 0 640851 640851 640851 0 0 640833 0 0 0 0 0 0 0 640713 640671 640663 640629 0 640681 640719 0 640763 0 0 0 0 0 0 0 0 640749 640667 640661 640587 640585 0 640709 640747 640773 0 0 0 0 0 0 0 0 0 0 0 0 640797 640761 0 640737 0 640569 640631 640699 640713 640709 0 640851 640851 0 640839 0 0 0 0 640657 
638929 0 638929 638929 0 0 0 0 0 638929 638929 0 638929 0 0 0 0 0 638911 0 0 0 0 0 0 0 0 0 0 0 0 0 0 0 0 0 0 0 0 0 0 0 0 0 0 0 0 0 0 0 0 0 0 0 0 0 0 0 0 0 0 0 0 0 0 0 0 0 0 0 0 0 0 0 0 0 638877 0 0 0 0 0 0 0 0 0 0 0 0 0 0 0 0 0 638891 638904 0 0 0 0 0 0 0 0 0 0 0 0 0 0 0 0 0 0 0 0 0 0 0 638929 0 0 638929 0 0 0 0 0 
0 0 0 643989 0 0 0 0 0 643851 0 0 0 0 0 0 0 0 643848 0 0 0 0 0 0 0 0 0 0 0 0 0 0 0 0 0 0 0 0 0 0 0 0 0 0 0 0 0 0 0 0 0 0 0 0 0 0 0 0 0 0 0 0 0 0 0 0 0 0 0 0 0 0 0 0 0 643826 0 0 0 0 0 0 0 0 0 0 0 0 0 0 0 0 0 643804 0 0 0 0 0 0 0 0 0 0 0 0 0 0 0 0 0 0 0 0 0 0 0 0 0 0 0 643843 0 0 0 0 0 
644254 644259 644208 644186 644316 644319 644281 644180 644188 644304 644181 644198 644172 644188 644156 644325 644324 644144 644148 644141 644152 644147 644153 644150 644166 644136 644200 644318 644270 644287 644140 644141 644127 644156 644158 644130 644110 644078 644072 644146 644170 644222 644234 644286 644242 644279 644086 644117 644133 644113 644125 644118 644142 644144 644150 644136 644114 644112 644096 644078 644074 644154 644182 644216 644198 644252 644258 644288 644197 644222 644246 644220 644140 644088 644084 644080 644118 644082 644112 644111 644100 644104 644122 644144 644150 644210 644242 644252 644240 644210 644046 644008 644030 644072 644104 644093 644078 644098 644101 644126 644120 644123 644092 644036 643988 644076 644082 644230 644236 644234 644228 644234 644228 643992 644018 644062 644064 644048 644054 644113 644034 644002 643946 644086 644206 644212 644196 644164 
644329 644324 644279 644216 644387 644384 644362 644210 644218 644334 644232 644228 644202 644218 644186 644376 644354 644206 644229 644222 644215 644220 644234 644180 644196 644166 644230 644348 644337 644368 644202 644222 644208 644186 644188 644160 644140 644108 644102 644176 644200 644252 644264 644316 644317 644360 644148 644198 644214 644194 644194 644199 644201 644174 644180 644166 644144 644142 644126 644108 644104 644184 644212 644246 644228 644282 644288 644318 644266 644289 644327 644282 644202 644150 644146 644142 644180 644144 644188 644192 644181 644134 644152 644174 644180 644240 644272 644282 644302 644272 644108 644070 644092 644134 644172 644174 644156 644173 644170 644162 644150 644168 644122 644066 644018 644106 644112 644260 644266 644264 644258 644270 644258 644054 644080 644124 644126 644110 644116 644144 644064 644032 643976 644116 644236 644242 644226 644244 
642481 642476 642383 642380 0 0 642537 0 642394 642490 642302 0 642318 642358 642338 0 0 642386 642380 642270 642259 0 0 0 0 0 0 0 642392 642497 642370 642306 0 0 642292 0 0 0 0 0 0 0 0 0 0 642477 642316 0 642314 642262 642214 642221 0 0 0 642258 0 642270 642254 642224 0 0 642400 0 0 0 0 0 0 0 642443 642437 642430 642366 0 642298 642336 0 642308 0 0 0 0 0 0 0 0 642350 642421 642427 642324 642250 0 642254 642292 642270 0 0 0 0 0 0 0 0 0 0 0 0 642357 642343 0 642332 0 642234 642224 642244 642234 642206 0 642150 642156 0 642128 0 0 0 0 642351 
642794 642804 642796 642909 642738 642744 642704 642910 642896 642798 642748 642824 642850 642888 642914 642756 642778 642658 642682 642668 642690 642680 642692 642871 642856 642898 642866 642784 642694 642644 642654 642668 642640 642722 642828 642889 642891 642859 642856 642857 642851 642841 642847 642816 642674 642640 642600 642620 642652 642612 642636 642622 642670 642734 642728 642814 642851 642880 642872 642851 642867 642843 642839 642838 642829 642838 642837 642754 642656 642670 642610 642568 642560 642532 642592 642594 642632 642578 642610 642608 642586 642774 642756 642820 642823 642817 642797 642718 642564 642558 642490 642522 642538 642556 642594 642572 642542 642582 642588 642638 642650 642632 642804 642848 642814 642804 642807 642809 642812 642772 642778 642694 642706 642506 642526 642546 642536 642508 642514 642620 642793 642825 642809 642791 642764 642758 642702 642554 
643867 643877 643825 643929 0 0 643777 0 643939 643871 643807 0 643881 643905 643917 0 0 643687 643717 643751 643773 0 0 0 0 0 0 0 643767 643717 643683 643739 0 0 643869 0 0 0 0 0 0 0 0 0 0 643713 643629 0 643723 643707 643743 643729 0 0 0 643857 0 643893 643892 643877 0 0 643903 0 0 0 0 0 0 0 643683 643641 643633 643605 0 643623 643661 0 643669 0 0 0 0 0 0 0 0 643785 643637 643631 643563 643551 0 643615 643653 643655 0 0 0 0 0 0 0 0 0 0 0 0 643867 643831 0 643749 0 643535 643561 643605 643607 643591 0 643751 643843 0 643829 0 0 0 0 643609 
0 0 0 641856 0 0 0 0 0 641855 0 0 0 0 0 0 0 0 641783 0 0 0 0 0 0 0 0 0 0 0 0 0 0 0 0 0 0 0 0 0 0 0 0 0 0 0 0 0 0 0 0 0 0 0 0 0 0 0 0 0 0 0 0 0 0 0 0 0 0 0 0 0 0 0 0 0 641749 0 0 0 0 0 0 0 0 0 0 0 0 0 0 0 0 0 641763 0 0 0 0 0 0 0 0 0 0 0 0 0 0 0 0 0 0 0 0 0 0 0 0 0 0 0 641856 0 0 0 0 0 
639444 0 639492 639456 0 0 0 0 0 639396 639505 0 639504 0 0 0 0 0 639470 0 0 0 0 0 0 0 0 0 0 0 0 0 0 0 0 0 0 0 0 0 0 0 0 0 0 0 0 0 0 0 0 0 0 0 0 0 0 0 0 0 0 0 0 0 0 0 0 0 0 0 0 0 0 0 0 0 639424 0 0 0 0 0 0 0 0 0 0 0 0 0 0 0 0 0 639451 639464 0 0 0 0 0 0 0 0 0 0 0 0 0 0 0 0 0 0 0 0 0 0 0 639505 0 0 639468 0 0 0 0 0 
644988 644998 645088 644994 644872 644878 644850 644988 644960 644902 645096 645096 645096 645068 645000 644878 644878 644878 644994 645054 645074 645066 645076 645080 645096 645016 644900 644878 644780 644766 644910 645052 645026 645074 645096 645046 644954 644886 644880 644882 644870 644850 644862 644878 644748 644750 644856 645006 645036 644998 645022 645008 645050 645074 645074 645090 645056 645028 645012 645008 644954 644854 644846 644844 644826 644844 644850 644806 644706 644732 644708 644702 644730 644714 644904 644886 644924 644914 644970 644994 644972 645060 645074 644808 644814 644802 644786 644758 644686 644692 644672 644742 644850 644916 644954 644958 644928 644968 644974 645002 645002 645002 645058 644916 644796 644776 644782 644786 644792 644778 644772 644734 644734 644726 644838 644906 644920 644894 644900 644978 644988 644918 644790 644750 644750 644756 644710 644616 
644023 0 644117 644074 0 0 0 0 0 643953 644126 0 644165 0 0 0 0 0 644064 0 0 0 0 0 0 0 0 0 0 0 0 0 0 0 0 0 0 0 0 0 0 0 0 0 0 0 0 0 0 0 0 0 0 0 0 0 0 0 0 0 0 0 0 0 0 0 0 0 0 0 0 0 0 0 0 0 643984 0 0 0 0 0 0 0 0 0 0 0 0 0 0 0 0 0 644012 644014 0 0 0 0 0 0 0 0 0 0 0 0 0 0 0 0 0 0 0 0 0 0 0 644062 0 0 643870 0 0 0 0 0 
640459 0 640487 640507 0 0 0 0 0 640440 640461 0 640512 640540 640503 0 0 0 640379 640413 0 0 0 0 0 0 0 0 0 0 0 640401 0 0 0 0 0 0 0 0 0 0 0 0 0 0 0 0 0 0 640405 640391 0 0 0 0 0 640483 640467 640449 0 0 0 0 0 0 0 0 0 0 0 0 0 640197 0 640285 640323 0 640331 0 0 0 0 0 0 0 0 640364 640229 640223 0 640189 0 0 640315 640317 0 0 0 0 0 0 0 0 0 0 0 0 640391 0 0 0 0 640173 640223 640267 640269 0 0 640397 640405 0 640293 0 0 0 0 0 
644734 0 644778 644825 0 0 0 0 0 644616 644727 0 644802 0 644863 0 0 0 644661 0 0 0 0 0 0 0 0 0 0 0 0 644656 0 0 0 0 0 0 0 0 0 0 0 0 0 0 0 0 0 0 0 0 0 0 0 0 0 644846 644838 644821 0 0 0 0 0 0 0 0 0 0 0 0 0 644358 0 644514 644571 0 644577 0 0 0 0 0 0 0 0 644396 644316 644325 0 644393 0 0 644553 644525 0 0 0 0 0 0 0 0 0 0 0 0 644590 0 0 0 0 644369 0 644481 644471 0 0 644524 644744 0 644605 0 0 0 0 0 
644607 644612 644561 644550 644669 644672 644632 644544 644552 644667 644534 644560 644536 644552 644520 644678 644683 644444 644474 644494 644505 644500 644506 644514 644530 644500 644564 644680 644589 644596 644440 644494 644480 644515 644522 644494 644474 644442 644436 644510 644534 644586 644598 644650 644561 644582 644386 644460 644480 644464 644478 644471 644495 644508 644512 644500 644478 644476 644460 644442 644438 644518 644546 644580 644562 644616 644622 644618 644516 644541 644540 644520 644440 644388 644384 644380 644418 644382 644426 644464 644450 644468 644486 644508 644514 644574 644572 644577 644516 644510 644346 644308 644330 644372 644410 644412 644394 644451 644454 644479 644479 644476 644456 644400 644352 644440 644446 644570 644576 644564 644558 644553 644553 644292 644318 644362 644364 644348 644354 644470 644398 644366 644310 644450 644536 644542 644525 644448 
643622 643627 643576 643595 643682 643685 643649 643592 643602 643684 643549 643577 643564 643584 643574 643691 643698 643461 643491 643509 643520 643515 643521 643553 643561 643558 643620 643695 643590 643601 643457 643509 643495 643532 643551 643549 643551 643541 643538 643587 643605 643643 643649 643679 643562 643585 643403 643477 643497 643481 643493 643486 643510 643526 643529 643534 643529 643540 643532 643517 643527 643597 643617 643640 643631 643662 643665 643622 643517 643542 643543 643535 643457 643405 643401 643397 643435 643399 643443 643479 643467 643506 643515 643598 643601 643641 643599 643580 643521 643525 643363 643325 643347 643389 643427 643429 643411 643466 643469 643494 643496 643491 643506 643508 643496 643558 643561 643623 643626 643583 643580 643554 643556 643309 643335 643379 643381 643365 643371 643485 643483 643485 643469 643569 643557 643560 643528 643451 
638164 638154 638136 638054 0 0 638206 0 638044 638112 638046 0 638040 638080 638036 0 0 638308 638208 638030 638008 0 0 0 0 0 0 0 638156 638242 638310 638078 0 0 638014 0 0 0 0 0 0 0 0 0 0 638234 638262 0 638094 638038 637966 637980 0 0 0 637980 0 637992 637976 637946 0 0 638002 0 0 0 0 0 0 0 638252 638300 638256 638216 0 638244 638282 0 638184 0 0 0 0 0 0 0 0 638120 638308 638290 638174 638172 0 638200 638200 638126 0 0 0 0 0 0 0 0 0 0 0 0 638020 638078 0 638132 0 638156 638170 638190 638180 638152 0 637886 637878 0 637826 0 0 0 0 638272 
0 0 0 640694 0 0 0 0 0 640663 0 0 0 0 0 0 0 0 640834 0 0 0 0 0 0 0 0 0 0 0 0 0 0 0 0 0 0 0 0 0 0 0 0 0 0 0 0 0 0 0 0 0 0 0 0 0 0 0 0 0 0 0 0 0 0 0 0 0 0 0 0 0 0 0 0 0 640798 0 0 0 0 0 0 0 0 0 0 0 0 0 0 0 0 0 640847 0 0 0 0 0 0 0 0 0 0 0 0 0 0 0 0 0 0 0 0 0 0 0 0 0 0 0 640592 0 0 0 0 0 
644669 0 644863 644595 0 0 0 0 0 644471 645016 0 644855 0 644607 0 0 0 644794 645038 0 0 0 0 0 0 0 0 0 0 0 645032 0 0 0 0 0 0 0 0 0 0 0 0 0 0 0 0 0 0 644952 644945 0 0 0 0 0 644663 644631 644667 0 0 0 0 0 0 0 0 0 0 0 0 0 644190 0 644534 644610 0 644842 0 0 0 0 0 0 0 0 644193 644134 644146 0 644246 0 0 644810 644900 0 0 0 0 0 0 0 0 0 0 0 0 644191 0 0 0 0 644214 0 644714 644788 0 0 644863 644723 0 644187 0 0 0 0 0 
644780 644795 644930 644769 0 0 644573 0 644718 644666 645058 0 644964 644880 644778 0 0 644615 644822 645047 645079 0 0 0 0 0 0 0 644468 644447 644663 645017 0 0 644997 0 0 0 0 0 0 0 0 0 0 644423 644582 0 644993 644975 645014 644993 0 0 0 645018 0 644820 644796 644823 0 0 644547 0 0 0 0 0 0 0 644360 644351 644393 644369 0 644627 644684 0 644858 0 0 0 0 0 0 0 0 644454 644327 644336 644306 644411 0 644777 644834 644903 0 0 0 0 0 0 0 0 0 0 0 0 644466 644445 0 644415 0 644387 644588 644762 644819 644807 0 644967 644865 0 644463 0 0 0 0 644222 
643443 643446 643541 643420 643325 643326 643326 643414 643386 643329 643608 643546 643533 643481 643426 643320 643309 643412 643517 643615 643622 643621 643627 643522 643530 643442 643326 643306 643231 643260 643440 643615 643601 643606 643556 643472 643380 643312 643306 643308 643296 643276 643288 643290 643203 643240 643413 643591 643607 643587 643599 643592 643608 643600 643603 643575 643528 643454 643438 643456 643380 643280 643272 643270 643252 643270 643276 643231 643158 643183 643207 643240 643290 643294 643472 643440 643459 643501 643553 643585 643574 643580 643589 643234 643240 643228 643208 643189 643220 643235 643273 643344 643445 643526 643545 643567 643552 643572 643575 643576 643570 643579 643575 643342 643222 643202 643208 643212 643218 643192 643189 643171 643165 643336 643439 643521 643549 643535 643538 643561 643484 643344 643216 643176 643166 643169 643137 643125 
644003 643998 644091 643972 643881 643878 643928 643969 643943 643881 644118 644080 644067 644033 643987 643872 643861 644016 644121 644148 644137 644142 644146 644056 644064 644007 643889 643858 643783 643882 644048 644158 644162 644121 644078 644028 643964 643918 643915 643892 643874 643840 643846 643842 643763 643862 643994 644172 644166 644152 644116 644123 644123 644115 644118 644085 644056 644019 644011 644020 643976 643866 643850 643837 643828 643825 643828 643783 643712 643735 643829 643840 643868 643852 644046 644018 644056 644068 644133 644130 644141 644095 644104 643831 643834 643804 643760 643741 643824 643830 643810 643880 643992 644082 644120 644152 644137 644078 644075 644086 644080 644089 644081 643957 643873 643827 643830 643784 643787 643744 643741 643723 643717 643864 643980 644072 644098 644096 644102 644059 644034 643964 643882 643802 643718 643721 643689 643747 
644664 644674 644754 644774 644548 644554 644526 644771 644745 644620 644758 644810 644836 644820 644789 644566 644588 644554 644668 644702 644724 644714 644714 644852 644842 644809 644691 644594 644456 644442 644586 644690 644674 644756 644826 644826 644766 644720 644717 644694 644676 644642 644648 644626 644424 644426 644532 644654 644674 644658 644694 644680 644716 644768 644762 644824 644828 644817 644809 644816 644778 644668 644652 644639 644630 644627 644630 644528 644382 644408 644384 644378 644406 644390 644578 644552 644590 644576 644620 644666 644644 644805 644790 644633 644636 644606 644562 644468 644362 644368 644348 644418 644524 644566 644604 644606 644588 644664 644670 644708 644720 644702 644805 644759 644675 644629 644632 644586 644589 644534 644540 644432 644444 644402 644512 644556 644558 644542 644548 644702 644782 644762 644684 644604 644514 644508 644428 644292 
644651 644656 644749 644682 644533 644536 644534 644676 644648 644580 644758 644772 644772 644748 644688 644542 644553 644620 644701 644742 644753 644748 644742 644766 644772 644704 644588 644556 644439 644468 644648 644730 644728 644769 644772 644734 644642 644574 644568 644570 644558 644538 644550 644556 644411 644448 644621 644718 644722 644726 644750 644743 644755 644772 644772 644772 644742 644716 644700 644694 644642 644542 644534 644532 644514 644532 644538 644484 644366 644391 644415 644448 644498 644502 644656 644648 644667 644661 644689 644736 644725 644768 644772 644496 644502 644490 644474 644433 644428 644443 644481 644552 644629 644662 644681 644694 644691 644715 644718 644755 644761 644752 644744 644604 644484 644464 644470 644474 644480 644460 644460 644403 644409 644544 644623 644657 644664 644662 644665 644734 644674 644606 644478 644438 644436 644436 644388 644333 
644885 644895 644935 644993 644769 644775 644747 644996 644974 644841 644930 644981 644998 645002 645024 644787 644809 644773 644839 644874 644896 644886 644886 645009 645001 645028 644932 644815 644677 644663 644781 644862 644846 644928 644988 645025 644993 644927 644921 644923 644911 644885 644879 644835 644645 644647 644727 644826 644846 644830 644866 644852 644888 644940 644934 644981 645010 645019 645003 644997 644969 644895 644887 644885 644867 644852 644849 644749 644603 644629 644605 644599 644627 644611 644749 644733 644771 644748 644792 644838 644816 644961 644952 644849 644855 644843 644773 644689 644583 644589 644569 644637 644695 644738 644776 644778 644760 644814 644820 644870 644882 644864 644985 644931 644837 644817 644823 644827 644833 644741 644744 644653 644665 644621 644683 644728 644730 644714 644720 644852 644954 644909 644829 644791 644719 644716 644649 644513 
644251 644261 644184 644331 644217 644223 644183 644331 644343 644277 644130 644206 644232 644288 644318 644235 644257 644069 644064 644050 644072 644062 644074 644248 644238 644291 644338 644263 644173 644123 644054 644050 644022 644104 644210 644270 644295 644285 644282 644329 644323 644313 644317 644295 644153 644119 644000 644002 644034 643994 644018 644004 644052 644116 644110 644196 644224 644261 644253 644226 644260 644315 644311 644310 644301 644305 644305 644233 644135 644149 644089 644047 644039 644011 643974 643982 644020 643960 643992 643990 643968 644152 644138 644292 644295 644289 644269 644197 644043 644037 643969 643933 643920 643938 643976 643954 643924 643964 643970 644020 644032 644014 644176 644241 644240 644276 644279 644281 644284 644251 644257 644173 644185 643917 643908 643928 643918 643890 643896 644002 644168 644206 644213 644263 644243 644237 644181 644033 
644321 644326 644275 644317 644383 644386 644348 644311 644319 644395 644248 644286 644297 644317 644287 644392 644403 644197 644215 644208 644219 644214 644220 644281 644294 644267 644331 644406 644312 644340 644193 644208 644194 644235 644284 644261 644241 644209 644203 644277 644301 644353 644365 644414 644284 644321 644139 644184 644200 644180 644192 644185 644209 644241 644238 644267 644245 644243 644227 644209 644205 644285 644313 644347 644329 644383 644389 644360 644239 644264 644288 644273 644193 644141 644137 644133 644171 644135 644179 644178 644167 644235 644248 644275 644281 644341 644348 644306 644279 644263 644099 644061 644083 644125 644163 644160 644145 644165 644168 644193 644199 644190 644223 644167 644119 644207 644213 644347 644353 644339 644334 644276 644282 644045 644071 644115 644117 644101 644107 644184 644165 644133 644077 644217 644312 644316 644262 644206 
644050 644060 643958 643941 0 0 644104 0 643950 644136 643902 0 643896 643932 643890 0 0 643809 643836 643824 643846 0 0 0 0 0 0 0 644274 644116 643797 643824 0 0 643869 0 0 0 0 0 0 0 0 0 0 644148 643716 0 643808 643768 643792 643778 0 0 0 643830 0 643812 643788 643755 0 0 643959 0 0 0 0 0 0 0 644154 643965 643827 643743 0 643701 643758 0 643752 0 0 0 0 0 0 0 0 644288 644001 643950 643680 643605 0 643671 643728 643719 0 0 0 0 0 0 0 0 0 0 0 0 644058 644217 0 644272 0 643581 643602 643656 643653 643623 0 643742 643677 0 643575 0 0 0 0 644144 
644187 644172 644085 643998 0 0 644344 0 644007 644205 643986 0 643953 643989 643947 0 0 644181 644175 643986 643953 0 0 0 0 0 0 0 644253 644428 644169 644046 0 0 643926 0 0 0 0 0 0 0 0 0 0 644420 644088 0 644064 644008 643914 643935 0 0 0 643887 0 643869 643845 643812 0 0 644016 0 0 0 0 0 0 0 644407 644337 644199 644115 0 644073 644130 0 644118 0 0 0 0 0 0 0 0 644163 644373 644322 644052 643977 0 644043 644100 644080 0 0 0 0 0 0 0 0 0 0 0 0 644115 644136 0 644145 0 643953 643974 644028 644025 643995 0 643818 643734 0 643632 0 0 0 0 644300 
641220 641215 641258 641189 0 0 641145 0 641160 641098 641213 0 641210 641230 641198 0 0 641341 641294 641205 641194 0 0 0 0 0 0 0 641000 641115 641347 641229 0 0 641197 0 0 0 0 0 0 0 0 0 0 641087 641342 0 641237 641209 641173 641180 0 0 0 641180 0 641186 641178 641163 0 0 641067 0 0 0 0 0 0 0 641072 641183 641239 641243 0 641333 641340 0 641282 0 0 0 0 0 0 0 0 640958 641155 641184 641222 641287 0 641309 641290 641253 0 0 0 0 0 0 0 0 0 0 0 0 641004 640961 0 640940 0 641279 641296 641306 641295 641285 0 641133 641129 0 641093 0 0 0 0 641010 
643825 0 643942 643751 0 0 0 0 0 643629 643996 0 643894 0 643769 0 0 0 643972 0 0 0 0 0 0 0 0 0 0 0 0 644068 0 0 0 0 0 0 0 0 0 0 0 0 0 0 0 0 0 0 0 0 0 0 0 0 0 643798 643782 643800 0 0 0 0 0 0 0 0 0 0 0 0 0 643585 0 643820 643877 0 643996 0 0 0 0 0 0 0 0 643421 643543 643552 0 643627 0 0 643980 644024 0 0 0 0 0 0 0 0 0 0 0 0 643465 0 0 0 0 643603 0 643919 643964 0 0 643902 643828 0 643559 0 0 0 0 0 
644959 644949 645051 644873 644835 644829 644855 644867 644839 644811 645105 645029 645003 644947 644879 644817 644795 644883 645021 645157 645139 645149 645157 644981 644997 644895 644779 644789 644735 644771 644915 645151 645147 645107 645025 644925 644833 644765 644759 644761 644749 644729 644741 644757 644719 644755 644861 645127 645135 645119 645097 645109 645111 645095 645101 645039 644981 644907 644891 644909 644833 644733 644725 644723 644705 644723 644729 644711 644665 644687 644713 644707 644735 644719 644931 644891 644929 644965 645045 645109 645093 645055 645073 644687 644693 644681 644665 644675 644691 644697 644677 644747 644877 644991 645029 645079 645049 645055 645049 645047 645035 645053 645031 644795 644675 644655 644661 644665 644671 644657 644651 644663 644651 644731 644865 644981 645019 645015 645021 645017 644937 644797 644669 644629 644629 644635 644619 644621 
643798 643803 643872 643779 643680 643683 643681 643776 643750 643688 643907 643869 643856 643828 643794 643679 643668 643767 643836 643925 643936 643931 643913 643845 643853 643802 643696 643665 643586 643615 643783 643901 643911 643920 643867 643817 643771 643725 643722 643699 643681 643647 643653 643649 643558 643595 643738 643901 643893 643921 643943 643936 643946 643914 643917 643874 643845 643808 643800 643809 643771 643673 643657 643644 643635 643632 643635 643590 643513 643538 643562 643595 643624 643608 643784 643756 643790 643806 643848 643929 643918 643894 643903 643638 643641 643611 643567 643548 643575 643586 643566 643636 643730 643820 643840 643877 643886 643916 643919 643924 643918 643927 643870 643752 643680 643634 643637 643591 643594 643551 643548 643530 643524 643620 643718 643810 643835 643844 643848 643909 643823 643753 643689 643609 643525 643528 643496 643480 
643177 643182 643275 643202 0 0 643060 0 643173 643107 643311 0 643315 643263 643217 0 0 643146 643251 643271 643282 0 0 0 0 0 0 0 642965 642994 643174 643271 0 0 643329 0 0 0 0 0 0 0 0 0 0 642974 643147 0 643263 643243 643255 643248 0 0 0 643312 0 643255 643247 643268 0 0 643080 0 0 0 0 0 0 0 642941 642974 643024 643028 0 643174 643193 0 643242 0 0 0 0 0 0 0 0 642959 642954 642969 643007 643078 0 643215 643234 643223 0 0 0 0 0 0 0 0 0 0 0 0 643017 642974 0 642929 0 643064 643173 643210 643205 643191 0 643247 643261 0 643112 0 0 0 0 642859 
644948 644958 645000 645070 644845 644851 644823 645076 645066 644917 644948 645024 645050 645068 645084 644863 644885 644814 644882 644868 644890 644880 644892 645072 645056 645088 645021 644891 644753 644739 644834 644868 644840 644922 645028 645106 645038 644982 644976 645002 644991 644971 644982 644923 644721 644723 644780 644820 644852 644812 644836 644822 644870 644934 644928 645014 645067 645088 645072 645044 645026 644975 644967 644965 644947 644957 644951 644825 644679 644705 644681 644675 644703 644686 644792 644798 644836 644778 644810 644808 644786 644974 644956 644929 644935 644923 644871 644765 644659 644665 644644 644678 644738 644756 644794 644772 644742 644782 644788 644838 644850 644832 645020 644988 644892 644897 644903 644907 644913 644831 644837 644729 644741 644662 644726 644746 644736 644708 644714 644820 644976 644978 644874 644871 644811 644805 644725 644589 
644913 644923 644896 645047 644797 644803 644775 645053 645033 644869 644842 644918 644944 645000 645056 644815 644837 644770 644776 644762 644784 644774 644786 644966 644950 645052 644997 644843 644705 644691 644766 644762 644734 644816 644922 645022 645057 645044 645041 645018 645000 644951 644939 644875 644673 644675 644712 644714 644746 644706 644730 644716 644764 644828 644822 644908 644966 645034 645026 644999 645033 644992 644976 644957 644954 644909 644903 644777 644631 644657 644633 644627 644655 644639 644686 644694 644732 644672 644704 644702 644680 644868 644850 644957 644960 644930 644823 644717 644611 644617 644597 644634 644632 644650 644688 644666 644636 644676 644682 644732 644744 644726 644916 645014 644990 644953 644956 644910 644911 644783 644789 644681 644693 644618 644620 644640 644630 644602 644608 644714 644941 644979 644951 644928 644763 644757 644677 644541 
644750 644760 644730 644872 644694 644700 644660 644878 644870 644754 644695 644764 644790 644822 644878 644712 644734 644592 644622 644615 644637 644627 644639 644812 644796 644874 644858 644740 644650 644600 644588 644615 644587 644669 644775 644856 644908 644936 644933 644896 644878 644836 644824 644772 644630 644596 644534 644567 644599 644559 644583 644569 644617 644681 644675 644761 644819 644871 644879 644870 644908 644886 644866 644842 644852 644806 644800 644710 644600 644626 644566 644524 644516 644488 644532 644528 644566 644525 644557 644555 644533 644721 644703 644885 644882 644840 644756 644674 644520 644514 644446 644456 644478 644503 644541 644519 644489 644529 644535 644585 644597 644579 644769 644898 644850 644866 644872 644824 644821 644728 644734 644650 644662 644440 644466 644493 644483 644455 644461 644567 644839 644864 644808 644852 644720 644714 644646 644510 
644901 644911 644862 645016 644798 644804 644776 645022 645021 644870 644808 644884 644910 644966 645034 644816 644838 644748 644742 644728 644750 644740 644752 644932 644916 645018 644998 644844 644706 644692 644732 644728 644700 644782 644888 644988 645080 645110 645110 645063 645028 644952 644940 644876 644674 644676 644678 644680 644712 644672 644696 644682 644730 644794 644788 644874 644932 645006 645022 645004 645080 645044 645004 644958 644976 644910 644904 644778 644632 644658 644634 644628 644656 644639 644652 644660 644698 644638 644670 644668 644646 644834 644816 645042 645036 644952 644824 644718 644612 644618 644597 644612 644598 644616 644654 644632 644602 644642 644648 644698 644710 644692 644882 645086 645062 645067 645070 644920 644914 644784 644790 644682 644694 644596 644586 644606 644596 644568 644574 644680 644976 645058 645032 645042 644764 644758 644678 644542 
643525 643530 643479 643568 643491 643494 643480 643571 643585 643527 643452 643490 643503 643531 643565 643500 643511 643422 643419 643412 643423 643418 643424 643514 643506 643557 643591 643514 643445 643438 643414 643412 643398 643439 643492 643542 643584 643574 643571 643620 643606 643568 643562 643530 643418 643430 643387 643388 643404 643384 643396 643389 643413 643445 643442 643485 643514 643551 643559 643550 643560 643606 643594 643571 643580 643547 643544 643481 643373 643398 643409 643406 643420 643400 643374 643378 643397 643367 643383 643382 643371 643465 643456 643583 643586 643568 643504 643440 643398 643401 643358 643320 643342 643356 643375 643364 643349 643369 643372 643397 643403 643394 643489 643541 643529 643567 643570 643552 643549 643484 643487 643410 643416 643304 643330 643351 643346 643332 643335 643388 643516 643518 643502 643554 643463 643460 643396 643340 
644835 644845 644743 644873 644838 644844 644804 644876 644902 644879 644685 644747 644760 644812 644858 644852 644863 644629 644623 644609 644631 644621 644633 644771 644763 644838 644932 644866 644794 644744 644613 644609 644581 644648 644737 644811 644861 644856 644850 644933 644939 644920 644914 644882 644774 644740 644559 644561 644593 644553 644577 644563 644610 644654 644651 644718 644759 644820 644818 644791 644825 644931 644938 644923 644928 644899 644896 644833 644756 644770 644710 644668 644649 644609 644533 644541 644579 644519 644551 644549 644527 644674 644665 644919 644922 644916 644856 644803 644664 644658 644567 644493 644479 644497 644535 644513 644483 644523 644529 644570 644576 644567 644710 644790 644766 644866 644872 644904 644901 644836 644839 644785 644791 644477 644467 644487 644477 644449 644455 644549 644733 644744 644712 644863 644826 644823 644783 644654 
644966 644976 644874 645024 644994 645000 644972 645027 645053 645066 644820 644896 644911 644963 645009 645012 645034 644760 644754 644740 644762 644752 644764 644922 644914 644979 645103 645040 644902 644888 644744 644740 644712 644794 644888 644960 644965 644945 644939 645037 645073 645101 645102 645058 644870 644872 644690 644692 644724 644684 644708 644694 644742 644805 644800 644869 644910 644943 644927 644897 644917 645057 645085 645095 645077 645075 645072 644973 644828 644854 644830 644824 644804 644740 644664 644672 644710 644650 644682 644680 644658 644825 644816 645047 645053 645053 644996 644914 644808 644814 644698 644624 644610 644628 644666 644644 644614 644654 644660 644710 644722 644704 644861 644879 644855 644979 644985 645037 645043 644964 644967 644878 644890 644608 644598 644618 644608 644580 644586 644692 644829 644833 644801 644989 644942 644939 644874 644738 
642573 642578 642527 642612 642585 642588 642574 642612 642624 642621 642500 642538 642551 642579 642596 642594 642605 642470 642467 642460 642471 642466 642472 642562 642554 642576 642640 642608 642539 642532 642462 642460 642446 642487 642540 642570 642550 642518 642512 642586 642610 642636 642646 642624 642523 642524 642435 642436 642452 642432 642444 642437 642461 642493 642490 642533 642552 642552 642536 642518 642514 642594 642620 642630 642612 642634 642634 642575 642502 642515 642503 642500 642492 642460 642422 642426 642445 642415 642431 642430 642419 642513 642504 642582 642588 642600 642598 642545 642492 642495 642439 642402 642395 642404 642423 642412 642397 642417 642420 642445 642451 642442 642528 642476 642428 642516 642522 642596 642602 642578 642581 642527 642533 642394 642389 642399 642394 642380 642383 642436 642474 642442 642386 642524 642568 642565 642525 642457 
644113 644118 644067 644124 644168 644171 644140 644118 644126 644187 644040 644078 644086 644110 644094 644177 644188 644010 644007 644000 644011 644006 644012 644086 644086 644074 644138 644191 644074 644103 644002 644000 643986 644027 644074 644068 644048 644016 644010 644084 644108 644160 644172 644199 644046 644083 643975 643976 643992 643972 643984 643977 644001 644033 644030 644062 644052 644050 644034 644016 644012 644092 644120 644154 644136 644183 644189 644122 644001 644026 644050 644083 644032 644000 643962 643966 643985 643955 643971 643970 643959 644038 644038 644082 644088 644141 644125 644068 644063 644078 643979 643942 643935 643944 643963 643952 643937 643957 643960 643985 643991 643982 644030 643974 643926 644014 644020 644125 644131 644103 644103 644038 644044 643934 643929 643939 643934 643920 643923 643976 643972 643940 643884 644024 644079 644079 644024 643968 
644916 644920 644824 644806 645040 645040 644970 644800 644820 644984 644750 644770 644744 644784 644764 645038 645016 644710 644704 644690 644704 644702 644714 644722 644738 644732 644856 645010 645136 644982 644694 644690 644662 644680 644718 644714 644718 644698 644692 644790 644826 644902 644914 644978 645154 645014 644640 644642 644674 644634 644656 644644 644680 644668 644674 644684 644674 644696 644680 644650 644670 644810 644850 644896 644878 644944 644950 645076 645136 645158 645020 644870 644754 644690 644614 644622 644660 644600 644632 644630 644608 644628 644646 644812 644818 644902 645030 645134 644902 644860 644648 644574 644560 644578 644616 644594 644564 644604 644608 644620 644608 644626 644628 644632 644608 644732 644738 644934 644940 645070 645064 645146 645134 644558 644548 644568 644558 644530 644536 644590 644582 644586 644554 644754 645088 645094 645104 645046 
643877 643867 643777 643743 0 0 643994 0 643757 643900 643687 0 643681 643721 643701 0 0 643783 643794 643671 643649 0 0 0 0 0 0 0 643953 644020 643771 643719 0 0 643655 0 0 0 0 0 0 0 0 0 0 644031 643690 0 643731 643679 643607 643621 0 0 0 643621 0 643633 643617 643587 0 0 643778 0 0 0 0 0 0 0 644012 643906 643801 643717 0 643675 643732 0 643726 0 0 0 0 0 0 0 0 643894 643930 643891 643654 643579 0 643645 643702 643688 0 0 0 0 0 0 0 0 0 0 0 0 643832 643875 0 643882 0 643555 643576 643630 643627 643597 0 643527 643519 0 643491 0 0 0 0 643939 
643981 643971 643977 643871 0 0 644023 0 643861 643929 643895 0 643889 643897 643853 0 0 644139 644057 643879 643857 0 0 0 0 0 0 0 643955 644059 644131 643927 0 0 643863 0 0 0 0 0 0 0 0 0 0 644051 644159 0 643943 643887 643815 643829 0 0 0 643829 0 643833 643817 643795 0 0 643819 0 0 0 0 0 0 0 644063 644147 644159 644159 0 644159 644141 0 644033 0 0 0 0 0 0 0 0 643907 644139 644156 644159 644159 0 644087 644049 643975 0 0 0 0 0 0 0 0 0 0 0 0 643837 643877 0 643907 0 644159 644143 644094 644059 644039 0 643735 643727 0 643643 0 0 0 0 644047 
643483 643478 643577 643426 643361 643358 643382 643420 643392 643361 643640 643578 643556 643500 643432 643352 643341 643468 643573 643673 643662 643667 643680 643534 643550 643448 643332 643338 643263 643316 643496 643674 643665 643646 643578 643478 643386 643318 643312 643314 643302 643282 643294 643310 643243 643296 643469 643655 643666 643651 643641 643648 643648 643640 643643 643592 643534 643460 643444 643462 643386 643286 643278 643276 643258 643276 643282 643263 643192 643215 643263 643296 643346 643350 643528 643496 643515 643557 643609 643649 643638 643601 643619 643240 643246 643234 643218 643221 643276 643291 643329 643400 643501 643582 643601 643631 643616 643620 643617 643616 643610 643619 643584 643348 643228 643208 643214 643218 643224 643210 643204 643203 643197 643392 643495 643577 643608 643599 643602 643601 643490 643350 643222 643182 643182 643188 643169 643181 
642464 642464 642464 642464 0 0 642464 0 642464 642464 642464 0 642464 642464 642464 0 0 642409 642452 642463 642463 0 0 0 0 0 0 0 642464 642459 642417 642464 0 0 642464 0 0 0 0 0 0 0 0 0 0 642463 642363 0 642464 642451 642439 642439 0 0 0 642464 0 642464 642464 642464 0 0 642464 0 0 0 0 0 0 0 642454 642401 642357 642317 0 642369 642407 0 642440 0 0 0 0 0 0 0 0 642464 642409 642391 642275 642273 0 642397 642432 642444 0 0 0 0 0 0 0 0 0 0 0 0 642464 642464 0 642464 0 642257 642319 642387 642401 642396 0 642392 642464 0 642464 0 0 0 0 642444 
644770 644755 644908 644641 0 0 644659 0 644590 644548 644989 0 644836 644752 644650 0 0 644701 644908 645105 645072 0 0 0 0 0 0 0 644434 644533 644749 645093 0 0 644869 0 0 0 0 0 0 0 0 0 0 644509 644668 0 645079 645114 645045 645066 0 0 0 644890 0 644692 644668 644695 0 0 644419 0 0 0 0 0 0 0 644446 644437 644479 644455 0 644713 644770 0 644944 0 0 0 0 0 0 0 0 644344 644413 644422 644392 644497 0 644863 644920 645027 0 0 0 0 0 0 0 0 0 0 0 0 644338 644317 0 644326 0 644473 644674 644848 644905 644931 0 644925 644737 0 644335 0 0 0 0 644308 
644544 0 644728 644372 0 0 0 0 0 644248 644836 0 644632 0 644384 0 0 0 644680 644996 0 0 0 0 0 0 0 0 0 0 0 644940 0 0 0 0 0 0 0 0 0 0 0 0 0 0 0 0 0 0 645060 645088 0 0 0 0 0 644440 644408 644444 0 0 0 0 0 0 0 0 0 0 0 0 0 644076 0 644420 644496 0 644728 0 0 0 0 0 0 0 0 643976 644020 644032 0 644132 0 0 644696 644844 0 0 0 0 0 0 0 0 0 0 0 0 643968 0 0 0 0 644100 0 644600 644676 0 0 645036 644500 0 643964 0 0 0 0 0 
644718 0 644858 644596 0 0 0 0 0 644503 644944 0 644791 0 644605 0 0 0 644796 645050 0 0 0 0 0 0 0 0 0 0 0 644991 0 0 0 0 0 0 0 0 0 0 0 0 0 0 0 0 0 0 645108 645122 0 0 0 0 0 644647 644623 644650 0 0 0 0 0 0 0 0 0 0 0 0 0 644343 0 644601 644658 0 644832 0 0 0 0 0 0 0 0 644299 644301 644310 0 644385 0 0 644808 644919 0 0 0 0 0 0 0 0 0 0 0 0 644293 0 0 0 0 644361 0 644736 644793 0 0 645064 644692 0 644290 0 0 0 0 0 
643593 643598 643691 643590 643475 643478 643476 643587 643561 643499 643736 643704 643691 643651 643605 643484 643479 643524 643650 643744 643755 643750 643732 643680 643688 643625 643507 643476 643381 643410 643556 643720 643730 643755 643702 643652 643582 643536 643533 643510 643492 643458 643464 643460 643353 643390 643502 643720 643712 643740 643748 643741 643769 643749 643752 643709 643680 643643 643635 643644 643594 643484 643468 643455 643446 643443 643446 643401 643308 643333 643354 643348 643376 643360 643560 643532 643570 643582 643650 643734 643723 643729 643738 643449 643452 643422 643378 643359 643332 643338 643318 643388 643506 643596 643634 643684 643690 643697 643700 643733 643727 643734 643705 643575 643491 643445 643448 643402 643405 643362 643359 643341 643335 643372 643494 643586 643612 643620 643626 643706 643658 643588 643500 643420 643336 643339 643307 643262 
643470 643475 643568 643509 643352 643355 643353 643506 643480 643400 643649 643615 643622 643570 643524 643361 643372 643439 643544 643674 643685 643680 643657 643611 643619 643544 643426 643375 643258 643287 643467 643645 643660 643701 643645 643571 643501 643455 643452 643429 643411 643377 643383 643379 643230 643267 643440 643650 643637 643646 643658 643651 643675 643707 643704 643664 643623 643562 643554 643575 643513 643403 643387 643374 643365 643362 643365 643306 643185 643210 643234 643267 643317 643321 643499 643467 643486 643528 643580 643644 643633 643701 643710 643368 643371 643341 643297 643252 643247 643262 643300 643371 643472 643553 643572 643626 643611 643631 643634 643659 643665 643656 643672 643494 643377 643357 643363 643321 643324 643281 643278 643222 643228 643363 643466 643548 643579 643594 643597 643650 643613 643499 643371 643331 643255 643258 643208 643152 
644936 644946 645036 644978 644820 644826 644798 644972 644944 644876 645126 645092 645092 645044 644984 644838 644852 644826 644964 645070 645092 645082 645094 645086 645092 645000 644884 644852 644728 644714 644858 645070 645042 645116 645116 645030 644938 644870 644864 644866 644854 644834 644846 644852 644696 644698 644804 645022 645054 645014 645038 645024 645072 645116 645116 645140 645086 645012 644996 645014 644938 644838 644830 644828 644810 644828 644834 644780 644654 644680 644656 644650 644678 644662 644874 644834 644872 644908 644988 645010 644988 645112 645116 644792 644798 644786 644770 644732 644634 644640 644620 644690 644820 644934 644972 644974 644944 644984 644990 645040 645044 645034 645112 644900 644780 644760 644766 644770 644776 644756 644756 644704 644708 644674 644808 644924 644938 644910 644916 645020 645042 644902 644774 644734 644732 644732 644684 644564 
643106 643111 643204 643171 0 0 642989 0 643142 643036 643254 0 643257 643220 643186 0 0 643075 643173 643236 643247 0 0 0 0 0 0 0 642894 642923 643103 643236 0 0 643270 0 0 0 0 0 0 0 0 0 0 642903 643076 0 643228 643208 643220 643213 0 0 0 643287 0 643224 643216 643230 0 0 643049 0 0 0 0 0 0 0 642870 642903 642953 642957 0 643103 643122 0 643185 0 0 0 0 0 0 0 0 642888 642883 642898 642936 643007 0 643158 643177 643188 0 0 0 0 0 0 0 0 0 0 0 0 642986 642933 0 642858 0 642999 643095 643153 643170 643156 0 643212 643244 0 643081 0 0 0 0 642788 
643592 643597 643677 643671 643474 643477 643475 643668 643642 643522 643698 643712 643725 643705 643686 643483 643494 643561 643641 643658 643669 643664 643670 643736 643728 643705 643588 643497 643380 643409 643588 643658 643644 643685 643738 643720 643663 643617 643614 643591 643573 643539 643545 643513 643352 643389 643539 643634 643650 643630 643642 643635 643659 643691 643688 643731 643748 643711 643703 643712 643674 643565 643549 643536 643527 643524 643527 643428 643307 643332 643356 643386 643414 643398 643585 643557 643595 643607 643629 643628 643617 643711 643702 643530 643533 643503 643451 643374 643369 643376 643356 643426 643531 643597 643621 643610 643595 643615 643618 643643 643649 643640 643725 643655 643572 643526 643529 643483 643486 643419 643422 643344 643350 643410 643519 643587 643589 643573 643579 643634 643702 643656 643581 643501 643397 643394 643330 643274 
643832 0 643954 644025 0 0 0 0 0 643766 643923 0 644050 0 0 0 0 0 643798 0 0 0 0 0 0 0 0 0 0 0 0 0 0 0 0 0 0 0 0 0 0 0 0 0 0 0 0 0 0 0 0 0 0 0 0 0 0 644127 0 644109 0 0 0 0 0 0 0 0 0 0 0 0 0 643421 0 0 643708 0 0 0 0 0 0 0 0 0 0 0 0 643388 0 0 0 0 643692 643683 0 0 0 0 0 0 0 0 0 0 0 0 0 0 0 0 0 0 0 643620 643617 0 0 643803 644045 0 643840 0 0 0 0 0 
643310 0 643406 643389 0 0 0 0 0 643240 643379 0 643430 0 643422 0 0 0 643346 0 0 0 0 0 0 0 0 0 0 0 0 643339 0 0 0 0 0 0 0 0 0 0 0 0 0 0 0 0 0 0 0 0 0 0 0 0 0 643478 643486 643475 0 0 0 0 0 0 0 0 0 0 0 0 0 643161 0 643305 643324 0 643310 0 0 0 0 0 0 0 0 643092 643087 643102 0 643211 0 0 643302 643291 0 0 0 0 0 0 0 0 0 0 0 0 643238 0 0 0 0 643203 0 643278 643273 0 0 643315 643441 0 643300 0 0 0 0 0 
644854 0 644935 644988 0 0 0 0 0 644810 644937 0 645019 0 0 0 0 0 644851 0 0 0 0 0 0 0 0 0 0 0 0 0 0 0 0 0 0 0 0 0 0 0 0 0 0 0 0 0 0 0 0 0 0 0 0 0 0 0 0 645099 0 0 0 0 0 0 0 0 0 0 0 0 0 644580 0 0 644771 0 0 0 0 0 0 0 0 0 0 0 0 644558 0 0 0 0 644783 644761 0 0 0 0 0 0 0 0 0 0 0 0 0 0 0 0 0 0 0 0 644725 0 0 644809 645071 0 644932 0 0 0 0 0 
642848 642858 642900 642970 642792 642798 642758 642976 642968 642852 642882 642934 642960 642968 643000 642810 642832 642714 642792 642807 642829 642819 642831 642982 642966 643020 642956 642838 642748 642698 642734 642807 642779 642861 642950 643026 643046 643057 643054 643010 642986 642934 642922 642870 642728 642694 642680 642759 642791 642751 642775 642761 642809 642873 642867 642948 642994 643044 643060 643054 643082 643002 642974 642940 642958 642904 642898 642808 642710 642724 642664 642622 642614 642586 642702 642698 642736 642700 642744 642747 642725 642913 642895 643012 643006 642946 642854 642772 642618 642612 642544 642578 642648 642690 642728 642711 642681 642721 642727 642777 642789 642771 642961 643072 643012 643002 643005 642926 642920 642826 642832 642748 642760 642562 642636 642680 642675 642647 642653 642759 643050 643073 643009 642989 642818 642812 642756 642608 
644888 644898 644796 644974 644902 644908 644868 644980 645008 644962 644742 644818 644844 644900 644968 644920 644942 644682 644676 644662 644684 644674 644686 644866 644850 644952 645066 644948 644821 644807 644666 644662 644634 644716 644822 644922 644995 644997 644994 645067 645092 645044 645032 644980 644789 644791 644612 644614 644646 644606 644630 644616 644664 644728 644722 644808 644866 644940 644950 644925 644959 645087 645080 645050 645068 645014 645008 644893 644747 644773 644749 644732 644724 644662 644586 644594 644632 644572 644604 644602 644580 644768 644750 645064 645067 645056 644939 644833 644727 644722 644620 644546 644532 644550 644588 644566 644536 644576 644582 644632 644644 644626 644816 644940 644917 645039 645045 645035 645029 644899 644905 644797 644809 644530 644520 644540 644530 644502 644508 644614 644867 644895 644863 645025 644879 644873 644793 644657 
642220 642235 642154 642322 0 0 642149 0 642339 642290 642109 0 642221 642273 642319 0 0 641959 641986 642013 642046 0 0 0 0 0 0 0 642104 642047 641947 642001 0 0 642198 0 0 0 0 0 0 0 0 0 0 642035 641866 0 641977 641941 641989 641968 0 0 0 642179 0 642281 642277 642247 0 0 642352 0 0 0 0 0 0 0 641984 641939 641906 641846 0 641851 641908 0 641902 0 0 0 0 0 0 0 0 642134 641927 641924 641783 641755 0 641821 641878 641869 0 0 0 0 0 0 0 0 0 0 0 0 642295 642194 0 642092 0 641731 641752 641806 641803 641773 0 641974 642179 0 642151 0 0 0 0 641882 
644731 644741 644639 644817 644808 644814 644763 644821 644847 644857 644585 644661 644687 644743 644803 644826 644848 644525 644519 644505 644527 644517 644529 644709 644693 644783 644901 644854 644764 644714 644509 644505 644477 644559 644665 644756 644782 644762 644756 644854 644890 644928 644922 644886 644744 644710 644455 644457 644489 644449 644473 644459 644507 644571 644565 644651 644704 644755 644744 644714 644734 644874 644914 644929 644920 644918 644914 644824 644726 644740 644680 644638 644569 644505 644429 644437 644475 644415 644447 644445 644423 644611 644593 644876 644882 644919 644870 644788 644634 644628 644463 644389 644375 644393 644431 644409 644379 644419 644425 644475 644487 644469 644655 644696 644672 644796 644802 644911 644914 644842 644848 644764 644776 644373 644363 644383 644373 644345 644351 644457 644646 644650 644618 644818 644834 644828 644772 644624 
643896 643901 643850 643939 643921 643924 643922 643942 643956 643969 643823 643861 643874 643902 643936 643930 643941 643766 643790 643783 643794 643789 643795 643885 643877 643928 643986 643944 643827 643856 643762 643783 643769 643810 643863 643913 643937 643927 643924 643973 643991 644010 644004 643960 643799 643836 643708 643759 643775 643755 643767 643760 643784 643816 643813 643856 643885 643922 643918 643903 643913 643983 644003 644013 644016 643977 643974 643875 643754 643779 643803 643805 643762 643710 643706 643702 643740 643704 643748 643753 643742 643836 643827 643984 643987 643992 643898 643821 643789 643795 643668 643630 643652 643694 643732 643734 643716 643740 643743 643768 643774 643765 643860 643894 643878 643944 643947 643970 643967 643866 643869 643791 643797 643614 643640 643684 643686 643670 643676 643759 643869 643871 643836 643955 643844 643841 643777 643719 
644292 644297 644246 644335 644354 644357 644319 644336 644346 644366 644219 644257 644270 644298 644318 644363 644374 644189 644186 644179 644190 644185 644191 644281 644273 644298 644362 644377 644308 644325 644181 644179 644165 644206 644259 644292 644272 644240 644234 644308 644332 644384 644393 644393 644280 644317 644153 644155 644171 644151 644163 644156 644180 644212 644209 644252 644273 644274 644258 644240 644236 644316 644344 644378 644360 644408 644407 644356 644235 644260 644284 644269 644207 644155 644141 644145 644164 644134 644150 644149 644138 644232 644223 644306 644312 644372 644379 644302 644285 644264 644113 644075 644097 644123 644142 644131 644116 644136 644139 644164 644170 644161 644250 644198 644150 644238 644244 644392 644398 644347 644350 644272 644278 644059 644085 644118 644113 644099 644102 644155 644196 644164 644108 644248 644325 644322 644258 644202 
644289 644294 644243 644295 644351 644354 644316 644289 644297 644363 644216 644254 644259 644283 644265 644360 644371 644186 644183 644176 644187 644182 644188 644259 644259 644245 644309 644374 644315 644322 644178 644176 644162 644203 644247 644239 644219 644187 644181 644255 644279 644331 644343 644379 644287 644314 644151 644152 644168 644148 644160 644153 644177 644209 644206 644235 644223 644221 644205 644187 644183 644263 644291 644325 644307 644361 644367 644363 644242 644267 644291 644266 644208 644163 644138 644142 644161 644131 644147 644146 644135 644211 644211 644253 644259 644319 644361 644309 644282 644261 644121 644083 644105 644120 644139 644128 644113 644133 644136 644161 644167 644158 644201 644145 644097 644185 644191 644339 644345 644341 644341 644279 644285 644067 644093 644115 644110 644096 644099 644152 644143 644111 644055 644195 644317 644317 644265 644209 
644807 644817 644715 644815 644931 644937 644861 644812 644834 644955 644661 644737 644736 644780 644782 644949 644971 644601 644595 644581 644603 644593 644605 644725 644733 644754 644876 644977 644973 644861 644585 644581 644553 644635 644711 644733 644759 644748 644742 644831 644861 644923 644929 644973 644953 644881 644531 644533 644565 644525 644549 644535 644583 644646 644641 644682 644689 644724 644716 644689 644720 644853 644885 644920 644911 644956 644959 645018 644935 644949 644875 644761 644645 644581 644505 644513 644551 644491 644523 644521 644499 644630 644639 644862 644868 644935 644999 644997 644781 644751 644539 644465 644451 644469 644507 644485 644455 644495 644501 644551 644563 644545 644642 644682 644658 644782 644788 644951 644954 645009 645006 644973 644985 644449 644439 644459 644449 644421 644427 644533 644631 644636 644604 644804 644995 644998 644981 644833 
643652 643649 643604 643587 643712 643709 643679 643584 643594 643676 643523 643557 643544 643576 643566 643703 643692 643549 643534 643479 643480 643485 643503 643533 643541 643550 643612 643689 643758 643685 643541 643491 643465 643464 643519 643541 643543 643533 643530 643579 643597 643635 643641 643673 643772 643701 643514 643455 643483 643439 643435 643432 643454 643458 643461 643490 643497 643532 643524 643497 643519 643589 643609 643632 643623 643656 643659 643722 643795 643782 643704 643629 643571 643539 643489 643505 643524 643470 643474 643425 643414 643438 643447 643590 643593 643635 643699 643752 643645 643624 643518 643481 643462 643447 643466 643431 643404 643388 643387 643398 643392 643401 643450 643500 643488 643550 643553 643651 643654 643719 643716 643770 643764 643473 643456 643442 643425 643399 643402 643371 643439 643477 643461 643561 643729 643732 643772 643730 
644824 644834 644732 644816 644948 644954 644878 644810 644830 644972 644678 644754 644754 644794 644774 644966 644988 644618 644612 644598 644620 644610 644622 644732 644748 644742 644866 644994 645048 644890 644602 644598 644570 644652 644728 644724 644728 644708 644702 644800 644836 644912 644924 644988 645064 644922 644548 644550 644582 644542 644566 644552 644600 644664 644658 644694 644684 644706 644690 644660 644680 644820 644860 644906 644888 644954 644960 645072 645108 645096 644928 644778 644662 644598 644522 644530 644568 644508 644540 644538 644516 644638 644656 644822 644828 644912 645040 645108 644810 644768 644556 644482 644468 644486 644524 644502 644472 644512 644518 644568 644580 644562 644638 644642 644618 644742 644748 644944 644950 645080 645074 645120 645132 644466 644456 644476 644466 644438 644444 644550 644592 644596 644564 644764 645100 645106 645154 644980 
643523 643513 643376 643378 0 0 643639 0 643403 643545 643250 0 643268 643332 643324 0 0 643518 643426 643210 643188 0 0 0 0 0 0 0 643636 643699 643486 643270 0 0 643230 0 0 0 0 0 0 0 0 0 0 643703 643459 0 643286 643206 643122 643136 0 0 0 643184 0 643232 643216 643174 0 0 643423 0 0 0 0 0 0 0 643727 643671 643611 643567 0 643426 643445 0 643354 0 0 0 0 0 0 0 0 643588 643687 643666 643546 643450 0 643332 643351 643282 0 0 0 0 0 0 0 0 0 0 0 0 643477 643558 0 643588 0 643442 643365 643327 643298 643260 0 643018 643082 0 643114 0 0 0 0 643702 
644611 644596 644461 644410 0 0 644811 0 644431 644677 644326 0 644317 644377 644347 0 0 644705 644537 644302 644269 0 0 0 0 0 0 0 644663 644839 644665 644371 0 0 644278 0 0 0 0 0 0 0 0 0 0 644807 644646 0 644387 644307 644206 644227 0 0 0 644227 0 644245 644221 644176 0 0 644476 0 0 0 0 0 0 0 644801 644930 644823 644757 0 644613 644632 0 644489 0 0 0 0 0 0 0 0 644585 644913 644925 644704 644593 0 644519 644505 644407 0 0 0 0 0 0 0 0 0 0 0 0 644531 644546 0 644579 0 644569 644543 644514 644485 644447 0 644086 644074 0 644032 0 0 0 0 644749 
644101 644086 643999 643912 0 0 644129 0 643921 643988 643900 0 643867 643903 643861 0 0 644252 644119 643900 643867 0 0 0 0 0 0 0 643875 644112 644224 643960 0 0 643840 0 0 0 0 0 0 0 0 0 0 644064 644231 0 643984 643924 643828 643849 0 0 0 643801 0 643783 643759 643726 0 0 643847 0 0 0 0 0 0 0 644055 644234 644311 644275 0 644210 644205 0 644107 0 0 0 0 0 0 0 0 643785 644194 644239 644212 644139 0 644138 644119 644044 0 0 0 0 0 0 0 0 0 0 0 0 643779 643758 0 643767 0 644115 644136 644143 644112 644090 0 643732 643648 0 643546 0 0 0 0 643977 
644237 0 644141 644054 0 0 0 0 0 644096 644042 0 644009 0 0 0 0 0 644261 0 0 0 0 0 0 0 0 0 0 0 0 0 0 0 0 0 0 0 0 0 0 0 0 0 0 0 0 0 0 0 0 0 0 0 0 0 0 0 0 643868 0 0 0 0 0 0 0 0 0 0 0 0 0 644568 0 0 644387 0 0 0 0 0 0 0 0 0 0 0 0 644402 0 0 0 0 644273 644186 0 0 0 0 0 0 0 0 0 0 0 0 0 0 0 0 0 0 0 0 644300 0 0 643874 643790 0 643688 0 0 0 0 0 
644079 644074 644166 644048 643957 643954 644004 644045 644019 643957 644159 644155 644142 644109 644063 643948 643937 644204 644226 644127 644116 644121 644151 644131 644139 644083 643965 643934 643859 643974 644226 644163 644141 644100 644153 644103 644040 643994 643991 643968 643950 643916 643922 643918 643839 643946 644200 644151 644171 644119 644071 644078 644090 644094 644097 644126 644131 644094 644086 644095 644052 643942 643926 643913 643904 643901 643904 643859 643788 643811 643931 644036 644074 644058 644251 644223 644245 644269 644228 644085 644096 644074 644083 643907 643910 643880 643836 643817 644012 644036 644016 644086 644197 644247 644236 644175 644154 644026 644023 644034 644028 644037 644086 644033 643949 643903 643906 643860 643863 643820 643817 643799 643793 644070 644185 644243 644223 644199 644199 644007 644075 644039 643958 643878 643794 643797 643765 643869 
644666 0 644758 644580 0 0 0 0 0 644518 644739 0 644709 0 644586 0 0 0 644877 0 0 0 0 0 0 0 0 0 0 0 0 644783 0 0 0 0 0 0 0 0 0 0 0 0 0 0 0 0 0 0 0 0 0 0 0 0 0 644614 644598 644615 0 0 0 0 0 0 0 0 0 0 0 0 0 644806 0 644944 644922 0 644877 0 0 0 0 0 0 0 0 644382 644680 644722 0 644844 0 0 644893 644843 0 0 0 0 0 0 0 0 0 0 0 0 644378 0 0 0 0 644828 0 644941 644915 0 0 644651 644571 0 644376 0 0 0 0 0 
0 0 0 643669 0 0 0 0 0 643638 0 0 0 0 0 0 0 0 643818 0 0 0 0 0 0 0 0 0 0 0 0 0 0 0 0 0 0 0 0 0 0 0 0 0 0 0 0 0 0 0 0 0 0 0 0 0 0 0 0 0 0 0 0 0 0 0 0 0 0 0 0 0 0 0 0 0 643798 0 0 0 0 0 0 0 0 0 0 0 0 0 0 0 0 0 643824 0 0 0 0 0 0 0 0 0 0 0 0 0 0 0 0 0 0 0 0 0 0 0 0 0 0 0 643567 0 0 0 0 0 
644073 644068 644167 644042 643951 643948 643998 644039 644013 643951 644145 644166 644153 644103 644057 643942 643931 644200 644237 644113 644102 644107 644137 644142 644150 644077 643959 643928 643853 643968 644220 644149 644127 644086 644141 644104 644034 643988 643985 643962 643944 643910 643916 643912 643833 643940 644239 644137 644157 644105 644057 644064 644076 644080 644083 644112 644119 644095 644087 644106 644046 643936 643920 643907 643898 643895 643898 643853 643782 643805 643925 644036 644119 644105 644282 644263 644249 644266 644214 644071 644082 644060 644069 643901 643904 643874 643830 643811 644008 644041 644063 644133 644261 644241 644222 644161 644140 644012 644009 644020 644014 644023 644072 644027 643943 643897 643900 643854 643857 643814 643811 643793 643787 644117 644249 644246 644215 644193 644190 643993 644061 644040 643952 643872 643788 643791 643759 643863 
644895 0 644987 644809 0 0 0 0 0 644747 645041 0 644939 0 644815 0 0 0 645089 0 0 0 0 0 0 0 0 0 0 0 0 645111 0 0 0 0 0 0 0 0 0 0 0 0 0 0 0 0 0 0 0 0 0 0 0 0 0 644843 644827 644845 0 0 0 0 0 0 0 0 0 0 0 0 0 644811 0 644983 645021 0 645137 0 0 0 0 0 0 0 0 644611 644783 644789 0 644839 0 0 645121 645133 0 0 0 0 0 0 0 0 0 0 0 0 644607 0 0 0 0 644823 0 645073 645101 0 0 644925 644873 0 644605 0 0 0 0 0 
643350 643345 643396 643307 643288 643285 643311 643304 643290 643276 643423 643385 643372 643344 643310 643279 643268 643290 643392 643463 643452 643457 643451 643361 643369 643318 643260 643265 643238 643269 643310 643459 643469 643436 643383 643333 643287 643253 643250 643251 643245 643235 643241 643249 643230 643261 643256 643459 643451 643479 643455 643462 643462 643430 643433 643390 643361 643324 643316 643325 643287 643237 643233 643232 643223 643232 643235 643226 643203 643214 643240 643198 643190 643162 643302 643274 643312 643324 643392 643469 643466 643410 643419 643214 643217 643211 643203 643208 643194 643188 643120 643154 643248 643338 643376 643426 643432 643416 643413 643424 643418 643427 643386 643268 643208 643198 643201 643203 643206 643199 643196 643202 643196 643138 643236 643328 643354 643362 643368 643397 643339 643269 643205 643185 643185 643188 643180 643184 
644016 644011 644097 643985 643894 643891 643941 643982 643956 643894 644124 644086 644073 644045 644000 643885 643874 644022 644121 644164 644153 644158 644152 644062 644070 644019 643902 643871 643796 643889 644053 644164 644178 644137 644084 644034 643977 643931 643928 643905 643887 643853 643859 643855 643776 643869 643999 644186 644172 644192 644152 644159 644163 644131 644134 644091 644062 644025 644017 644026 643988 643879 643863 643850 643841 643838 643841 643796 643725 643748 643836 643846 643874 643858 644045 644017 644055 644067 644133 644166 644177 644111 644120 643844 643847 643817 643773 643754 643830 643836 643816 643886 643991 644081 644119 644162 644171 644107 644104 644115 644109 644118 644087 643969 643886 643840 643843 643797 643800 643757 643754 643736 643730 643870 643979 644071 644097 644105 644111 644088 644040 643970 643895 643815 643731 643734 643702 643754 
642969 642979 643021 643060 642913 642919 642879 643057 643043 642973 643075 643079 643105 643089 643063 642931 642953 642835 642937 643067 643089 643079 643055 643114 643111 643071 643013 642959 642858 642819 642855 643031 643039 643121 643119 643086 643040 643006 643003 643004 642998 642988 642994 642991 642826 642815 642801 643019 643015 643023 643059 643045 643081 643133 643127 643141 643114 643077 643069 643078 643040 642990 642986 642985 642976 642985 642988 642929 642784 642810 642785 642743 642735 642707 642847 642819 642857 642869 642937 643031 643009 643163 643155 642967 642970 642964 642956 642870 642739 642733 642665 642699 642793 642883 642921 642971 642953 643029 643035 643073 643085 643067 643139 643021 642961 642951 642954 642956 642959 642936 642938 642834 642846 642683 642781 642873 642899 642907 642913 643067 643092 643022 642958 642938 642915 642910 642830 642694 
643491 643496 643541 643492 643433 643436 643422 643489 643475 643461 643586 643570 643557 643529 643495 643442 643453 643428 643505 643594 643605 643600 643582 643546 643554 643503 643445 643450 643351 643380 643448 643570 643580 643621 643568 643518 643472 643438 643435 643436 643430 643420 643426 643434 643323 643360 643394 643570 643562 643580 643592 643585 643609 643615 643618 643575 643546 643509 643501 643510 643472 643422 643418 643417 643408 643417 643420 643387 643278 643303 643327 643336 643328 643300 643440 643412 643450 643462 643517 643578 643567 643595 643604 643399 643402 643396 643364 643345 643332 643326 643258 643292 643386 643476 643509 643546 643545 643559 643562 643593 643599 643590 643571 643453 643393 643383 643386 643388 643391 643348 643345 643315 643321 643276 643374 643466 643492 643500 643506 643578 643524 643454 643390 643370 643322 643325 643293 643245 
644849 644859 644757 644935 644854 644860 644832 644941 644969 644926 644703 644779 644805 644861 644929 644872 644894 644643 644637 644623 644645 644635 644647 644827 644811 644913 645016 644900 644762 644748 644627 644623 644595 644677 644783 644883 644975 645000 644997 645046 645046 645008 644996 644932 644730 644732 644573 644575 644607 644567 644591 644577 644625 644689 644683 644769 644827 644901 644917 644899 644961 645062 645058 645014 645032 644966 644960 644834 644688 644714 644690 644684 644674 644622 644547 644555 644593 644533 644565 644563 644541 644729 644711 645080 645080 645008 644880 644774 644668 644674 644580 644507 644493 644511 644549 644527 644497 644537 644543 644593 644605 644587 644777 644943 644955 645040 645043 644976 644970 644840 644846 644738 644750 644491 644481 644501 644491 644463 644469 644575 644865 644908 644913 645051 644820 644814 644734 644598 
644807 644817 644739 644905 644815 644821 644781 644911 644927 644875 644685 644761 644787 644843 644911 644833 644855 644625 644619 644605 644627 644617 644629 644809 644793 644895 644963 644861 644747 644721 644609 644605 644577 644659 644765 644865 644949 644947 644944 644985 644991 644957 644945 644893 644715 644717 644555 644557 644589 644549 644573 644559 644607 644671 644665 644751 644809 644883 644896 644875 644921 644999 644995 644963 644981 644927 644921 644819 644673 644699 644675 644645 644621 644569 644529 644537 644575 644515 644547 644545 644523 644711 644693 644996 644999 644969 644865 644759 644641 644635 644527 644489 644475 644493 644531 644509 644479 644519 644525 644575 644587 644569 644759 644902 644890 644964 644967 644949 644943 644825 644831 644723 644735 644473 644463 644483 644473 644445 644451 644557 644829 644867 644848 644967 644805 644799 644719 644583 
644555 644565 644463 644641 644655 644661 644597 644647 644673 644691 644409 644485 644511 644567 644629 644673 644695 644349 644343 644329 644351 644341 644353 644533 644517 644609 644727 644701 644613 644563 644333 644329 644301 644383 644489 644582 644630 644632 644629 644702 644732 644764 644758 644733 644593 644559 644279 644281 644313 644273 644297 644283 644331 644395 644389 644475 644530 644591 644587 644560 644594 644724 644756 644767 644770 644767 644761 644673 644575 644589 644529 644485 644393 644329 644253 644261 644299 644239 644271 644269 644247 644435 644417 644737 644740 644782 644719 644637 644483 644475 644287 644213 644199 644217 644255 644233 644203 644243 644249 644299 644311 644293 644481 644575 644587 644685 644688 644774 644771 644691 644697 644613 644625 644197 644187 644207 644197 644169 644175 644281 644502 644540 644548 644708 644683 644677 644621 644473 
644083 644093 643991 644092 644207 644213 644137 644089 644111 644215 643936 643998 644011 644057 644059 644224 644235 643877 643871 643857 643879 643869 643881 644002 644010 644031 644153 644238 644293 644149 643861 643857 643829 643899 643988 644010 644036 644038 644035 644108 644138 644200 644206 644250 644273 644181 643807 643809 643841 643801 643825 643811 643859 643905 643902 643959 643966 644001 643993 643966 644000 644130 644162 644197 644188 644233 644236 644313 644255 644269 644187 644037 643921 643857 643781 643789 643827 643767 643799 643797 643775 643907 643916 644143 644146 644212 644312 644305 644069 644027 643815 643741 643727 643745 643783 643761 643731 643771 643777 643821 643827 643818 643919 643981 643993 644091 644094 644240 644243 644330 644327 644287 644293 643725 643715 643735 643725 643697 643703 643800 643908 643946 643954 644114 644316 644319 644285 644153 
643944 0 643893 643934 0 0 0 0 0 643990 643830 0 643883 0 643913 0 0 0 643821 0 0 0 0 0 0 0 0 0 0 0 0 643778 0 0 0 0 0 0 0 0 0 0 0 0 0 0 0 0 0 0 0 0 0 0 0 0 0 643874 643866 643839 0 0 0 0 0 0 0 0 0 0 0 0 0 643831 0 643792 643811 0 643761 0 0 0 0 0 0 0 0 643990 643895 643886 0 643773 0 0 643753 643718 0 0 0 0 0 0 0 0 0 0 0 0 643959 0 0 0 0 643765 0 643729 643712 0 0 643691 643781 0 643808 0 0 0 0 0 
643635 0 643585 643568 0 0 0 0 0 643657 643540 0 643537 0 643547 0 0 0 643621 0 0 0 0 0 0 0 0 0 0 0 0 643556 0 0 0 0 0 0 0 0 0 0 0 0 0 0 0 0 0 0 0 0 0 0 0 0 0 643513 643505 643490 0 0 0 0 0 0 0 0 0 0 0 0 0 643741 0 643686 643667 0 643609 0 0 0 0 0 0 0 0 643687 643786 643783 0 643661 0 0 643617 643580 0 0 0 0 0 0 0 0 0 0 0 0 643635 0 0 0 0 643645 0 643641 643622 0 0 643460 643456 0 643424 0 0 0 0 0 
643495 0 643270 643227 0 0 0 0 0 643579 643054 0 643066 0 0 0 0 0 643402 0 0 0 0 0 0 0 0 0 0 0 0 0 0 0 0 0 0 0 0 0 0 0 0 0 0 0 0 0 0 0 0 0 0 0 0 0 0 0 0 642878 0 0 0 0 0 0 0 0 0 0 0 0 0 643677 0 0 643547 0 0 0 0 0 0 0 0 0 0 0 0 643939 0 0 0 0 643344 643185 0 0 0 0 0 0 0 0 0 0 0 0 0 0 0 0 0 0 0 0 643298 0 0 642662 642718 0 642722 0 0 0 0 0 
644235 644220 644133 644046 0 0 644283 0 644055 644142 644034 0 644001 644037 643995 0 0 644391 644253 644034 644001 0 0 0 0 0 0 0 644028 644265 644363 644094 0 0 643974 0 0 0 0 0 0 0 0 0 0 644217 644390 0 644118 644058 643962 643983 0 0 0 643935 0 643917 643893 643860 0 0 644013 0 0 0 0 0 0 0 644208 644392 644499 644507 0 644363 644344 0 644241 0 0 0 0 0 0 0 0 643938 644352 644397 644528 644459 0 644277 644258 644178 0 0 0 0 0 0 0 0 0 0 0 0 643932 643911 0 643920 0 644467 644364 644282 644251 644229 0 643866 643782 0 643680 0 0 0 0 644130 
643699 0 643675 643656 0 0 0 0 0 643625 643630 0 643627 0 643637 0 0 0 643711 0 0 0 0 0 0 0 0 0 0 0 0 643646 0 0 0 0 0 0 0 0 0 0 0 0 0 0 0 0 0 0 0 0 0 0 0 0 0 643603 643595 643580 0 0 0 0 0 0 0 0 0 0 0 0 0 643812 0 643776 643757 0 643699 0 0 0 0 0 0 0 0 643532 643706 643727 0 643838 0 0 643707 643670 0 0 0 0 0 0 0 0 0 0 0 0 643555 0 0 0 0 643838 0 643731 643712 0 0 643550 643546 0 643532 0 0 0 0 0 
644019 644014 644113 643988 643897 643894 643944 643985 643959 643897 644068 644102 644089 644049 644003 643888 643877 644146 644173 644036 644025 644030 644060 644078 644086 644023 643905 643874 643799 643914 644166 644072 644050 644009 644064 644050 643980 643934 643931 643908 643890 643856 643862 643858 643779 643886 644193 644060 644080 644028 643980 643987 643999 644003 644006 644035 644042 644041 644033 644042 643992 643882 643866 643853 643844 643841 643844 643799 643728 643751 643871 643982 644076 644116 644218 644214 644195 644189 644137 643994 644005 643983 643992 643847 643850 643820 643776 643757 643954 643987 644082 644152 644245 644164 644145 644084 644063 643935 643932 643943 643937 643946 643995 643973 643889 643843 643846 643800 643803 643760 643757 643739 643733 644136 644248 644169 644138 644116 644113 643916 643984 643986 643898 643818 643734 643737 643705 643809 
644322 644312 644414 644236 0 0 644268 0 644202 644174 644456 0 644366 644310 644242 0 0 644521 644534 644488 644466 0 0 0 0 0 0 0 644098 644256 644541 644524 0 0 644388 0 0 0 0 0 0 0 0 0 0 644224 644548 0 644540 644508 644448 644462 0 0 0 644390 0 644270 644254 644272 0 0 644088 0 0 0 0 0 0 0 644218 644357 644425 644429 0 644575 644570 0 644594 0 0 0 0 0 0 0 0 644038 644329 644362 644408 644479 0 644635 644610 644584 0 0 0 0 0 0 0 0 0 0 0 0 644034 644020 0 644026 0 644471 644574 644640 644645 644635 0 644392 644288 0 644032 0 0 0 0 644166 
0 0 0 638778 0 0 0 0 0 638747 0 0 0 0 0 0 0 0 638889 0 0 0 0 0 0 0 0 0 0 0 0 0 0 0 0 0 0 0 0 0 0 0 0 0 0 0 0 0 0 0 0 0 0 0 0 0 0 0 0 0 0 0 0 0 0 0 0 0 0 0 0 0 0 0 0 0 638877 0 0 0 0 0 0 0 0 0 0 0 0 0 0 0 0 0 638913 0 0 0 0 0 0 0 0 0 0 0 0 0 0 0 0 0 0 0 0 0 0 0 0 0 0 0 638676 0 0 0 0 0 
644815 0 644907 644729 0 0 0 0 0 644667 644961 0 644859 0 0 0 0 0 644992 0 0 0 0 0 0 0 0 0 0 0 0 0 0 0 0 0 0 0 0 0 0 0 0 0 0 0 0 0 0 0 0 0 0 0 0 0 0 0 0 0 0 0 0 0 0 0 0 0 0 0 0 0 0 0 0 0 644916 0 0 0 0 0 0 0 0 0 0 0 0 0 0 0 0 0 645016 645065 0 0 0 0 0 0 0 0 0 0 0 0 0 0 0 0 0 0 0 0 0 0 0 644947 0 0 644525 0 0 0 0 0 
644788 644778 644880 644702 644664 644658 644734 644696 644668 644640 644934 644858 644832 644776 644708 644646 644624 644942 645000 645014 644992 645002 644990 644810 644826 644724 644608 644618 644564 644722 644970 645014 645042 644960 644854 644754 644662 644594 644588 644590 644578 644558 644570 644586 644548 644690 644934 645062 645030 645058 644986 645000 645000 644948 644954 644868 644810 644736 644720 644738 644662 644562 644554 644552 644534 644552 644558 644540 644494 644516 644684 644770 644808 644792 645002 644964 644989 645031 645072 645014 645036 644908 644926 644516 644522 644510 644494 644504 644750 644765 644750 644820 644950 645056 645074 645110 645128 644944 644938 644936 644924 644942 644860 644624 644504 644484 644490 644494 644500 644486 644480 644492 644480 644804 644938 645051 645082 645104 645107 644906 644766 644626 644498 644458 644458 644464 644448 644632 
644080 644075 644174 644049 643958 643955 643967 644046 644020 643958 644230 644175 644162 644110 644064 643949 643938 644005 644143 644264 644259 644264 644252 644151 644159 644084 643966 643935 643860 643893 644037 644240 644250 644243 644185 644111 644041 643995 643992 643969 643951 643917 643923 643919 643840 643877 643983 644240 644232 644260 644264 644267 644269 644237 644240 644197 644163 644102 644094 644115 644053 643943 643927 643914 643905 643902 643905 643860 643789 643812 643835 643829 643857 643841 644053 644013 644051 644087 644160 644260 644249 644217 644226 643908 643911 643881 643837 643818 643813 643819 643799 643869 643999 644106 644144 644194 644200 644241 644238 644239 644233 644242 644193 644034 643950 643904 643907 643861 643864 643821 643818 643800 643794 643853 643987 644096 644122 644130 644136 644222 644146 644047 643959 643879 643795 643798 643766 643743 
643700 643695 643794 643669 643578 643575 643603 643666 643640 643578 643844 643795 643782 643730 643684 643569 643558 643653 643791 643884 643873 643878 643872 643771 643779 643704 643586 643555 643480 643537 643685 643870 643880 643857 643804 643731 643661 643615 643612 643589 643571 643537 643543 643539 643460 643517 643631 643870 643862 643890 643900 643907 643883 643851 643854 643811 643782 643722 643714 643735 643673 643563 643547 643534 643525 643522 643525 643480 643409 643432 643483 643477 643505 643489 643701 643661 643699 643734 643802 643912 643901 643831 643840 643528 643531 643501 643457 643438 643461 643467 643447 643517 643647 643748 643786 643836 643842 643927 643924 643899 643893 643902 643807 643654 643570 643524 643527 643481 643484 643441 643438 643420 643414 643501 643635 643738 643764 643772 643778 643908 643760 643667 643579 643499 643415 643418 643386 643391 
643599 643594 643693 643534 643477 643474 643482 643528 643500 643472 643756 643690 643664 643608 643540 643468 643456 643568 643673 643810 643809 643814 643786 643642 643658 643556 643440 643450 643379 643416 643596 643774 643796 643792 643686 643586 643494 643426 643420 643422 643410 643390 643402 643418 643359 643396 643569 643786 643766 643818 643859 643858 643831 643780 643786 643700 643642 643568 643552 643570 643494 643394 643386 643384 643366 643384 643390 643372 643308 643331 643363 643396 643446 643450 643628 643596 643615 643657 643709 643851 643840 643740 643758 643348 643354 643342 643326 643336 643376 643391 643429 643500 643601 643682 643701 643762 643783 643862 643859 643858 643851 643861 643692 643456 643336 643316 643322 643326 643332 643318 643312 643319 643312 643492 643595 643677 643708 643730 643733 643843 643598 643458 643330 643290 643290 643296 643280 643281 
643332 643329 643428 643303 643212 643209 643215 643300 643274 643212 643491 643429 643416 643364 643318 643203 643192 643301 643406 643543 643544 643549 643519 643405 643413 643338 643220 643189 643114 643149 643329 643507 643529 643528 643439 643365 643295 643249 643246 643223 643205 643171 643177 643173 643092 643129 643302 643519 643499 643551 643595 643592 643566 643522 643525 643458 643417 643356 643348 643369 643307 643197 643181 643168 643159 643156 643159 643114 643043 643066 643096 643129 643179 643183 643361 643329 643348 643390 643442 643585 643574 643502 643511 643162 643165 643135 643091 643072 643109 643124 643162 643233 643334 643415 643434 643495 643516 643603 643602 643599 643593 643602 643466 643288 643204 643158 643161 643115 643118 643075 643072 643054 643048 643225 643328 643410 643441 643463 643466 643586 643407 643301 643213 643133 643049 643052 643020 643014 
643760 643755 643806 643717 643698 643695 643695 643714 643700 643686 643833 643795 643782 643754 643720 643689 643678 643658 643760 643867 643862 643867 643855 643771 643779 643728 643670 643675 643612 643642 643678 643843 643853 643846 643793 643743 643697 643663 643660 643661 643655 643645 643651 643659 643592 643626 643624 643842 643835 643863 643889 643892 643872 643840 643843 643800 643771 643734 643726 643735 643697 643647 643643 643642 643633 643642 643645 643612 643541 643564 643584 643566 643558 643530 643670 643642 643680 643692 643760 643885 643874 643820 643829 643624 643627 643621 643589 643570 643562 643556 643488 643522 643616 643706 643744 643794 643800 643906 643903 643888 643882 643891 643796 643678 643618 643608 643611 643613 643616 643573 643570 643552 643546 643506 643604 643696 643722 643730 643736 643887 643749 643679 643615 643595 643547 643550 643518 643492 
642922 642932 642974 643040 642866 642872 642832 643040 643028 642926 643026 643032 643058 643042 643052 642884 642906 642788 642890 642960 642982 642972 642982 643080 643064 643064 643004 642912 642822 642772 642808 642958 642932 643014 643072 643076 643033 642999 642996 642997 642991 642980 642980 642944 642802 642768 642754 642912 642942 642904 642928 642914 642962 643026 643020 643092 643100 643070 643062 643071 643033 642983 642979 642978 642969 642968 642968 642882 642784 642798 642738 642696 642688 642660 642800 642772 642810 642822 642888 642900 642878 643066 643048 642960 642963 642957 642928 642846 642692 642686 642618 642652 642746 642834 642872 642864 642834 642874 642880 642930 642942 642924 643098 643014 642954 642944 642947 642949 642952 642900 642906 642822 642834 642636 642734 642824 642826 642800 642806 642912 643083 643015 642951 642931 642892 642886 642830 642682 
644826 644836 644877 644959 644710 644716 644688 644965 644946 644782 644823 644899 644925 644957 644989 644728 644750 644703 644757 644743 644765 644755 644767 644947 644931 645009 644910 644756 644618 644604 644723 644743 644715 644797 644903 645003 645035 645067 645067 644976 644940 644864 644852 644788 644586 644588 644669 644695 644727 644687 644711 644697 644745 644809 644803 644889 644947 645021 645037 645019 645071 644956 644916 644870 644888 644822 644816 644690 644544 644570 644546 644540 644568 644552 644667 644675 644713 644653 644685 644683 644661 644849 644831 644954 644948 644864 644736 644630 644524 644530 644510 644567 644613 644631 644669 644647 644617 644657 644663 644713 644725 644707 644897 645091 645041 644996 644996 644832 644826 644696 644702 644594 644606 644551 644601 644621 644611 644583 644589 644695 644991 645090 645030 644971 644676 644670 644590 644454 
644515 644525 644517 644637 644459 644465 644425 644643 644635 644519 644475 644551 644577 644609 644665 644477 644499 644379 644409 644395 644417 644407 644419 644599 644583 644661 644623 644505 644415 644365 644375 644395 644367 644449 644555 644643 644711 644738 644741 644677 644653 644601 644589 644537 644395 644361 644321 644347 644379 644339 644363 644349 644397 644461 644455 644541 644599 644661 644677 644671 644723 644669 644641 644607 644625 644571 644565 644475 644377 644391 644331 644289 644281 644253 644319 644315 644353 644305 644337 644335 644313 644501 644483 644679 644673 644613 644521 644439 644285 644279 644211 644243 644265 644283 644321 644299 644269 644309 644315 644365 644377 644359 644549 644745 644753 644721 644718 644593 644587 644493 644499 644415 644427 644227 644253 644273 644263 644235 644241 644347 644643 644744 644748 644710 644485 644479 644423 644275 
644652 644662 644608 644710 644624 644630 644590 644713 644727 644673 644555 644621 644634 644673 644707 644642 644657 644470 644489 644475 644497 644487 644499 644645 644637 644699 644737 644660 644580 644530 644466 644475 644447 644522 644611 644684 644730 644764 644767 644766 644752 644714 644708 644676 644560 644526 644412 644427 644459 644419 644443 644429 644477 644528 644525 644592 644633 644693 644701 644681 644730 644760 644740 644717 644726 644693 644690 644627 644542 644556 644496 644454 644446 644414 644399 644406 644444 644385 644417 644415 644393 644548 644539 644759 644756 644714 644650 644597 644450 644444 644372 644334 644345 644363 644401 644379 644349 644389 644395 644444 644450 644439 644584 644749 644763 644799 644796 644698 644695 644630 644633 644579 644585 644318 644333 644353 644343 644315 644321 644423 644643 644748 644721 644788 644620 644617 644577 644440 
644800 644810 644708 644886 644826 644832 644792 644892 644920 644886 644654 644730 644756 644812 644880 644844 644866 644594 644588 644574 644596 644586 644598 644778 644762 644864 644966 644872 644745 644731 644578 644574 644546 644628 644734 644834 644926 644984 644984 644996 644996 644968 644956 644904 644713 644715 644524 644526 644558 644518 644542 644528 644576 644640 644634 644720 644778 644852 644868 644850 644926 645012 645008 644974 644992 644938 644932 644817 644671 644697 644673 644656 644624 644572 644498 644506 644544 644484 644516 644514 644492 644680 644662 645046 645040 644980 644863 644757 644651 644646 644530 644458 644444 644462 644500 644478 644448 644488 644494 644544 644556 644538 644728 644936 644950 645034 645037 644959 644953 644823 644829 644721 644733 644442 644432 644452 644442 644414 644420 644526 644822 644903 644911 645045 644803 644797 644717 644581 
642559 642564 642513 642602 642621 642624 642586 642605 642619 642633 642486 642524 642537 642565 642599 642630 642641 642456 642453 642446 642457 642452 642458 642548 642540 642591 642649 642644 642599 642592 642448 642446 642432 642473 642526 642576 642606 642596 642593 642642 642660 642674 642668 642660 642583 642584 642421 642422 642438 642418 642430 642423 642447 642479 642476 642519 642548 642585 642587 642572 642582 642652 642672 642677 642686 642677 642674 642635 642562 642575 642563 642536 642478 642446 642408 642412 642431 642401 642417 642416 642405 642499 642490 642653 642656 642698 642658 642605 642552 642531 642425 642388 642381 642390 642409 642398 642383 642403 642406 642431 642437 642428 642523 642563 642551 642613 642616 642706 642703 642638 642641 642587 642593 642380 642375 642385 642380 642366 642369 642422 642538 642540 642524 642624 642628 642625 642585 642517 
644253 0 644207 644294 0 0 0 0 0 644327 644180 0 644231 0 644273 0 0 0 644147 0 0 0 0 0 0 0 0 0 0 0 0 644140 0 0 0 0 0 0 0 0 0 0 0 0 0 0 0 0 0 0 0 0 0 0 0 0 0 644239 644231 644216 0 0 0 0 0 0 0 0 0 0 0 0 0 644091 0 644083 644121 0 644111 0 0 0 0 0 0 0 0 644297 644243 644213 0 644011 0 0 644103 644092 0 0 0 0 0 0 0 0 0 0 0 0 644361 0 0 0 0 643995 0 644065 644067 0 0 644116 644182 0 644168 0 0 0 0 0 
644178 644188 644086 644264 0 0 644232 0 644298 644326 644032 0 644134 644190 644244 0 0 643918 643945 643952 643974 0 0 0 0 0 0 0 644350 644230 643906 643952 0 0 644112 0 0 0 0 0 0 0 0 0 0 644266 643825 0 643936 643896 643920 643906 0 0 0 644098 0 644166 644142 644109 0 0 644313 0 0 0 0 0 0 0 644259 644074 643936 643852 0 643810 643867 0 643861 0 0 0 0 0 0 0 0 644354 644110 644059 643789 643714 0 643780 643837 643828 0 0 0 0 0 0 0 0 0 0 0 0 644412 644428 0 644306 0 643690 643711 643765 643762 643732 0 643904 644031 0 643929 0 0 0 0 644137 
643917 643922 643823 643948 644039 644042 643983 643951 643977 644039 643760 643822 643835 643887 643925 644048 644059 643723 643717 643696 643707 643702 643720 643846 643838 643897 644019 644062 644091 643995 643707 643703 643675 643723 643812 643876 643902 643904 643901 643974 644004 644066 644072 644078 644075 644027 643653 643655 643687 643647 643656 643649 643685 643729 643726 643793 643832 643867 643859 643832 643866 643996 644028 644063 644054 644095 644092 644127 644054 644067 644023 643883 643767 643703 643627 643635 643673 643613 643645 643642 643621 643749 643740 644009 644012 644078 644150 644097 643915 643873 643661 643587 643573 643591 643629 643607 643577 643605 643608 643645 643651 643642 643785 643847 643859 643957 643960 644106 644109 644130 644133 644079 644085 643571 643561 643581 643571 643543 643549 643624 643774 643812 643820 643980 644120 644117 644077 643967 
644629 644644 644491 644612 0 0 644710 0 644643 644811 644400 0 644485 644553 644567 0 0 644320 644311 644290 644323 0 0 0 0 0 0 0 644965 644728 644296 644290 0 0 644448 0 0 0 0 0 0 0 0 0 0 644776 644215 0 644266 644206 644242 644221 0 0 0 644407 0 644485 644477 644436 0 0 644730 0 0 0 0 0 0 0 644785 644560 644386 644290 0 644188 644245 0 644203 0 0 0 0 0 0 0 0 645023 644608 644545 644227 644116 0 644122 644179 644146 0 0 0 0 0 0 0 0 0 0 0 0 644847 644984 0 645053 0 644092 644077 644107 644092 644050 0 644192 644335 0 644293 0 0 0 0 644863 
644161 644166 644115 644105 644223 644226 644188 644099 644107 644207 644088 644100 644087 644107 644075 644232 644223 644013 644043 644048 644059 644054 644060 644069 644084 644055 644119 644220 644273 644189 644009 644048 644034 644055 644074 644049 644029 643997 643991 644065 644089 644141 644153 644204 644281 644209 643955 644024 644040 644020 644032 644025 644049 644049 644052 644055 644033 644031 644015 643997 643993 644073 644101 644135 644117 644171 644177 644253 644306 644297 644203 644089 644009 643957 643953 643949 643987 643951 643995 644018 644007 644023 644038 644063 644069 644129 644221 644283 644109 644079 643915 643877 643899 643941 643979 643981 643963 644005 644008 644025 644019 644028 644011 643955 643907 643995 644001 644149 644155 644249 644243 644301 644295 643861 643887 643931 643933 643917 643923 644010 643953 643921 643865 644005 644257 644263 644301 644219 
643832 0 643782 643720 0 0 0 0 0 643744 643736 0 643706 0 643690 0 0 0 643818 0 0 0 0 0 0 0 0 0 0 0 0 643753 0 0 0 0 0 0 0 0 0 0 0 0 0 0 0 0 0 0 0 0 0 0 0 0 0 643646 643630 643612 0 0 0 0 0 0 0 0 0 0 0 0 0 643947 0 643883 643864 0 643806 0 0 0 0 0 0 0 0 643633 643841 643862 0 643955 0 0 643814 643777 0 0 0 0 0 0 0 0 0 0 0 0 643628 0 0 0 0 643963 0 643838 643819 0 0 643648 643568 0 643480 0 0 0 0 0 
644208 0 644346 644079 0 0 0 0 0 643986 644321 0 644272 644190 644088 0 0 0 644524 644321 0 0 0 0 0 0 0 0 0 0 0 644381 0 0 0 0 0 0 0 0 0 0 0 0 0 0 0 0 0 0 644249 644270 0 0 0 0 0 644130 644106 644131 0 0 0 0 0 0 0 0 0 0 0 0 0 644541 0 644649 644592 0 644528 0 0 0 0 0 0 0 0 643782 644229 644292 0 644641 0 0 644552 644465 0 0 0 0 0 0 0 0 0 0 0 0 643776 0 0 0 0 644625 644754 644624 644579 0 0 644153 644069 0 643773 0 0 0 0 0 
644596 0 644734 644467 0 0 0 0 0 644374 644813 0 644662 0 0 0 0 0 644914 0 0 0 0 0 0 0 0 0 0 0 0 0 0 0 0 0 0 0 0 0 0 0 0 0 0 0 0 0 0 0 0 0 0 0 0 0 0 644518 0 644521 0 0 0 0 0 0 0 0 0 0 0 0 0 644745 0 0 644936 0 0 0 0 0 0 0 0 0 0 0 0 644620 0 0 0 0 645028 644997 0 0 0 0 0 0 0 0 0 0 0 0 0 0 0 0 0 0 0 645052 645053 0 0 644637 644561 0 644161 0 0 0 0 0 
644584 0 644722 644455 0 0 0 0 0 644362 644790 0 644650 0 0 0 0 0 644902 0 0 0 0 0 0 0 0 0 0 0 0 0 0 0 0 0 0 0 0 0 0 0 0 0 0 0 0 0 0 0 0 0 0 0 0 0 0 0 0 644509 0 0 0 0 0 0 0 0 0 0 0 0 0 644724 0 0 644957 0 0 0 0 0 0 0 0 0 0 0 0 644641 0 0 0 0 645021 644998 0 0 0 0 0 0 0 0 0 0 0 0 0 0 0 0 0 0 0 0 645074 0 0 644638 644538 0 644149 0 0 0 0 0 
644799 644789 644891 644713 0 0 644745 0 644679 644651 644945 0 644843 644787 644719 0 0 644959 645011 645005 644983 0 0 0 0 0 0 0 644575 644733 644983 645025 0 0 644865 0 0 0 0 0 0 0 0 0 0 644701 644983 0 645041 645037 644965 644979 0 0 0 644879 0 644747 644731 644749 0 0 644565 0 0 0 0 0 0 0 644695 644791 644863 644851 0 645007 645007 0 645079 0 0 0 0 0 0 0 0 644515 644767 644791 644809 644879 0 645079 645079 645101 0 0 0 0 0 0 0 0 0 0 0 0 644511 644497 0 644503 0 644863 644997 645079 645103 645107 0 644885 644777 0 644509 0 0 0 0 644643 
643995 643990 644089 643964 643873 643870 643920 643961 643935 643873 644122 644084 644071 644025 643979 643864 643853 644122 644155 644162 644151 644156 644150 644060 644068 643999 643881 643850 643775 643890 644142 644162 644176 644135 644082 644026 643956 643910 643907 643884 643866 643832 643838 643834 643755 643862 644117 644186 644170 644178 644154 644161 644149 644129 644132 644089 644060 644017 644009 644024 643968 643858 643842 643829 643820 643817 643820 643775 643704 643727 643847 643956 643991 643975 644181 644147 644171 644199 644191 644168 644179 644109 644118 643823 643826 643796 643752 643733 643930 643951 643933 644003 644127 644212 644199 644210 644213 644131 644128 644139 644133 644142 644085 643949 643865 643819 643822 643776 643779 643736 643733 643715 643709 643987 644115 644207 644226 644236 644239 644112 644038 643962 643874 643794 643710 643713 643681 643785 
643098 0 643148 643100 0 0 0 0 0 643014 643187 0 643163 0 0 0 0 0 643112 0 0 0 0 0 0 0 0 0 0 0 0 0 0 0 0 0 0 0 0 0 0 0 0 0 0 0 0 0 0 0 0 0 0 0 0 0 0 0 0 0 0 0 0 0 0 0 0 0 0 0 0 0 0 0 0 0 643066 0 0 0 0 0 0 0 0 0 0 0 0 0 0 0 0 0 643116 643153 0 0 0 0 0 0 0 0 0 0 0 0 0 0 0 0 0 0 0 0 0 0 0 643212 0 0 642969 0 0 0 0 0 
644655 0 644805 644856 0 0 0 0 0 644589 644903 0 644949 0 0 0 0 0 644697 0 0 0 0 0 0 0 0 0 0 0 0 0 0 0 0 0 0 0 0 0 0 0 0 0 0 0 0 0 0 0 0 0 0 0 0 0 0 0 0 645083 0 0 0 0 0 0 0 0 0 0 0 0 0 644244 0 0 644559 0 0 0 0 0 0 0 0 0 0 0 0 644211 0 0 0 0 644672 644656 0 0 0 0 0 0 0 0 0 0 0 0 0 0 0 0 0 0 0 0 644600 0 0 644728 645113 0 644752 0 0 0 0 0 
644823 644833 644876 644957 644707 644713 644685 644963 644943 644779 644822 644898 644924 644967 644999 644725 644747 644713 644756 644742 644764 644754 644766 644946 644930 645019 644907 644753 644615 644601 644733 644742 644714 644796 644902 645002 645045 645063 645066 644973 644937 644861 644849 644785 644583 644585 644679 644694 644726 644686 644710 644696 644744 644808 644802 644888 644946 645020 645036 645018 645081 644953 644913 644867 644885 644819 644813 644687 644541 644567 644543 644537 644565 644549 644666 644674 644712 644652 644684 644682 644660 644848 644830 644951 644945 644861 644733 644627 644521 644527 644507 644577 644612 644630 644668 644646 644616 644656 644662 644712 644724 644706 644896 645108 645061 645010 645007 644829 644823 644693 644699 644591 644603 644561 644600 644620 644610 644582 644588 644694 644990 645108 645055 644987 644673 644667 644587 644451 
0 0 0 0 0 0 0 0 0 0 0 0 0 0 0 0 0 0 0 0 0 0 0 0 0 0 0 0 0 0 0 0 0 0 0 0 0 0 0 0 0 0 0 0 0 0 0 0 0 0 0 0 0 0 0 0 0 0 0 0 0 0 0 0 0 0 0 0 0 0 0 0 0 0 0 0 0 0 0 0 0 0 0 0 0 0 0 0 0 0 0 0 0 0 0 0 0 0 0 0 0 0 0 0 0 0 0 0 0 0 0 0 0 0 0 0 0 0 0 0 0 0 644997 0 0 0 0 0 
644846 644856 644754 644932 644876 644882 644854 644938 644966 644948 644700 644776 644802 644858 644926 644894 644916 644640 644634 644620 644642 644632 644644 644824 644808 644910 645026 644922 644784 644770 644624 644620 644592 644674 644780 644880 644972 645040 645046 645044 645056 645030 645018 644954 644752 644754 644570 644572 644604 644564 644588 644574 644622 644686 644680 644766 644824 644898 644914 644896 644972 645072 645080 645036 645054 644988 644982 644856 644710 644736 644712 644706 644684 644620 644544 644552 644590 644530 644562 644560 644538 644726 644708 645118 645112 645030 644902 644796 644690 644696 644578 644504 644490 644508 644546 644524 644494 644534 644540 644590 644602 644584 644774 645010 645036 645148 645144 644998 644992 644862 644868 644760 644772 644488 644478 644498 644488 644460 644466 644572 644868 645004 644982 645172 644842 644836 644756 644620 
644290 644300 644246 644344 644354 644360 644296 644338 644346 644377 644228 644268 644281 644309 644314 644372 644385 644108 644138 644172 644194 644184 644184 644292 644284 644294 644358 644388 644406 644284 644104 644160 644144 644217 644270 644288 644268 644236 644230 644304 644328 644380 644392 644404 644410 644304 644050 644124 644144 644128 644164 644150 644186 644223 644220 644263 644272 644270 644254 644236 644232 644312 644340 644374 644356 644410 644416 644427 644383 644408 644298 644184 644104 644052 644048 644044 644082 644046 644090 644136 644114 644243 644234 644302 644308 644368 644450 644445 644204 644174 644010 643972 643994 644036 644074 644076 644058 644134 644140 644175 644181 644172 644250 644194 644146 644234 644240 644388 644394 644454 644457 644429 644435 643956 643982 644026 644028 644012 644018 644166 644192 644160 644104 644244 644468 644465 644416 644292 
644848 644858 644756 644930 644972 644978 644902 644930 644954 644996 644702 644778 644804 644860 644902 644990 645012 644642 644636 644622 644644 644634 644646 644826 644810 644870 644994 645018 645048 644914 644626 644622 644594 644676 644782 644852 644856 644836 644830 644928 644964 645040 645050 645050 645040 644946 644572 644574 644606 644566 644590 644576 644624 644688 644682 644768 644810 644834 644818 644788 644808 644948 644988 645034 645016 645074 645074 645096 645000 645026 644952 644802 644686 644622 644546 644554 644592 644532 644564 644562 644540 644728 644710 644950 644956 645040 645142 645084 644834 644792 644580 644506 644492 644510 644548 644526 644496 644536 644542 644592 644604 644586 644762 644770 644746 644870 644876 645072 645078 645126 645132 645050 645062 644490 644480 644500 644490 644462 644468 644574 644720 644724 644692 644892 645130 645124 645046 644910 
644133 644138 644087 644128 644195 644198 644160 644125 644135 644207 644060 644098 644097 644117 644103 644204 644215 643985 644015 644020 644031 644026 644032 644086 644094 644083 644147 644218 644245 644161 643981 644020 644006 644047 644084 644077 644057 644025 644019 644093 644117 644169 644181 644214 644253 644181 643927 643996 644012 643992 644004 643997 644021 644053 644050 644067 644061 644059 644043 644025 644021 644101 644129 644163 644145 644197 644200 644257 644280 644269 644175 644061 643981 643929 643925 643921 643959 643923 643967 643990 643979 644039 644048 644091 644097 644157 644240 644275 644081 644051 643887 643849 643871 643913 643951 643953 643935 643977 643980 644005 644011 644002 644039 643983 643935 644023 644029 644177 644183 644260 644257 644281 644287 643833 643859 643903 643905 643889 643895 643996 643981 643949 643893 644033 644270 644273 644303 644191 
644051 644036 643949 643862 0 0 644210 0 643871 644069 643850 0 643817 643853 643811 0 0 644081 644056 643850 643817 0 0 0 0 0 0 0 644253 644306 644069 643910 0 0 643790 0 0 0 0 0 0 0 0 0 0 644322 643988 0 643934 643874 643778 643799 0 0 0 643751 0 643733 643709 643676 0 0 643880 0 0 0 0 0 0 0 644364 644237 644099 644015 0 643973 644030 0 644021 0 0 0 0 0 0 0 0 644199 644273 644222 643952 643877 0 643943 644000 643970 0 0 0 0 0 0 0 0 0 0 0 0 643979 644136 0 644206 0 643853 643874 643928 643925 643895 0 643682 643598 0 643496 0 0 0 0 644390 
