643710 643671 643651 643684 643611 643591 643593 643569 643589 643509 643509 643529 643549 643594 643584 643487 643515 643558 643538 643530 643590 643536 643576 643580 643552 643560 643573 643578 643559 643539 643506 643460 643463 643458 643489 643481 643391 643431 643337 643350 643336 643328 643411 643385 643388 643329 643323 643323 643273 643310 643278 643462 643333 643283 643291 643163 643437 643440 643446 643443 643432 643355 643193 643163 643145 643213 643220 643180 643163 643172 643188 643164 643135 643115 643091 643103 643077 643117 643172 643147 643148 643111 643127 643086 643093 643113 643118 643079 643108 643033 643031 643105 643071 643066 643103 643048 643005 643037 642989 643053 643045 642991 642971 642991 643033 643035 643013 642981 642976 642981 642947 642947 642965 642929 642955 642976 642958 642951 642923 642899 642919 642905 643002 642988 642953 642944 642980 642941 
0 641590 641572 0 641580 641536 0 641586 641582 641552 641576 641590 641542 0 0 641504 0 0 0 641478 0 0 0 641504 0 0 0 641480 0 0 0 0 0 0 0 0 0 641501 0 0 641406 0 0 0 0 641399 0 641384 0 641360 641312 0 0 0 0 641238 0 0 0 0 0 641425 641240 0 641216 0 641264 0 641192 641240 641258 0 0 641144 641120 0 641144 0 0 0 0 641144 641168 0 0 0 0 0 0 641096 641106 0 0 641136 641168 0 0 0 0 0 0 0 0 0 641103 641105 0 0 0 0 640976 0 0 0 0 0 0 0 640952 0 0 640980 641072 0 0 0 641050 0 
0 0 643389 0 0 0 0 0 0 0 643305 643317 0 0 0 0 0 0 0 0 0 0 0 0 0 0 0 0 0 0 0 0 0 0 0 0 0 0 0 0 0 0 0 0 0 0 0 0 0 0 0 0 0 0 0 643130 0 0 0 0 0 0 0 0 643106 0 643045 0 0 0 0 0 0 0 0 0 0 0 0 0 0 0 0 0 0 0 0 0 0 0 643010 0 0 0 0 0 0 0 0 0 0 0 0 0 642796 0 0 0 0 0 642826 0 0 0 0 0 0 0 0 0 0 0 642758 0 0 0 642738 0 
645065 644991 644971 645045 644931 644911 644913 644889 644909 644829 644829 644849 644869 645010 644992 644807 644835 644966 644954 644934 644954 644944 644956 644936 644932 644916 644915 644928 644889 644845 644635 644639 644645 644659 644623 644633 644597 644653 644609 644635 644631 644639 644589 644585 644591 644593 644605 644629 644577 644627 644608 644547 644577 644573 644589 644483 644519 644527 644539 644533 644535 644525 644513 644491 644465 644505 644543 644487 644497 644471 644479 644479 644465 644449 644425 644423 644397 644437 644447 644421 644447 644441 644453 644416 644413 644401 644411 644381 644415 644353 644351 644385 644365 644355 644405 644367 644325 644357 644309 644353 644337 644321 644311 644311 644289 644317 644297 644281 644295 644305 644277 644267 644285 644249 644275 644271 644259 644269 644259 644219 644239 644225 644251 644247 644249 644255 644231 644225 
0 0 645083 0 645075 0 0 0 0 0 644914 644956 0 0 0 0 0 0 0 644855 0 0 0 0 0 0 0 0 0 0 0 0 0 0 0 0 0 0 0 0 0 0 0 0 0 0 0 0 0 0 0 0 0 0 0 644425 0 0 0 0 0 0 0 0 644380 0 644278 0 0 0 0 0 0 0 0 0 0 0 0 0 0 0 0 0 0 0 0 0 0 0 644261 0 0 0 0 0 0 0 0 0 0 0 0 0 643897 0 0 0 0 0 643942 0 0 0 0 0 0 0 0 0 0 0 643840 0 0 0 643810 0 
0 0 633719 0 633711 633721 0 633705 0 633669 633693 633697 633721 0 0 633721 0 0 0 633637 0 0 0 633497 0 0 0 0 0 0 0 0 0 0 0 0 0 633379 0 0 0 0 0 0 0 633463 0 633547 0 633557 0 0 0 0 0 633571 0 0 0 0 0 633275 0 0 633541 0 633473 0 633439 633401 633409 0 0 633413 633389 0 0 0 0 0 0 0 633383 0 0 0 0 0 0 633413 633463 0 0 0 0 0 0 0 0 0 0 0 0 0 633219 0 0 0 0 0 633249 0 0 0 0 0 0 0 633219 0 0 633445 633181 0 0 0 633161 0 
0 644871 644947 0 644913 644991 645034 644840 644882 644642 644714 644756 644942 0 0 644963 0 644962 0 644907 0 0 0 644616 0 0 0 644469 0 0 0 0 0 0 0 0 0 644243 0 0 644210 0 0 0 0 644153 0 644207 0 644204 644180 0 0 0 0 644225 0 0 0 0 0 644051 644033 0 644180 0 644078 0 644027 643970 643982 0 0 643988 643952 0 644066 0 0 0 0 643931 643943 0 0 0 0 0 0 643988 644063 0 0 643796 643871 0 0 0 0 0 0 0 0 0 643697 643739 0 0 0 0 643742 0 643802 0 0 0 0 0 643697 0 0 644138 643640 0 0 0 643610 0 
0 0 640311 0 640315 0 0 640317 0 640150 640220 640270 640261 0 0 640185 0 0 0 640209 0 0 0 640305 0 0 0 0 0 0 0 0 0 0 0 0 0 639763 0 0 0 0 0 0 0 639601 0 639631 0 639616 0 0 0 0 0 639550 0 0 0 0 0 639559 0 0 639502 0 639442 0 639355 639322 639346 0 0 639292 0 0 0 0 0 0 0 0 639259 0 0 0 0 0 0 639258 639306 0 0 0 0 0 0 0 0 0 0 0 0 0 639001 0 0 0 0 0 638962 0 0 0 0 0 0 0 638905 0 0 639070 638932 0 0 0 638890 0 
0 638953 638957 0 638981 638967 0 638990 638991 638952 638976 638986 638991 0 0 638973 0 0 0 638873 0 0 0 638822 0 0 0 638762 0 0 0 0 0 0 0 0 0 638684 0 0 638746 0 0 0 0 638696 0 638756 0 638766 638774 0 0 0 0 638813 0 0 0 0 0 638568 638712 0 638798 0 638730 0 638732 638670 638666 0 0 638730 638718 0 638760 0 0 0 0 638692 638688 0 0 0 0 0 0 638734 638755 0 0 638602 638640 0 0 0 0 0 0 0 0 0 638536 638576 0 0 0 0 638650 0 0 0 0 0 0 0 638632 0 0 638710 638510 0 0 0 638502 0 
0 0 637747 0 637827 0 0 0 0 637924 637924 637932 637810 0 0 0 0 0 0 637447 0 0 0 637412 0 0 0 0 0 0 0 0 0 0 0 0 0 0 0 0 0 0 0 0 0 637384 0 0 0 0 0 0 0 0 0 637331 0 0 0 0 0 637106 0 0 637286 0 637317 0 637220 637175 0 0 0 0 0 0 0 0 0 0 0 0 0 0 0 0 0 0 0 0 637083 0 0 0 0 0 0 0 0 0 0 0 0 0 636768 0 0 0 0 0 636814 0 0 0 0 0 0 0 0 0 0 636884 636685 0 0 0 636647 0 
0 0 0 0 0 0 0 0 0 0 642956 0 0 0 0 0 0 0 0 0 0 0 0 0 0 0 0 0 0 0 0 0 0 0 0 0 0 0 0 0 0 0 0 0 0 0 0 0 0 0 0 0 0 0 0 0 0 0 0 0 0 0 0 0 0 0 0 0 0 0 0 0 0 0 0 0 0 0 0 0 0 0 0 0 0 0 0 0 0 0 0 0 0 0 0 0 0 0 0 0 0 0 0 0 642570 0 0 0 0 0 0 0 0 0 0 0 0 0 0 0 0 0 642546 0 0 0 0 0 
0 0 644548 0 0 0 0 0 0 0 644650 644662 0 0 0 0 0 0 0 0 0 0 0 0 0 0 0 0 0 0 0 0 0 0 0 0 0 0 0 0 0 0 0 0 0 0 0 0 0 0 0 0 0 0 0 644314 0 0 0 0 0 0 0 0 644290 0 644338 0 0 0 0 0 0 0 0 0 0 0 0 0 0 0 0 0 0 0 0 0 0 0 644194 0 0 0 0 0 0 0 0 0 0 0 0 0 644218 0 0 0 0 0 644050 0 0 0 0 0 0 0 0 0 0 0 644194 0 0 0 644170 0 
0 0 636895 0 636990 0 0 0 0 636807 636915 636963 637062 0 0 0 0 0 0 636564 0 0 0 636181 0 0 0 0 0 0 0 0 0 0 0 0 0 0 0 0 0 0 0 0 0 636009 0 0 0 0 0 0 0 0 0 636441 0 0 0 0 0 635625 0 0 636387 0 636111 0 636117 635931 0 0 0 0 0 0 0 0 0 0 0 0 0 0 0 0 0 0 0 0 636291 0 0 0 0 0 0 0 0 0 0 0 0 0 635529 0 0 0 0 0 635871 0 0 0 0 0 0 0 0 0 0 636275 635451 0 0 0 635427 0 
644402 644354 644378 644426 644330 644351 644357 644282 644306 644186 644210 644234 644306 644448 644448 644251 644279 644433 644425 644429 644411 644411 644447 644423 644447 644423 644399 644399 644387 644345 644378 644282 644282 644258 644402 644330 644186 644210 644066 644066 644042 644018 644234 644186 644186 644066 644042 644018 643970 643994 643946 644378 644090 643994 643994 643874 644402 644354 644354 644354 644330 644186 643874 643826 643850 643922 643898 643874 643826 643874 643898 643850 643802 643778 643754 643778 643778 643826 643898 643874 643850 643778 643802 643754 643802 643826 643826 643778 643802 643730 643754 643826 643778 643778 643802 643730 643769 643798 643753 643754 643754 643658 643634 643730 643778 643754 643730 643682 643658 643658 643610 643610 643634 643658 643658 643682 643658 643634 643586 643586 643658 643669 643754 643730 643658 643634 643730 643658 
0 643735 643798 0 643746 643772 643774 643693 643721 643561 643609 643637 643729 0 643873 643668 643696 643850 643840 643832 0 643828 0 643769 0 0 0 643695 0 0 0 0 0 0 0 0 0 643295 643251 643277 643273 0 0 0 0 643235 0 643271 0 643269 643253 0 0 643215 643231 643283 0 0 0 0 0 643167 643155 0 643253 0 643185 643129 643151 643113 643121 643121 643111 643125 643101 643151 643177 0 643089 643063 0 643087 643095 643061 0 643043 0 643023 0 643125 643172 643027 0 642997 643047 0 643186 643218 643170 642995 0 0 0 0 642931 642959 0 0 0 0 642961 0 643001 0 0 0 0 0 642931 0 0 643086 642893 642889 0 0 642873 642867 
0 0 644565 0 644645 0 0 0 0 644459 644555 644611 644759 0 0 644852 0 0 0 644389 0 0 0 644001 0 0 0 0 0 0 0 0 0 0 0 0 0 643927 0 0 0 0 0 0 0 643807 0 643879 0 643875 0 0 0 0 0 643903 0 0 0 0 0 643671 0 0 643843 0 643707 0 643639 643563 0 0 0 643587 0 0 0 0 0 0 0 0 643527 0 0 0 0 0 0 643587 643687 0 0 0 0 0 0 0 0 0 0 0 0 0 643199 0 0 0 0 0 643259 0 0 0 0 0 0 0 643199 0 0 643809 643123 0 0 0 643083 0 
0 644964 644987 0 645011 645044 645045 644957 644985 644825 644873 644901 645025 0 644917 645039 645098 644943 644927 644899 0 644965 0 644705 0 0 0 644607 0 0 0 0 0 0 0 0 0 644559 644515 644541 644537 0 0 0 0 644499 0 644535 0 644533 644517 0 0 644479 644495 644547 0 0 0 0 0 644431 644419 0 644517 0 644449 644393 644415 644377 644385 644385 644375 644389 644365 644415 644441 0 644353 644327 0 644351 644359 644325 0 644307 0 644287 0 644389 644439 644291 0 644261 644311 0 644513 644529 644529 644259 0 0 0 0 644195 644223 0 0 0 0 644225 0 644265 0 0 0 0 0 644195 0 0 644509 644157 644153 0 0 644137 644131 
0 633475 633553 0 633517 633585 0 633484 633502 633382 633430 633448 633558 0 0 633565 0 633653 0 633633 0 0 0 633418 0 0 0 633271 0 0 0 0 0 0 0 0 0 632959 0 0 633094 0 0 0 0 633013 0 633115 0 633114 633090 0 0 0 0 633135 0 0 0 0 0 632791 632943 0 633090 0 632988 0 632937 632880 632892 0 0 632898 632862 0 632976 0 0 0 0 632841 632853 0 0 0 0 0 0 632898 632973 0 0 632706 632781 0 0 0 0 0 0 0 0 0 632607 632649 0 0 0 0 632652 0 632712 0 0 0 0 0 632607 0 0 632998 632550 0 0 0 632520 0 
0 643153 643221 0 643165 643233 643279 643111 643139 642979 643027 643055 643179 0 643343 643187 643259 643369 643401 643413 0 643379 0 643224 0 0 0 643126 0 0 0 0 0 0 0 0 0 642713 642669 642695 642691 0 0 0 0 642653 0 642689 0 642687 642671 0 0 642633 642649 642701 0 0 0 0 0 642585 642573 0 642671 0 642603 642547 642569 642531 642539 642539 642529 642543 642519 642569 642595 0 642507 642481 0 642505 642513 642479 0 642461 0 642441 0 642543 642593 642445 0 642415 642465 0 642667 642683 642683 642413 0 0 0 0 642349 642377 0 0 0 0 642379 0 642419 0 0 0 0 0 642349 0 0 642635 642311 642307 0 0 642291 642285 
0 0 630045 0 0 0 0 0 0 0 629599 629663 0 0 0 0 0 0 0 630361 0 0 0 0 0 0 0 0 0 0 0 0 0 0 0 0 0 0 0 0 0 0 0 0 0 0 0 0 0 0 0 0 0 0 0 628769 0 0 0 0 0 0 0 0 628703 0 628627 0 0 0 0 0 0 0 0 0 0 0 0 0 0 0 0 0 0 0 0 0 0 0 628481 0 0 0 0 0 0 0 0 0 0 0 0 0 628059 0 0 0 0 0 628035 0 0 0 0 0 0 0 0 0 0 0 627971 0 0 0 627919 0 
644896 644800 644780 644878 644740 644720 644722 644698 644718 644638 644638 644658 644678 644896 644850 644616 644644 644824 644840 644868 645089 644802 644986 645057 644962 645037 645076 645071 645050 645006 644503 644507 644513 644527 644503 644501 644465 644521 644477 644503 644499 644495 644457 644453 644459 644461 644473 644490 644440 644477 644445 644415 644445 644441 644457 644292 644399 644395 644407 644401 644403 644393 644360 644300 644274 644373 644387 644347 644324 644339 644347 644331 644302 644258 644234 644232 644206 644246 644315 644289 644315 644278 644294 644253 644222 644269 644279 644246 644275 644162 644160 644253 644233 644223 644270 644215 644134 644166 644118 644220 644205 644158 644124 644120 644157 644185 644165 644148 644143 644148 644086 644076 644094 644058 644084 644139 644125 644118 644068 644028 644048 644034 644119 644115 644117 644111 644099 644093 
0 644785 644829 0 644821 644865 644887 644815 644819 644779 644803 644807 644859 0 644833 644893 644877 644859 644843 644815 0 644871 0 644621 0 0 0 644523 0 0 0 0 0 0 0 0 0 644489 644589 644615 644635 0 0 0 0 644573 0 644657 0 644679 644711 0 0 644625 644641 644777 0 0 0 0 0 644385 644649 0 644747 0 644679 644623 644645 644607 644615 644615 644605 644619 644595 644645 644671 0 644583 644557 0 644581 644589 644555 0 644537 0 644517 0 644619 644669 644521 0 644491 644541 0 644743 644759 644759 644489 0 0 0 0 644425 644453 0 0 0 0 644455 0 644495 0 0 0 0 0 644425 0 0 644711 644387 644383 0 0 644367 644361 
0 643011 643065 0 642993 643011 643036 642918 642956 642756 642804 642842 642942 0 643196 642887 642973 643183 643215 643253 0 643172 643322 643284 643320 0 643156 643195 643138 0 0 0 0 0 0 0 0 642359 642293 642332 642326 0 0 0 0 642269 0 642323 0 642320 642296 0 0 642239 642263 642305 0 0 0 0 0 642167 642149 0 642266 0 642194 642110 642143 642086 642098 642098 642083 642104 642068 642143 642156 0 642050 642011 0 642047 642059 642008 0 641981 0 641951 0 642082 642131 641957 0 641912 641987 0 642142 642182 642134 641909 0 0 0 0 641813 641855 0 0 0 0 641858 0 641918 0 0 0 0 641783 641813 0 0 642044 641756 641750 0 0 641726 641717 
0 0 630199 0 630059 0 0 0 0 0 629708 629778 0 0 0 0 0 0 0 630593 0 0 0 630844 0 0 0 0 0 0 0 0 0 0 0 0 0 0 0 0 0 0 0 0 0 628915 0 0 0 0 0 0 0 0 0 628695 0 0 0 0 0 0 0 0 628626 0 628626 0 628467 0 0 0 0 0 0 0 0 0 0 0 0 0 0 0 0 0 0 0 0 0 628329 0 0 0 0 0 0 0 0 0 0 0 0 0 628011 0 0 0 0 0 627858 0 0 0 0 0 0 0 0 0 0 628166 627904 0 0 0 627842 0 
0 644624 644682 0 644606 644638 644641 644531 644569 644369 644417 644455 644573 0 644827 644482 644524 644794 644818 644860 0 644761 644941 644905 644953 0 644833 644856 644815 0 0 0 0 0 0 0 0 644028 643962 644001 643995 0 0 0 0 643938 0 643992 0 643989 643965 0 0 643908 643932 643918 0 0 0 0 0 643836 643818 0 643879 0 643863 643779 643804 643755 643767 643767 643752 643743 643707 643756 643769 0 643719 643680 0 643716 643728 643677 0 643650 0 643620 0 643695 643744 643626 0 643581 643656 0 643759 643807 643735 643578 0 0 0 0 643482 643524 0 0 0 0 643493 0 643537 0 0 0 0 643452 643454 0 0 643609 643425 643419 0 0 643395 643386 
0 644726 644796 0 644730 644706 644709 644655 644693 644465 644537 644579 644643 0 644901 644550 644592 644862 644886 644928 0 644829 645087 645103 645069 645133 644955 644994 644913 644853 0 644045 0 0 0 0 0 644066 644000 644039 644033 644045 0 0 0 643976 0 644030 643952 644027 644003 0 0 643946 643970 644042 0 0 0 0 643889 643874 643856 643892 644003 643844 643901 643817 643850 643793 643805 643805 643790 643811 643775 643850 643889 643969 643757 643718 643757 643754 643766 643715 643933 643688 643703 643658 643709 643811 643864 643664 643634 643619 643694 643637 643827 643875 643803 643616 643592 643574 643580 643806 643520 643562 643532 643508 643529 643544 643565 643580 643625 643713 643712 643493 643475 643490 643520 643580 643698 643677 643463 643457 643460 643469 643433 643424 
0 642862 642844 0 642760 642742 642757 642673 642715 642535 642547 642589 642655 0 642997 642550 642628 642958 642994 643048 0 642925 0 643387 0 0 643592 643553 0 0 0 0 0 0 0 0 0 642408 642270 642309 642291 0 0 0 0 642246 0 642276 0 642259 642157 0 0 642180 642204 641860 0 0 0 0 0 642204 642022 0 641821 0 642073 641991 641890 641967 641991 641967 641866 641761 641713 641722 641683 0 641943 641892 0 641818 641882 641773 0 641838 0 641784 0 641593 641602 641814 0 641745 641832 0 641575 641635 641551 641730 0 0 0 0 641646 641676 0 0 0 0 641419 0 641443 0 0 0 0 641540 641380 0 0 641401 641577 641559 0 0 641535 641490 
0 643855 643823 0 643807 643775 0 643789 643797 643777 643765 643773 643757 0 0 643707 0 0 0 643839 0 0 0 643979 0 0 0 644008 0 0 0 0 0 0 0 0 0 643813 0 0 643729 0 0 0 0 643741 0 643717 0 643705 643663 0 0 0 0 643533 0 0 0 0 0 643801 643591 0 643515 0 643615 0 643543 643591 643615 0 0 643485 643461 0 643447 0 0 0 0 643495 643519 0 0 0 0 0 0 643403 643401 0 0 643495 643519 0 0 0 0 0 0 0 0 0 643495 643471 0 0 0 0 643315 0 0 0 0 0 0 0 643294 0 0 643275 643471 0 0 0 643447 0 
0 644571 644541 0 644481 644451 644454 644418 644448 644328 644328 644358 644388 0 644646 644295 644337 644607 644631 644673 0 644574 644850 644964 644814 0 645120 645081 645092 0 0 0 0 0 0 0 0 644221 644155 644194 644188 0 0 0 0 644131 0 644185 0 644160 644070 0 0 644101 644125 643809 0 0 0 0 0 644029 643983 0 643782 0 644016 643970 643863 643948 643960 643942 643851 643758 643722 643719 643680 0 643912 643873 0 643815 643869 643782 0 643843 0 643813 0 643614 643611 643819 0 643774 643849 0 643572 643620 643548 643771 0 0 0 0 643675 643717 0 0 0 0 643500 0 643512 0 0 0 0 643621 643473 0 0 643422 643618 643612 0 0 643588 643579 
0 644585 644587 0 644543 644545 644558 644498 644520 644420 644432 644454 644500 0 644670 644452 644480 644657 644676 644703 0 644638 644786 644848 644774 644838 644934 644921 644960 644951 0 644446 0 0 0 0 0 644460 644336 644336 644312 644288 0 0 0 644336 0 644288 644240 644264 644214 0 0 644264 644264 644091 0 0 0 0 644342 644332 644144 644071 644070 644192 644168 644144 644085 644144 644168 644120 644069 644026 644002 644013 644000 644044 644168 644144 644120 644045 644072 644022 644020 644096 644096 644048 644072 643954 643965 644096 644048 644048 644072 644000 643964 643992 643954 644024 644024 643925 643887 643933 644048 644024 644000 643952 643928 643928 643856 643851 643872 643866 643879 643952 643928 643904 643835 643815 643861 643870 644024 644000 643928 643904 644000 643928 
644749 644653 644633 644685 644593 644573 644575 644551 644571 644491 644491 644511 644531 644559 644561 644469 644497 644535 644503 644483 644505 644513 644505 644485 644481 644465 644513 644487 644493 644437 645121 644963 644957 644895 645145 645065 644813 644805 644561 644535 644491 644435 644917 644825 644819 644577 644517 644445 644401 644399 644319 645063 644641 644453 644437 644145 645047 645043 645055 645049 645051 644885 644273 644153 644127 644377 644291 644299 644181 644315 644355 644259 644173 644111 644087 644085 644059 644099 644387 644365 644291 644149 644189 644127 644075 644289 644279 644213 644227 644015 644013 644305 644229 644239 644237 644131 643987 644019 643971 644193 644209 644029 643977 643973 644305 644229 644201 644121 644059 644049 643939 643929 643947 643911 643937 644131 644095 644037 643921 643881 643901 643887 644295 644251 644105 644051 644267 644129 
0 644703 644659 0 644667 644623 644601 644673 644669 644659 644659 644679 644629 0 644553 644591 644547 644527 644495 644475 0 644505 644497 644477 644473 644457 644505 644479 644485 644429 0 645085 0 0 0 0 0 644973 644729 644703 644659 644603 0 0 0 644745 0 644613 644569 644567 644487 0 0 644621 644605 644313 0 0 0 0 644965 645043 644441 644321 644295 644545 644459 644467 644349 644483 644523 644427 644341 644279 644255 644253 644227 644267 644555 644533 644459 644317 644357 644295 644243 644457 644447 644381 644395 644183 644181 644473 644397 644407 644405 644299 644155 644187 644139 644361 644377 644197 644145 644141 644473 644397 644369 644289 644227 644217 644107 644097 644115 644079 644105 644299 644263 644205 644089 644049 644069 644055 644463 644419 644273 644219 644435 644297 
644682 644682 644614 644616 644670 644602 644556 644700 644696 644688 644688 644708 644656 644490 644492 644618 644526 644466 644434 644414 644436 644444 644436 644416 644412 644396 644444 644418 644424 644368 645004 645112 645106 645068 644956 645094 645010 645002 644758 644732 644688 644632 645114 645022 645016 644774 644714 644642 644598 644596 644516 644916 644838 644650 644634 644342 644852 644944 644956 644950 645000 645070 644470 644350 644324 644574 644488 644496 644378 644512 644552 644456 644370 644308 644284 644282 644256 644296 644584 644562 644488 644346 644386 644324 644272 644486 644476 644410 644424 644212 644210 644502 644426 644436 644434 644328 644184 644216 644168 644390 644406 644226 644174 644170 644502 644426 644398 644318 644256 644246 644136 644126 644144 644108 644134 644328 644292 644234 644118 644078 644098 644084 644492 644448 644302 644248 644464 644326 
644309 644285 644229 644255 644261 644205 644171 644267 644275 644244 644243 644251 644235 644165 644155 644185 644129 644129 644109 644101 644183 644107 644147 644151 644123 644131 644203 644177 644195 644157 644524 644598 644601 644608 644500 644571 644562 644557 644314 644288 644244 644188 644573 644560 644563 644330 644270 644198 644154 644152 644072 644480 644394 644206 644190 643898 644448 644494 644500 644497 644522 644530 644026 643906 643880 644130 644044 644052 643934 644068 644108 644012 643926 643864 643840 643838 643812 643852 644140 644118 644044 643902 643942 643880 643828 644042 644032 643966 643980 643768 643766 644058 643982 643992 643990 643884 643740 643772 643724 643946 643962 643782 643730 643726 644058 643982 643954 643874 643812 643802 643692 643682 643700 643664 643690 643884 643848 643790 643674 643634 643654 643640 644048 644004 643858 643804 644020 643882 
644730 644652 644632 644674 644592 644572 644574 644550 644570 644490 644490 644510 644530 644548 644550 644468 644496 644524 644492 644472 644494 644502 644494 644474 644470 644454 644502 644476 644482 644426 645152 644962 644956 644894 645144 645064 644812 644804 644560 644534 644490 644434 644916 644824 644818 644576 644516 644444 644400 644398 644318 645074 644640 644452 644436 644144 645040 645054 645066 645060 645062 644884 644272 644152 644126 644376 644290 644298 644180 644314 644354 644258 644172 644110 644086 644084 644058 644098 644386 644364 644290 644148 644188 644126 644074 644288 644278 644212 644226 644014 644012 644304 644228 644238 644236 644130 643986 644018 643970 644192 644208 644028 643976 643972 644304 644228 644200 644120 644058 644048 643938 643928 643946 643910 643936 644130 644094 644036 643920 643880 643900 643886 644294 644250 644104 644050 644266 644128 
644725 644725 644657 644659 644691 644645 644599 644651 644671 644591 644591 644611 644631 644533 644535 644569 644569 644509 644477 644457 644479 644487 644479 644459 644455 644439 644487 644461 644467 644411 645101 645063 645057 644995 645053 645147 644913 644905 644661 644635 644591 644535 645017 644925 644919 644677 644617 644545 644501 644499 644419 645013 644741 644553 644537 644245 644949 645041 645053 645047 645075 644985 644373 644253 644227 644477 644391 644399 644281 644415 644455 644359 644273 644211 644187 644185 644159 644199 644487 644465 644391 644249 644289 644227 644175 644389 644379 644313 644327 644115 644113 644405 644329 644339 644337 644231 644087 644119 644071 644293 644309 644129 644077 644073 644405 644329 644301 644221 644159 644149 644039 644029 644047 644011 644037 644231 644195 644137 644021 643981 644001 643987 644395 644351 644205 644151 644367 644229 
644652 644652 644584 644586 644640 644572 644526 644694 644666 644824 644778 644750 644626 644460 644462 644612 644496 644436 644404 644384 644406 644414 644406 644386 644382 644366 644414 644388 644394 644338 644844 645040 645046 645086 644796 644938 645146 645092 644918 644892 644848 644792 645086 645158 645152 644934 644874 644802 644758 644756 644676 644756 644998 644810 644794 644502 644692 644784 644796 644790 644840 645116 644630 644510 644484 644734 644648 644656 644538 644672 644712 644616 644530 644468 644444 644442 644416 644456 644744 644722 644648 644506 644546 644484 644432 644646 644636 644570 644584 644372 644370 644662 644586 644596 644594 644488 644344 644376 644328 644550 644566 644386 644334 644330 644662 644586 644558 644478 644416 644406 644296 644286 644304 644268 644294 644488 644452 644394 644278 644238 644258 644244 644652 644608 644462 644408 644624 644486 
0 0 644425 0 644457 0 0 0 0 644540 644524 644519 644431 0 0 0 0 0 0 644260 0 0 0 644262 0 0 0 0 0 0 0 0 0 0 0 0 0 644838 0 0 0 0 0 0 0 644626 0 644494 0 644448 0 0 0 0 0 644194 0 0 0 0 0 644837 0 0 644176 0 644340 0 644230 644364 0 0 0 644160 0 0 0 0 0 0 0 0 644238 0 0 0 0 0 0 644064 644062 0 0 0 0 0 0 0 0 0 0 0 0 0 644354 0 0 0 0 0 643988 0 0 0 0 0 0 0 643970 0 0 643936 644344 0 0 0 644316 0 
0 643945 643877 0 643933 643865 643819 643987 643959 644119 644071 644043 643919 0 643755 643905 643789 643729 643697 643677 0 643707 0 643679 0 0 0 643681 0 0 0 0 0 0 0 0 0 644285 644385 644359 644339 0 0 0 0 644385 0 644317 0 644295 644263 0 0 644349 644333 644161 0 0 0 0 0 644309 644289 0 644167 0 644283 644315 644245 644331 644347 644299 644261 644223 644223 644197 644171 0 644379 644381 0 644261 644277 644263 0 644353 0 644325 0 644153 644149 644369 0 644351 644325 0 644099 644107 644083 644329 0 0 0 0 644385 644365 0 0 0 0 644077 0 644085 0 0 0 0 0 644059 0 0 644025 644385 644363 0 0 644363 644267 
0 641907 641863 0 641871 641827 641805 641877 641873 641913 641889 641885 641833 0 641837 641795 641751 641811 641803 641807 0 641789 0 641905 0 0 0 641955 0 0 0 0 0 0 0 0 0 641966 642016 642029 642029 0 0 0 0 642008 0 642029 0 642009 641948 0 0 642025 642025 641774 0 0 0 0 0 641884 641902 0 641756 0 641920 641924 641810 641924 641948 641888 641802 641740 641716 641714 641688 0 641938 641913 0 641778 641818 641756 0 641876 0 641828 0 641644 641642 641871 0 641828 641852 0 641616 641648 641600 641804 0 0 0 0 641799 641801 0 0 0 0 641568 0 641576 0 0 0 0 0 641550 0 0 641516 641768 641754 0 0 641746 641707 
0 644364 644281 0 644364 644263 0 644437 644402 644569 644521 644493 644344 0 0 644318 0 0 0 643981 0 0 0 643966 0 0 0 643944 0 0 0 0 0 0 0 0 0 644497 0 0 644779 0 0 0 0 644743 0 644746 0 644711 644646 0 0 0 0 644437 0 0 0 0 0 644365 644553 0 644407 0 644586 0 644449 644574 644608 0 0 644355 644319 0 644303 0 0 0 0 644393 644439 0 0 0 0 0 0 644235 644244 0 0 644426 644463 0 0 0 0 0 0 0 0 0 644377 644383 0 0 0 0 644099 0 0 0 0 0 0 0 644069 0 0 644055 644324 0 0 0 644294 0 
0 644734 644666 0 644722 644654 644608 644776 644748 644908 644860 644832 644708 0 644544 644694 644578 644518 644486 644466 0 644496 644488 644468 644464 644448 644496 644470 644474 644420 0 644633 0 0 0 0 0 644791 645035 645061 645083 645107 0 0 0 645019 0 645105 645079 645097 645052 0 0 645063 645079 644878 0 0 0 0 644433 644711 644989 644886 644860 645007 645013 644989 644914 644973 644981 644965 644906 644844 644820 644818 644792 644832 644949 644923 644949 644882 644915 644860 644808 644903 644913 644883 644917 644748 644746 644887 644867 644857 644907 644845 644720 644752 644704 644855 644839 644762 644710 644706 644791 644819 644799 644783 644773 644773 644672 644662 644680 644644 644670 644773 644761 644749 644654 644614 644634 644620 644753 644749 644751 644749 644733 644727 
643546 643546 643512 643513 643540 643506 643483 643567 643553 643603 643609 643595 643533 643450 643451 643526 643466 643438 643422 643412 643423 643427 643423 643413 643411 643403 643427 643414 643417 643389 643675 643773 643770 643763 643651 643722 643764 643766 643578 643565 643531 643491 643796 643770 643767 643586 643544 643496 643450 643461 643397 643631 643630 643488 643480 643274 643599 643645 643651 643648 643673 643782 643338 643254 643253 643414 643359 643351 643268 643359 643391 643319 643252 643209 643185 643196 643183 643227 643407 643384 643335 643228 643260 643205 643203 643322 643317 643260 643279 643137 643148 643330 643268 643273 643284 643195 643147 643175 643139 643238 643246 643108 643070 643116 643306 643256 643230 643166 643123 643118 643039 643034 643055 643049 643062 643171 643141 643100 643018 642998 643044 643073 643289 643255 643146 643107 643263 643158 
644385 644361 644305 644331 644337 644281 644247 644367 644351 644451 644415 644399 644311 644241 644231 644285 644205 644205 644185 644177 644248 644183 644223 644227 644199 644207 644256 644230 644236 644180 644652 644750 644753 644747 644628 644699 644773 644729 644545 644519 644475 644419 644773 644785 644779 644561 644501 644429 644385 644383 644303 644608 644625 644437 644421 644129 644576 644622 644628 644625 644650 644789 644257 644137 644111 644361 644275 644283 644165 644299 644339 644243 644157 644095 644071 644069 644043 644083 644371 644349 644275 644133 644173 644111 644059 644273 644263 644197 644211 643999 643997 644289 644213 644223 644221 644115 643971 644003 643955 644177 644193 644013 643961 643957 644289 644213 644185 644105 644043 644033 643923 643913 643931 643895 643921 644115 644079 644021 643905 643865 643885 643871 644279 644235 644089 644035 644251 644113 
644291 644267 644211 644237 644243 644187 644153 644273 644257 644335 644321 644305 644217 644147 644137 644191 644111 644111 644091 644083 644165 644089 644129 644133 644105 644113 644185 644159 644177 644122 644519 644617 644620 644647 644495 644566 644657 644635 644465 644439 644395 644339 644640 644661 644661 644481 644421 644349 644305 644303 644223 644475 644533 644357 644341 644049 644443 644489 644495 644492 644517 644634 644177 644057 644031 644281 644195 644203 644085 644219 644259 644163 644077 644015 643991 643989 643963 644003 644291 644269 644195 644053 644093 644031 643979 644193 644183 644117 644131 643919 643917 644209 644133 644143 644141 644035 643891 643923 643875 644097 644113 643933 643881 643877 644209 644133 644105 644025 643963 643953 643843 643833 643851 643815 643841 644035 643999 643941 643825 643785 643805 643791 644199 644155 644009 643955 644171 644033 
0 0 636832 0 636920 0 0 0 0 0 637136 637092 0 0 0 0 0 0 0 636504 0 0 0 0 0 0 0 0 0 0 0 0 0 0 0 0 0 0 0 0 0 0 0 0 0 637657 0 0 0 0 0 0 0 0 0 637053 0 0 0 0 0 0 0 0 637017 0 637326 0 637125 0 0 0 0 0 0 0 0 0 0 0 0 0 0 0 0 0 0 0 0 0 636789 0 0 0 0 0 0 0 0 0 0 0 0 0 637209 0 0 0 0 0 636641 0 0 0 0 0 0 0 0 0 0 0 637154 0 0 0 637108 0 
641639 641639 641605 641606 641633 641588 641554 641660 641646 641726 641702 641688 641618 641543 641538 641592 641512 641512 641492 641484 641516 641490 641516 641506 641504 641496 641520 641507 641510 641482 641441 641589 641595 641645 641405 641511 641691 641711 641853 641866 641870 641866 641611 641679 641685 641845 641875 641871 641837 641848 641784 641353 641813 641875 641867 641661 641301 641369 641381 641375 641413 641619 641725 641641 641640 641801 641746 641738 641655 641746 641778 641706 641639 641596 641572 641583 641570 641614 641772 641747 641722 641615 641647 641592 641590 641709 641704 641647 641666 641524 641535 641705 641655 641660 641671 641582 641518 641550 641502 641625 641633 641495 641457 641503 641633 641635 641613 641553 641510 641505 641426 641421 641442 641436 641449 641558 641528 641487 641405 641385 641431 641418 641602 641588 641533 641494 641580 641541 
0 0 644595 0 644647 0 0 0 0 644772 644748 644734 644649 0 0 0 0 0 0 644407 0 0 0 644376 0 0 0 0 0 0 0 0 0 0 0 0 0 644654 0 0 0 0 0 0 0 644810 0 644897 0 644904 0 0 0 0 0 644730 0 0 0 0 0 644562 0 0 644709 0 644815 0 644724 644781 0 0 0 644665 0 0 0 0 0 0 0 0 644716 0 0 0 0 0 0 644593 644604 0 0 0 0 0 0 0 0 0 0 0 0 0 644613 0 0 0 0 0 644495 0 0 0 0 0 0 0 644474 0 0 644492 644575 0 0 0 644555 0 
0 643247 643179 0 643235 643167 643121 643289 643261 643421 643373 643345 643221 0 643057 643207 643091 643031 642999 642979 0 643009 643001 642981 642977 642961 643009 642983 642989 642933 0 643201 0 0 0 0 0 643359 643603 643629 643673 643701 0 0 0 643587 0 643701 643747 643713 643670 0 0 643711 643725 643460 0 0 0 0 643001 643279 643588 643444 643430 643668 643618 643606 643472 643606 643630 643562 643452 643378 643342 643352 643326 643390 643598 643560 643570 643416 643468 643382 643354 643516 643526 643462 643498 643258 643268 643500 643456 643446 643498 643374 643254 643298 643238 643426 643416 643236 643172 643216 643380 643396 643364 643318 643266 643256 643122 643112 643142 643118 643144 643314 643282 643232 643092 643052 643108 643130 643330 643314 643280 643246 643298 643256 
0 0 644608 0 644660 0 0 0 0 644818 644789 644763 644659 0 0 0 0 0 0 644417 0 0 0 644389 0 0 0 0 0 0 0 0 0 0 0 0 0 644656 0 0 0 0 0 0 0 644817 0 644915 0 644938 0 0 0 0 0 644802 0 0 0 0 0 644569 0 0 644781 0 644873 0 644796 644825 0 0 0 644737 0 0 0 0 0 0 0 0 644780 0 0 0 0 0 0 644665 644676 0 0 0 0 0 0 0 0 0 0 0 0 0 644646 0 0 0 0 0 644567 0 0 0 0 0 0 0 644546 0 0 644561 644608 0 0 0 644588 0 
0 633228 633204 0 633252 633228 0 633300 633276 633396 633372 633348 633276 0 0 633300 0 0 0 633060 0 0 0 632964 0 0 0 632916 0 0 0 0 0 0 0 0 0 633180 0 0 633406 0 0 0 0 633344 0 633428 0 633450 633452 0 0 0 0 633420 0 0 0 0 0 633100 633420 0 633396 0 633444 0 633372 633382 633390 0 0 633324 633300 0 633324 0 0 0 0 633324 633348 0 0 0 0 0 0 633276 633300 0 0 633266 633316 0 0 0 0 0 0 0 0 0 633200 633228 0 0 0 0 633156 0 0 0 0 0 0 0 633132 0 0 633276 633162 0 0 0 633142 0 
644649 644625 644581 644583 644565 644545 644523 644523 644543 644463 644463 644483 644503 644457 644459 644441 644469 644433 644401 644381 644403 644411 644403 644383 644379 644363 644411 644385 644391 644335 645107 644935 644929 644867 645107 645037 644785 644777 644533 644507 644463 644407 644889 644797 644791 644549 644489 644417 644373 644371 644291 645137 644613 644425 644409 644117 645077 645137 645137 645137 645113 644857 644245 644125 644099 644349 644263 644271 644153 644287 644327 644231 644145 644083 644059 644057 644031 644071 644359 644337 644263 644121 644161 644099 644047 644261 644251 644185 644199 643987 643985 644277 644201 644211 644209 644103 643959 643991 643943 644165 644181 644001 643949 643945 644277 644201 644173 644093 644031 644021 643911 643901 643919 643883 643909 644103 644067 644009 643893 643853 643873 643859 644267 644223 644077 644023 644239 644101 
642962 642962 642928 642929 642956 642922 642899 642983 642969 643049 643025 643011 642949 642866 642867 642942 642884 642854 642838 642828 642839 642843 642839 642829 642827 642819 642843 642830 642833 642805 642923 643071 643077 643127 642887 642993 643173 643182 643180 643167 643145 643117 643093 643161 643167 643188 643158 643122 643100 643099 643059 642835 643220 643126 643118 642972 642783 642851 642863 642857 642895 643101 643036 642976 642963 643088 643045 643049 642990 643057 643077 643029 642986 642955 642943 642942 642929 642949 643093 643082 643045 642974 642994 642963 642937 643044 643039 643006 643013 642907 642906 643052 643014 643019 643018 642965 642893 642909 642885 642996 643004 642914 642888 642886 643052 643014 643000 642960 642929 642924 642869 642864 642873 642855 642868 642965 642947 642918 642860 642840 642850 642843 643047 643025 642952 642925 643033 642964 
0 643957 643889 0 643945 643877 643831 643999 643971 644131 644083 644055 643931 0 643767 643917 643801 643741 643709 643689 0 643719 0 643691 0 0 0 643693 0 0 0 0 0 0 0 0 0 644209 644353 644353 644375 0 0 0 0 644353 0 644375 0 644373 644341 0 0 644375 644375 644239 0 0 0 0 0 644233 644367 0 644245 0 644361 644375 644323 644375 644375 644375 644317 644255 644231 644229 644203 0 644375 644375 0 644293 644333 644271 0 644375 0 644329 0 644159 644157 644375 0 644329 644353 0 644131 644163 644115 644305 0 0 0 0 644329 644305 0 0 0 0 644083 0 644091 0 0 0 0 0 644065 0 0 644031 644305 644281 0 0 644281 644209 
0 633310 633286 0 633334 633310 633286 633382 633358 633478 633454 633430 633358 0 633190 633382 633310 633190 633166 633142 0 633190 0 633046 0 0 0 632998 0 0 0 0 0 0 0 0 0 633353 633573 633583 633595 0 0 0 0 633565 0 633607 0 633616 633614 0 0 633616 633616 633542 0 0 0 0 0 633273 633542 0 633518 0 633566 633542 633494 633542 633566 633518 633470 633446 633422 633446 633446 0 633559 633534 0 633446 633470 633422 0 633494 0 633446 0 633398 633422 633492 0 633446 633470 0 633446 633470 633446 633422 0 0 0 0 633413 633422 0 0 0 0 633278 0 633302 0 0 0 0 0 633254 0 0 633398 633375 633371 0 0 633355 633326 
0 0 644642 0 0 0 0 0 0 0 644823 644797 0 0 0 0 0 0 0 0 0 0 0 0 0 0 0 0 0 0 0 0 0 0 0 0 0 0 0 0 0 0 0 0 0 0 0 0 0 0 0 0 0 0 0 645086 0 0 0 0 0 0 0 0 645065 0 645027 0 0 0 0 0 0 0 0 0 0 0 0 0 0 0 0 0 0 0 0 0 0 0 644960 0 0 0 0 0 0 0 0 0 0 0 0 0 644773 0 0 0 0 0 644803 0 0 0 0 0 0 0 0 0 0 0 644735 0 0 0 644715 0 
644548 644452 644432 644528 644392 644372 644374 644350 644370 644290 644290 644310 644330 644434 644436 644268 644296 644410 644378 644358 644380 644388 644380 644360 644356 644340 644388 644362 644368 644312 644958 644762 644756 644694 645006 644864 644612 644604 644360 644334 644290 644234 644716 644624 644618 644376 644316 644244 644200 644198 644118 645046 644440 644252 644236 643944 645110 645018 645006 645012 644962 644684 644072 643952 643926 644176 644090 644098 643980 644114 644154 644058 643972 643910 643886 643884 643858 643898 644186 644164 644090 643948 643988 643926 643874 644088 644078 644012 644026 643814 643812 644104 644028 644038 644036 643930 643786 643818 643770 643992 644008 643828 643776 643772 644104 644028 644000 643920 643858 643848 643738 643728 643746 643710 643736 643930 643894 643836 643720 643680 643700 643686 644094 644050 643904 643850 644066 643928 
644556 644554 644488 644490 644518 644474 644430 644508 644520 644448 644448 644468 644480 644364 644366 644426 644398 644340 644308 644288 644310 644318 644310 644290 644286 644270 644318 644292 644298 644242 645014 644920 644914 644852 645014 644990 644770 644762 644518 644492 644448 644392 644874 644782 644776 644534 644474 644402 644358 644356 644276 645102 644598 644410 644394 644102 645080 645120 645108 645114 645088 644842 644230 644110 644084 644334 644248 644256 644138 644272 644312 644216 644130 644068 644044 644042 644016 644056 644344 644322 644248 644106 644146 644084 644032 644246 644236 644170 644184 643972 643970 644262 644186 644196 644194 644088 643944 643976 643928 644150 644166 643986 643934 643930 644262 644186 644158 644078 644016 644006 643896 643886 643904 643868 643894 644088 644052 643994 643878 643838 643858 643844 644252 644208 644062 644008 644224 644086 
644602 644602 644534 644536 644566 644522 644476 644524 644544 644464 644464 644484 644504 644410 644412 644442 644446 644386 644354 644334 644356 644364 644356 644336 644332 644316 644364 644338 644344 644288 645060 644936 644930 644868 645060 645038 644786 644778 644534 644508 644464 644408 644890 644798 644792 644550 644490 644418 644374 644372 644292 645140 644614 644426 644410 644118 645076 645164 645156 645162 645136 644858 644246 644126 644100 644350 644264 644272 644154 644288 644328 644232 644146 644084 644060 644058 644032 644072 644360 644338 644264 644122 644162 644100 644048 644262 644252 644186 644200 643988 643986 644278 644202 644212 644210 644104 643960 643992 643944 644166 644182 644002 643950 643946 644278 644202 644174 644094 644032 644022 643912 643902 643920 643884 643910 644104 644068 644010 643894 643854 643874 643860 644268 644224 644078 644024 644240 644102 
644593 644593 644525 644527 644567 644513 644467 644525 644545 644465 644465 644485 644505 644401 644403 644443 644437 644377 644345 644325 644347 644355 644347 644327 644323 644307 644355 644329 644335 644279 645051 644937 644931 644869 645051 645039 644787 644779 644535 644509 644465 644409 644891 644799 644793 644551 644491 644419 644375 644373 644293 645123 644615 644427 644411 644119 645075 645147 645147 645147 645137 644859 644247 644127 644101 644351 644265 644273 644155 644289 644329 644233 644147 644085 644061 644059 644033 644073 644361 644339 644265 644123 644163 644101 644049 644263 644253 644187 644201 643989 643987 644279 644203 644213 644211 644105 643961 643993 643945 644167 644183 644003 643951 643947 644279 644203 644175 644095 644033 644023 643913 643903 643921 643885 643911 644105 644069 644011 643895 643855 643875 643861 644269 644225 644079 644025 644241 644103 
0 643865 643772 0 643814 643745 643685 643799 643805 643782 643770 643787 643745 0 643589 643676 643631 643550 643502 643472 0 643517 643505 643475 643469 643445 643517 643478 643487 643403 0 644417 0 0 0 0 0 644241 643945 643906 643840 643756 0 0 0 643969 0 643771 643705 643702 643582 0 0 643783 643759 643321 0 0 0 0 644620 644373 643513 643333 643294 643669 643540 643552 643375 643576 643636 643492 643363 643270 643234 643231 643192 643252 643684 643651 643540 643327 643387 643294 643216 643537 643522 643423 643444 643126 643123 643561 643447 643462 643459 643300 643084 643132 643060 643393 643417 643147 643069 643063 643561 643447 643405 643285 643192 643177 643012 642997 643024 642970 643009 643300 643246 643159 642985 642925 642955 642934 643546 643480 643261 643180 643504 643297 
0 0 642940 0 643032 0 0 0 0 643289 643229 643207 0 0 0 0 0 0 0 642581 0 0 0 642586 0 0 0 0 0 0 0 0 0 0 0 0 0 0 0 0 0 0 0 0 0 643652 0 0 0 0 0 0 0 0 0 642599 0 0 0 0 0 644238 0 0 642554 0 642964 0 642689 0 0 0 0 0 0 0 0 0 0 0 0 0 0 0 0 0 0 0 0 0 642269 0 0 0 0 0 0 0 0 0 0 0 0 0 642999 0 0 0 0 0 642084 0 0 0 0 0 0 0 0 0 0 641954 642974 0 0 0 642904 0 
0 633227 633203 0 633251 633227 0 633299 633275 633395 633371 633347 633275 0 0 633299 0 0 0 633059 0 0 0 632963 0 0 0 632915 0 0 0 0 0 0 0 0 0 633183 0 0 633433 0 0 0 0 633371 0 633455 0 633475 633475 0 0 0 0 633475 0 0 0 0 0 633103 633475 0 633475 0 633475 0 633467 633441 633425 0 0 633419 633395 0 633419 0 0 0 0 633419 633443 0 0 0 0 0 0 633371 633395 0 0 633365 633415 0 0 0 0 0 0 0 0 0 633299 633327 0 0 0 0 633251 0 0 0 0 0 0 0 633227 0 0 633371 633261 0 0 0 633241 0 
0 633384 633360 0 633408 633384 633360 633456 633432 633552 633528 633504 633432 0 633264 633456 633384 633264 633240 633216 0 633264 633168 633120 633168 633120 633054 633072 633026 632986 0 633130 0 0 0 0 0 633288 633414 633440 633460 633492 0 0 0 633398 0 633482 633478 633504 633536 0 0 633450 633466 633554 0 0 0 0 632930 633208 633510 633554 633554 633454 633516 633484 633554 633468 633452 633500 633514 633506 633482 633506 633506 633554 633420 633418 633468 633490 633498 633464 633530 633446 633456 633426 633460 633458 633482 633430 633410 633400 633450 633412 633506 633530 633506 633398 633382 633370 633362 633458 633334 633362 633342 633326 633340 633350 633338 633338 633362 633386 633386 633316 633304 633314 633314 633314 633386 633458 633296 633292 633294 633300 633276 633270 
0 0 644279 0 0 0 0 0 0 0 644452 644428 0 0 0 0 0 0 0 0 0 0 0 0 0 0 0 0 0 0 0 0 0 0 0 0 0 0 0 0 0 0 0 0 0 0 0 0 0 0 0 0 0 0 0 644765 0 0 0 0 0 0 0 0 644766 0 644712 0 0 0 0 0 0 0 0 0 0 0 0 0 0 0 0 0 0 0 0 0 0 0 644684 0 0 0 0 0 0 0 0 0 0 0 0 0 644603 0 0 0 0 0 644534 0 0 0 0 0 0 0 0 0 0 0 644572 0 0 0 644550 0 
0 643131 643063 0 643119 643051 643005 643173 643145 643305 643257 643229 643105 0 642941 643091 642975 642915 642883 642863 0 642893 642885 642865 642861 642845 642893 642867 642873 642817 0 643095 0 0 0 0 0 643253 643497 643523 643557 643581 0 0 0 643481 0 643581 643629 643597 643613 0 0 643605 643605 643465 0 0 0 0 642895 643173 643593 643449 643435 643653 643611 643607 643477 643607 643631 643567 643457 643383 643347 643357 643331 643395 643601 643575 643571 643421 643473 643387 643359 643531 643535 643463 643499 643263 643273 643515 643463 643461 643499 643379 643259 643303 643243 643427 643427 643241 643177 643221 643395 643411 643379 643319 643271 643261 643127 643117 643147 643123 643149 643319 643283 643237 643097 643057 643113 643135 643345 643329 643283 643247 643313 643271 
0 0 643259 0 0 0 0 0 0 0 643369 643353 0 0 0 0 0 0 0 0 0 0 0 0 0 0 0 0 0 0 0 0 0 0 0 0 0 0 0 0 0 0 0 0 0 0 0 0 0 0 0 0 0 0 0 643480 0 0 0 0 0 0 0 0 643462 0 643592 0 0 0 0 0 0 0 0 0 0 0 0 0 0 0 0 0 0 0 0 0 0 0 643348 0 0 0 0 0 0 0 0 0 0 0 0 0 643472 0 0 0 0 0 643274 0 0 0 0 0 0 0 0 0 0 0 643448 0 0 0 643424 0 
0 633233 633209 0 633257 633233 633209 633305 633281 633401 633377 633353 633281 0 633113 633305 633233 633113 633089 633065 0 633113 0 632969 0 0 0 632921 0 0 0 0 0 0 0 0 0 633213 633383 633409 633429 0 0 0 0 633367 0 633447 0 633447 633447 0 0 633419 633435 633447 0 0 0 0 0 633133 633447 0 633439 0 633447 633447 633415 633437 633421 633439 633391 633367 633343 633367 633367 0 633389 633387 0 633367 633391 633343 0 633383 0 633363 0 633319 633343 633367 0 633337 633387 0 633367 633391 633367 633335 0 0 0 0 633271 633299 0 0 0 0 633199 0 633223 0 0 0 0 0 633175 0 0 633319 633233 633229 0 0 633213 633207 
0 633258 633234 0 633282 633258 0 633330 633306 633426 633402 633378 633306 0 0 633330 0 0 0 633090 0 0 0 632994 0 0 0 632946 0 0 0 0 0 0 0 0 0 633178 0 0 633362 0 0 0 0 633300 0 633384 0 633406 633438 0 0 0 0 633440 0 0 0 0 0 633098 633412 0 633440 0 633418 0 633440 633370 633354 0 0 633440 633432 0 633440 0 0 0 0 633440 633424 0 0 0 0 0 0 633408 633432 0 0 633350 633376 0 0 0 0 0 0 0 0 0 633284 633328 0 0 0 0 633288 0 0 0 0 0 0 0 633264 0 0 633408 633262 0 0 0 633242 0 
0 0 638232 0 638268 0 0 0 0 638403 638355 638337 638223 0 0 0 0 0 0 637959 0 0 0 637962 0 0 0 0 0 0 0 0 0 0 0 0 0 0 0 0 0 0 0 0 0 638520 0 0 0 0 0 0 0 0 0 638508 0 0 0 0 0 638084 0 0 638529 0 638671 0 638636 638659 0 0 0 0 0 0 0 0 0 0 0 0 0 0 0 0 0 0 0 0 638386 0 0 0 0 0 0 0 0 0 0 0 0 0 638516 0 0 0 0 0 638239 0 0 0 0 0 0 0 0 0 0 638197 638452 0 0 0 638424 0 
0 0 642080 0 642080 0 0 642080 0 642080 642080 642080 642080 0 0 642080 0 0 0 642080 0 0 0 642080 0 0 0 0 0 0 0 0 0 0 0 0 0 642080 0 0 0 0 0 0 0 642080 0 642080 0 642080 0 0 0 0 0 642068 0 0 0 0 0 642080 0 0 642056 0 642080 0 642044 642068 642080 0 0 642020 0 0 0 0 0 0 0 0 642032 0 0 0 0 0 0 641996 642008 0 0 0 0 0 0 0 0 0 0 0 0 0 642020 0 0 0 0 0 641936 0 0 0 0 0 0 0 641924 0 0 641996 642008 0 0 0 641996 0 
0 633207 633183 0 633231 633207 633183 633279 633255 633349 633349 633327 633255 0 633087 633279 633207 633087 633063 633039 0 633087 0 632943 0 0 0 632895 0 0 0 0 0 0 0 0 0 633221 633321 633347 633349 0 0 0 0 633305 0 633349 0 633349 633349 0 0 633349 633349 633349 0 0 0 0 0 633117 633349 0 633349 0 633349 633349 633341 633349 633349 633349 633317 633293 633269 633293 633293 0 633327 633325 0 633293 633317 633269 0 633341 0 633293 0 633245 633269 633329 0 633293 633317 0 633293 633317 633293 633269 0 0 0 0 633233 633261 0 0 0 0 633125 0 633149 0 0 0 0 0 633101 0 0 633245 633195 633191 0 0 633175 633169 
0 644096 644028 0 644084 644016 643970 644118 644110 644154 644130 644126 644070 0 643906 644036 643940 643880 643848 643828 0 643858 0 643830 0 0 0 643832 0 0 0 0 0 0 0 0 0 644204 644204 644204 644204 0 0 0 0 644204 0 644204 0 644204 644204 0 0 644204 644204 644120 0 0 0 0 0 644204 644204 0 644126 0 644204 644204 644204 644204 644204 644204 644204 644182 644182 644156 644130 0 644204 644204 0 644204 644204 644204 0 644204 0 644204 0 644134 644108 644204 0 644204 644204 0 644058 644066 644042 644204 0 0 0 0 644204 644204 0 0 0 0 644062 0 644070 0 0 0 0 0 644044 0 0 644006 644204 644204 0 0 644204 644136 
0 0 644406 0 644462 0 0 0 0 644648 644600 644572 644448 0 0 0 0 0 0 644206 0 0 0 644208 0 0 0 0 0 0 0 0 0 0 0 0 0 644580 0 0 0 0 0 0 0 644772 0 644820 0 644844 0 0 0 0 0 644926 0 0 0 0 0 644500 0 0 644956 0 644940 0 645012 644964 0 0 0 645026 0 0 0 0 0 0 0 0 645026 0 0 0 0 0 0 644990 644976 0 0 0 0 0 0 0 0 0 0 0 0 0 645026 0 0 0 0 0 644894 0 0 0 0 0 0 0 644870 0 0 644862 645026 0 0 0 645014 0 
0 633179 633155 0 633203 633179 0 633251 633227 633347 633323 633299 633227 0 0 633251 0 0 0 633011 0 0 0 632915 0 0 0 632865 0 0 0 0 0 0 0 0 0 633073 0 0 633281 0 0 0 0 633219 0 633303 0 633325 633357 0 0 0 0 633385 0 0 0 0 0 632993 633331 0 633385 0 633337 0 633375 633289 633273 0 0 633385 633385 0 633385 0 0 0 0 633359 633343 0 0 0 0 0 0 633377 633385 0 0 633269 633295 0 0 0 0 0 0 0 0 0 633203 633255 0 0 0 0 633257 0 0 0 0 0 0 0 633233 0 0 633377 633189 0 0 0 633185 0 
0 633194 633170 0 633218 633194 633170 633266 633242 633362 633338 633314 633242 0 633074 633266 633194 633074 633050 633026 0 633074 0 632930 0 0 0 632866 0 0 0 0 0 0 0 0 0 633074 633318 633344 633388 0 0 0 0 633302 0 633434 0 633480 633560 0 0 633426 633442 633674 0 0 0 0 0 632994 633606 0 633698 0 633588 633580 633690 633564 633524 633620 633674 633712 633700 633714 633714 0 633492 633514 0 633674 633658 633660 0 633582 0 633610 0 633678 633702 633566 0 633584 633610 0 633714 633714 633714 633594 0 0 0 0 633518 633558 0 0 0 0 633558 0 633582 0 0 0 0 0 633530 0 0 633678 633492 633488 0 0 633472 633466 
0 633273 633251 0 633299 633275 0 633347 633323 633435 633419 633395 633323 0 0 633347 0 0 0 633107 0 0 0 633011 0 0 0 632913 0 0 0 0 0 0 0 0 0 633121 0 0 633299 0 0 0 0 633237 0 633321 0 633343 633375 0 0 0 0 633451 0 0 0 0 0 633041 633349 0 633451 0 633355 0 633393 633307 633291 0 0 633415 633415 0 633451 0 0 0 0 633377 633361 0 0 0 0 0 0 633451 633451 0 0 633287 633313 0 0 0 0 0 0 0 0 0 633221 633273 0 0 0 0 633339 0 0 0 0 0 0 0 633309 0 0 633451 633207 0 0 0 633211 0 
0 640666 640659 0 640683 640645 640611 640707 640695 640747 640743 640731 640675 0 640595 640649 640569 640569 640549 640541 0 640547 640563 640535 640563 640539 640473 640486 640459 640439 0 640511 0 0 0 0 0 640590 640712 640725 640747 640775 0 0 0 640704 0 640770 640792 640793 640833 0 0 640766 640774 640911 0 0 0 0 640411 640550 640856 640916 640923 640804 640847 640843 640902 640835 640815 640863 640898 640893 640869 640906 640915 640935 640799 640810 640847 640874 640890 640849 640939 640848 640853 640842 640871 640867 640891 640840 640834 640829 640866 640811 640879 640911 640863 640816 640808 640754 640744 640865 640796 640798 640776 640744 640739 640744 640727 640732 640759 640795 640795 640739 640721 640714 640700 640720 640793 640779 640765 640751 640716 640707 640743 640704 
0 644066 643998 0 644054 643986 643940 644108 644080 644188 644164 644160 644040 0 643876 644026 643910 643850 643818 643798 0 643828 0 643800 0 0 0 643802 0 0 0 0 0 0 0 0 0 644328 644328 644328 644328 0 0 0 0 644328 0 644310 0 644288 644256 0 0 644328 644326 644154 0 0 0 0 0 644328 644282 0 644156 0 644276 644308 644210 644324 644328 644288 644202 644140 644116 644114 644088 0 644328 644328 0 644178 644218 644156 0 644300 0 644242 0 644044 644042 644300 0 644252 644266 0 644016 644048 644000 644222 0 0 0 0 644252 644228 0 0 0 0 643968 0 643976 0 0 0 0 0 643950 0 0 643916 644228 644204 0 0 644204 644132 
0 643913 643845 0 643901 643833 643787 643955 643927 644087 644039 644011 643887 0 643723 643873 643757 643697 643665 643645 0 643675 0 643647 0 0 0 643649 0 0 0 0 0 0 0 0 0 644243 644387 644371 644373 0 0 0 0 644387 0 644351 0 644329 644297 0 0 644383 644367 644195 0 0 0 0 0 644267 644323 0 644201 0 644317 644349 644259 644365 644381 644333 644251 644189 644165 644163 644137 0 644409 644409 0 644227 644267 644205 0 644367 0 644291 0 644093 644091 644383 0 644317 644315 0 644065 644097 644049 644271 0 0 0 0 644341 644307 0 0 0 0 644017 0 644025 0 0 0 0 0 643999 0 0 643965 644317 644293 0 0 644293 644207 
0 628848 628824 0 628872 628848 628824 628920 628896 629016 628992 628968 628896 0 628728 628920 628848 628728 628704 628680 0 628728 628632 628584 628632 628584 628536 628536 628512 628464 0 628820 0 0 0 0 0 628935 629129 629136 629160 629184 0 0 0 629121 0 629184 629232 629208 629256 0 0 629208 629208 629301 0 0 0 0 628696 628907 629301 629301 629301 629280 629294 629301 629301 629301 629294 629301 629301 629301 629301 629301 629301 629301 629290 629296 629301 629301 629301 629301 629301 629301 629301 629301 629301 629301 629301 629301 629301 629301 629301 629301 629301 629301 629301 629301 629301 629301 629301 629301 629278 629301 629301 629301 629301 629301 629301 629301 629301 629301 629301 629301 629301 629301 629301 629301 629301 629301 629271 629281 629301 629301 629273 629301 
0 644500 644432 0 644488 644420 0 644542 644514 644674 644626 644598 644474 0 0 644460 0 0 0 644232 0 0 0 644234 0 0 0 644236 0 0 0 0 0 0 0 0 0 644534 0 0 644848 0 0 0 0 644762 0 644894 0 644940 644982 0 0 0 0 644952 0 0 0 0 0 644454 645066 0 644982 0 645044 0 645084 645024 644984 0 0 645096 645096 0 645044 0 0 0 0 645134 645140 0 0 0 0 0 0 645036 645022 0 0 645086 645102 0 0 0 0 0 0 0 0 0 645020 645072 0 0 0 0 644960 0 0 0 0 0 0 0 644942 0 0 644908 645006 0 0 0 644998 0 
0 0 643304 0 643360 0 0 0 0 643546 643498 643470 643346 0 0 0 0 0 0 643104 0 0 0 643106 0 0 0 0 0 0 0 0 0 0 0 0 0 643404 0 0 0 0 0 0 0 643632 0 643764 0 643807 0 0 0 0 0 643824 0 0 0 0 0 643324 0 0 643854 0 643907 0 643954 643894 0 0 0 643926 0 0 0 0 0 0 0 0 643974 0 0 0 0 0 0 643854 643840 0 0 0 0 0 0 0 0 0 0 0 0 0 643848 0 0 0 0 0 643838 0 0 0 0 0 0 0 643832 0 0 643726 643822 0 0 0 643814 0 
0 644422 644354 0 644410 644342 644296 644464 644436 644596 644548 644520 644396 0 644232 644382 644266 644206 644174 644154 0 644184 0 644156 0 0 0 644148 0 0 0 0 0 0 0 0 0 644447 644691 644717 644761 0 0 0 0 644675 0 644807 0 644833 644881 0 0 644799 644815 644874 0 0 0 0 0 644367 644953 0 644904 0 644929 644953 644992 644937 644897 644977 645024 645029 645051 645006 644980 0 644865 644887 0 645048 645025 645071 0 644963 0 645039 0 645004 644980 644947 0 645013 645015 0 644908 644892 644892 645057 0 0 0 0 644947 645021 0 0 0 0 644974 0 644983 0 0 0 0 0 644953 0 0 644876 644955 644973 0 0 644957 644987 
0 640654 640647 0 640671 640641 640607 640695 640683 640735 640731 640719 640671 0 640591 640645 640565 640565 640545 640537 0 640543 640551 640523 640551 640527 640461 640474 640447 640427 0 640499 0 0 0 0 0 640578 640700 640713 640735 640763 0 0 0 640692 0 640758 640780 640781 640821 0 0 640754 640762 640899 0 0 0 0 640399 640538 640844 640904 640911 640792 640835 640831 640890 640823 640803 640851 640887 640906 640882 640919 640928 640923 640787 640798 640835 640887 640879 640862 640928 640836 640841 640855 640860 640880 640904 640828 640847 640842 640855 640824 640900 640908 640884 640829 640821 640767 640757 640880 640809 640811 640789 640757 640752 640757 640740 640745 640772 640808 640808 640752 640734 640727 640713 640733 640808 640800 640778 640764 640729 640720 640756 640717 
0 644058 643990 0 644046 643978 643932 644072 644068 644108 644084 644080 644028 0 643868 643990 643902 643842 643810 643790 0 643820 0 643792 0 0 0 643794 0 0 0 0 0 0 0 0 0 644258 644258 644258 644252 0 0 0 0 644258 0 644230 0 644208 644176 0 0 644258 644246 644074 0 0 0 0 0 644258 644202 0 644080 0 644196 644228 644158 644244 644258 644212 644170 644108 644084 644082 644056 0 644258 644258 0 644146 644186 644124 0 644258 0 644210 0 644012 644010 644258 0 644230 644234 0 643984 644016 643968 644190 0 0 0 0 644230 644206 0 0 0 0 643936 0 643944 0 0 0 0 0 643918 0 0 643884 644206 644182 0 0 644182 644110 
0 628101 628077 0 628125 628101 628077 628173 628149 628269 628245 628221 628149 0 627981 628173 628101 627981 627957 627933 0 627981 627885 627837 627885 627837 627789 627789 627765 627717 0 627990 0 0 0 0 0 628148 628385 628389 628413 628437 0 0 0 628376 0 628437 628485 628461 628509 0 0 628461 628461 628581 0 0 0 0 627790 628068 628581 628606 628605 628533 628557 628581 628606 628581 628557 628605 628606 628594 628570 628594 628594 628606 628556 628579 628605 628594 628606 628570 628606 628606 628606 628594 628606 628546 628570 628606 628594 628594 628606 628546 628594 628606 628594 628570 628570 628474 628450 628546 628565 628570 628546 628498 628474 628474 628426 628426 628450 628474 628474 628498 628474 628450 628402 628402 628474 628546 628527 628523 628474 628450 628507 628474 
0 643996 643928 0 643984 643916 643870 644038 644010 644170 644122 644094 643970 0 643806 643956 643840 643780 643748 643728 0 643758 0 643730 0 0 0 643732 0 0 0 0 0 0 0 0 0 644224 644368 644368 644370 0 0 0 0 644368 0 644370 0 644370 644360 0 0 644370 644370 644258 0 0 0 0 0 644248 644370 0 644264 0 644370 644370 644342 644370 644370 644370 644358 644320 644318 644294 644268 0 644370 644370 0 644358 644370 644358 0 644370 0 644370 0 644246 644244 644370 0 644370 644370 0 644196 644204 644180 644368 0 0 0 0 644370 644368 0 0 0 0 644170 0 644178 0 0 0 0 0 644152 0 0 644118 644368 644344 0 0 644344 644272 
0 627881 627857 0 627905 627881 627857 627953 627929 628049 628025 628001 627929 0 627761 627953 627881 627761 627737 627713 0 627761 627665 627617 627665 627617 627569 627569 627545 627497 0 627733 0 0 0 0 0 627891 628135 628150 628179 628200 0 0 0 628119 0 628200 628224 628212 628236 0 0 628198 628206 628272 0 0 0 0 627533 627811 628272 628286 628284 628236 628260 628272 628286 628267 628247 628284 628286 628286 628262 628286 628286 628286 628231 628242 628279 628286 628286 628262 628286 628270 628275 628284 628286 628238 628262 628262 628276 628271 628284 628238 628286 628286 628286 628258 628250 628166 628142 628238 628220 628240 628218 628186 628166 628166 628118 628118 628142 628166 628166 628181 628163 628142 628094 628094 628166 628238 628182 628178 628158 628142 628162 628146 
0 0 644441 0 644489 0 0 0 0 644633 644609 644585 644487 0 0 0 0 0 0 644245 0 0 0 644201 0 0 0 0 0 0 0 0 0 0 0 0 0 644341 0 0 0 0 0 0 0 644569 0 644701 0 644747 0 0 0 0 0 644945 0 0 0 0 0 644261 0 0 644969 0 644855 0 644965 644831 0 0 0 645023 0 0 0 0 0 0 0 0 644957 0 0 0 0 0 0 645029 645029 0 0 0 0 0 0 0 0 0 0 0 0 0 644829 0 0 0 0 0 645027 0 0 0 0 0 0 0 645021 0 0 644935 644815 0 0 0 644819 0 
0 640598 640600 0 640624 640600 640566 640648 640636 640679 640679 640669 640630 0 640550 640604 640524 640524 640504 640496 0 640502 640504 640467 640504 640477 640405 640418 640391 640371 0 640443 0 0 0 0 0 640522 640644 640657 640679 640707 0 0 0 640636 0 640702 640724 640725 640765 0 0 640698 640706 640852 0 0 0 0 640343 640482 640788 640848 640861 640736 640779 640775 640834 640767 640747 640795 640838 640869 640874 640882 640895 640875 640731 640742 640779 640850 640830 640854 640887 640780 640785 640818 640811 640874 640905 640772 640810 640805 640806 640816 640878 640874 640862 640821 640813 640759 640749 640881 640772 640803 640781 640749 640744 640749 640732 640737 640764 640809 640805 640744 640726 640719 640705 640725 640809 640807 640770 640756 640721 640712 640748 640709 
0 644029 643961 0 644017 643949 643903 644071 644043 644135 644111 644107 644003 0 643839 643989 643873 643813 643781 643761 0 643791 0 643763 0 0 0 643765 0 0 0 0 0 0 0 0 0 644311 644311 644299 644279 0 0 0 0 644311 0 644257 0 644235 644203 0 0 644289 644273 644101 0 0 0 0 0 644311 644229 0 644107 0 644223 644255 644185 644271 644287 644239 644201 644163 644141 644137 644111 0 644311 644311 0 644201 644217 644181 0 644293 0 644265 0 644069 644067 644309 0 644291 644265 0 644039 644047 644023 644247 0 0 0 0 644311 644283 0 0 0 0 643993 0 644001 0 0 0 0 0 643975 0 0 643941 644289 644265 0 0 644265 644183 
0 644427 644359 0 644415 644347 644301 644469 644441 644601 644553 644525 644401 0 644237 644387 644271 644211 644179 644159 0 644189 644181 644161 644157 644141 644189 644163 644169 644113 0 644445 0 0 0 0 0 644603 644841 644841 644865 644881 0 0 0 644831 0 644889 644937 644893 644909 0 0 644913 644913 644879 0 0 0 0 644245 644523 645007 644983 644909 644985 644977 645033 645011 645033 645009 645041 645051 645025 645023 644999 644973 644929 645009 645033 645057 645063 645067 645063 644953 645081 645081 645117 645105 644951 644949 645081 645117 645117 645105 645067 644901 644897 644885 645115 645115 644965 644913 644909 645091 645115 645091 645043 644995 644985 644875 644865 644883 644847 644873 645043 645019 644973 644857 644817 644837 644823 645075 645071 645019 644987 645055 645019 
0 633181 633157 0 633205 633181 0 633253 633229 633317 633317 633301 633229 0 0 633253 0 0 0 633013 0 0 0 632917 0 0 0 632869 0 0 0 0 0 0 0 0 0 633205 0 0 633317 0 0 0 0 633289 0 633317 0 633317 633317 0 0 0 0 633317 0 0 0 0 0 633101 633317 0 633317 0 633317 0 633317 633317 633317 0 0 633317 633301 0 633317 0 0 0 0 633317 633317 0 0 0 0 0 0 633277 633301 0 0 633317 633317 0 0 0 0 0 0 0 0 0 633273 633301 0 0 0 0 633157 0 0 0 0 0 0 0 633133 0 0 633277 633243 0 0 0 633223 0 
0 633221 633197 0 633245 633221 0 633293 633269 633331 633331 633331 633269 0 0 633293 0 0 0 633053 0 0 0 632957 0 0 0 632909 0 0 0 0 0 0 0 0 0 633205 0 0 633331 0 0 0 0 633289 0 633331 0 633331 633331 0 0 0 0 633331 0 0 0 0 0 633101 633331 0 633331 0 633331 0 633331 633331 633331 0 0 633331 633323 0 633331 0 0 0 0 633331 633331 0 0 0 0 0 0 633299 633323 0 0 633331 633331 0 0 0 0 0 0 0 0 0 633273 633317 0 0 0 0 633179 0 0 0 0 0 0 0 633155 0 0 633299 633251 0 0 0 633231 0 
0 644484 644416 0 644472 644404 644358 644526 644498 644658 644610 644582 644458 0 644294 644444 644328 644268 644236 644216 0 644246 644238 644218 644214 644198 644232 644220 644208 644160 0 644368 0 0 0 0 0 644526 644770 644796 644840 644880 0 0 0 644754 0 644880 644928 644904 644952 0 0 644878 644894 644936 0 0 0 0 644168 644446 645024 645040 644966 644954 645000 645024 645068 645016 644976 645048 645096 645094 645116 645068 645042 644986 644944 644966 645040 645120 645096 645142 645010 645042 645052 645118 645096 645044 645042 645026 645102 645092 645094 645118 644970 644954 644954 645136 645120 645046 645006 645002 645026 645100 645080 645064 645046 645046 644968 644958 644976 644940 644966 645054 645042 645022 644950 644910 644930 644916 645034 645030 645032 645022 645014 645008 
0 633278 633298 0 633338 633332 633308 633380 633360 633440 633440 633420 633380 0 633212 633404 633332 633212 633188 633164 0 633212 0 633016 0 0 0 632918 0 0 0 0 0 0 0 0 0 633126 633324 633350 633370 0 0 0 0 633308 0 633392 0 633414 633446 0 0 633360 633376 633548 0 0 0 0 0 633046 633420 0 633542 0 633426 633394 633464 633378 633362 633410 633448 633486 633486 633512 633538 0 633330 633328 0 633448 633432 633446 0 633356 0 633384 0 633520 633560 633340 0 633358 633384 0 633574 633574 633574 633380 0 0 0 0 633292 633344 0 0 0 0 633356 0 633396 0 0 0 0 0 633326 0 0 633560 633278 633284 0 0 633268 633262 
0 644026 644024 0 644068 644066 644039 644113 644091 644191 644179 644157 644111 0 643941 644130 644036 643946 643918 643896 0 643935 0 643763 0 0 0 643690 0 0 0 0 0 0 0 0 0 644022 644216 644229 644263 0 0 0 0 644208 0 644298 0 644333 644387 0 0 644306 644314 644474 0 0 0 0 0 643994 644410 0 644483 0 644401 644397 644456 644389 644369 644417 644460 644463 644439 644476 644489 0 644353 644364 0 644444 644452 644419 0 644402 0 644412 0 644439 644476 644394 0 644399 644428 0 644523 644537 644515 644386 0 0 0 0 644366 644368 0 0 0 0 644297 0 644329 0 0 0 0 0 644270 0 0 644449 644335 644321 0 0 644313 644274 
0 644483 644503 0 644543 644555 644531 644585 644565 644645 644645 644625 644603 0 644433 644627 644555 644435 644411 644387 0 644435 0 644221 0 0 0 644123 0 0 0 0 0 0 0 0 0 644331 644575 644601 644645 0 0 0 0 644559 0 644691 0 644737 644817 0 0 644683 644699 644991 0 0 0 0 0 644251 644863 0 645009 0 644845 644837 644953 644821 644781 644877 644937 644975 644975 645001 645027 0 644749 644771 0 644937 644921 644935 0 644845 0 644873 0 645023 645049 644829 0 644847 644873 0 645081 645081 645081 644869 0 0 0 0 644781 644833 0 0 0 0 644859 0 644899 0 0 0 0 0 644829 0 0 645081 644767 644787 0 0 644771 644765 
0 643957 643889 0 643945 643877 643831 643999 643971 644131 644083 644055 643931 0 643767 643917 643801 643741 643709 643689 0 643719 0 643691 0 0 0 643693 0 0 0 0 0 0 0 0 0 644207 644349 644349 644349 0 0 0 0 644349 0 644349 0 644349 644317 0 0 644349 644349 644215 0 0 0 0 0 644231 644343 0 644221 0 644337 644349 644299 644349 644349 644349 644315 644277 644277 644251 644225 0 644349 644349 0 644315 644331 644317 0 644349 0 644349 0 644229 644203 644349 0 644349 644349 0 644153 644161 644137 644349 0 0 0 0 644349 644349 0 0 0 0 644155 0 644163 0 0 0 0 0 644137 0 0 644101 644349 644349 0 0 644349 644279 
0 644417 644349 0 644405 644337 644291 644459 644431 644591 644543 644515 644391 0 644227 644377 644261 644201 644169 644149 0 644179 644171 644151 644147 644131 644179 644153 644159 644103 0 644396 0 0 0 0 0 644554 644798 644819 644853 644871 0 0 0 644782 0 644877 644925 644883 644899 0 0 644896 644901 644869 0 0 0 0 644196 644474 644997 644973 644899 644970 644967 645021 645001 645021 644993 645031 645029 644991 644991 644965 644939 644919 644972 644994 645045 645029 645045 645031 644931 645062 645067 645081 645081 644943 644917 645054 645080 645075 645081 645059 644867 644875 644851 645081 645078 645003 644951 644901 645018 645068 645070 645079 645033 645023 644913 644903 644921 644885 644911 645079 645055 645011 644895 644855 644875 644815 645004 645024 645055 645025 645008 645044 
0 640536 640480 0 640512 640456 640422 640542 640526 640626 640590 640574 640486 0 640406 640460 640380 640380 640360 640352 0 640358 640398 640402 640374 640382 640427 640422 640413 640393 0 640465 0 0 0 0 0 640544 640666 640679 640701 640729 0 0 0 640658 0 640724 640746 640747 640787 0 0 640720 640728 640748 0 0 0 0 640365 640504 640810 640828 640766 640758 640801 640797 640846 640789 640769 640817 640860 640858 640870 640832 640806 640774 640753 640764 640801 640872 640852 640883 640786 640802 640807 640840 640833 640834 640796 640794 640832 640827 640828 640881 640734 640730 640718 640850 640842 640925 640917 640792 640794 640832 640846 640886 640910 640915 640885 640875 640891 640831 640857 640881 640892 640909 640867 640827 640821 640706 640799 640821 640887 640902 640813 640875 
0 644395 644327 0 644383 644315 644269 644437 644409 644569 644521 644493 644369 0 644205 644355 644239 644179 644147 644127 0 644157 644149 644129 644125 644109 644105 644105 644081 644033 0 644193 0 0 0 0 0 644351 644595 644621 644665 644721 0 0 0 644579 0 644711 644755 644757 644825 0 0 644703 644719 644847 0 0 0 0 643993 644271 644883 644945 644877 644779 644865 644857 644945 644841 644801 644897 644969 644993 645017 644979 644953 644897 644769 644791 644865 644993 644967 645017 644921 644867 644877 644943 644929 645005 644955 644851 644927 644917 644919 645025 644881 644865 644865 644963 644947 645113 645113 644963 644851 644927 644955 645035 645097 645107 645113 645111 645105 645045 645071 645025 645061 645095 645111 645085 645035 644877 644861 644905 645051 645081 644889 645027 
0 640641 640649 0 640671 640661 640631 640692 640682 640722 640722 640712 640685 0 640601 640669 640589 640589 640569 640561 0 640567 640548 640510 640553 640520 640448 640461 640434 640414 0 640486 0 0 0 0 0 640565 640687 640700 640722 640750 0 0 0 640679 0 640745 640767 640768 640808 0 0 640741 640749 640895 0 0 0 0 640386 640525 640831 640891 640904 640779 640822 640818 640877 640810 640790 640838 640881 640912 640924 640925 640938 640918 640774 640785 640822 640893 640873 640904 640930 640823 640828 640861 640854 640958 640961 640815 640853 640848 640849 640900 640943 640937 640927 640871 640863 640847 640837 640971 640815 640853 640865 640837 640832 640837 640820 640825 640852 640903 640893 640832 640814 640807 640793 640813 640903 640913 640820 640840 640809 640800 640832 640797 
0 643965 643897 0 643953 643885 643839 644007 643979 644139 644091 644063 643939 0 643775 643925 643809 643749 643717 643697 0 643727 0 643699 0 0 0 643701 0 0 0 0 0 0 0 0 0 644285 644355 644349 644329 0 0 0 0 644355 0 644307 0 644285 644253 0 0 644339 644323 644151 0 0 0 0 0 644309 644279 0 644157 0 644273 644305 644235 644321 644337 644289 644251 644213 644213 644187 644161 0 644355 644355 0 644251 644267 644253 0 644343 0 644315 0 644165 644139 644355 0 644341 644315 0 644089 644097 644073 644319 0 0 0 0 644355 644355 0 0 0 0 644093 0 644101 0 0 0 0 0 644075 0 0 644037 644355 644355 0 0 644355 644283 
0 644370 644302 0 644358 644290 0 644412 644384 644544 644496 644468 644344 0 0 644330 0 0 0 644102 0 0 0 644104 0 0 0 644106 0 0 0 0 0 0 0 0 0 644592 0 0 644832 0 0 0 0 644814 0 644834 0 644836 644852 0 0 0 0 644822 0 0 0 0 0 644512 644950 0 644852 0 644920 0 644954 644992 644982 0 0 644980 645004 0 644928 0 0 0 0 645018 645010 0 0 0 0 0 0 644968 644930 0 0 645102 645058 0 0 0 0 0 0 0 0 0 645092 645126 0 0 0 0 644902 0 0 0 0 0 0 0 644884 0 0 644840 645102 0 0 0 645118 0 
0 644326 644258 0 644314 644246 644200 644368 644340 644500 644452 644424 644300 0 644136 644286 644170 644110 644078 644058 0 644088 644080 644060 644056 644040 644088 644062 644068 644012 0 644389 0 0 0 0 0 644547 644768 644768 644788 644780 0 0 0 644762 0 644790 644842 644792 644808 0 0 644840 644830 644778 0 0 0 0 644189 644467 644906 644882 644808 644912 644876 644932 644910 644948 644936 644940 644950 644936 644960 644910 644884 644828 644936 644960 644972 644974 644966 645000 644852 645008 645008 645038 645004 644923 644886 645008 645054 645056 645014 645039 644812 644796 644796 645066 645080 645007 644955 644881 645042 645080 645091 645077 645037 645027 644917 644907 644925 644889 644915 645087 645073 645015 644899 644859 644879 644795 645057 645080 645083 645029 645072 645089 
0 644385 644317 0 644373 644305 644259 644427 644399 644559 644511 644483 644359 0 644195 644345 644229 644169 644137 644117 0 644147 644139 644119 644115 644099 644147 644121 644127 644071 0 644369 0 0 0 0 0 644527 644771 644797 644821 644839 0 0 0 644755 0 644845 644893 644851 644867 0 0 644869 644869 644837 0 0 0 0 644169 644447 644965 644941 644867 644941 644935 644989 644969 644989 644965 644999 645009 644995 645019 644969 644943 644887 644945 644967 645013 645033 645025 645059 644911 645037 645037 645085 645061 644971 644945 645027 645085 645085 645061 645087 644871 644855 644855 645109 645109 645057 645005 644929 645027 645103 645107 645109 645087 645077 644967 644957 644975 644939 644965 645109 645109 645065 644949 644909 644929 644843 645037 645057 645109 645079 645041 645107 
0 644374 644306 0 644362 644294 644248 644416 644388 644548 644500 644472 644348 0 644184 644334 644218 644158 644126 644106 0 644136 644128 644108 644104 644088 644136 644110 644116 644060 0 644286 0 0 0 0 0 644444 644688 644714 644758 644800 0 0 0 644672 0 644800 644848 644824 644856 0 0 644796 644812 644826 0 0 0 0 644086 644364 644944 644930 644856 644872 644920 644944 644958 644934 644894 644968 644998 644984 645008 644958 644932 644876 644862 644884 644958 645022 645014 645048 644900 644960 644970 645036 645016 644984 644934 644944 645020 645010 645012 645088 644860 644844 644844 645056 645040 645116 645088 644942 644944 645020 645048 645126 645134 645134 645050 645040 645058 644998 645024 645116 645128 645134 645032 644992 644988 644856 644954 644998 645118 645134 644982 645094 
0 644418 644350 0 644406 644338 644292 644460 644432 644592 644544 644516 644392 0 644228 644378 644262 644202 644170 644150 0 644180 644172 644152 644148 644132 644164 644154 644140 644092 0 644294 0 0 0 0 0 644452 644696 644722 644766 644807 0 0 0 644680 0 644802 644848 644836 644884 0 0 644804 644818 644870 0 0 0 0 644094 644372 644956 644974 644900 644880 644932 644947 645002 644939 644902 644979 645028 645028 645051 645002 644976 644920 644870 644892 644963 645052 645028 645075 644944 644968 644978 645038 645019 645015 644977 644952 645028 645018 645014 645087 644904 644888 644888 645059 645047 645085 645047 644973 644952 645027 645043 645071 645085 645085 645009 644999 645017 644981 645007 645065 645070 645061 644991 644951 644971 644887 644961 644993 645065 645056 644977 645041 
0 644405 644355 0 644411 644343 644297 644465 644437 644573 644549 644521 644397 0 644233 644383 644267 644207 644175 644155 0 644185 644177 644141 644153 644137 644085 644093 644057 644017 0 644161 0 0 0 0 0 644319 644563 644589 644633 644689 0 0 0 644547 0 644679 644723 644725 644805 0 0 644671 644687 644875 0 0 0 0 643961 644239 644851 644933 644905 644747 644833 644825 644933 644809 644769 644865 644951 644981 645005 644981 644981 644925 644737 644759 644833 644975 644935 644997 644949 644835 644845 644911 644897 645029 644983 644819 644895 644885 644887 644993 644909 644893 644893 644931 644915 645095 645101 644991 644819 644895 644923 645003 645065 645075 645101 645101 645101 645073 645099 644993 645029 645063 645101 645101 645063 644905 644829 644873 645019 645049 644857 644995 
0 644411 644343 0 644399 644331 644285 644453 644425 644581 644537 644509 644385 0 644221 644371 644255 644195 644163 644143 0 644173 644165 644145 644141 644125 644065 644091 644037 643997 0 644141 0 0 0 0 0 644299 644543 644569 644613 644669 0 0 0 644527 0 644659 644703 644705 644785 0 0 644651 644667 644863 0 0 0 0 643941 644219 644831 644941 644893 644727 644813 644805 644923 644789 644749 644845 644931 644989 645013 644989 644969 644913 644717 644739 644813 644955 644915 644977 644937 644815 644825 644891 644877 645021 644971 644799 644875 644865 644867 644973 644897 644881 644881 644911 644895 645075 645127 644979 644799 644875 644903 644983 645045 645055 645133 645133 645133 645061 645087 644973 645009 645067 645133 645127 645051 644893 644809 644853 644999 645053 644837 644975 
0 640581 640540 0 640572 640516 640482 640602 640586 640668 640644 640630 640546 0 640466 640520 640440 640440 640420 640412 0 640418 640458 640448 640434 640438 640406 640419 640392 640372 0 640444 0 0 0 0 0 640523 640645 640658 640680 640708 0 0 0 640637 0 640703 640725 640726 640766 0 0 640699 640707 640807 0 0 0 0 640344 640483 640789 640849 640822 640737 640780 640776 640835 640768 640748 640796 640839 640870 640882 640873 640860 640832 640732 640743 640780 640851 640831 640862 640844 640781 640786 640819 640812 640886 640856 640773 640811 640806 640807 640860 640794 640790 640778 640829 640821 640911 640905 640852 640773 640811 640825 640865 640896 640901 640888 640893 640916 640898 640919 640860 640878 640875 640861 640859 640888 640766 640778 640800 640873 640868 640792 640861 
0 640531 640534 0 640558 640528 640494 640582 640570 640612 640612 640602 640558 0 640478 640532 640452 640452 640432 640424 0 640430 640438 640400 640438 640410 640338 640351 640324 640304 0 640376 0 0 0 0 0 640455 640577 640590 640612 640640 0 0 0 640569 0 640635 640657 640658 640698 0 0 640631 640639 640785 0 0 0 0 640276 640415 640721 640781 640794 640669 640712 640708 640767 640700 640680 640728 640771 640802 640814 640815 640828 640808 640664 640675 640712 640783 640763 640794 640820 640713 640718 640751 640744 640850 640846 640705 640743 640738 640739 640792 640806 640802 640790 640761 640753 640836 640850 640858 640705 640743 640757 640797 640821 640826 640857 640862 640865 640887 640882 640792 640803 640820 640832 640852 640887 640778 640710 640732 640798 640813 640724 640786 
0 640546 640532 0 640562 640508 640474 640589 640575 640627 640627 640617 640538 0 640458 640512 640432 640432 640412 640404 0 640410 640445 640415 640426 640425 640353 640366 640339 640319 0 640391 0 0 0 0 0 640470 640592 640605 640627 640655 0 0 0 640584 0 640650 640672 640673 640713 0 0 640646 640654 640794 0 0 0 0 640291 640430 640736 640796 640809 640684 640727 640723 640782 640715 640695 640743 640786 640817 640829 640830 640843 640819 640679 640690 640727 640798 640778 640809 640831 640728 640733 640766 640759 640865 640848 640720 640758 640753 640754 640807 640786 640782 640770 640776 640768 640858 640877 640844 640720 640758 640772 640812 640843 640848 640884 640889 640892 640890 640904 640807 640825 640847 640859 640879 640880 640758 640725 640747 640820 640840 640739 640808 
0 643155 643109 0 643161 643115 643080 643212 643186 643326 643290 643264 643166 0 643000 643171 643077 642987 642959 642937 0 642976 642924 642890 642912 642880 642880 642867 642858 642806 0 643075 0 0 0 0 0 643233 643477 643498 643532 643550 0 0 0 643461 0 643555 643605 643568 643600 0 0 643575 643583 643621 0 0 0 0 642875 643153 643685 643697 643648 643649 643658 643698 643711 643704 643672 643714 643743 643748 643772 643735 643722 643670 643651 643673 643728 643767 643751 643792 643694 643741 643746 643799 643770 643772 643735 643733 643795 643790 643775 643830 643686 643666 643678 643825 643817 643815 643789 643751 643733 643807 643833 643861 643830 643825 643770 643765 643774 643756 643769 643856 643848 643819 643761 643741 643751 643708 643743 643787 643845 643826 643771 643833 
0 640542 640486 0 640518 640462 640428 640548 640532 640632 640596 640580 640492 0 640412 640466 640386 640386 640366 640358 0 640364 640404 640408 640380 640388 640460 640434 640452 640420 0 640586 0 0 0 0 0 640665 640787 640800 640822 640828 0 0 0 640779 0 640833 640859 640828 640820 0 0 640841 640849 640754 0 0 0 0 640486 640625 640882 640834 640772 640879 640864 640904 640862 640910 640890 640904 640890 640864 640876 640838 640812 640780 640874 640885 640922 640902 640906 640916 640792 640923 640928 640957 640940 640840 640802 640915 640953 640948 640945 640956 640740 640736 640724 640971 640963 640962 640936 640798 640915 640953 640967 641007 640992 640982 640898 640888 640906 640844 640870 641002 641018 640996 640880 640840 640834 640712 640920 640942 641015 641010 640934 641003 
0 619355 619331 0 619379 619355 619331 619427 619403 619523 619499 619475 619403 0 619235 619427 619355 619235 619211 619187 0 619235 619139 619091 619139 619091 619043 619043 619019 618971 0 619177 0 0 0 0 0 619335 619579 619605 619649 619691 0 0 0 619563 0 619691 619739 619715 619763 0 0 619687 619703 619835 0 0 0 0 618977 619255 619835 619883 619859 619763 619811 619835 619883 619825 619785 619859 619907 619931 619955 619931 619931 619883 619753 619775 619849 619931 619907 619955 619907 619851 619861 619927 619907 619979 619955 619835 619911 619901 619903 619979 619931 619907 619931 619947 619931 620049 620049 619979 619835 619911 619939 620019 620049 620049 620049 620049 620049 620049 620049 620009 620043 620049 620049 620049 620049 619979 619845 619889 620033 620049 619873 620009 
0 0 644281 0 644337 0 0 0 0 644513 644475 644447 644323 0 0 0 0 0 0 644081 0 0 0 644081 0 0 0 0 0 0 0 0 0 0 0 0 0 644253 0 0 0 0 0 0 0 644481 0 644613 0 644659 0 0 0 0 0 644801 0 0 0 0 0 644173 0 0 644831 0 644767 0 644873 644743 0 0 0 644921 0 0 0 0 0 0 0 0 644869 0 0 0 0 0 0 644959 644909 0 0 0 0 0 0 0 0 0 0 0 0 0 644753 0 0 0 0 0 645089 0 0 0 0 0 0 0 645113 0 0 644831 644763 0 0 0 644791 0 
0 619254 619230 0 619278 619254 619230 619326 619302 619422 619398 619374 619302 0 619134 619326 619254 619134 619110 619086 0 619134 619038 618990 619038 618990 618898 618924 618870 618830 0 618974 0 0 0 0 0 619132 619376 619402 619446 619502 0 0 0 619360 0 619492 619536 619538 619618 0 0 619484 619500 619734 0 0 0 0 618774 619052 619664 619782 619758 619560 619646 619638 619756 619622 619582 619678 619764 619826 619850 619830 619830 619782 619550 619572 619646 619788 619748 619810 619806 619648 619658 619724 619710 619878 619854 619632 619708 619698 619700 619806 619830 619806 619830 619744 619728 619908 619960 619878 619632 619708 619736 619816 619878 619888 619998 619998 619974 619950 619950 619806 619842 619900 620014 620020 619950 619878 619642 619686 619832 619886 619670 619808 
0 640590 640590 0 640614 640602 640572 640638 640626 640671 640671 640661 640626 0 640542 640610 640530 640530 640510 640502 0 640508 640494 640459 640494 640469 640397 640410 640383 640363 0 640435 0 0 0 0 0 640514 640636 640649 640671 640699 0 0 0 640628 0 640694 640716 640717 640757 0 0 640690 640698 640842 0 0 0 0 640335 640474 640780 640840 640853 640728 640771 640767 640826 640759 640739 640787 640830 640861 640873 640874 640887 640866 640723 640734 640771 640842 640822 640853 640878 640772 640777 640810 640803 640909 640902 640764 640802 640797 640798 640851 640884 640878 640868 640820 640812 640871 640861 640914 640764 640802 640816 640839 640856 640861 640844 640849 640876 640919 640917 640834 640838 640831 640817 640837 640919 640856 640769 640791 640833 640824 640783 640821 
0 0 633191 0 633239 0 0 633287 0 633349 633349 633335 633263 0 0 633287 0 0 0 633047 0 0 0 632951 0 0 0 0 0 0 0 0 0 0 0 0 0 633103 0 0 0 0 0 0 0 633187 0 633271 0 633293 0 0 0 0 0 633349 0 0 0 0 0 632999 0 0 633349 0 633305 0 633343 633257 633241 0 0 633349 0 0 0 0 0 0 0 0 633311 0 0 0 0 0 0 633349 633349 0 0 0 0 0 0 0 0 0 0 0 0 0 633171 0 0 0 0 0 633315 0 0 0 0 0 0 0 633291 0 0 633349 633157 0 0 0 633161 0 
0 643966 643898 0 643954 643886 643840 644008 643980 644140 644092 644064 643940 0 643776 643926 643810 643750 643718 643698 0 643728 0 643700 0 0 0 643702 0 0 0 0 0 0 0 0 0 644308 644352 644326 644306 0 0 0 0 644354 0 644284 0 644262 644230 0 0 644316 644300 644128 0 0 0 0 0 644332 644256 0 644134 0 644250 644282 644212 644298 644314 644266 644228 644190 644190 644164 644138 0 644346 644348 0 644228 644244 644230 0 644320 0 644292 0 644142 644116 644336 0 644318 644292 0 644066 644074 644050 644296 0 0 0 0 644354 644332 0 0 0 0 644092 0 644100 0 0 0 0 0 644074 0 0 644014 644354 644354 0 0 644354 644282 
0 644011 643943 0 643999 643931 643885 644053 644025 644141 644117 644109 643985 0 643821 643971 643855 643795 643763 643743 0 643773 0 643745 0 0 0 643747 0 0 0 0 0 0 0 0 0 644289 644289 644289 644285 0 0 0 0 644289 0 644263 0 644241 644209 0 0 644289 644279 644107 0 0 0 0 0 644289 644235 0 644113 0 644229 644261 644191 644277 644289 644245 644207 644169 644169 644143 644117 0 644289 644289 0 644207 644223 644209 0 644289 0 644271 0 644121 644095 644289 0 644289 644271 0 644045 644053 644029 644275 0 0 0 0 644289 644289 0 0 0 0 644095 0 644103 0 0 0 0 0 644077 0 0 643993 644289 644289 0 0 644289 644267 
0 644321 644253 0 644309 644241 644195 644363 644335 644495 644447 644419 644295 0 644131 644281 644165 644105 644073 644053 0 644083 644075 644055 644051 644035 644083 644057 644063 644007 0 644305 0 0 0 0 0 644463 644707 644729 644757 644775 0 0 0 644691 0 644781 644829 644787 644803 0 0 644805 644805 644773 0 0 0 0 644105 644383 644901 644877 644803 644877 644871 644925 644905 644925 644901 644935 644945 644931 644955 644905 644879 644823 644881 644903 644949 644969 644961 644995 644847 644972 644973 645021 644997 644931 644881 644963 645021 645021 644997 645047 644807 644791 644791 645045 645045 645052 645024 644889 644963 645038 645064 645104 645082 645072 645010 645000 644994 644934 644960 645104 645104 645084 644992 644952 644924 644803 644973 645017 645104 645098 645001 645099 
0 644332 644264 0 644320 644252 644206 644374 644346 644506 644458 644430 644306 0 644142 644292 644176 644116 644084 644064 0 644094 644086 644066 644062 644046 644094 644068 644074 644018 0 644282 0 0 0 0 0 644440 644684 644710 644742 644766 0 0 0 644668 0 644766 644814 644790 644814 0 0 644790 644790 644784 0 0 0 0 644082 644360 644910 644888 644814 644862 644882 644910 644916 644910 644886 644934 644956 644942 644966 644916 644890 644834 644858 644880 644934 644980 644972 645006 644858 644956 644958 645006 644982 644942 644892 644940 645006 645006 644982 645054 644818 644802 644802 645030 645030 645098 645070 644900 644940 645016 645044 645102 645124 645118 645054 645044 645040 644980 645006 645102 645124 645124 645036 644996 644970 644814 644950 644994 645124 645124 644978 645114 
0 643929 643861 0 643917 643849 643803 643971 643943 644103 644055 644027 643903 0 643739 643889 643773 643713 643681 643661 0 643691 0 643663 0 0 0 643665 0 0 0 0 0 0 0 0 0 644267 644365 644341 644321 0 0 0 0 644365 0 644299 0 644277 644245 0 0 644331 644315 644143 0 0 0 0 0 644291 644271 0 644149 0 644265 644297 644227 644313 644329 644281 644243 644205 644205 644179 644153 0 644361 644363 0 644243 644259 644245 0 644335 0 644307 0 644157 644131 644351 0 644333 644307 0 644081 644089 644065 644311 0 0 0 0 644365 644347 0 0 0 0 644127 0 644135 0 0 0 0 0 644109 0 0 644029 644365 644365 0 0 644365 644317 
0 640578 640522 0 640554 640498 640464 640584 640568 640668 640632 640616 640528 0 640448 640502 640422 640422 640402 640394 0 640400 0 640444 0 0 0 640470 0 0 0 0 0 0 0 0 0 640765 640886 640886 640884 0 0 0 0 640879 0 640874 0 640864 640856 0 0 640918 640902 640790 0 0 0 0 0 640725 640918 0 640808 0 640900 640944 640898 640960 640964 640940 640918 640880 640880 640854 640828 0 640970 640982 0 640918 640934 640920 0 641006 0 640982 0 640832 640806 641006 0 641008 640982 0 640756 640764 640740 640986 0 0 0 0 640995 641010 0 0 0 0 640850 0 640858 0 0 0 0 0 640832 0 0 640704 640988 640998 0 0 640990 641010 
