644599 0 644522 0 0 644566 644461 644401 644384 0 0 0 0 0 0 0 0 644515 644435 0 0 644469 0 0 0 644281 644264 0 644457 644457 0 0 0 644433 0 0 0 0 0 644163 644231 644402 0 0 0 0 0 0 0 0 0 644100 644138 644168 644201 644105 644198 0 644145 644278 0 0 644090 644116 644231 644280 644312 0 0 643979 0 0 644099 644058 0 0 644279 0 0 644270 644239 644179 0 0 644060 0 644157 0 0 0 0 0 0 0 0 644249 0 0 0 0 0 0 0 0 0 0 0 644159 0 0 0 0 0 0 0 643853 643737 0 0 643804 0 643800 0 0 0 0 0 0 
644632 644639 644615 644619 644609 644617 644598 644586 644597 644581 644593 644587 644598 644597 644600 644592 644598 644604 644606 644592 644541 644558 644574 644595 644592 644562 644573 644529 644581 644554 644548 644551 644554 644560 644552 644555 644571 644566 644567 644540 644562 644533 644556 644553 644561 644564 644555 644549 644552 644546 644543 644525 644547 644549 644560 644536 644551 644529 644449 644529 644507 644523 644427 644423 644473 644497 644503 644504 644512 644499 644469 644471 644453 644399 644423 644463 644492 644489 644486 644486 644508 644504 644483 644469 644407 644425 644465 644477 644474 644475 644475 644473 644486 644483 644472 644482 644460 644456 644436 644484 644481 644433 644458 644431 644339 644323 644317 644452 644465 644440 644446 644452 644444 644468 644465 644445 644401 644462 644446 644359 644279 644311 644291 644447 644441 644452 644443 644446 
644568 0 644667 0 0 644655 644644 644598 644587 0 0 0 0 0 0 0 0 644678 644630 0 0 644530 0 0 0 644478 644467 0 644440 644430 0 0 0 644556 0 0 0 0 0 644356 644454 644385 0 0 0 0 0 0 0 0 0 644299 644345 644391 644406 644328 644421 0 644296 644557 0 0 644255 644239 644260 644183 644331 0 0 644180 0 0 644386 644173 0 0 644320 0 0 644357 644552 644484 0 0 644143 0 644070 0 0 0 0 0 0 0 0 644336 0 0 0 0 0 0 0 0 0 0 0 644090 0 0 0 0 0 0 0 644066 643942 0 0 644159 0 643965 0 0 0 0 0 0 
644916 0 644877 644970 644970 644865 644826 644790 644823 0 0 0 0 0 0 0 0 644844 644868 644901 0 644694 0 0 0 644718 644751 644901 644935 644742 0 0 644706 644664 0 0 0 0 0 644652 644781 644691 0 0 0 0 0 0 0 0 0 644607 644685 644747 644718 644713 644800 644798 644781 644619 644727 644730 644748 644760 644829 644595 644613 0 644556 644532 0 0 644781 644730 0 0 644580 0 0 644523 644556 644544 644685 0 644724 0 644717 0 0 0 644529 0 0 0 0 644514 0 0 0 0 0 644442 644517 0 644616 0 0 644460 0 0 0 644460 644460 0 0 644442 644382 644615 644603 644604 0 644574 0 0 0 0 0 0 
640294 0 640294 0 640354 640286 640272 640260 640282 0 0 0 0 0 0 0 0 640272 640300 640328 0 640146 0 0 0 640236 640258 640325 640318 640186 0 0 640150 640138 0 0 0 0 0 640216 640280 640156 0 0 0 0 0 0 0 0 0 640198 640238 640270 640248 640260 640302 640304 640245 640146 640280 640280 640223 640219 640269 640132 640108 0 0 640172 0 0 640271 640195 0 0 640086 0 0 640032 640092 640108 640268 0 640203 0 640234 0 0 0 640064 0 0 0 0 640030 0 0 0 0 0 640148 0 0 640135 0 0 640054 0 0 0 0 639990 0 0 640136 640120 640244 640244 640177 0 640107 0 0 0 0 0 0 
644595 0 644538 0 0 644580 644473 644413 644418 0 0 0 0 0 0 0 0 644527 644475 0 0 644443 0 0 0 644293 644298 0 644473 644433 0 0 0 644425 0 0 0 0 0 644175 644283 644376 0 0 0 0 0 0 0 0 0 644112 644176 644220 644237 644157 644250 0 644181 644288 0 0 644126 644134 644249 644256 644286 0 0 643991 0 0 644153 644076 0 0 644253 0 0 644244 644249 644189 0 0 644078 0 644173 0 0 0 0 0 0 0 0 644223 0 0 0 0 0 0 0 0 0 0 0 644133 0 0 0 0 0 0 0 643865 643749 0 0 643858 0 643836 0 0 0 0 0 0 
644473 0 644576 0 0 644530 644575 644537 644548 0 0 0 0 0 0 0 0 644565 644589 0 0 644319 0 0 0 644417 644428 0 644353 644299 0 0 0 644325 0 0 0 0 0 644299 644421 644244 0 0 0 0 0 0 0 0 0 644236 644310 644358 644369 644295 644388 0 644091 644414 0 0 644036 644020 644127 644122 644154 0 0 644115 0 0 644267 643954 0 0 644121 0 0 644112 644353 644315 0 0 643956 0 644053 0 0 0 0 0 0 0 0 644091 0 0 0 0 0 0 0 0 0 0 0 644001 0 0 0 0 0 0 0 643989 643873 0 0 643994 0 643746 0 0 0 0 0 0 
644455 0 644558 0 0 644512 644581 644583 644594 0 0 0 0 0 0 0 0 644547 644595 0 0 644381 0 0 0 644523 644534 0 644343 644281 0 0 0 644407 0 0 0 0 0 644405 644529 644236 0 0 0 0 0 0 0 0 0 644342 644416 644468 644475 644407 644502 0 644199 644526 0 0 644154 644138 644163 644058 644182 0 0 644221 0 0 644359 644072 0 0 644171 0 0 644222 644487 644501 0 0 644046 0 643997 0 0 0 0 0 0 0 0 644201 0 0 0 0 0 0 0 0 0 0 0 643965 0 0 0 0 0 0 0 644095 643979 0 0 644224 0 643864 0 0 0 0 0 0 
644411 0 644514 0 0 644468 644531 644535 644546 0 0 0 0 0 0 0 0 644503 644545 0 0 644337 0 0 0 644453 644464 0 644325 644237 0 0 0 644363 0 0 0 0 0 644335 644475 644192 0 0 0 0 0 0 0 0 0 644272 644346 644416 644405 644355 644458 0 644181 644478 0 0 644148 644124 644145 644060 644138 0 0 644151 0 0 644335 644070 0 0 644127 0 0 644196 644441 644437 0 0 644028 0 644025 0 0 0 0 0 0 0 0 644175 0 0 0 0 0 0 0 0 0 0 0 643989 0 0 0 0 0 0 0 644025 643909 0 0 644206 0 643878 0 0 0 0 0 0 
645000 644991 644967 645049 645054 644971 644933 644909 644931 645068 645062 645065 644949 644907 644913 644921 644933 644945 644961 644989 645063 644852 644861 644927 644921 644861 644883 645076 645018 644861 644844 644850 644856 644833 644840 644846 644855 644869 644871 644817 644905 644819 644849 644843 644859 644865 644847 644835 644841 644829 644823 644787 644839 644883 644861 644861 644927 644938 645003 644795 644889 644881 644981 644988 645016 644747 644759 644761 644765 644737 644962 644981 644995 644964 644969 644957 644737 644731 644725 644731 644753 644745 644871 644938 644941 644947 644866 644755 644761 644703 644703 644699 644725 644719 644697 644717 644705 644708 644688 644705 644699 644677 644727 644925 644893 644877 644871 644657 644683 644661 644667 644673 644689 644673 644667 644677 644637 644821 644829 644877 644844 644865 644856 644755 644758 644709 644639 644645 
645020 645022 645008 645068 645073 645012 644974 644950 644972 645087 645081 645084 644954 644938 644944 644962 644974 644986 645002 645023 645056 644872 644892 644968 644962 644902 644924 645078 645011 644866 644854 644860 644866 644864 644860 644866 644886 644910 644912 644858 644945 644824 644890 644884 644900 644906 644888 644876 644882 644870 644864 644828 644880 644922 644902 644899 644956 644967 644998 644836 644918 644910 644976 644972 644988 644752 644764 644766 644806 644778 644980 644994 645000 644938 644938 644936 644742 644736 644730 644736 644794 644786 644900 644956 644910 644916 644859 644758 644761 644708 644708 644704 644730 644724 644702 644722 644710 644718 644708 644746 644740 644718 644768 644930 644888 644872 644866 644662 644688 644666 644672 644678 644694 644714 644708 644718 644678 644850 644858 644882 644828 644860 644830 644748 644751 644711 644644 644650 
644955 644969 644979 645029 645035 644971 644957 644945 644967 645049 645043 645046 644887 644885 644891 644921 644933 644957 644985 645013 645009 644807 644839 644951 644945 644921 644943 645047 644959 644799 644787 644793 644799 644811 644795 644801 644833 644869 644895 644878 644965 644757 644861 644855 644883 644889 644895 644883 644889 644877 644871 644848 644900 644944 644922 644922 644987 645001 644967 644831 644953 644944 644945 644929 644943 644685 644697 644699 644765 644798 645019 645023 645005 644893 644893 644889 644675 644669 644663 644669 644777 644793 644935 644996 644865 644871 644807 644693 644699 644641 644641 644637 644663 644657 644635 644655 644643 644651 644643 644766 644760 644738 644788 644972 644857 644841 644835 644595 644621 644599 644605 644611 644627 644734 644728 644738 644698 644885 644893 644911 644785 644829 644785 644696 644699 644647 644577 644583 
645001 645006 645006 644952 644942 645012 645011 645011 645000 644914 644926 644920 645011 644962 644968 644976 644988 645011 644994 644966 644898 644908 644916 645014 645011 644991 644980 644862 644950 644989 644912 644918 644924 644888 644896 644902 644910 644924 644974 644941 644958 644959 644928 644922 644962 644968 644998 644986 644992 644980 644974 644920 644928 644932 644954 644906 644936 644914 644782 644922 644868 644884 644760 644768 644854 644887 644901 644901 644820 644873 644854 644864 644822 644756 644804 644839 644879 644873 644853 644818 644856 644896 644832 644842 644793 644811 644805 644791 644785 644793 644845 644841 644867 644861 644837 644828 644792 644776 644744 644860 644854 644795 644800 644804 644672 644656 644650 644799 644825 644789 644795 644801 644776 644828 644822 644821 644777 644788 644772 644752 644624 644644 644648 644739 644733 644741 644753 644750 
645010 645020 644994 644960 644950 645033 644980 644956 644934 644922 644934 644928 645018 645067 645064 645058 645052 645010 644952 644924 644906 645032 645040 644983 644986 644908 644886 644870 644946 645007 645036 645042 645048 645012 645020 645026 645034 645046 645011 644856 644864 644992 645026 645020 645017 645014 644951 644957 644954 644960 644963 644837 644834 644838 644860 644812 644842 644820 644790 644972 644774 644790 644768 644776 644838 644884 644975 644977 644942 644790 644760 644774 644780 644764 644788 644797 644953 644947 644941 644930 644930 644922 644738 644748 644765 644771 644763 644749 644743 644753 644919 644915 644941 644935 644913 644928 644904 644900 644868 644878 644876 644708 644706 644710 644680 644664 644658 644873 644899 644877 644883 644889 644888 644850 644844 644748 644696 644694 644678 644662 644632 644652 644656 644697 644691 644699 644721 644715 
645035 645050 645034 644996 644986 645060 645015 644991 644980 644958 644970 644964 645009 645086 645086 645085 645079 645045 644998 644970 644920 645034 645052 645018 645021 644943 644932 644906 644948 644981 645026 645032 645038 645024 645022 645028 645046 645060 645046 644893 644910 644966 645048 645042 645046 645046 644986 644992 644989 644995 644998 644872 644880 644884 644906 644858 644888 644866 644826 644994 644820 644836 644804 644802 644828 644858 644936 644938 644956 644825 644806 644820 644826 644778 644778 644782 644914 644908 644902 644908 644952 644944 644784 644794 644750 644756 644748 644734 644728 644736 644880 644876 644902 644896 644874 644894 644882 644890 644870 644902 644898 644747 644752 644756 644716 644700 644694 644834 644860 644838 644844 644850 644866 644872 644866 644783 644731 644740 644724 644708 644658 644688 644670 644682 644676 644684 644696 644693 
645041 645062 645055 645004 644994 645082 645036 645012 644997 644966 644978 644972 645006 645091 645091 645101 645101 645066 645015 644987 644913 645032 645053 645039 645042 644964 644949 644914 644941 644978 645012 645018 645024 645025 645020 645026 645047 645071 645060 644914 644927 644958 645058 645052 645060 645060 645007 645012 645010 645012 645012 644893 644897 644901 644923 644875 644905 644883 644834 645004 644837 644853 644812 644807 644821 644855 644922 644924 644967 644846 644823 644837 644843 644771 644771 644775 644900 644894 644888 644894 644962 644954 644801 644811 644743 644749 644741 644727 644721 644731 644866 644862 644888 644882 644860 644880 644868 644876 644868 644914 644908 644768 644769 644773 644724 644708 644702 644820 644846 644824 644830 644836 644852 644882 644876 644804 644752 644757 644741 644725 644663 644696 644663 644675 644669 644677 644693 644690 
644912 644943 644941 644886 644876 644963 644934 644922 644908 644848 644860 644854 644876 644977 644977 644987 644982 644952 644914 644886 644784 644905 644937 644937 644940 644898 644884 644796 644812 644848 644885 644891 644897 644909 644893 644899 644931 644955 644963 644872 644862 644833 644947 644941 644963 644963 644929 644935 644932 644938 644939 644863 644856 644848 644870 644834 644840 644818 644716 644917 644796 644812 644694 644678 644692 644725 644795 644797 644851 644840 644758 644760 644742 644642 644642 644646 644773 644767 644761 644767 644863 644879 644772 644758 644614 644620 644612 644598 644592 644602 644739 644735 644761 644755 644733 644753 644741 644749 644741 644887 644881 644774 644776 644720 644606 644590 644584 644693 644719 644697 644703 644709 644725 644855 644849 644810 644758 644752 644736 644648 644534 644578 644534 644546 644540 644548 644563 644560 
644592 0 644677 0 0 644649 644636 644576 644587 0 0 0 0 0 0 0 0 644666 644646 0 0 644518 0 0 0 644456 644467 0 644460 644418 0 0 0 644526 0 0 0 0 0 644338 644448 644373 0 0 0 0 0 0 0 0 0 644275 644347 644385 644408 644322 644415 0 644298 644519 0 0 644243 644227 644280 644221 644319 0 0 644154 0 0 644394 644161 0 0 644308 0 0 644313 644496 644436 0 0 644163 0 644140 0 0 0 0 0 0 0 0 644292 0 0 0 0 0 0 0 0 0 0 0 644128 0 0 0 0 0 0 0 644028 643912 0 0 644121 0 643953 0 0 0 0 0 0 
644458 0 644551 0 0 644515 644558 644548 644559 0 0 0 0 0 0 0 0 644540 644572 0 0 644292 0 0 0 644434 644445 0 644378 644280 0 0 0 644298 0 0 0 0 0 644316 644456 644217 0 0 0 0 0 0 0 0 0 644253 644327 644395 644386 644334 644445 0 644108 644413 0 0 644053 644037 644144 644107 644127 0 0 644132 0 0 644282 643971 0 0 644094 0 0 644085 644324 644320 0 0 643973 0 644078 0 0 0 0 0 0 0 0 644064 0 0 0 0 0 0 0 0 0 0 0 643974 0 0 0 0 0 0 0 644006 643890 0 0 644043 0 643763 0 0 0 0 0 0 
640445 0 640496 0 640510 640463 640476 640464 640486 0 0 0 0 0 0 0 0 640474 640504 640525 0 640297 0 0 0 640440 640462 640464 640434 640289 0 0 640289 640301 0 0 0 0 0 640420 640483 640247 0 0 0 0 0 0 0 0 0 640402 640442 640472 640452 640461 640494 640505 640384 640350 640480 640472 640362 640346 640360 640175 640187 0 0 640376 0 0 640451 640310 0 0 640165 0 0 640159 640296 640312 640468 0 640282 0 640270 0 0 0 640131 0 0 0 0 640145 0 0 0 0 0 640352 0 0 640274 0 0 640085 0 0 0 0 640117 0 0 640340 640324 640446 640438 640357 0 640246 0 0 0 0 0 0 
644937 644927 644901 644987 644997 644905 644867 644843 644865 645013 645007 645010 644905 644843 644849 644855 644867 644879 644895 644923 645021 644789 644797 644861 644855 644795 644817 645021 644977 644841 644793 644799 644805 644769 644777 644783 644791 644803 644805 644751 644839 644811 644783 644777 644793 644799 644781 644769 644775 644763 644757 644721 644773 644817 644795 644795 644861 644881 644956 644729 644832 644817 644934 644942 644993 644753 644763 644753 644699 644671 644905 644924 644946 644930 644954 644970 644741 644735 644705 644687 644687 644679 644814 644881 644938 644956 644881 644761 644767 644709 644709 644703 644729 644723 644689 644685 644661 644657 644625 644639 644633 644611 644661 644868 644846 644830 644824 644663 644689 644641 644647 644653 644645 644607 644601 644611 644571 644764 644772 644828 644798 644818 644822 644765 644771 644715 644645 644651 
644610 0 644549 0 0 644619 644494 644434 644411 0 0 0 0 0 0 0 0 644560 644462 0 0 644662 0 0 0 644314 644291 0 644460 644506 0 0 0 644666 0 0 0 0 0 644192 644258 644479 0 0 0 0 0 0 0 0 0 644135 644165 644195 644228 644132 644225 0 644252 644473 0 0 644197 644203 644280 644303 644461 0 0 644016 0 0 644202 644137 0 0 644452 0 0 644511 644500 644400 0 0 644139 0 644140 0 0 0 0 0 0 0 0 644490 0 0 0 0 0 0 0 0 0 0 0 644272 0 0 0 0 0 0 0 643902 643778 0 0 643907 0 643907 0 0 0 0 0 0 
645014 645036 645004 644976 644966 645045 644990 644966 644944 644938 644950 644944 644999 645085 645082 645070 645064 645022 644962 644934 644898 645062 645082 644995 644998 644918 644896 644886 644927 644973 645054 645060 645066 645054 645050 645056 645076 645082 645023 644866 644874 644958 645062 645056 645029 645026 644963 644969 644966 644972 644975 644848 644844 644848 644870 644822 644852 644830 644806 645008 644784 644800 644784 644780 644807 644850 644952 644967 644978 644802 644770 644784 644790 644756 644757 644761 644943 644937 644931 644937 644966 644958 644748 644758 644729 644735 644727 644713 644707 644717 644909 644905 644931 644925 644903 644923 644911 644918 644898 644890 644893 644718 644716 644720 644696 644680 644674 644857 644881 644867 644873 644879 644895 644886 644880 644760 644708 644704 644688 644672 644636 644668 644648 644661 644655 644663 644685 644679 
644992 645003 645003 644957 644947 645013 645008 645008 644997 644919 644931 644925 644978 644980 644986 644994 645006 645014 644994 644971 644885 644920 644934 645011 645014 644982 644971 644867 644925 644960 644912 644918 644924 644906 644908 644914 644928 644942 644992 644932 644957 644920 644946 644940 644980 644986 645014 645002 645008 644996 644990 644911 644921 644931 644946 644905 644935 644913 644787 644940 644867 644883 644765 644767 644817 644847 644860 644862 644838 644864 644853 644867 644827 644743 644767 644785 644838 644832 644824 644806 644874 644912 644831 644841 644751 644759 644751 644737 644731 644731 644804 644800 644826 644820 644798 644804 644780 644776 644756 644872 644866 644786 644797 644803 644677 644661 644655 644758 644784 644760 644766 644772 644764 644840 644834 644822 644770 644787 644771 644755 644623 644649 644635 644685 644679 644687 644691 644688 
644985 645002 645020 644966 644956 645022 645025 645025 645014 644928 644940 644934 644971 644953 644959 644979 644991 645027 645011 644997 644888 644887 644907 645028 645027 645003 644992 644876 644928 644916 644879 644885 644891 644879 644875 644881 644901 644927 644983 644953 644981 644874 644937 644931 644971 644977 645007 644995 645001 644989 644983 644932 644942 644956 644967 644931 644966 644944 644796 644931 644898 644914 644774 644770 644820 644802 644814 644816 644823 644885 644884 644896 644854 644746 644770 644775 644792 644786 644780 644773 644865 644905 644862 644872 644743 644749 644741 644721 644718 644711 644758 644754 644780 644774 644752 644771 644747 644743 644723 644867 644861 644807 644818 644834 644686 644670 644664 644712 644738 644716 644722 644728 644731 644835 644829 644835 644791 644818 644802 644784 644626 644658 644638 644675 644669 644672 644671 644668 
644313 0 644416 0 0 644370 644447 644483 644494 0 0 0 0 0 0 0 0 644405 644461 0 0 644239 0 0 0 644525 644536 0 644201 644139 0 0 0 644249 0 0 0 0 0 644487 644535 644094 0 0 0 0 0 0 0 0 0 644448 644498 644522 644525 644491 644504 0 644055 644426 0 0 644000 643984 644021 643962 644040 0 0 644375 0 0 644225 643918 0 0 644029 0 0 644036 644309 644441 0 0 643904 0 643901 0 0 0 0 0 0 0 0 644015 0 0 0 0 0 0 0 0 0 0 0 643871 0 0 0 0 0 0 0 644251 644135 0 0 644160 0 643710 0 0 0 0 0 0 
644363 0 644466 0 0 644420 644497 644519 644530 0 0 0 0 0 0 0 0 644455 644511 0 0 644285 0 0 0 644513 644524 0 644285 644189 0 0 0 644291 0 0 0 0 0 644443 644531 644144 0 0 0 0 0 0 0 0 0 644404 644454 644494 644489 644457 644520 0 644147 644462 0 0 644092 644076 644111 644012 644090 0 0 644319 0 0 644315 644010 0 0 644079 0 0 644078 644351 644445 0 0 643994 0 643991 0 0 0 0 0 0 0 0 644057 0 0 0 0 0 0 0 0 0 0 0 643923 0 0 0 0 0 0 0 644193 644077 0 0 644214 0 643802 0 0 0 0 0 0 
644547 0 644579 0 644691 644535 644535 644511 644555 0 0 0 0 0 0 0 0 644535 644591 644647 0 644251 0 0 0 644463 644507 644841 644603 644331 0 0 644259 644235 0 0 0 0 0 644401 644551 644271 0 0 0 0 0 0 0 0 0 644341 644445 644531 644487 644489 644595 644639 644743 644283 644565 644533 644699 644691 644751 644223 644175 0 0 644241 0 0 644827 644643 0 0 644131 0 0 644023 644175 644207 644541 0 644659 0 644499 0 0 0 644087 0 0 0 0 644019 0 0 0 0 0 644121 0 0 644523 0 0 644067 0 0 0 0 643939 0 0 644121 644041 644437 644469 644639 0 644467 0 0 0 0 0 0 
0 0 0 0 0 0 0 0 0 0 0 0 0 0 0 0 0 0 0 0 0 0 0 0 0 0 0 0 613154 0 0 0 0 0 0 0 0 0 0 0 0 0 0 0 0 0 0 0 0 0 0 0 0 0 0 0 0 0 0 0 0 0 0 0 0 0 0 0 0 0 0 0 0 0 0 0 0 0 0 0 0 0 0 0 0 0 0 0 0 0 0 0 0 0 0 0 0 0 0 0 0 0 0 0 0 0 0 0 0 0 0 0 0 0 0 0 0 0 0 0 0 0 0 0 0 0 0 0 
644408 0 644233 0 0 644303 644178 644118 644107 0 0 0 0 0 0 0 0 644244 644164 0 0 644348 0 0 0 643998 643987 0 644470 644638 0 0 0 644258 0 0 0 0 0 643876 643972 644641 0 0 0 0 0 0 0 0 0 643819 643865 643909 643926 643846 643939 0 643998 644069 0 0 643943 644023 644378 644493 644565 0 0 643700 0 0 643918 644053 0 0 644532 0 0 644333 644030 643970 0 0 644303 0 644360 0 0 0 0 0 0 0 0 644400 0 0 0 0 0 0 0 0 0 0 0 644412 0 0 0 0 0 0 0 643586 643462 0 0 643623 0 643653 0 0 0 0 0 0 
644891 644877 644829 644817 644807 644873 644815 644791 644769 644779 644791 644785 644947 644961 644955 644923 644911 644851 644787 644759 644811 645039 645007 644821 644827 644743 644721 644727 644875 644971 645059 645053 645047 645014 645042 645043 645013 644975 644877 644691 644699 644977 644947 644953 644889 644883 644805 644817 644811 644823 644829 644673 644669 644673 644695 644647 644677 644655 644647 644905 644609 644625 644625 644657 644775 644864 644996 645035 644954 644627 644595 644609 644615 644669 644725 644760 645018 645024 645044 645036 644926 644898 644573 644583 644709 644727 644726 644712 644706 644716 645004 645026 645030 645034 645030 645040 645010 644982 644926 644755 644761 644543 644541 644545 644537 644521 644515 644906 644928 644998 645004 645010 644994 644787 644793 644591 644535 644529 644513 644497 644513 644509 644561 644660 644654 644662 644684 644678 
644887 644873 644825 644813 644803 644869 644811 644787 644765 644775 644787 644781 644953 644957 644951 644919 644907 644847 644783 644755 644807 645026 644998 644817 644823 644739 644717 644723 644881 644979 645048 645045 645042 644996 645024 645027 645001 644970 644873 644687 644695 644985 644943 644947 644885 644879 644801 644813 644807 644819 644825 644669 644665 644669 644691 644643 644673 644651 644643 644899 644605 644621 644621 644653 644783 644896 645009 645040 644923 644623 644591 644605 644611 644665 644733 644773 645028 645031 645038 645015 644908 644880 644569 644579 644717 644735 644758 644744 644738 644748 645021 645025 645034 645035 645024 645023 644989 644951 644895 644751 644757 644539 644537 644541 644533 644517 644511 644938 644960 644979 644985 644991 644973 644780 644783 644587 644531 644525 644509 644493 644509 644505 644557 644692 644686 644694 644716 644710 
644588 0 644567 0 0 644609 644570 644558 644525 0 0 0 0 0 0 0 0 644600 644528 0 0 644790 0 0 0 644506 644473 0 644534 644680 0 0 644794 644768 0 0 0 0 0 644428 644440 644695 0 0 0 0 0 0 0 0 0 644401 644395 644401 644434 644362 644407 0 644246 644723 0 0 644213 644237 644380 644611 644737 0 0 644332 0 0 644270 644231 0 0 644762 0 0 644769 644716 644708 0 0 644287 0 644404 0 0 0 644755 0 0 0 0 644764 0 0 0 0 0 644206 0 0 0 0 0 644698 0 0 0 0 0 0 0 644278 644194 0 0 644137 0 644039 0 0 0 0 0 0 
644577 0 644544 0 0 644594 644489 644429 644414 0 0 0 0 0 0 0 0 644555 644465 0 0 644643 0 0 0 644309 644294 0 644427 644465 0 0 0 644645 0 0 0 0 0 644187 644261 644438 0 0 0 0 0 0 0 0 0 644130 644168 644198 644231 644135 644228 0 644229 644486 0 0 644174 644182 644247 644282 644420 0 0 644011 0 0 644207 644116 0 0 644431 0 0 644506 644517 644417 0 0 644118 0 644127 0 0 0 0 0 0 0 0 644485 0 0 0 0 0 0 0 0 0 0 0 644257 0 0 0 0 0 0 0 643897 643773 0 0 643922 0 643884 0 0 0 0 0 0 
644946 644934 644886 644874 644864 644930 644872 644848 644826 644836 644848 644842 644982 645018 645012 644980 644968 644908 644844 644816 644854 645094 645064 644878 644884 644800 644778 644784 644910 644974 645102 645096 645090 645081 645104 645100 645070 645032 644934 644748 644756 644968 645004 645010 644946 644940 644862 644874 644868 644880 644886 644730 644726 644730 644752 644704 644734 644712 644704 644962 644666 644682 644682 644712 644790 644848 644980 645026 645017 644684 644652 644666 644672 644712 644740 644744 645002 645008 645057 645077 644993 644962 644630 644640 644712 644718 644710 644696 644690 644700 644988 645020 645014 645020 645031 645063 645051 645031 644987 644812 644818 644600 644598 644602 644594 644578 644572 644890 644912 645007 645013 645019 645035 644844 644850 644648 644592 644586 644570 644554 644568 644566 644604 644644 644638 644646 644668 644662 
644959 644945 644897 644885 644875 644941 644883 644859 644837 644847 644859 644853 645025 645012 645009 644981 644975 644919 644855 644827 644879 645057 645033 644889 644895 644811 644789 644795 644953 645042 645081 645081 645079 645015 645047 645053 645033 645007 644934 644759 644767 645034 644981 644984 644940 644937 644873 644880 644877 644883 644886 644741 644737 644741 644763 644715 644745 644723 644715 644936 644677 644693 644693 644725 644846 644923 645028 645063 644923 644695 644663 644677 644683 644737 644796 644819 645039 645039 645034 645015 644911 644903 644641 644651 644780 644793 644785 644771 644765 644775 645015 645015 645039 645035 645013 645014 644989 644951 644895 644801 644804 644611 644609 644613 644605 644589 644583 644935 644958 644970 644976 644982 644973 644817 644817 644659 644603 644597 644581 644565 644581 644577 644629 644719 644713 644721 644743 644737 
644993 645003 644981 644943 644933 645023 644967 644943 644921 644905 644917 644911 645002 645063 645060 645056 645050 645003 644939 644911 644889 645045 645053 644973 644979 644895 644873 644853 644930 645011 645049 645055 645061 645025 645033 645039 645047 645061 645011 644843 644851 644997 645043 645037 645017 645014 644951 644957 644954 644960 644963 644825 644821 644825 644847 644799 644829 644807 644773 644989 644761 644777 644751 644759 644822 644889 644983 644999 644957 644779 644747 644761 644767 644747 644772 644789 644975 644969 644962 644944 644947 644939 644725 644735 644756 644763 644755 644741 644735 644745 644941 644937 644963 644957 644935 644942 644918 644913 644881 644875 644875 644695 644693 644697 644663 644647 644641 644887 644911 644898 644904 644910 644902 644867 644861 644743 644687 644681 644665 644649 644615 644635 644639 644689 644683 644691 644713 644707 
644987 645021 645017 644961 644951 645053 645003 644979 644957 644923 644935 644929 644959 645089 645086 645094 645088 645039 644975 644947 644859 645066 645094 645009 645015 644931 644909 644871 644887 644951 645044 645047 645050 645073 645057 645063 645091 645110 645055 644879 644887 644937 645096 645093 645061 645058 644993 645001 644998 645004 645007 644861 644857 644861 644883 644835 644865 644843 644791 645045 644797 644813 644769 644753 644767 644825 644931 644952 645017 644815 644783 644797 644803 644717 644717 644721 644928 644925 644925 644931 645013 645005 644761 644771 644689 644695 644687 644673 644667 644677 644899 644899 644922 644919 644897 644917 644905 644913 644905 644922 644925 644731 644729 644733 644681 644665 644659 644838 644861 644861 644867 644873 644889 644924 644921 644779 644723 644717 644701 644685 644609 644653 644609 644621 644615 644623 644645 644639 
644975 645009 645040 644949 644939 645048 645060 645048 645026 644911 644923 644917 644947 645069 645069 645086 645080 645062 645032 645004 644847 645007 645039 645066 645072 645001 644979 644859 644875 644937 644987 644993 644999 645011 644995 645001 645033 645066 645109 644949 644957 644922 645082 645076 645110 645110 645062 645068 645065 645071 645074 644931 644927 644931 644953 644905 644935 644913 644779 645074 644867 644883 644757 644741 644755 644813 644897 644899 644962 644885 644853 644867 644860 644705 644705 644709 644875 644869 644863 644869 645020 645025 644831 644841 644677 644683 644675 644661 644655 644665 644841 644837 644863 644857 644835 644855 644843 644851 644843 644979 644979 644801 644799 644803 644669 644653 644647 644795 644821 644799 644805 644811 644827 644953 644947 644849 644793 644787 644771 644755 644597 644641 644597 644609 644603 644611 644633 644627 
644253 0 644362 0 0 644316 644393 644429 644430 0 0 0 0 0 0 0 0 644351 644385 0 0 644127 0 0 0 644501 644502 0 644103 644085 0 0 0 644133 0 0 0 0 0 644509 644469 644040 0 0 0 0 0 0 0 0 0 644494 644502 644484 644517 644469 644436 0 643953 644328 0 0 643898 643882 643923 643908 643962 0 0 644399 0 0 644127 643816 0 0 643929 0 0 643920 644193 644325 0 0 643806 0 643803 0 0 0 0 0 0 0 0 643899 0 0 0 0 0 0 0 0 0 0 0 643809 0 0 0 0 0 0 0 644273 644157 0 0 644058 0 643608 0 0 0 0 0 0 
644289 0 644392 0 0 644346 644423 644459 644470 0 0 0 0 0 0 0 0 644381 644437 0 0 644143 0 0 0 644515 644526 0 644229 644115 0 0 0 644149 0 0 0 0 0 644443 644537 644068 0 0 0 0 0 0 0 0 0 644380 644454 644524 644513 644465 644542 0 643997 644344 0 0 643942 643926 644033 643938 643978 0 0 644259 0 0 644205 643860 0 0 643945 0 0 643936 644209 644341 0 0 643862 0 643929 0 0 0 0 0 0 0 0 643915 0 0 0 0 0 0 0 0 0 0 0 643825 0 0 0 0 0 0 0 644133 644017 0 0 644102 0 643652 0 0 0 0 0 0 
644459 0 644284 0 0 644354 644229 644169 644158 0 0 0 0 0 0 0 0 644295 644215 0 0 644361 0 0 0 644049 644038 0 644513 644677 0 0 0 644271 0 0 0 0 0 643927 644015 644642 0 0 0 0 0 0 0 0 0 643870 643916 643952 643977 643889 643982 0 644009 644082 0 0 643954 644034 644421 644514 644552 0 0 643751 0 0 643929 644064 0 0 644519 0 0 644346 644043 643983 0 0 644312 0 644377 0 0 0 0 0 0 0 0 644413 0 0 0 0 0 0 0 0 0 0 0 644399 0 0 0 0 0 0 0 643637 643513 0 0 643634 0 643664 0 0 0 0 0 0 
644980 644990 644990 644930 644920 645010 644998 644974 644952 644892 644904 644898 644976 645047 645044 645040 645034 645012 644970 644942 644864 645022 645030 645004 645010 644926 644904 644840 644904 644975 645014 645020 645026 645002 645010 645016 645024 645038 645039 644874 644882 644960 645042 645036 645045 645042 644979 644985 644982 644988 644991 644856 644852 644856 644878 644830 644860 644838 644760 645010 644792 644808 644738 644746 644796 644852 644951 644955 644934 644810 644778 644792 644798 644722 644746 644755 644931 644925 644919 644908 644968 644960 644756 644766 644723 644729 644721 644707 644701 644711 644897 644893 644919 644913 644891 644906 644882 644878 644858 644906 644908 644726 644724 644728 644650 644634 644628 644851 644877 644855 644861 644867 644866 644888 644882 644774 644718 644712 644696 644680 644602 644622 644614 644655 644649 644657 644679 644673 
644955 644989 645003 644929 644919 645033 645001 644989 644967 644891 644903 644897 644927 645052 645049 645069 645063 645025 644973 644945 644827 645021 645053 645007 645013 644953 644931 644839 644855 644915 645001 645007 645011 645025 645009 645015 645047 645083 645048 644901 644909 644900 645075 645072 645054 645051 645012 645018 645015 645021 645024 644883 644879 644883 644905 644857 644887 644865 644759 645048 644819 644835 644737 644721 644735 644792 644894 644913 644981 644837 644805 644819 644801 644685 644685 644689 644889 644883 644877 644883 644995 645011 644783 644793 644657 644663 644655 644641 644635 644645 644855 644851 644877 644871 644849 644869 644857 644865 644857 644939 644942 644753 644751 644755 644649 644633 644627 644801 644824 644813 644819 644825 644841 644939 644933 644801 644745 644739 644723 644707 644577 644621 644577 644589 644583 644591 644613 644607 
644977 644999 645023 644939 644929 645025 645032 645014 644993 644901 644913 644907 644955 645045 645042 645050 645044 645038 645005 644977 644856 645004 645024 645035 645038 644966 644945 644849 644884 644927 644991 644997 645003 644996 644992 644998 645018 645044 645063 644915 644923 644912 645060 645054 645069 645066 645009 645015 645012 645018 645021 644895 644893 644897 644919 644871 644901 644879 644769 645036 644833 644849 644747 644743 644764 644804 644901 644903 644940 644848 644819 644833 644833 644714 644714 644718 644879 644873 644867 644873 644988 644986 644797 644807 644686 644692 644684 644670 644664 644674 644845 644841 644867 644861 644839 644859 644847 644855 644840 644936 644936 644767 644765 644769 644659 644643 644637 644799 644825 644803 644809 644815 644831 644914 644908 644806 644754 644753 644737 644721 644599 644631 644606 644618 644612 644620 644642 644636 
644950 644984 645032 644924 644914 645028 645064 645058 645036 644886 644898 644892 644922 645042 645041 645061 645055 645054 645036 645008 644822 644978 645010 645070 645076 645034 645012 644834 644850 644907 644958 644964 644970 644982 644966 644972 645004 645042 645108 644982 644990 644892 645070 645064 645112 645111 645078 645084 645081 645087 645090 644964 644960 644964 644986 644938 644968 644946 644754 645080 644900 644916 644732 644716 644730 644784 644868 644870 644938 644918 644886 644888 644864 644680 644680 644684 644846 644840 644834 644840 645020 645042 644864 644874 644652 644658 644650 644636 644630 644640 644812 644808 644834 644828 644806 644826 644814 644822 644814 645010 645008 644834 644832 644836 644644 644628 644622 644766 644792 644770 644776 644782 644798 644982 644976 644882 644826 644820 644804 644776 644572 644616 644572 644584 644578 644586 644608 644602 
644953 644970 644994 644927 644917 644992 645011 645023 645012 644889 644901 644895 644939 644939 644945 644965 644977 645005 644997 644977 644849 644873 644893 645014 645017 645010 644999 644837 644889 644891 644865 644871 644877 644865 644861 644867 644887 644913 644987 644960 644988 644849 644929 644923 644975 644981 645033 645021 645027 645015 645009 644939 644949 644962 644974 644936 644966 644944 644757 644947 644898 644914 644735 644731 644771 644777 644789 644791 644809 644892 644884 644897 644833 644707 644721 644725 644767 644761 644755 644759 644869 644931 644862 644872 644693 644699 644691 644677 644671 644668 644733 644729 644755 644749 644727 644747 644733 644729 644709 644892 644886 644814 644825 644834 644647 644631 644625 644687 644713 644691 644697 644703 644717 644860 644854 644850 644798 644818 644802 644785 644587 644619 644599 644625 644619 644627 644628 644625 
644948 644977 645025 644935 644925 645011 645054 645078 645067 644897 644909 644903 644910 644958 644964 644996 645008 645036 645040 645021 644833 644880 644912 645057 645060 645086 645075 644845 644861 644872 644860 644866 644872 644884 644868 644874 644906 644944 645042 645048 645064 644830 644972 644966 645030 645036 645110 645098 645104 645092 645086 645027 645037 645051 645062 645025 645043 645021 644765 645014 644987 645003 644743 644727 644741 644758 644770 644772 644840 644980 644961 644963 644877 644691 644691 644695 644748 644742 644736 644742 644924 645008 644951 644961 644663 644669 644661 644647 644641 644637 644714 644710 644736 644730 644708 644728 644716 644724 644716 644992 644986 644902 644913 644923 644655 644639 644633 644668 644694 644672 644678 644684 644700 644960 644954 644938 644886 644907 644891 644851 644583 644627 644583 644595 644589 644597 644597 644594 
644934 644964 645012 644908 644898 644998 645041 645065 645052 644870 644882 644876 644897 644925 644931 644963 644975 645023 645022 644994 644806 644847 644879 645044 645047 645083 645070 644818 644834 644839 644827 644833 644839 644851 644835 644841 644873 644911 645009 645070 645048 644797 644939 644933 644997 645003 645075 645063 645069 645057 645051 645061 645055 645046 645068 645033 645026 645004 644738 644981 644995 645011 644716 644700 644714 644724 644737 644739 644807 645027 644944 644934 644850 644664 644664 644668 644715 644709 644703 644709 644891 644973 644971 644956 644636 644642 644634 644620 644614 644624 644681 644677 644703 644697 644675 644695 644683 644691 644683 645006 645000 644949 644952 644918 644628 644612 644606 644635 644661 644639 644645 644651 644667 644974 644968 644981 644933 644940 644924 644822 644556 644600 644556 644568 644562 644570 644584 644581 
644914 644946 644994 644888 644878 644980 645023 645047 645032 644850 644862 644856 644879 644914 644920 644952 644964 645005 645002 644974 644786 644836 644868 645026 645029 645073 645058 644798 644814 644825 644816 644822 644828 644840 644824 644830 644862 644900 644998 645065 645036 644786 644928 644922 644986 644992 645066 645058 645063 645052 645046 645056 645048 645034 645056 645026 645014 644992 644718 644970 644988 645004 644696 644680 644694 644708 644726 644728 644796 645032 644932 644920 644830 644644 644644 644648 644704 644698 644692 644698 644880 644968 644964 644944 644616 644622 644614 644600 644594 644604 644670 644666 644692 644686 644664 644684 644672 644680 644672 645008 645002 644954 644955 644906 644608 644592 644586 644624 644650 644628 644634 644640 644656 644976 644970 644988 644938 644943 644927 644808 644536 644580 644536 644548 644542 644550 644566 644563 
644882 644916 644964 644856 644846 644960 644998 645022 645000 644818 644830 644824 644854 644926 644929 644957 644963 644985 644970 644942 644754 644853 644885 645004 645009 645054 645032 644766 644782 644823 644833 644839 644845 644857 644841 644847 644879 644917 645004 645038 645010 644790 644945 644939 644998 645001 645064 645058 645061 645055 645052 645032 645016 645008 645030 644994 644988 644966 644686 644987 644956 644972 644664 644648 644662 644706 644743 644745 644813 645010 644906 644888 644798 644612 644612 644616 644721 644715 644709 644715 644897 644985 644932 644918 644584 644590 644582 644568 644562 644572 644687 644683 644709 644703 644681 644701 644689 644697 644689 645025 645019 644926 644924 644880 644576 644560 644554 644641 644667 644645 644651 644657 644673 644993 644987 644971 644918 644912 644896 644776 644504 644548 644504 644516 644510 644518 644540 644534 
644252 0 644373 0 0 644331 644408 644444 644429 0 0 0 0 0 0 0 0 644366 644384 0 0 644104 0 0 0 644516 644501 0 644102 644092 0 0 0 644110 0 0 0 0 0 644566 644468 644029 0 0 0 0 0 0 0 0 0 644535 644543 644501 644534 644510 644435 0 643946 644305 0 0 643891 643875 643922 643921 643939 0 0 644440 0 0 644126 643809 0 0 643906 0 0 643897 644170 644302 0 0 643805 0 643802 0 0 0 0 0 0 0 0 643876 0 0 0 0 0 0 0 0 0 0 0 643786 0 0 0 0 0 0 0 644314 644198 0 0 644051 0 643601 0 0 0 0 0 0 
644236 0 644339 0 0 644293 644370 644406 644417 0 0 0 0 0 0 0 0 644328 644384 0 0 644072 0 0 0 644478 644489 0 644110 644060 0 0 0 644078 0 0 0 0 0 644536 644476 643997 0 0 0 0 0 0 0 0 0 644515 644547 644509 644526 644526 644443 0 643908 644273 0 0 643853 643837 643930 643885 643907 0 0 644394 0 0 644116 643771 0 0 643874 0 0 643865 644138 644270 0 0 643773 0 643810 0 0 0 0 0 0 0 0 643844 0 0 0 0 0 0 0 0 0 0 0 643754 0 0 0 0 0 0 0 644268 644152 0 0 644013 0 643563 0 0 0 0 0 0 
644259 0 644362 0 0 644316 644393 644429 644440 0 0 0 0 0 0 0 0 644351 644407 0 0 644133 0 0 0 644501 644512 0 644173 644085 0 0 0 644139 0 0 0 0 0 644513 644517 644040 0 0 0 0 0 0 0 0 0 644474 644524 644536 644533 644525 644506 0 644029 644334 0 0 643984 643968 643993 643908 643968 0 0 644373 0 0 644197 643902 0 0 643935 0 0 643926 644199 644331 0 0 643876 0 643873 0 0 0 0 0 0 0 0 643905 0 0 0 0 0 0 0 0 0 0 0 643815 0 0 0 0 0 0 0 644247 644131 0 0 644144 0 643694 0 0 0 0 0 0 
644240 0 644343 0 0 644297 644374 644410 644421 0 0 0 0 0 0 0 0 644332 644388 0 0 644098 0 0 0 644474 644485 0 644130 644066 0 0 0 644104 0 0 0 0 0 644466 644488 644021 0 0 0 0 0 0 0 0 0 644451 644477 644487 644488 644472 644455 0 643942 644299 0 0 643887 643871 643950 643889 643933 0 0 644346 0 0 644150 643805 0 0 643900 0 0 643891 644164 644296 0 0 643807 0 643830 0 0 0 0 0 0 0 0 643870 0 0 0 0 0 0 0 0 0 0 0 643780 0 0 0 0 0 0 0 644220 644104 0 0 644047 0 643597 0 0 0 0 0 0 
644204 0 644307 0 0 644261 644338 644374 644385 0 0 0 0 0 0 0 0 644296 644352 0 0 644110 0 0 0 644438 644449 0 644158 644030 0 0 0 644116 0 0 0 0 0 644448 644460 643985 0 0 0 0 0 0 0 0 0 644423 644459 644473 644462 644470 644471 0 644028 644311 0 0 643993 643971 643992 643853 643931 0 0 644320 0 0 644196 643911 0 0 643912 0 0 643903 644176 644308 0 0 643875 0 643872 0 0 0 0 0 0 0 0 643882 0 0 0 0 0 0 0 0 0 0 0 643784 0 0 0 0 0 0 0 644194 644078 0 0 644153 0 643703 0 0 0 0 0 0 
644323 0 644426 0 0 644380 644457 644485 644496 0 0 0 0 0 0 0 0 644415 644471 0 0 644157 0 0 0 644509 644520 0 644267 644145 0 0 0 644163 0 0 0 0 0 644437 644531 644082 0 0 0 0 0 0 0 0 0 644374 644448 644518 644507 644459 644542 0 644047 644350 0 0 643992 643976 644083 643972 643992 0 0 644253 0 0 644255 643910 0 0 643959 0 0 643950 644223 644323 0 0 643912 0 643967 0 0 0 0 0 0 0 0 643929 0 0 0 0 0 0 0 0 0 0 0 643839 0 0 0 0 0 0 0 644127 644011 0 0 644120 0 643702 0 0 0 0 0 0 
640349 0 640410 0 640426 640367 640412 640424 640446 0 0 0 0 0 0 0 0 640388 640440 640468 0 640201 0 0 0 640422 640444 640394 640350 640193 0 0 640193 640205 0 0 0 0 0 640402 640466 640151 0 0 0 0 0 0 0 0 0 640384 640424 640456 640434 640446 640488 640499 640314 640310 640474 640466 640292 640276 640290 640079 640091 0 0 640358 0 0 640413 640240 0 0 640069 0 0 640063 640232 640294 640468 0 640212 0 640198 0 0 0 640035 0 0 0 0 640049 0 0 0 0 0 640334 0 0 640204 0 0 639989 0 0 0 0 640021 0 0 640322 640306 640442 640448 640365 0 640176 0 0 0 0 0 0 
644336 0 644279 0 0 644256 644206 644146 644201 0 0 0 0 0 0 0 0 644224 644276 0 0 643966 0 0 0 644026 644081 0 644393 643994 0 0 0 643923 0 0 0 0 0 643916 644136 643889 0 0 0 0 0 0 0 0 0 643841 643971 644081 644026 644026 644191 0 644781 643861 0 0 644764 644765 644558 643709 643739 0 0 643716 0 0 644673 644717 0 0 643684 0 0 643668 643756 643736 0 0 644589 0 644054 0 0 0 0 0 0 0 0 643634 0 0 0 0 0 0 0 0 0 0 0 643484 0 0 0 0 0 0 0 643566 643466 0 0 644549 0 644571 0 0 0 0 0 0 
644400 0 644574 0 0 644576 644630 644654 644599 0 0 0 0 0 0 0 0 644629 644560 0 0 644699 0 0 0 644606 644551 0 644150 644310 0 0 0 644753 0 0 0 0 0 644487 644496 644295 0 0 0 0 0 0 0 0 0 644442 644432 644442 644497 644377 644441 0 643903 644896 0 0 643848 643815 643850 643995 644316 0 0 644327 0 0 644130 643725 0 0 644333 0 0 644448 644840 644895 0 0 643655 0 643650 0 0 0 0 0 0 0 0 644413 0 0 0 0 0 0 0 0 0 0 0 644082 0 0 0 0 0 0 0 644237 644097 0 0 643966 0 643558 0 0 0 0 0 0 
640168 0 640230 0 640246 640186 640244 640268 640290 0 0 0 0 0 0 0 0 640208 640272 640300 0 640020 0 0 0 640316 640338 640226 640170 640012 0 0 640012 640024 0 0 0 0 0 640346 640360 639970 0 0 0 0 0 0 0 0 0 640340 640368 640386 640364 640390 640382 640394 640146 640154 640419 640411 640124 640108 640122 639898 639910 0 0 640315 0 0 640258 640072 0 0 639888 0 0 639882 640064 640152 640425 0 640044 0 640018 0 0 0 639854 0 0 0 0 639868 0 0 0 0 0 640291 0 0 640036 0 0 639808 0 0 0 0 639840 0 0 640279 640263 640400 640408 640236 0 640008 0 0 0 0 0 0 
640185 0 640247 0 640250 640203 640261 640285 640307 0 0 0 0 0 0 0 0 640225 640289 640311 0 640037 0 0 0 640333 640355 640184 640175 640029 0 0 640029 640041 0 0 0 0 0 640385 640377 639987 0 0 0 0 0 0 0 0 0 640401 640407 640402 640381 640427 640388 640394 640104 640171 640442 640438 640082 640066 640080 639915 639927 0 0 640386 0 0 640216 640030 0 0 639905 0 0 639899 640081 640169 640460 0 640002 0 640000 0 0 0 639871 0 0 0 0 639885 0 0 0 0 0 640362 0 0 639994 0 0 639825 0 0 0 0 639857 0 0 640350 640334 640451 640435 640194 0 639966 0 0 0 0 0 0 
0 0 0 0 0 0 0 0 0 0 0 0 0 0 0 0 0 0 0 0 0 0 0 0 0 0 0 0 626892 0 0 0 0 0 0 0 0 0 0 0 0 0 0 0 0 0 0 0 0 0 0 0 0 0 0 0 0 0 0 0 0 0 627111 0 0 0 0 0 0 0 0 0 0 0 0 0 0 0 0 0 0 0 0 0 0 0 0 0 0 0 0 0 0 0 0 0 0 0 0 0 0 0 0 0 0 0 0 0 0 0 0 0 0 0 0 626388 0 0 0 0 0 0 0 0 0 0 0 0 
644231 0 644178 0 0 644140 644141 644111 644166 0 0 0 0 0 0 0 0 644123 644211 0 0 643861 0 0 0 644009 644064 0 644305 643953 0 0 0 643807 0 0 0 0 0 643899 644119 643866 0 0 0 0 0 0 0 0 0 643824 643954 644064 644009 644009 644174 0 644680 643826 0 0 644658 644670 644489 643709 643728 0 0 643699 0 0 644590 644635 0 0 643673 0 0 643580 643691 643719 0 0 644535 0 644054 0 0 0 0 0 0 0 0 643569 0 0 0 0 0 0 0 0 0 0 0 643484 0 0 0 0 0 0 0 643549 643449 0 0 644542 0 644458 0 0 0 0 0 0 
644521 0 644359 0 0 644357 644286 644238 644293 0 0 0 0 0 0 0 0 644304 644356 0 0 644151 0 0 0 644123 644178 0 644700 644408 0 0 0 644060 0 0 0 0 0 644013 644233 644321 0 0 0 0 0 0 0 0 0 643938 644068 644178 644123 644123 644288 0 644538 643953 0 0 644483 644544 644802 644147 644177 0 0 643813 0 0 644494 644539 0 0 644122 0 0 643975 643836 643833 0 0 644661 0 644471 0 0 0 0 0 0 0 0 644017 0 0 0 0 0 0 0 0 0 0 0 643922 0 0 0 0 0 0 0 643663 643563 0 0 644216 0 644193 0 0 0 0 0 0 
644343 0 644178 0 0 644258 644128 644068 644039 0 0 0 0 0 0 0 0 644200 644087 0 0 644218 0 0 0 643948 643919 0 644347 644625 0 0 0 644114 0 0 0 0 0 643824 643875 644652 0 0 0 0 0 0 0 0 0 643770 643791 643811 643855 643747 643822 0 643747 643946 0 0 643692 643772 644167 644820 644628 0 0 643652 0 0 643667 643802 0 0 644584 0 0 644119 643854 643834 0 0 644092 0 644578 0 0 0 0 0 0 0 0 644204 0 0 0 0 0 0 0 0 0 0 0 644698 0 0 0 0 0 0 0 643542 643416 0 0 643372 0 643402 0 0 0 0 0 0 
644331 0 644166 0 0 644256 644121 644061 644028 0 0 0 0 0 0 0 0 644199 644079 0 0 644397 0 0 0 643941 643908 0 644373 644661 0 0 0 644307 0 0 0 0 0 643815 643875 644718 0 0 0 0 0 0 0 0 0 643764 643782 643812 643845 643749 643842 0 643897 644118 0 0 643842 643922 644289 644648 644746 0 0 643647 0 0 643817 643952 0 0 644727 0 0 644382 644079 644019 0 0 644242 0 644441 0 0 0 0 0 0 0 0 644457 0 0 0 0 0 0 0 0 0 0 0 644631 0 0 0 0 0 0 0 643545 643413 0 0 643522 0 643552 0 0 0 0 0 0 
644587 644585 644561 644525 644515 644593 644559 644547 644525 644487 644499 644493 644631 644652 644649 644633 644627 644583 644531 644503 644495 644637 644629 644565 644571 644523 644501 644435 644559 644693 644651 644654 644657 644615 644631 644634 644626 644621 644610 644495 644479 644690 644611 644608 644616 644613 644573 644580 644577 644583 644586 644488 644473 644465 644487 644451 644457 644435 644355 644584 644413 644429 644333 644353 644475 644627 644676 644677 644569 644442 644375 644377 644359 644353 644425 644487 644665 644662 644659 644616 644563 644559 644388 644375 644431 644449 644489 644511 644505 644527 644648 644646 644659 644656 644645 644633 644603 644583 644552 644538 644535 644358 644356 644337 644245 644229 644223 644625 644638 644627 644630 644633 644595 644522 644519 644406 644350 644344 644328 644265 644209 644217 644245 644471 644465 644485 644519 644513 
643041 0 643063 643015 643005 643107 643049 643025 643003 0 0 0 0 0 0 0 0 643085 643021 642993 0 643189 0 0 0 642977 642955 642925 642941 643005 0 0 643149 643233 0 0 0 0 0 642925 642933 642999 0 0 0 0 0 0 0 0 0 642907 642903 642907 642929 642881 642911 642889 642845 643139 642843 642859 642823 642807 642821 642879 643011 0 643278 642861 0 0 642849 642771 0 0 643033 0 0 643194 643220 643141 642807 0 642743 0 642741 0 0 0 643019 0 0 0 0 643170 0 0 0 0 0 642777 642775 0 642735 0 0 642921 0 0 0 643146 643194 0 0 642825 642769 642763 642747 642731 0 642707 0 0 0 0 0 0 
0 0 0 0 0 0 0 0 0 0 0 0 0 0 0 0 0 0 0 0 0 0 0 0 0 0 0 0 644627 0 0 0 0 0 0 0 0 0 0 0 0 0 0 0 0 0 0 0 0 0 0 0 0 0 0 0 0 0 0 0 0 0 644699 0 0 0 0 0 0 644939 0 0 644771 0 0 0 0 0 0 0 0 0 0 0 0 0 0 0 0 0 0 0 0 0 0 0 0 0 0 0 0 0 0 0 0 0 0 0 0 0 0 0 0 0 0 644939 0 0 0 0 0 644611 0 0 0 0 0 0 
644829 644843 644891 644903 644913 644847 644905 644929 644951 644941 644929 644935 644761 644759 644765 644797 644809 644869 644933 644961 644908 644681 644713 644899 644893 644977 644999 644971 644833 644673 644661 644667 644673 644685 644669 644675 644707 644745 644843 644977 645021 644631 644773 644767 644831 644837 644915 644903 644909 644897 644891 644947 644999 645031 645009 645021 645043 645065 644915 644815 645059 645043 644893 644877 644875 644559 644571 644573 644641 644897 645112 645091 645027 644841 644841 644797 644549 644543 644537 644543 644725 644813 645047 645114 644813 644819 644697 644567 644573 644515 644515 644511 644537 644531 644509 644529 644517 644525 644517 644865 644859 644837 644887 645123 644805 644789 644783 644469 644495 644473 644479 644485 644501 644833 644827 644837 644797 644995 645011 645005 644733 644777 644733 644571 644577 644521 644451 644457 
644777 644791 644839 644851 644861 644795 644853 644877 644899 644889 644877 644883 644709 644707 644713 644745 644757 644817 644881 644909 644857 644629 644661 644847 644841 644912 644934 644941 644781 644621 644609 644615 644621 644633 644617 644623 644655 644693 644791 644912 644956 644579 644721 644715 644779 644785 644862 644850 644856 644844 644838 644882 644934 644966 644944 644956 644978 645000 644941 644763 644994 644978 644924 644908 644853 644507 644519 644521 644589 644832 645060 645058 645033 644872 644856 644755 644497 644491 644485 644491 644673 644760 644982 645056 644830 644821 644645 644515 644521 644463 644463 644459 644485 644479 644457 644477 644465 644473 644465 644800 644794 644772 644822 645094 644836 644820 644814 644417 644443 644421 644427 644433 644449 644768 644762 644772 644732 644930 644946 645035 644764 644808 644764 644519 644525 644469 644399 644405 
0 0 0 0 0 0 0 0 0 0 0 0 0 0 0 0 0 0 0 0 0 0 0 0 0 0 0 0 627026 0 0 0 0 0 0 0 0 0 0 0 0 0 0 0 0 0 0 0 0 0 0 0 0 0 0 0 0 0 0 0 0 0 627148 0 0 0 0 0 0 0 0 0 627235 0 0 0 0 0 0 0 0 0 0 0 0 0 0 0 0 0 0 0 0 0 0 0 0 0 0 0 0 0 0 0 0 0 0 0 0 0 0 0 0 0 0 626832 0 0 0 0 0 0 0 0 0 0 0 0 
644105 0 643976 0 0 643962 643915 643879 643934 0 0 0 0 0 0 0 0 643921 643985 0 0 643735 0 0 0 643807 643862 0 644245 643916 0 0 0 643653 0 0 0 0 0 643732 643917 643835 0 0 0 0 0 0 0 0 0 643669 643787 643885 643830 643842 643972 0 644545 643594 0 0 644548 644582 644470 643715 643709 0 0 643544 0 0 644395 644590 0 0 643654 0 0 643520 643465 643493 0 0 644529 0 644060 0 0 0 0 0 0 0 0 643532 0 0 0 0 0 0 0 0 0 0 0 643495 0 0 0 0 0 0 0 643394 643294 0 0 644364 0 644405 0 0 0 0 0 0 
644534 644517 644493 644547 644552 644495 644476 644464 644475 644566 644560 644563 644548 644475 644478 644470 644476 644482 644490 644504 644598 644443 644439 644473 644470 644440 644451 644592 644584 644526 644459 644465 644471 644411 644431 644437 644433 644435 644445 644406 644462 644505 644427 644421 644439 644442 644433 644427 644430 644424 644421 644379 644417 644451 644440 644428 644473 644484 644625 644397 644447 644439 644613 644633 644642 644469 644475 644465 644331 644330 644514 644531 644576 644633 644667 644593 644453 644447 644417 644377 644343 644359 644429 644496 644657 644630 644538 644473 644476 644447 644431 644415 644441 644435 644401 644397 644351 644323 644279 644338 644335 644264 644301 644515 644525 644509 644503 644421 644435 644353 644359 644365 644335 644311 644305 644276 644232 644379 644387 644545 644489 644497 644525 644475 644478 644450 644415 644418 
644498 644481 644457 644511 644516 644459 644440 644428 644439 644530 644524 644527 644512 644439 644442 644434 644440 644446 644454 644468 644562 644424 644416 644437 644434 644404 644415 644550 644548 644516 644438 644441 644444 644402 644418 644421 644413 644408 644409 644381 644426 644519 644398 644395 644403 644406 644397 644391 644394 644388 644385 644354 644392 644415 644404 644403 644437 644448 644510 644371 644422 644414 644493 644513 644594 644507 644513 644490 644339 644305 644478 644491 644494 644513 644569 644631 644502 644499 644448 644385 644350 644346 644404 644460 644579 644606 644576 644511 644514 644485 644485 644483 644496 644493 644458 644407 644359 644331 644287 644313 644310 644239 644276 644459 644405 644389 644383 644462 644475 644387 644393 644399 644343 644297 644294 644251 644207 644354 644362 644425 644369 644377 644405 644513 644516 644488 644453 644456 
644275 0 644110 0 0 644200 644065 644005 643972 0 0 0 0 0 0 0 0 644143 644023 0 0 644401 0 0 0 643885 643852 0 644317 644605 0 0 0 644325 0 0 0 0 0 643759 643819 644672 0 0 0 0 0 0 0 0 0 643708 643726 643756 643789 643693 643786 0 643809 644108 0 0 643754 643834 644229 644590 644712 0 0 643591 0 0 643729 643864 0 0 644715 0 0 644400 644097 644035 0 0 644154 0 644383 0 0 0 0 0 0 0 0 644475 0 0 0 0 0 0 0 0 0 0 0 644605 0 0 0 0 0 0 0 643489 643357 0 0 643434 0 643464 0 0 0 0 0 0 
644891 644877 644829 644817 644807 644867 644814 644790 644769 644779 644791 644785 644958 644923 644920 644892 644886 644844 644787 644759 644811 644952 644928 644817 644820 644742 644721 644727 644887 645020 644976 644976 644976 644920 644952 644952 644928 644904 644845 644691 644699 645041 644880 644880 644851 644848 644785 644791 644788 644794 644797 644671 644669 644673 644695 644647 644677 644655 644647 644832 644609 644625 644625 644657 644815 644995 645066 645054 644828 644624 644595 644609 644615 644669 644765 644883 645066 645066 645006 644922 644816 644808 644573 644583 644779 644821 644875 644861 644855 644865 645066 645052 645066 645066 645014 644956 644896 644856 644800 644712 644712 644543 644541 644545 644537 644521 644515 644996 645020 644942 644948 644954 644880 644712 644712 644582 644530 644529 644513 644497 644513 644509 644561 644809 644803 644811 644833 644827 
644861 644847 644799 644787 644777 644843 644785 644761 644739 644749 644761 644755 644929 644930 644925 644893 644881 644821 644757 644729 644781 644981 644953 644791 644797 644713 644691 644697 644857 645011 645003 645000 644997 644967 644987 644984 644956 644925 644847 644661 644669 645031 644899 644902 644858 644853 644775 644787 644781 644793 644799 644643 644639 644643 644665 644617 644647 644625 644617 644854 644579 644595 644595 644627 644785 644911 645032 645067 644937 644597 644565 644579 644585 644639 644735 644807 645043 645046 645095 645031 644911 644843 644543 644553 644749 644781 644773 644759 644753 644763 645024 645062 645049 645052 645099 645065 645005 644965 644909 644719 644722 644513 644511 644515 644507 644491 644485 644939 644962 645051 645057 645063 644989 644735 644738 644561 644505 644499 644483 644467 644483 644479 644531 644707 644701 644709 644731 644725 
644333 0 644168 0 0 644258 644123 644063 644030 0 0 0 0 0 0 0 0 644201 644081 0 0 644555 0 0 0 643943 643910 0 644365 644493 0 0 0 644525 0 0 0 0 0 643817 643877 644484 0 0 0 0 0 0 0 0 0 643766 643784 643814 643847 643751 643844 0 643943 644234 0 0 643900 643980 644217 644304 644502 0 0 643649 0 0 643823 644010 0 0 644535 0 0 644780 644393 644213 0 0 644100 0 644097 0 0 0 0 0 0 0 0 644771 0 0 0 0 0 0 0 0 0 0 0 644347 0 0 0 0 0 0 0 643547 643415 0 0 643580 0 643610 0 0 0 0 0 0 
644267 0 644436 0 0 644438 644468 644449 644394 0 0 0 0 0 0 0 0 644491 644398 0 0 644636 0 0 0 644365 644310 0 644024 644184 0 0 0 644703 0 0 0 0 0 644259 644255 644169 0 0 0 0 0 0 0 0 0 644220 644204 644202 644257 644149 644200 0 643765 644734 0 0 643710 643682 643724 643869 644199 0 0 644105 0 0 643968 643599 0 0 644254 0 0 644539 644822 644747 0 0 643529 0 643524 0 0 0 0 0 0 0 0 644489 0 0 0 0 0 0 0 0 0 0 0 643974 0 0 0 0 0 0 0 644015 643875 0 0 643738 0 643420 0 0 0 0 0 0 
643986 0 644161 0 0 644163 644234 644270 644215 0 0 0 0 0 0 0 0 644216 644164 0 0 644312 0 0 0 644288 644233 0 643736 643896 0 0 0 644366 0 0 0 0 0 644254 644178 643881 0 0 0 0 0 0 0 0 0 644257 644199 644161 644216 644144 644123 0 643490 644538 0 0 643435 643401 643436 643581 643905 0 0 644238 0 0 643734 643311 0 0 643947 0 0 644102 644485 644570 0 0 643241 0 643236 0 0 0 0 0 0 0 0 644062 0 0 0 0 0 0 0 0 0 0 0 643677 0 0 0 0 0 0 0 644202 644063 0 0 643619 0 643145 0 0 0 0 0 0 
640238 0 640300 0 640314 640256 640314 640338 640360 0 0 0 0 0 0 0 0 640278 640342 640370 0 640090 0 0 0 640386 640408 640291 640238 640082 0 0 640082 640094 0 0 0 0 0 640438 640430 640040 0 0 0 0 0 0 0 0 0 640456 640460 640456 640434 640482 640451 640462 640211 640224 640509 640501 640189 640173 640187 639968 639980 0 0 640477 0 0 640323 640137 0 0 639958 0 0 639952 640134 640222 640539 0 640109 0 640086 0 0 0 639924 0 0 0 0 639938 0 0 0 0 0 640453 0 0 640101 0 0 639878 0 0 0 0 639910 0 0 640441 640425 640560 640566 640301 0 640073 0 0 0 0 0 0 
644793 644807 644855 644867 644877 644811 644869 644893 644915 644905 644893 644899 644725 644723 644729 644761 644773 644833 644897 644925 644867 644645 644677 644863 644857 644941 644963 644933 644797 644637 644625 644631 644637 644649 644633 644639 644671 644709 644807 644959 644985 644595 644737 644731 644795 644801 644879 644867 644873 644861 644855 644941 644981 645005 644983 645003 645007 645029 644892 644779 645041 645025 644870 644854 644841 644523 644535 644537 644605 644892 645071 645052 645004 644818 644818 644756 644513 644507 644501 644507 644689 644777 645041 645083 644790 644796 644661 644531 644537 644479 644479 644475 644501 644495 644473 644493 644481 644489 644481 644859 644853 644832 644882 645102 644782 644766 644760 644433 644459 644437 644443 644449 644465 644827 644821 644832 644792 644990 645006 644982 644710 644754 644710 644535 644541 644485 644415 644421 
644238 0 644033 0 0 644043 643948 643888 643943 0 0 0 0 0 0 0 0 643978 644018 0 0 643868 0 0 0 643768 643823 0 644488 644274 0 0 0 643758 0 0 0 0 0 643658 643878 644226 0 0 0 0 0 0 0 0 0 643583 643713 643823 643768 643768 643933 0 644590 643603 0 0 644568 644636 644765 644118 644112 0 0 643458 0 0 644411 644684 0 0 644057 0 0 643763 643498 643478 0 0 644848 0 644463 0 0 0 0 0 0 0 0 643834 0 0 0 0 0 0 0 0 0 0 0 643898 0 0 0 0 0 0 0 643308 643208 0 0 644260 0 644315 0 0 0 0 0 0 
644429 644412 644388 644442 644447 644390 644371 644359 644370 644461 644455 644458 644443 644370 644373 644365 644371 644377 644385 644399 644493 644355 644347 644368 644365 644335 644346 644487 644479 644447 644369 644372 644375 644333 644349 644352 644344 644339 644340 644300 644357 644450 644329 644326 644334 644337 644328 644322 644325 644319 644316 644273 644311 644345 644334 644322 644368 644379 644501 644302 644341 644333 644490 644506 644539 644428 644434 644421 644265 644224 644409 644426 644471 644512 644560 644552 644423 644420 644377 644311 644277 644277 644323 644390 644570 644575 644497 644432 644435 644406 644406 644404 644417 644414 644385 644333 644285 644257 644213 644232 644229 644158 644195 644409 644413 644397 644391 644383 644396 644313 644319 644325 644269 644216 644213 644170 644126 644273 644281 644426 644377 644385 644413 644434 644437 644409 644374 644377 
644304 0 644109 0 0 644138 644034 643974 644006 0 0 0 0 0 0 0 0 644074 644072 0 0 644022 0 0 0 643854 643886 0 644431 644438 0 0 0 643917 0 0 0 0 0 643740 643900 644457 0 0 0 0 0 0 0 0 0 643671 643770 643840 643828 643780 643894 0 643876 643750 0 0 643821 643901 644296 644584 644427 0 0 643548 0 0 643796 643931 0 0 644383 0 0 643922 643657 643637 0 0 644221 0 644641 0 0 0 0 0 0 0 0 644007 0 0 0 0 0 0 0 0 0 0 0 644447 0 0 0 0 0 0 0 643406 643302 0 0 643501 0 643531 0 0 0 0 0 0 
644805 644774 644726 644806 644811 644730 644692 644668 644686 644800 644812 644806 644836 644690 644696 644680 644692 644704 644713 644727 644832 644660 644644 644686 644680 644620 644638 644748 644879 644844 644688 644694 644700 644616 644648 644654 644638 644628 644630 644576 644649 644850 644608 644602 644618 644624 644606 644594 644600 644588 644582 644546 644592 644626 644615 644603 644660 644671 644668 644554 644622 644614 644646 644678 644836 644970 644838 644792 644524 644496 644616 644630 644636 644690 644786 644934 644816 644810 644708 644618 644512 644504 644594 644604 644806 644860 645044 645092 645095 645078 644830 644778 644804 644798 644728 644652 644592 644552 644496 644464 644458 644436 644476 644566 644558 644542 644536 644928 644906 644644 644650 644656 644576 644432 644426 644436 644396 644550 644534 644518 644534 644530 644582 645106 645109 645071 645018 645024 
644805 644771 644723 644819 644824 644727 644689 644665 644687 644822 644828 644825 644833 644687 644693 644677 644689 644701 644717 644740 644861 644657 644641 644683 644677 644617 644639 644777 644892 644841 644685 644691 644697 644613 644645 644651 644635 644625 644627 644573 644661 644847 644605 644599 644615 644621 644603 644591 644597 644585 644579 644543 644595 644639 644617 644616 644673 644684 644697 644551 644635 644627 644675 644707 644865 644967 644835 644789 644521 644493 644645 644659 644665 644719 644815 644963 644813 644807 644705 644615 644509 644501 644611 644633 644835 644889 645064 645082 645085 645054 644827 644775 644801 644795 644725 644649 644589 644549 644493 644461 644455 644433 644483 644595 644587 644571 644565 644925 644903 644641 644647 644653 644573 644429 644423 644433 644393 644565 644557 644547 644563 644559 644611 645096 645099 645061 644992 644998 
644768 644748 644700 644719 644714 644718 644676 644652 644647 644700 644706 644703 644820 644678 644684 644668 644680 644692 644668 644654 644740 644648 644632 644674 644668 644604 644599 644674 644790 644832 644676 644682 644688 644604 644636 644642 644626 644616 644618 644556 644588 644838 644596 644590 644606 644612 644594 644582 644588 644576 644570 644532 644549 644563 644574 644538 644577 644566 644604 644542 644519 644527 644582 644614 644766 644958 644826 644780 644512 644484 644536 644555 644572 644626 644722 644851 644804 644798 644696 644606 644500 644492 644489 644518 644742 644796 644942 645019 645016 645033 644818 644766 644792 644786 644716 644640 644580 644540 644484 644452 644446 644412 644425 644499 644494 644478 644472 644916 644894 644632 644638 644644 644564 644420 644414 644424 644384 644443 644435 644454 644470 644466 644518 645005 645002 645018 645020 645020 
644568 0 644547 0 0 644589 644550 644538 644505 0 0 0 0 0 0 0 0 644580 644508 0 0 644744 0 0 0 644468 644435 0 644514 644706 0 0 644748 644732 0 0 0 0 0 644390 644402 644745 0 0 0 0 0 0 0 0 0 644363 644357 644363 644396 644324 644369 0 644226 644677 0 0 644193 644217 644382 644707 644799 0 0 644294 0 0 644250 644211 0 0 644810 0 0 644733 644680 644654 0 0 644313 0 644500 0 0 0 644825 0 0 0 0 644750 0 0 0 0 0 644168 0 0 0 0 0 644776 0 0 0 0 0 0 0 644240 644156 0 0 644099 0 644019 0 0 0 0 0 0 
644840 644826 644778 644766 644756 644822 644764 644740 644718 644728 644740 644734 644889 644910 644904 644872 644860 644800 644736 644708 644753 644984 644956 644770 644776 644692 644670 644676 644817 644953 644999 644995 644989 644964 644990 644987 644959 644924 644826 644640 644648 644982 644896 644902 644838 644832 644754 644766 644760 644772 644778 644622 644618 644622 644644 644596 644626 644604 644596 644854 644558 644574 644574 644606 644733 644912 645018 645040 644903 644576 644544 644558 644564 644611 644683 644782 645040 645045 645027 644978 644876 644846 644522 644532 644691 644732 644774 644760 644754 644764 645047 645049 645048 645051 645036 644999 644952 644924 644875 644704 644710 644492 644490 644494 644486 644470 644464 644954 644976 644980 644986 644992 644936 644736 644741 644540 644484 644478 644462 644446 644462 644458 644503 644708 644702 644710 644732 644726 
644815 644801 644753 644741 644731 644797 644739 644715 644693 644703 644715 644709 644883 644883 644879 644847 644835 644775 644711 644683 644735 644934 644906 644745 644751 644667 644645 644651 644811 644971 644956 644953 644950 644918 644940 644937 644909 644878 644801 644615 644623 645012 644852 644855 644811 644807 644729 644741 644735 644747 644753 644597 644593 644597 644619 644571 644601 644579 644571 644807 644533 644549 644549 644581 644739 644955 645048 645047 644860 644551 644519 644533 644539 644593 644689 644824 645059 645062 645024 644955 644830 644796 644497 644507 644709 644762 644817 644803 644797 644807 645067 645070 645065 645068 645045 644984 644929 644889 644833 644672 644675 644467 644465 644469 644461 644445 644439 644982 645005 644981 644987 644993 644913 644688 644691 644515 644459 644453 644437 644421 644437 644433 644485 644751 644745 644753 644775 644769 
644818 644804 644756 644744 644734 644800 644742 644718 644696 644706 644718 644712 644886 644876 644873 644845 644838 644778 644714 644686 644738 644927 644899 644748 644754 644670 644648 644654 644814 644974 644949 644946 644943 644913 644933 644930 644902 644871 644798 644618 644626 645012 644845 644848 644804 644801 644732 644744 644738 644747 644750 644600 644596 644600 644622 644574 644604 644582 644574 644800 644536 644552 644552 644584 644742 644982 645048 645041 644840 644554 644522 644536 644542 644596 644692 644834 645059 645062 645019 644934 644825 644789 644500 644510 644712 644766 644844 644830 644824 644834 645076 645072 645065 645068 645041 644968 644908 644868 644812 644665 644668 644470 644468 644472 644464 644448 644442 644999 645022 644960 644966 644972 644892 644681 644684 644518 644462 644456 644440 644424 644440 644436 644488 644778 644772 644780 644802 644796 
644481 644474 644450 644444 644438 644472 644443 644431 644420 644410 644422 644416 644515 644516 644513 644497 644491 644461 644429 644415 644418 644555 644539 644446 644449 644407 644396 644358 644479 644559 644565 644562 644559 644553 644561 644558 644542 644523 644474 644381 644385 644580 644509 644512 644480 644477 644438 644444 644441 644447 644450 644372 644370 644372 644383 644359 644374 644358 644278 644488 644336 644348 644256 644276 644398 644485 644586 644609 644533 644349 644298 644300 644282 644276 644348 644436 644597 644600 644625 644580 644527 644489 644312 644298 644356 644398 644403 644373 644370 644363 644579 644616 644603 644606 644635 644597 644567 644547 644519 644413 644416 644307 644306 644260 644168 644152 644146 644494 644517 644593 644596 644599 644559 644429 644432 644331 644291 644292 644276 644188 644132 644140 644168 644335 644331 644324 644323 644320 
644359 0 644194 0 0 644284 644149 644089 644056 0 0 0 0 0 0 0 0 644227 644107 0 0 644581 0 0 0 643969 643936 0 644353 644481 0 0 0 644551 0 0 0 0 0 643843 643903 644472 0 0 0 0 0 0 0 0 0 643792 643810 643840 643873 643777 643870 0 643969 644260 0 0 643936 644008 644197 644272 644490 0 0 643675 0 0 643849 644036 0 0 644523 0 0 644760 644419 644239 0 0 644088 0 644065 0 0 0 0 0 0 0 0 644743 0 0 0 0 0 0 0 0 0 0 0 644311 0 0 0 0 0 0 0 643573 643441 0 0 643616 0 643646 0 0 0 0 0 0 
644815 644801 644753 644741 644731 644797 644739 644715 644693 644703 644715 644709 644883 644881 644878 644847 644835 644775 644711 644683 644735 644932 644904 644745 644751 644667 644645 644651 644811 644901 644954 644951 644948 644918 644938 644935 644907 644876 644801 644615 644623 644901 644850 644853 644809 644806 644729 644741 644735 644747 644753 644597 644593 644597 644619 644571 644601 644579 644571 644805 644533 644549 644549 644581 644705 644781 644899 644934 644928 644551 644519 644533 644539 644593 644655 644677 644910 644913 644982 645025 644862 644794 644497 644507 644639 644651 644643 644629 644623 644633 644891 644929 644916 644919 644966 645010 645026 644994 644954 644670 644673 644467 644465 644469 644461 644445 644439 644806 644829 645006 645009 645008 645018 644686 644689 644515 644459 644453 644437 644421 644437 644433 644485 644577 644571 644579 644601 644595 
644839 644825 644777 644765 644755 644821 644763 644739 644717 644727 644739 644733 644886 644909 644903 644871 644859 644799 644735 644707 644758 644987 644955 644769 644775 644691 644669 644675 644814 644902 645006 645000 644994 644983 644999 644993 644961 644923 644825 644639 644647 644908 644895 644901 644837 644831 644753 644765 644759 644771 644777 644621 644617 644621 644643 644595 644625 644603 644595 644853 644557 644573 644573 644605 644706 644794 644926 644966 645027 644575 644543 644557 644563 644616 644656 644690 644948 644954 645038 645104 644943 644855 644521 644531 644640 644658 644656 644642 644636 644646 644934 644986 644960 644966 645030 645082 645105 645085 645030 644703 644709 644491 644489 644493 644485 644469 644463 644836 644858 645085 645087 645085 645089 644735 644741 644539 644483 644477 644461 644445 644461 644457 644508 644590 644584 644592 644614 644608 
644868 644866 644818 644806 644796 644862 644804 644780 644758 644768 644780 644774 644905 644950 644944 644912 644900 644840 644776 644748 644776 645016 644996 644810 644816 644732 644710 644716 644833 644899 645024 645018 645012 645024 645028 645022 645002 644964 644866 644680 644688 644893 644936 644942 644878 644872 644794 644806 644800 644812 644818 644662 644658 644662 644684 644636 644666 644644 644636 644894 644598 644614 644614 644634 644715 644773 644905 644951 645063 644616 644584 644598 644604 644634 644665 644669 644927 644933 645035 645117 644984 644896 644562 644572 644637 644643 644635 644621 644615 644625 644913 644965 644939 644945 645015 645090 645122 645101 645057 644744 644750 644532 644530 644534 644526 644510 644504 644815 644837 645080 645079 645076 645106 644776 644782 644580 644524 644518 644502 644486 644490 644498 644526 644569 644563 644571 644593 644587 
644808 644842 644890 644782 644772 644886 644924 644948 644926 644744 644756 644750 644780 644903 644902 644922 644916 644912 644896 644868 644680 644863 644895 644930 644936 644984 644962 644692 644708 644768 644843 644849 644855 644867 644851 644857 644889 644927 644971 645004 644940 644753 644951 644949 644975 644974 645007 645013 645010 645016 645019 645018 644982 644950 644972 644960 644918 644896 644612 644997 644922 644938 644590 644574 644588 644645 644735 644755 644823 644995 644836 644814 644724 644538 644538 644542 644731 644725 644719 644725 644907 644995 644918 644860 644510 644516 644508 644494 644488 644498 644697 644693 644719 644713 644691 644711 644699 644707 644699 645067 645067 644911 644909 644822 644502 644486 644480 644639 644663 644655 644661 644667 644683 645063 645057 644959 644903 644897 644881 644702 644430 644474 644430 644442 644436 644444 644466 644460 
644800 644834 644882 644774 644764 644878 644916 644940 644918 644736 644748 644742 644772 644898 644895 644915 644909 644904 644888 644860 644672 644858 644890 644922 644928 644988 644966 644684 644700 644761 644838 644844 644850 644862 644846 644852 644884 644922 644964 645032 644944 644746 644948 644944 644970 644967 645000 645006 645003 645009 645012 645056 645010 644966 644988 644988 644922 644900 644604 644992 644950 644966 644582 644566 644580 644638 644732 644750 644818 645039 644840 644806 644716 644530 644530 644534 644726 644720 644714 644720 644902 644990 644956 644876 644502 644508 644500 644486 644480 644490 644692 644688 644714 644708 644686 644706 644694 644702 644694 645110 645110 644955 644953 644838 644494 644478 644472 644636 644660 644650 644656 644662 644678 645104 645098 645003 644947 644941 644925 644694 644422 644466 644422 644434 644428 644436 644458 644452 
643537 0 643609 643523 643513 643585 643611 643611 643611 0 0 0 0 0 0 0 0 643609 643611 643587 0 643537 0 0 0 643611 643611 643433 643449 643441 0 0 643513 643561 0 0 0 0 0 643611 643599 643417 0 0 0 0 0 0 0 0 0 643611 643611 643597 643611 643595 643577 643555 643353 643611 643557 643573 643331 643315 643329 643321 643393 0 643585 643611 0 0 643443 643279 0 0 643393 0 0 643489 643611 643611 643545 0 643251 0 643249 0 0 0 643369 0 0 0 0 643465 0 0 0 0 0 643611 643609 0 643243 0 0 643297 0 0 0 643441 643489 0 0 643611 643611 643549 643533 643373 0 643215 0 0 0 0 0 0 
643525 0 643561 643537 643537 643549 643573 643585 643585 0 0 0 0 0 0 0 0 643561 643573 643573 0 643525 0 0 0 643609 643609 643497 643500 643452 0 0 643513 643537 0 0 0 0 0 643633 643609 643428 0 0 0 0 0 0 0 0 0 643634 643633 643621 643621 643633 643609 643605 643457 643585 643630 643633 643443 643438 643432 643332 643404 0 643549 643634 0 0 643513 643415 0 0 643404 0 0 643500 643573 643597 643625 0 643381 0 643320 0 0 0 643380 0 0 0 0 643476 0 0 0 0 0 643634 643634 0 643355 0 0 643308 0 0 0 643452 643500 0 0 643634 643634 643627 643619 643495 0 643327 0 0 0 0 0 0 
644777 644791 644839 644851 644861 644795 644853 644877 644899 644889 644877 644883 644709 644707 644713 644745 644757 644817 644881 644909 644852 644629 644661 644847 644841 644925 644947 644918 644781 644621 644609 644615 644621 644633 644617 644623 644655 644693 644791 644930 644969 644579 644721 644715 644779 644785 644863 644851 644857 644845 644839 644912 644952 644984 644962 644974 644991 645013 644900 644763 645012 644996 644878 644862 644826 644507 644519 644521 644589 644864 645056 645037 645000 644826 644823 644741 644497 644491 644485 644491 644673 644761 645012 645063 644797 644788 644645 644515 644521 644463 644463 644459 644485 644479 644457 644477 644465 644473 644465 644830 644824 644804 644854 645082 644790 644774 644768 644417 644443 644421 644427 644433 644449 644798 644792 644804 644764 644962 644978 644990 644718 644762 644718 644519 644525 644469 644399 644405 
644257 0 644239 0 644379 644199 644195 644171 644215 0 0 0 0 0 0 0 0 644195 644251 644307 0 643961 0 0 0 644123 644167 644539 644313 644041 0 0 643969 643923 0 0 0 0 0 644083 644211 643981 0 0 0 0 0 0 0 0 0 644025 644127 644191 644147 644171 644255 644299 644677 643943 644247 644215 644699 644689 644481 643933 643885 0 0 643925 0 0 644595 644677 0 0 643841 0 0 643733 643835 643867 644225 0 644561 0 644209 0 0 0 643797 0 0 0 0 643729 0 0 0 0 0 643805 0 0 644777 0 0 643777 0 0 0 0 643649 0 0 643805 643725 644121 644153 644635 0 644735 0 0 0 0 0 0 
644795 644761 644713 644821 644831 644717 644679 644655 644677 644859 644847 644853 644772 644677 644683 644667 644679 644691 644707 644735 644907 644647 644631 644673 644667 644607 644629 644911 644844 644687 644659 644665 644671 644603 644635 644641 644625 644615 644617 644563 644651 644645 644595 644589 644605 644611 644593 644581 644587 644575 644569 644533 644585 644629 644607 644607 644673 644695 644957 644541 644645 644629 644968 644988 644919 644573 644585 644587 644511 644483 644755 644789 644865 645002 644946 644821 644563 644557 644551 644554 644499 644491 644633 644719 644924 644885 644711 644581 644587 644529 644529 644525 644551 644545 644523 644543 644528 644523 644483 644451 644445 644423 644473 644756 644996 644988 644985 644483 644509 644487 644493 644499 644512 644419 644413 644423 644383 644581 644597 644852 644996 644982 645016 644585 644591 644535 644465 644471 
644746 644726 644702 644786 644796 644694 644680 644668 644690 644824 644812 644818 644681 644642 644648 644644 644656 644680 644708 644736 644829 644598 644596 644674 644668 644644 644666 644858 644753 644593 644581 644587 644593 644568 644586 644592 644590 644592 644618 644600 644688 644551 644584 644578 644606 644612 644618 644606 644612 644600 644594 644570 644622 644666 644644 644644 644710 644732 644898 644554 644682 644666 644909 644915 644803 644479 644491 644493 644488 644520 644780 644797 644842 644900 644828 644718 644469 644463 644457 644463 644500 644516 644670 644750 644806 644767 644617 644487 644493 644435 644435 644431 644457 644451 644429 644449 644437 644445 644434 644488 644482 644460 644510 644769 644943 644935 644932 644389 644415 644393 644399 644405 644421 644456 644450 644460 644420 644618 644634 644853 644926 644929 644920 644491 644497 644441 644371 644377 
644111 0 643942 0 0 644022 643892 643832 643808 0 0 0 0 0 0 0 0 643964 643857 0 0 644177 0 0 0 643712 643688 0 644120 644412 0 0 0 644078 0 0 0 0 0 643588 643645 644490 0 0 0 0 0 0 0 0 0 643534 643561 643581 643625 643517 643595 0 643520 643895 0 0 643465 643545 643940 644662 644570 0 0 643416 0 0 643440 643575 0 0 644553 0 0 644105 643834 643794 0 0 643865 0 644416 0 0 0 0 0 0 0 0 644190 0 0 0 0 0 0 0 0 0 0 0 644716 0 0 0 0 0 0 0 643308 643180 0 0 643145 0 643175 0 0 0 0 0 0 
644635 644616 644568 644585 644575 644602 644549 644525 644514 644547 644559 644553 644693 644658 644655 644627 644621 644579 644535 644521 644579 644689 644669 644552 644555 644477 644466 644495 644655 644761 644715 644718 644721 644655 644683 644686 644666 644649 644580 644427 644455 644794 644627 644624 644586 644583 644520 644526 644523 644529 644532 644406 644416 644430 644441 644405 644444 644423 644415 644576 644377 644393 644393 644425 644583 644865 644836 644815 644597 644359 644363 644377 644383 644437 644533 644681 644839 644836 644761 644692 644567 644539 644341 644351 644553 644607 644778 644789 644786 644791 644858 644820 644833 644830 644783 644721 644667 644627 644571 644447 644450 644281 644292 644313 644305 644289 644283 644886 644897 644719 644725 644731 644651 644455 644452 644317 644265 644297 644281 644265 644281 644277 644329 644760 644754 644764 644775 644772 
644809 644795 644747 644735 644725 644791 644733 644709 644687 644697 644709 644703 644853 644879 644873 644841 644829 644769 644705 644677 644717 644957 644925 644739 644745 644661 644639 644645 644781 644917 644965 644959 644953 644953 644969 644963 644931 644893 644795 644609 644617 644945 644865 644871 644807 644801 644723 644735 644729 644741 644747 644591 644587 644591 644613 644565 644595 644573 644565 644823 644527 644543 644543 644575 644697 644826 644958 645003 644982 644545 644513 644527 644533 644575 644647 644722 644980 644986 645053 645053 644913 644825 644491 644501 644655 644695 644688 644674 644668 644678 644966 645018 644992 644998 645067 645067 645040 645020 644976 644673 644679 644461 644459 644463 644455 644439 644433 644868 644890 645066 645069 645072 645032 644705 644711 644509 644453 644447 644431 644415 644431 644427 644467 644622 644616 644624 644646 644640 
644793 644779 644731 644719 644709 644775 644717 644693 644671 644681 644693 644687 644861 644863 644857 644825 644813 644753 644689 644661 644713 644941 644909 644723 644729 644645 644623 644629 644789 644949 644961 644955 644949 644937 644953 644947 644915 644877 644779 644593 644601 644975 644849 644855 644791 644785 644707 644719 644713 644725 644731 644575 644571 644575 644597 644549 644579 644557 644549 644807 644511 644527 644527 644559 644717 644885 644999 645033 644952 644529 644497 644511 644517 644571 644667 644763 645021 645027 645085 645047 644897 644809 644475 644485 644687 644725 644747 644733 644727 644737 645019 645059 645033 645039 645097 645076 645033 644993 644937 644657 644663 644445 644443 644447 644439 644423 644417 644927 644949 645084 645087 645090 645017 644689 644695 644493 644437 644431 644415 644399 644415 644411 644463 644681 644675 644683 644705 644699 
644626 0 644603 0 644524 644647 644582 644546 644513 0 0 0 0 0 0 0 0 644636 644540 644498 0 644840 0 0 0 644474 644441 644404 644572 644764 0 0 644836 644838 0 0 0 0 0 644396 644408 644803 0 0 0 0 0 0 0 0 0 644369 644363 644369 644402 644330 644375 644342 644284 644717 644273 644297 644251 644275 644440 644721 644847 0 0 644300 0 0 644282 644269 0 0 644880 0 0 644883 644792 644700 644219 0 644371 0 644514 0 0 0 644877 0 0 0 0 644900 0 0 0 0 0 644174 0 0 644119 0 0 644808 0 0 0 644902 644862 0 0 644246 644162 644153 644129 644105 0 644077 0 0 0 0 0 0 
644480 0 644459 0 644378 644501 644462 644450 644417 0 0 0 0 0 0 0 0 644492 644420 644378 0 644702 0 0 0 644400 644367 644258 644426 644570 0 0 644690 644720 0 0 0 0 0 644322 644334 644585 0 0 0 0 0 0 0 0 0 644295 644289 644295 644328 644256 644301 644268 644138 644621 644199 644223 644105 644129 644270 644501 644627 0 0 644226 0 0 644162 644123 0 0 644660 0 0 644833 644732 644646 644145 0 644177 0 644294 0 0 0 644663 0 0 0 0 644816 0 0 0 0 0 644100 0 0 643973 0 0 644588 0 0 0 0 644824 0 0 644172 644088 644079 644055 644031 0 643931 0 0 0 0 0 0 
644796 644830 644878 644770 644760 644874 644912 644936 644914 644732 644744 644738 644768 644891 644888 644908 644902 644900 644884 644856 644668 644867 644899 644918 644924 644984 644962 644680 644696 644754 644847 644853 644856 644871 644855 644861 644893 644928 644957 645023 644940 644739 644954 644951 644963 644960 644993 644999 644996 645002 645005 645039 645001 644962 644984 644979 644918 644896 644600 644999 644941 644957 644578 644562 644576 644631 644733 644758 644827 645006 644836 644802 644712 644526 644526 644530 644734 644729 644723 644729 644911 644999 644939 644872 644498 644504 644496 644482 644476 644486 644701 644697 644723 644717 644695 644715 644703 644711 644703 645093 645096 644922 644920 644834 644490 644474 644468 644640 644663 644659 644665 644671 644687 645099 645094 644970 644914 644908 644892 644690 644418 644462 644418 644430 644424 644432 644454 644448 
644784 644818 644866 644758 644748 644862 644900 644924 644902 644720 644732 644726 644756 644901 644896 644912 644900 644888 644872 644844 644656 644880 644908 644906 644912 644972 644950 644668 644684 644748 644858 644861 644864 644892 644874 644877 644905 644936 644962 645016 644928 644742 644962 644959 644973 644968 644986 644998 644992 645004 645010 645038 644994 644950 644972 644972 644906 644884 644588 645007 644934 644950 644566 644550 644564 644622 644743 644766 644848 645005 644824 644790 644700 644514 644514 644518 644742 644739 644744 644750 644932 645018 644938 644860 644486 644492 644484 644470 644464 644474 644713 644718 644736 644733 644716 644736 644724 644732 644724 645114 645117 644921 644919 644822 644478 644462 644456 644650 644673 644680 644686 644692 644708 645118 645115 644969 644913 644907 644891 644678 644406 644450 644406 644418 644412 644420 644442 644436 
0 0 0 0 0 0 0 0 0 0 0 0 0 0 0 0 0 0 0 0 0 0 0 0 0 0 0 0 644711 0 0 0 0 0 0 0 0 0 0 0 0 0 0 0 0 0 0 0 0 0 0 0 0 0 0 0 0 0 0 0 0 0 644593 0 0 0 0 0 0 645091 0 0 644727 0 0 0 0 0 0 0 0 0 0 0 0 0 0 0 0 0 0 0 0 0 0 0 0 0 0 0 0 0 0 0 0 0 0 0 0 0 0 0 0 0 0 645125 0 0 0 0 0 644477 0 0 0 0 0 0 
0 0 0 0 0 0 0 0 0 0 0 0 0 0 0 0 0 0 0 0 0 0 0 0 0 0 0 0 643021 0 0 0 0 0 0 0 0 0 0 0 0 0 0 0 0 0 0 0 0 0 0 0 0 0 0 0 0 0 0 0 0 0 642903 0 0 0 0 0 0 643421 0 0 643037 0 0 0 0 0 0 0 0 0 0 0 0 0 0 0 0 0 0 0 0 0 0 0 0 0 0 0 0 0 0 0 0 0 0 0 0 0 0 0 0 0 0 643469 643505 0 0 0 0 642787 0 0 0 0 0 0 
640247 0 640309 0 640321 640265 640323 640347 640369 0 0 0 0 0 0 0 0 640287 640351 640379 0 640099 0 0 0 640395 640417 640266 640249 640091 0 0 640091 640103 0 0 0 0 0 640447 640439 640049 0 0 0 0 0 0 0 0 0 640465 640469 640465 640443 640491 640461 640465 640186 640233 640513 640513 640164 640148 640162 639977 639989 0 0 640479 0 0 640298 640112 0 0 639967 0 0 639961 640143 640231 640537 0 640084 0 640078 0 0 0 639933 0 0 0 0 639947 0 0 0 0 0 640455 0 0 640076 0 0 639887 0 0 0 0 639919 0 0 640443 640427 640553 640547 640276 0 640048 0 0 0 0 0 0 
640249 0 640311 0 640333 640267 640325 640349 640371 0 0 0 0 0 0 0 0 640289 640353 640381 0 640101 0 0 0 640386 640408 640280 640253 640093 0 0 640093 640105 0 0 0 0 0 640414 640430 640051 0 0 0 0 0 0 0 0 0 640420 640436 640444 640422 640458 640452 640471 640200 640235 640494 640480 640178 640162 640176 639979 639991 0 0 640442 0 0 640312 640126 0 0 639969 0 0 639963 640145 640233 640504 0 640098 0 640092 0 0 0 639935 0 0 0 0 639949 0 0 0 0 0 640420 0 0 640090 0 0 639889 0 0 0 0 639921 0 0 640408 640392 640530 640522 640290 0 640062 0 0 0 0 0 0 
644138 0 644185 0 0 644111 644184 644203 644258 0 0 0 0 0 0 0 0 644130 644254 0 0 643768 0 0 0 644197 644252 0 644156 643756 0 0 0 643742 0 0 0 0 0 644159 644307 643651 0 0 0 0 0 0 0 0 0 644092 644214 644294 644239 644269 644362 0 644580 643918 0 0 644569 644549 644312 643471 643501 0 0 643967 0 0 644618 644490 0 0 643446 0 0 643431 643734 643859 0 0 644312 0 643816 0 0 0 0 0 0 0 0 643396 0 0 0 0 0 0 0 0 0 0 0 643246 0 0 0 0 0 0 0 643817 643717 0 0 644659 0 644384 0 0 0 0 0 0 
644800 644774 644726 644834 644844 644730 644692 644668 644690 644872 644860 644866 644747 644690 644696 644680 644692 644704 644720 644748 644892 644652 644644 644686 644680 644620 644642 644911 644819 644659 644644 644650 644656 644616 644640 644646 644638 644628 644630 644576 644664 644617 644608 644602 644618 644624 644606 644594 644600 644588 644582 644546 644598 644642 644620 644620 644686 644708 644951 644554 644658 644642 644962 644974 644874 644545 644557 644559 644524 644496 644761 644790 644859 644968 644899 644789 644535 644529 644523 644529 644512 644504 644646 644731 644877 644838 644683 644553 644559 644501 644501 644497 644523 644517 644495 644515 644503 644508 644488 644464 644458 644436 644486 644750 644994 644986 644983 644455 644481 644459 644465 644471 644487 644432 644426 644436 644396 644594 644610 644846 644986 644980 644986 644557 644563 644507 644437 644443 
0 0 0 0 0 0 0 0 0 0 0 0 0 0 0 0 0 0 0 0 0 0 0 0 0 0 0 0 643714 0 0 0 0 0 0 0 0 0 0 0 0 0 0 0 0 0 0 0 0 0 0 0 0 0 0 0 0 0 0 0 0 0 643728 0 0 0 0 0 0 643474 0 0 643666 0 0 0 0 0 0 0 0 0 0 0 0 0 0 0 0 0 0 0 0 0 0 0 0 0 0 0 0 0 0 0 0 0 0 0 0 0 0 0 0 0 0 643426 0 0 0 0 0 643728 0 0 0 0 0 0 
644768 644738 644690 644798 644808 644694 644656 644632 644654 644836 644824 644830 644747 644654 644660 644644 644656 644668 644684 644712 644872 644620 644608 644650 644644 644584 644606 644888 644819 644683 644624 644630 644636 644580 644608 644614 644602 644592 644594 644540 644628 644653 644572 644566 644582 644588 644570 644558 644564 644552 644546 644510 644562 644606 644584 644584 644650 644672 644942 644518 644622 644606 644953 644969 644903 644581 644593 644595 644488 644460 644732 644766 644850 644975 644938 644829 644571 644565 644547 644529 644476 644468 644610 644696 644928 644901 644719 644589 644595 644537 644537 644533 644559 644553 644531 644527 644503 644488 644456 644428 644422 644400 644450 644734 644979 644971 644968 644491 644517 644483 644489 644495 644487 644396 644390 644400 644360 644558 644574 644837 644975 644965 644987 644593 644599 644543 644473 644479 
644765 644731 644683 644791 644798 644687 644649 644625 644647 644788 644794 644791 644793 644647 644653 644637 644649 644661 644677 644705 644828 644617 644601 644643 644637 644577 644599 644744 644865 644801 644645 644651 644657 644573 644605 644611 644595 644585 644587 644533 644621 644807 644565 644559 644575 644581 644563 644551 644557 644545 644539 644503 644555 644599 644577 644577 644643 644654 644664 644511 644607 644599 644642 644674 644832 644927 644795 644749 644481 644453 644612 644626 644632 644686 644782 644930 644773 644767 644665 644575 644469 644461 644577 644600 644802 644856 645030 645079 645085 645075 644787 644735 644761 644755 644685 644609 644549 644509 644453 644421 644415 644393 644443 644562 644554 644538 644532 644885 644863 644601 644607 644613 644533 644389 644383 644393 644353 644531 644523 644514 644530 644526 644578 645131 645134 645095 645031 645037 
644770 644736 644688 644779 644784 644692 644654 644630 644652 644776 644782 644779 644798 644652 644658 644642 644654 644666 644682 644700 644816 644622 644606 644648 644642 644582 644604 644741 644852 644806 644650 644656 644662 644578 644610 644616 644600 644590 644592 644538 644622 644812 644570 644564 644580 644586 644568 644556 644562 644550 644544 644508 644560 644599 644582 644576 644633 644642 644661 644516 644595 644587 644639 644671 644829 644932 644800 644754 644486 644458 644609 644623 644629 644683 644779 644927 644778 644772 644670 644580 644474 644466 644565 644594 644799 644853 645018 645079 645082 645062 644792 644740 644766 644760 644690 644614 644554 644514 644458 644426 644420 644398 644448 644559 644551 644535 644529 644890 644868 644606 644612 644618 644538 644394 644388 644398 644358 644519 644511 644511 644527 644523 644575 645099 645102 645069 645005 645011 
644616 644587 644539 644599 644594 644553 644510 644486 644497 644575 644586 644581 644654 644545 644548 644528 644534 644528 644524 644534 644607 644542 644522 644507 644504 644438 644449 644523 644670 644682 644568 644571 644574 644508 644536 644539 644519 644502 644479 644392 644460 644697 644480 644477 644473 644476 644443 644437 644440 644434 644431 644365 644403 644437 644426 644414 644457 644446 644443 644429 644399 644407 644421 644453 644611 644781 644703 644668 644449 644316 644391 644405 644411 644465 644561 644709 644692 644689 644614 644543 644420 644392 644369 644379 644581 644635 644795 644857 644860 644855 644711 644673 644686 644683 644636 644574 644517 644477 644421 644324 644321 644250 644287 644341 644333 644317 644311 644760 644749 644569 644575 644581 644501 644308 644305 644262 644218 644323 644309 644293 644309 644305 644357 644861 644858 644870 644835 644838 
644694 644675 644627 644637 644627 644649 644606 644582 644573 644599 644611 644605 644750 644641 644644 644624 644630 644624 644594 644579 644631 644618 644602 644603 644600 644534 644525 644547 644707 644778 644646 644652 644658 644574 644606 644612 644596 644586 644575 644486 644514 644793 644566 644560 644569 644572 644539 644533 644536 644530 644527 644461 644475 644489 644500 644464 644497 644475 644467 644512 644429 644445 644445 644477 644635 644901 644796 644750 644482 644412 644415 644429 644435 644489 644585 644733 644774 644768 644666 644576 644470 644462 644393 644403 644605 644659 644843 644969 644966 645007 644788 644736 644762 644756 644686 644610 644550 644510 644454 644420 644416 644340 644351 644365 644357 644341 644335 644886 644864 644602 644608 644614 644534 644390 644384 644358 644314 644349 644333 644317 644333 644329 644381 644969 644963 645012 645035 645032 
644767 644743 644695 644734 644729 644715 644671 644647 644647 644715 644721 644718 644815 644675 644681 644665 644677 644689 644671 644669 644755 644645 644629 644671 644665 644599 644599 644671 644805 644829 644673 644679 644685 644601 644633 644639 644623 644613 644615 644551 644599 644835 644593 644587 644603 644609 644591 644579 644585 644573 644567 644527 644551 644575 644575 644551 644592 644581 644591 644539 644534 644542 644569 644601 644759 644955 644823 644777 644509 644479 644539 644553 644559 644613 644709 644857 644801 644795 644693 644603 644497 644489 644504 644527 644729 644783 644957 645055 645055 645079 644815 644763 644789 644783 644713 644637 644577 644537 644481 644449 644443 644407 644431 644489 644481 644465 644459 644913 644891 644629 644635 644641 644561 644417 644411 644421 644381 644458 644450 644441 644457 644453 644505 645068 645065 645101 645095 645095 
