642470 642482 642458 642463 642456 642469 642455 642452 642441 642465 642448 642442 642439 642430 642432 642422 642428 642434 642426 642409 642416 642440 642427 642414 642424 642423 642413 642410 642396 642363 642381 642409 642390 642388 642343 642353 642355 642400 642401 642385 642375 642396 642382 642379 642377 642364 642270 642327 642333 642370 642374 642363 642363 642351 642321 642310 642265 642285 642344 642353 642348 642357 642351 642331 642339 642329 642255 642243 642259 642225 642354 642354 642342 642325 642342 642346 642352 642314 642323 642335 642327 642215 642334 642324 642313 642332 642332 642331 642315 642306 642324 642253 642173 642189 642296 642332 642308 642294 642307 642320 642305 642320 642298 642298 642183 642178 642246 642293 642300 642288 642288 642292 642299 642293 642301 642273 642105 642220 642214 642210 642276 642244 642271 642274 642276 642275 642283 642270 
0 639010 639010 0 0 639010 639010 639010 0 0 0 0 639010 639010 0 0 0 0 639010 639010 639010 0 0 0 0 0 0 639010 0 638980 0 0 0 0 0 0 0 0 0 0 0 0 0 639010 639010 639010 0 0 0 0 0 0 0 0 639010 639010 0 0 0 0 0 639010 0 0 0 639010 0 0 638928 0 0 0 0 0 639010 0 639010 0 0 0 0 0 0 0 0 0 0 0 0 0 639010 639010 638982 0 0 0 0 0 0 0 0 639010 639010 639010 0 0 0 0 0 0 0 0 639010 639010 0 0 638943 0 0 0 0 0 0 0 0 0 639010 0 
0 639688 639697 0 0 639675 639673 639682 0 0 0 0 639669 639683 0 0 0 0 639656 639662 639690 0 0 0 0 0 0 639616 0 639686 0 0 0 0 0 0 0 0 0 0 0 0 0 639585 639595 639582 0 0 0 0 0 0 0 0 639617 639618 0 0 0 0 0 639573 0 0 0 639601 0 0 639626 0 0 0 0 0 639606 0 639580 0 0 0 0 0 0 0 0 0 0 0 0 0 639530 639561 639565 0 0 0 0 0 0 0 0 639548 639504 639516 0 0 0 0 0 0 0 0 639551 639521 0 0 639557 0 0 0 0 0 0 0 0 0 639571 0 
0 642744 642708 642732 0 642709 642683 642686 642708 642720 0 0 642647 642659 0 0 642576 0 642608 642596 642642 0 0 0 0 0 0 642532 642557 642594 0 0 0 642533 0 0 0 642600 642574 642455 0 642488 0 642439 642449 642410 0 0 0 642396 0 0 0 642371 642425 642416 642351 0 0 642359 0 642371 642355 642311 642335 642392 0 0 642386 0 0 642396 0 0 642326 0 642356 642260 642287 642307 0 0 642382 0 0 0 642296 0 0 642236 642274 642245 642167 0 0 0 642288 0 642221 0 0 642260 642196 642212 0 0 0 642179 0 0 0 0 642197 642179 642203 0 642087 0 0 642148 642256 0 0 0 0 0 642149 0 
645009 645057 644985 644995 645109 645083 645063 645021 644951 645043 645059 645141 645047 644995 644955 644945 645003 645153 645073 645037 644947 645019 645101 645079 645107 645153 645091 645085 645057 644861 644879 644957 645107 645057 644841 644851 644853 644959 644941 645105 645085 645127 645029 645023 645019 644993 644811 644825 644831 644879 645059 645061 645035 644967 644985 644947 644821 644783 644879 644961 645031 645023 644967 644927 644943 644969 644913 644741 644757 644723 644847 644847 644935 644985 645019 645027 645039 644893 644911 644935 644919 644713 644809 644983 644961 644999 644999 644997 644939 644877 644913 644889 644717 644687 644783 644803 644755 644915 644949 644975 644945 644975 644861 644861 644841 644841 644745 644889 644935 644911 644911 644919 644933 644921 644937 644811 644603 644731 644725 644697 644739 644695 644693 644687 644887 644885 644901 644875 
0 637693 637692 0 0 637693 637693 637693 0 0 0 0 637693 637693 0 0 0 0 637693 637693 637693 0 0 0 0 0 0 637693 0 637654 0 0 0 0 0 0 0 0 0 0 0 0 0 637693 637693 637693 0 0 0 0 0 0 0 0 637693 637693 0 0 0 0 0 637693 0 0 0 637693 0 0 637602 0 0 0 0 0 637693 0 637693 0 0 0 0 0 0 0 0 0 0 0 0 0 637693 637693 637693 0 0 0 0 0 0 0 0 637693 637693 637693 0 0 0 0 0 0 0 0 637693 637693 0 0 637645 0 0 0 0 0 0 0 0 0 637693 0 
0 638747 638737 0 0 638747 638747 638747 0 0 0 0 638747 638747 0 0 0 0 638747 638747 638742 0 0 0 0 0 0 638747 0 638699 0 0 0 0 0 0 0 0 0 0 0 0 0 638733 638743 638730 0 0 0 0 0 0 0 0 638747 638747 0 0 0 0 0 638721 0 0 0 638747 0 0 638647 0 0 0 0 0 638747 0 638728 0 0 0 0 0 0 0 0 0 0 0 0 0 638678 638747 638747 0 0 0 0 0 0 0 0 638696 638652 638664 0 0 0 0 0 0 0 0 638699 638669 0 0 638690 0 0 0 0 0 0 0 0 0 638719 0 
0 639519 639526 0 0 639525 639537 639544 0 0 0 0 639544 639543 0 0 0 0 639544 639544 639531 0 0 0 0 0 0 639525 0 639488 0 0 0 0 0 0 0 0 0 0 0 0 0 639525 639537 639537 0 0 0 0 0 0 0 0 639544 639544 0 0 0 0 0 639513 0 0 0 639544 0 0 639436 0 0 0 0 0 639465 0 639501 0 0 0 0 0 0 0 0 0 0 0 0 0 639525 639544 639520 0 0 0 0 0 0 0 0 639501 639525 639537 0 0 0 0 0 0 0 0 639477 639501 0 0 639463 0 0 0 0 0 0 0 0 0 639441 0 
0 643061 643166 643146 0 643022 643052 643112 643174 643074 0 0 643073 643113 0 0 642893 0 643034 643050 643115 0 0 0 0 0 0 642845 643011 643073 0 0 0 642987 0 0 0 642932 642918 642764 0 642797 0 642752 642818 642779 0 0 0 642684 0 0 0 642740 642896 642890 642827 0 0 642645 0 642680 642668 642680 642704 642848 0 0 642865 0 0 642715 0 0 642635 0 642665 642629 642656 642620 0 0 642681 0 0 0 642605 0 0 642605 642587 642719 642647 0 0 0 642563 0 642495 0 0 642569 642509 642581 0 0 0 642417 0 0 0 0 642506 642488 642512 0 642584 0 0 642457 642541 0 0 0 0 0 642458 0 
0 644531 644495 0 0 644518 644492 644477 0 644574 0 0 644464 644454 0 0 644515 0 644451 644433 644442 0 0 0 0 0 0 644459 644420 644427 0 0 0 644412 0 0 0 644527 644518 644472 0 644483 0 644401 644397 644371 0 0 0 644457 0 0 0 644345 644345 644334 644289 0 0 644440 0 644401 644345 644305 644321 644347 0 0 644375 0 0 644471 0 0 644423 0 644407 644271 644289 644313 0 0 644452 0 0 0 644415 0 0 644255 644291 644267 644197 0 0 0 644425 0 0 0 0 644343 644239 644239 0 0 0 644380 0 0 0 0 644325 644289 644305 0 644178 0 0 644396 644417 0 0 0 0 0 644329 0 
0 645042 644948 644969 0 645026 644984 644969 644903 645041 645118 0 644936 644935 644909 644894 645040 644987 644897 644879 644886 0 0 0 0 0 0 644849 644840 644768 644795 0 644967 644816 644738 644753 644756 644988 644961 644952 0 644945 0 644756 644750 644711 644678 0 644723 644856 0 0 644774 644672 644723 644726 644684 0 0 644856 0 644756 644672 644612 644636 644675 644633 0 644612 0 0 644820 644823 644772 644823 0 644813 644561 644588 644624 0 0 644763 644769 644736 0 644793 0 644630 644537 644591 644555 644536 0 0 0 644682 0 644718 644757 644712 644717 644513 644513 644525 0 644667 644676 644697 644661 644661 644673 644694 644636 644660 0 644381 0 0 644595 644658 0 0 0 644625 644622 644646 644607 
644989 645037 644965 644975 645089 645063 645043 645001 644931 645023 645083 645121 645027 644975 644935 644925 645029 645131 645053 645017 644927 645043 645125 645105 645131 645129 645065 645059 645035 644841 644859 644983 645131 645035 644821 644831 644833 644983 644967 645125 645105 645121 645003 644997 644993 644967 644791 644805 644811 644905 645083 645081 645009 644941 644963 644927 644801 644763 644905 644987 645051 644997 644941 644901 644917 644943 644891 644721 644737 644703 644873 644873 644961 645005 645039 645045 645033 644867 644885 644909 644893 644693 644835 645003 644981 645019 645019 645015 644913 644851 644887 644863 644697 644667 644809 644829 644781 644939 644969 644993 644965 644969 644835 644835 644819 644819 644771 644915 644955 644931 644931 644939 644953 644915 644931 644785 644583 644757 644751 644723 644765 644721 644719 644713 644907 644905 644921 644895 
0 639259 639247 0 0 639272 639274 639265 0 0 0 0 639278 639264 0 0 0 0 639291 639285 639252 0 0 0 0 0 0 639297 0 639209 0 0 0 0 0 0 0 0 0 0 0 0 0 639297 639297 639297 0 0 0 0 0 0 0 0 639297 639288 0 0 0 0 0 639297 0 0 0 639297 0 0 639157 0 0 0 0 0 639297 0 639297 0 0 0 0 0 0 0 0 0 0 0 0 0 639297 639297 639257 0 0 0 0 0 0 0 0 639297 639297 639297 0 0 0 0 0 0 0 0 639297 639297 0 0 639200 0 0 0 0 0 0 0 0 0 639274 0 
0 0 0 0 0 0 0 0 0 0 0 0 0 641353 0 0 0 0 0 0 641353 0 0 0 0 0 0 0 0 641319 0 0 0 0 0 0 0 0 0 0 0 0 0 0 0 0 0 0 0 0 0 0 0 0 641353 641353 0 0 0 0 0 641305 0 0 0 0 0 0 0 0 0 0 0 0 0 0 0 0 0 0 0 0 0 0 0 0 0 0 0 0 0 641353 641353 0 0 0 0 0 0 0 0 0 0 641329 0 0 0 0 0 0 0 0 0 0 0 0 641310 0 0 0 0 0 0 0 0 0 0 0 
0 645004 645016 645061 0 644965 644959 644962 645065 645051 0 0 644923 644929 645097 0 644864 644880 644884 644866 644929 0 0 0 0 0 0 644788 644827 645002 0 0 0 644803 0 0 0 645018 644943 644735 0 644768 0 644695 644725 644686 0 0 0 644690 0 0 644667 644647 644710 644713 644686 0 0 644639 0 644649 644611 644587 644611 644662 0 0 644858 0 0 644738 644606 644555 644606 0 644636 644536 644563 644563 0 0 644769 644552 644519 0 644576 0 0 644512 644530 644542 644554 0 0 0 644652 0 644501 644540 644495 644540 644452 644488 0 0 644709 644459 644480 644444 0 644456 644477 644459 644483 0 644627 0 0 644637 644700 0 0 0 644408 0 644429 0 
0 644859 644835 644873 0 644833 644805 644799 644869 644905 644819 0 644773 644777 644935 644935 644779 644791 644747 644735 644777 0 0 0 0 0 0 644715 644709 644839 644863 0 644703 644693 644839 644839 644863 644895 644841 644693 0 644715 0 644653 644649 644623 644625 0 644839 644663 0 0 644649 644597 644631 644633 644615 0 0 644629 0 644637 644597 644557 644573 644599 644571 0 644839 0 0 644695 644607 644573 644607 0 644627 644523 644541 644565 0 0 644727 644571 644549 0 644587 0 644553 644507 644543 644519 644527 0 0 0 644643 0 644537 644563 644533 644563 644491 644491 644499 0 644775 644509 644523 644499 644499 644507 644521 644509 644525 0 644599 0 0 644751 644703 0 0 0 644475 644473 644489 644463 
0 644871 644739 0 0 644856 644800 644781 0 644855 0 0 644736 644732 0 0 645025 0 644684 644660 644660 0 0 0 0 0 0 644620 644608 644491 0 0 0 644576 0 0 0 644801 644907 644846 0 644746 0 644496 644488 644436 0 0 0 644867 0 0 0 644384 644452 644456 644393 0 0 644876 0 644496 644384 644304 644336 644388 0 0 644283 0 0 644807 0 0 644744 0 644570 644236 644272 644320 0 0 644731 0 0 0 644758 0 0 644204 644276 644228 644195 0 0 0 644623 0 0 0 0 644442 644172 644172 0 0 0 644636 0 0 0 0 644502 644334 644366 0 643975 0 0 644507 644591 0 0 0 0 0 644584 0 
0 644841 644733 644748 0 644880 644850 644787 644682 644820 0 0 644826 644748 644688 0 644853 644991 644865 644811 644676 0 0 0 0 0 0 644963 644850 644547 0 0 0 644870 0 0 0 644776 644760 645042 0 645043 0 644932 644906 644893 0 0 0 644667 0 0 644962 644880 644751 644676 644487 0 0 644790 0 644956 644894 644837 644858 644809 0 0 644391 0 0 644619 644751 644888 644977 0 644999 644786 644813 644849 0 0 644562 644911 644876 0 644943 0 0 644762 644816 644697 644331 0 0 0 644481 0 644822 644985 644954 644942 644738 644738 0 0 644466 644682 644815 644803 0 644916 644939 644861 644885 0 644160 0 0 644394 644457 0 0 0 644767 0 644870 0 
0 639486 639493 0 0 639499 639513 639511 0 0 0 0 639524 639510 0 0 0 0 639537 639531 639498 0 0 0 0 0 0 639527 0 639455 0 0 0 0 0 0 0 0 0 0 0 0 0 639527 639539 639539 0 0 0 0 0 0 0 0 639530 639506 0 0 0 0 0 639515 0 0 0 639546 0 0 639403 0 0 0 0 0 639467 0 639503 0 0 0 0 0 0 0 0 0 0 0 0 0 639527 639518 639391 0 0 0 0 0 0 0 0 639503 639527 639539 0 0 0 0 0 0 0 0 639479 639503 0 0 639334 0 0 0 0 0 0 0 0 0 639443 0 
0 638394 638382 0 0 638403 638403 638400 0 0 0 0 638403 638399 0 0 0 0 638403 638403 638387 0 0 0 0 0 0 638403 0 638344 0 0 0 0 0 0 0 0 0 0 0 0 0 638403 638403 638403 0 0 0 0 0 0 0 0 638403 638403 0 0 0 0 0 638403 0 0 0 638403 0 0 638292 0 0 0 0 0 638398 0 638403 0 0 0 0 0 0 0 0 0 0 0 0 0 638403 638403 638392 0 0 0 0 0 0 0 0 638403 638403 638403 0 0 0 0 0 0 0 0 638403 638403 0 0 638335 0 0 0 0 0 0 0 0 0 638374 0 
0 0 0 0 0 0 0 0 0 0 0 0 0 643922 0 0 0 0 0 0 643946 0 0 0 0 0 0 0 0 643950 0 0 0 0 0 0 0 0 0 0 0 0 0 0 0 0 0 0 0 0 0 0 0 0 643873 643874 0 0 0 0 0 643764 0 0 0 0 0 0 0 0 0 0 0 0 0 0 0 0 0 0 0 0 0 0 0 0 0 0 0 0 0 643817 643821 0 0 0 0 0 0 0 0 0 0 643731 0 0 0 0 0 0 0 0 0 0 0 0 643830 0 0 0 0 0 0 0 0 0 0 0 
645054 645054 645030 645064 645002 645028 645000 644994 645040 645112 645126 645018 644968 644972 645058 645048 645088 645002 644942 644930 644972 645160 645084 645060 645078 644980 644916 644910 644904 644964 644982 645114 645012 644888 644944 644954 644956 645132 645114 645002 644982 644974 644854 644848 644844 644818 644820 644928 644934 644972 644980 644958 644860 644792 644826 644828 644810 644886 645054 644938 644928 644848 644792 644752 644768 644794 644766 644844 644860 644826 645018 644994 644916 644882 644916 644922 644886 644718 644736 644760 644744 644816 644984 644880 644858 644896 644896 644892 644764 644702 644738 644714 644722 644790 644958 644970 644922 644820 644846 644870 644842 644822 644686 644686 644694 644684 644920 644818 644832 644808 644808 644816 644830 644768 644784 644636 644706 644906 644900 644872 644914 644870 644774 644780 644784 644782 644798 644772 
645007 645055 644983 644993 645107 645081 645061 645019 644949 645041 645103 645139 645045 644993 644953 644943 645047 645133 645067 645035 644945 645063 645145 645123 645151 645111 645047 645041 645035 644859 644877 645001 645117 645019 644839 644849 644851 645003 644985 645107 645087 645105 644985 644979 644975 644949 644809 644823 644829 644923 645085 645063 644991 644923 644957 644945 644819 644781 644923 645005 645033 644979 644923 644883 644899 644925 644897 644739 644755 644721 644891 644891 644979 644987 645021 645029 645017 644849 644867 644891 644875 644711 644853 644985 644963 645001 645001 644999 644895 644833 644869 644845 644715 644685 644827 644847 644799 644925 644951 644977 644947 644953 644817 644817 644825 644815 644789 644923 644937 644913 644913 644921 644935 644899 644915 644767 644601 644775 644769 644741 644783 644739 644737 644731 644889 644887 644903 644877 
645045 645093 645021 645031 645099 645099 645075 645051 644987 645079 645115 645123 645051 645027 644991 644981 645059 645121 645051 645027 644983 645075 645121 645097 645121 645099 645035 645029 645023 644897 644915 645013 645079 645007 644877 644887 644889 645015 644997 645069 645049 645091 644973 644967 644963 644937 644847 644861 644867 644935 645047 645025 644979 644911 644945 644931 644857 644819 644935 644977 644995 644967 644911 644871 644887 644913 644883 644777 644793 644759 644903 644903 644953 644949 644983 644991 645003 644837 644855 644879 644863 644749 644865 644947 644925 644963 644963 644961 644883 644821 644857 644833 644753 644723 644839 644859 644811 644887 644913 644939 644909 644939 644805 644805 644811 644803 644801 644881 644899 644875 644875 644883 644897 644885 644901 644755 644639 644787 644781 644753 644795 644751 644749 644743 644851 644849 644865 644839 
644971 645019 644947 644957 645065 645045 645025 644983 644913 645005 645089 645089 645009 644957 644917 644907 645081 645089 645017 644993 644909 645049 645131 645133 645135 645075 645011 645005 644993 644823 644841 645035 645127 644983 644803 644813 644815 644989 645019 645117 645097 645069 644949 644943 644939 644913 644773 644787 644793 644959 645113 645097 644955 644887 644921 644897 644783 644745 644957 645041 645043 644943 644887 644847 644863 644889 644849 644703 644719 644685 644927 644927 645015 645023 645055 645015 644981 644813 644831 644855 644839 644675 644889 645021 644999 645037 645037 644985 644859 644797 644833 644809 644679 644649 644863 644883 644835 644961 644987 644963 644957 644917 644781 644781 644777 644777 644825 644945 644973 644949 644949 644955 644945 644863 644879 644731 644565 644811 644805 644777 644819 644775 644773 644767 644925 644923 644939 644913 
644940 644988 644916 644926 645040 645014 644994 644952 644882 644974 645036 645072 644978 644926 644886 644876 644982 645088 645004 644968 644878 644996 645078 645058 645084 645110 645112 645106 644994 644792 644810 644936 645106 645010 644772 644782 644784 644936 644920 645116 645136 645160 645050 645044 645040 645014 644742 644756 644762 644858 645042 645112 645056 644988 644928 644878 644752 644714 644858 644940 645100 645044 644988 644948 644964 644990 644844 644672 644688 644654 644826 644826 644914 645042 645088 645094 645082 644914 644932 644956 644940 644644 644788 645052 645030 645066 645068 645064 644960 644898 644934 644910 644648 644618 644762 644782 644734 644914 644984 645042 645014 645018 644882 644882 644772 644782 644724 644868 644994 644980 644980 644988 645002 644964 644980 644832 644534 644710 644704 644676 644718 644674 644672 644666 644956 644954 644970 644944 
644944 644992 644920 644930 645044 645018 644998 644956 644886 644978 645016 645076 644982 644930 644890 644880 644960 645092 645008 644972 644882 644976 645058 645036 645064 645114 645106 645106 644998 644796 644814 644914 645084 645014 644776 644786 644788 644916 644898 645094 645106 645152 645072 645066 645062 645036 644746 644760 644766 644836 645020 645082 645078 645010 644932 644882 644756 644718 644836 644918 645096 645066 645010 644970 644986 645010 644848 644676 644692 644658 644804 644804 644892 645010 645082 645092 645102 644936 644954 644978 644962 644648 644766 645034 645010 645034 645058 645062 644982 644920 644956 644932 644652 644622 644740 644760 644712 644892 644962 645040 645010 645038 644904 644904 644776 644786 644702 644846 644962 644962 644976 644984 644998 644984 645000 644854 644538 644688 644682 644654 644696 644652 644650 644644 644938 644950 644966 644940 
0 642385 642337 0 0 642411 642403 642373 0 0 0 0 642399 642359 0 0 0 0 642425 642401 642323 0 0 0 0 0 0 642479 0 642237 0 0 0 0 0 0 0 0 0 0 0 0 0 642467 642465 642452 0 0 0 0 0 0 0 0 642397 642359 0 0 0 0 0 642467 0 0 0 642431 0 0 642133 0 0 0 0 0 642455 0 642474 0 0 0 0 0 0 0 0 0 0 0 0 0 642412 642395 642213 0 0 0 0 0 0 0 0 642442 642386 642386 0 0 0 0 0 0 0 0 642421 642415 0 0 642099 0 0 0 0 0 0 0 0 0 642405 0 
0 640152 640132 0 0 640165 640167 640158 0 640118 0 0 640168 640157 0 0 640148 0 640168 640168 640142 0 0 0 0 0 0 640168 640168 640056 0 0 0 640168 0 0 0 640056 640086 640168 0 640168 0 640168 640168 640168 0 0 0 640144 0 0 0 640168 640168 640168 640154 0 0 640168 0 640168 640168 640168 640168 640168 0 0 639952 0 0 640112 0 0 640168 0 640168 640168 640168 640168 0 0 640074 0 0 0 640168 0 0 640168 640168 640168 640150 0 0 0 640092 0 0 0 0 640168 640168 640168 0 0 0 640168 0 0 0 0 640168 640168 640168 0 640038 0 0 639938 640028 0 0 0 0 0 640168 0 
0 0 0 0 0 0 0 0 0 0 0 0 0 0 0 0 0 0 0 0 0 0 0 0 0 0 0 0 0 645053 0 0 0 0 0 0 0 0 0 0 0 0 0 0 0 0 0 0 0 0 0 0 0 0 644539 644544 0 0 0 0 0 644149 0 0 0 0 0 0 0 0 0 0 0 0 0 0 0 0 0 0 0 0 0 0 0 0 0 0 0 0 0 644259 644279 0 0 0 0 0 0 0 0 0 0 643983 0 0 0 0 0 0 0 0 0 0 0 0 644426 0 0 0 0 0 0 0 0 0 0 0 
0 644961 645052 645054 0 644922 644952 644998 645103 644982 644853 0 644959 644978 645085 645074 644793 644811 644920 644915 644978 0 0 0 0 0 0 644745 644876 645081 645115 0 644679 644852 645058 645073 645076 644977 644886 644664 0 644697 0 644652 644718 644679 644750 0 645043 644619 0 0 644598 644640 644759 644762 644735 0 0 644568 0 644580 644568 644580 644604 644711 644669 0 644932 0 0 644667 644535 644484 644535 0 644565 644529 644556 644520 0 0 644724 644481 644448 0 644505 0 644454 644505 644487 644591 644603 0 0 0 644589 0 644430 644469 644424 644469 644409 644481 644561 0 644663 644388 644409 644373 644373 644385 644406 644388 644412 0 644701 0 0 644591 644654 0 0 0 644337 644334 644358 644319 
645049 645049 645025 645063 644997 645023 644995 644989 645045 645111 645117 645013 644963 644967 645049 645039 645097 644997 644937 644925 644967 645157 645075 645069 645069 644975 644911 644905 644899 644955 644973 645137 645021 644883 644935 644945 644947 645119 645121 645011 644991 644969 644849 644843 644839 644813 644815 644919 644925 644981 644989 644967 644855 644787 644821 644823 644805 644877 645059 644947 644937 644843 644787 644747 644763 644789 644761 644835 644851 644817 645027 645013 644925 644891 644925 644913 644881 644713 644731 644755 644739 644807 644989 644889 644867 644905 644905 644883 644759 644697 644733 644709 644717 644781 644963 644983 644935 644829 644855 644861 644851 644817 644681 644681 644689 644679 644925 644827 644841 644817 644817 644825 644839 644763 644779 644631 644697 644911 644905 644877 644919 644875 644783 644789 644793 644791 644807 644781 
0 644940 644832 644847 0 644979 644949 644886 644781 644919 645020 0 644925 644847 644787 644772 644940 645090 644964 644910 644775 0 0 0 0 0 0 645012 644949 644646 644673 0 645112 644957 644616 644631 644634 644870 644847 645111 0 645104 0 644919 644913 644874 644571 0 644601 644754 0 0 644937 644835 644844 644775 644586 0 0 644877 0 644919 644835 644775 644799 644838 644724 0 644490 0 0 644706 644838 644943 644994 0 644972 644724 644751 644787 0 0 644649 644940 644907 0 644964 0 644793 644700 644754 644718 644430 0 0 0 644568 0 644889 644924 644883 644876 644676 644676 644616 0 644553 644769 644868 644832 644832 644844 644865 644795 644819 0 644259 0 0 644481 644544 0 0 0 644796 644793 644817 644778 
0 634719 634707 0 0 634732 634734 634725 0 634700 0 0 634738 634724 0 0 634715 0 634750 634745 634712 0 0 0 0 0 0 634750 634750 634669 0 0 0 634750 0 0 0 634669 634684 634750 0 634750 0 634750 634750 634750 0 0 0 634713 0 0 0 634750 634750 634748 634721 0 0 634742 0 634750 634750 634750 634750 634750 0 0 634617 0 0 634697 0 0 634750 0 634750 634750 634750 634750 0 0 634678 0 0 0 634750 0 0 634750 634750 634750 634717 0 0 0 634687 0 0 0 0 634750 634750 634750 0 0 0 634750 0 0 0 0 634750 634750 634750 0 634660 0 0 634610 634655 0 0 0 0 0 634750 0 
0 645003 645075 645065 0 644977 644997 645039 645101 645017 644931 0 645013 645063 645053 645053 644891 644903 644987 645021 645085 0 0 0 0 0 0 644859 644995 645121 645123 0 644815 644979 645121 645121 645123 644981 644933 644805 0 644827 0 644797 644841 644815 644933 0 645121 644775 0 0 644761 644789 644939 644941 644923 0 0 644741 0 644749 644741 644749 644765 644907 644879 0 645057 0 0 644807 644719 644685 644719 0 644739 644715 644733 644709 0 0 644813 644683 644661 0 644699 0 644665 644699 644687 644827 644835 0 0 0 644741 0 644649 644675 644645 644675 644635 644683 644807 0 644807 644621 644635 644611 644611 644619 644633 644621 644637 0 644881 0 0 644759 644789 0 0 0 644587 644585 644601 644575 
0 644905 644977 644967 0 644879 644899 644941 645011 644919 644833 0 644915 644967 644973 644973 644793 644805 644889 644925 644973 0 0 0 0 0 0 644761 644899 645027 645045 0 644717 644883 645027 645027 645045 644901 644853 644707 0 644729 0 644699 644743 644717 644821 0 645027 644677 0 0 644663 644691 644827 644829 644811 0 0 644643 0 644651 644643 644651 644667 644795 644767 0 645027 0 0 644709 644621 644587 644621 0 644641 644617 644635 644611 0 0 644733 644585 644563 0 644601 0 644567 644601 644589 644715 644723 0 0 0 644657 0 644551 644577 644547 644577 644537 644585 644695 0 644781 644523 644537 644513 644513 644521 644535 644523 644539 0 644787 0 0 644757 644709 0 0 0 644489 644487 644503 644477 
0 644807 644879 644869 0 644781 644801 644843 644913 644821 644735 0 644817 644869 644909 644919 644695 644707 644791 644827 644893 0 0 0 0 0 0 644663 644801 644979 644985 0 644619 644785 644999 644989 645005 644835 644757 644609 0 644631 0 644601 644645 644619 644741 0 645005 644579 0 0 644565 644593 644747 644749 644731 0 0 644545 0 644553 644545 644553 644569 644715 644687 0 645005 0 0 644611 644523 644489 644523 0 644543 644519 644537 644513 0 0 644649 644487 644465 0 644503 0 644469 644503 644491 644635 644643 0 0 0 644559 0 644453 644479 644449 644479 644439 644487 644615 0 644741 644425 644439 644415 644415 644423 644437 644425 644441 0 644757 0 0 644717 644669 0 0 0 644391 644389 644405 644379 
0 644663 644627 0 0 644650 644624 644609 0 644706 0 0 644596 644586 0 0 644759 0 644583 644565 644574 0 0 0 0 0 0 644591 644552 644607 0 0 0 644544 0 0 0 644771 644790 644692 0 644647 0 644549 644545 644519 0 0 0 644701 0 0 0 644493 644477 644466 644421 0 0 644684 0 644549 644493 644453 644469 644485 0 0 644555 0 0 644717 0 0 644673 0 644587 644419 644437 644461 0 0 644736 0 0 0 644663 0 0 644403 644439 644409 644329 0 0 0 644691 0 0 0 0 644523 644387 644387 0 0 0 644624 0 0 0 0 644561 644469 644485 0 644358 0 0 644688 644709 0 0 0 0 0 644589 0 
0 642333 642309 0 0 642333 642321 642309 0 642345 0 0 642309 642297 0 0 642381 0 642309 642297 642285 0 0 0 0 0 0 642333 642297 642278 0 0 0 642297 0 0 0 642362 642381 642381 0 642357 0 642333 642321 642321 0 0 0 642372 0 0 0 642321 642261 642249 642213 0 0 642381 0 642345 642333 642321 642321 642285 0 0 642226 0 0 642372 0 0 642381 0 642357 642312 642321 642333 0 0 642372 0 0 0 642381 0 0 642304 642322 642249 642165 0 0 0 642336 0 0 0 0 642357 642296 642296 0 0 0 642336 0 0 0 0 642381 642337 642345 0 642149 0 0 642315 642339 0 0 0 0 0 642381 0 
0 644837 644729 0 0 644876 644846 644783 0 0 0 0 644818 644744 0 0 0 0 644844 644796 644672 0 0 0 0 0 0 644892 0 644543 0 0 0 0 0 0 0 0 0 645077 0 0 0 644799 644793 644754 0 0 0 0 0 0 0 644715 644714 644658 0 0 0 0 0 644799 0 0 0 644718 0 0 644387 0 0 0 0 0 645024 0 644856 0 0 0 0 0 0 0 0 0 644998 0 0 0 644634 644598 644327 0 0 0 0 0 0 0 0 644760 644556 644556 0 0 0 0 0 0 0 0 644835 644679 0 0 644156 0 0 644532 0 0 0 0 0 0 644851 0 
644945 644993 644921 644931 645045 645019 644999 644957 644887 644979 645063 645077 644983 644931 644891 644881 645009 645093 645009 644973 644883 645023 645105 645085 645111 645115 645085 645079 644999 644797 644815 644963 645133 645015 644777 644787 644789 644963 644947 645143 645149 645143 645023 645017 645013 644987 644747 644761 644767 644885 645069 645125 645029 644961 644933 644883 644757 644719 644885 644967 645095 645017 644961 644921 644937 644963 644849 644677 644693 644659 644853 644853 644941 645049 645083 645089 645055 644887 644905 644929 644913 644649 644815 645047 645025 645063 645063 645059 644933 644871 644907 644883 644653 644623 644789 644809 644761 644941 645011 645037 645009 644991 644855 644855 644777 644787 644751 644895 644999 644975 644975 644983 644997 644937 644953 644805 644539 644737 644731 644703 644745 644701 644699 644693 644951 644949 644965 644939 
0 642349 642301 0 0 642375 642367 642337 0 642323 0 0 642363 642323 0 0 642331 0 642389 642365 642287 0 0 0 0 0 0 642443 642391 642201 0 0 0 642407 0 0 0 642263 642269 642445 0 642467 0 642443 642431 642431 0 0 0 642267 0 0 0 642431 642361 642323 642233 0 0 642337 0 642455 642443 642430 642431 642395 0 0 642097 0 0 642235 0 0 642433 0 642467 642413 642422 642434 0 0 642197 0 0 0 642421 0 0 642405 642423 642359 642177 0 0 0 642179 0 0 0 0 642465 642397 642397 0 0 0 642313 0 0 0 0 642445 642438 642446 0 642063 0 0 642073 642139 0 0 0 0 0 642409 0 
644873 644921 644849 644859 644973 644947 644927 644885 644815 644907 644971 645005 644911 644859 644819 644809 644915 645021 644937 644901 644811 644931 645013 644991 645019 645043 645059 645065 644927 644725 644743 644869 645039 644943 644705 644715 644717 644871 644853 645049 645069 645097 645105 645105 645081 645081 644675 644689 644695 644791 644975 645045 645123 645055 644861 644811 644685 644647 644791 644873 645123 645111 645055 645015 645031 644989 644777 644605 644621 644587 644759 644759 644847 644977 645087 645155 645149 644981 644999 645023 645007 644577 644721 645027 645001 645011 645059 645133 645027 644965 645001 644925 644581 644551 644695 644715 644667 644847 644917 645111 645081 645085 644949 644949 644705 644715 644657 644801 644931 644955 645035 645055 645069 645031 645047 644899 644467 644643 644637 644609 644651 644607 644605 644599 644931 644981 645037 645011 
0 643884 643836 0 0 643910 643902 643872 0 0 0 0 643898 643856 0 0 0 0 643924 643898 643808 0 0 0 0 0 0 644028 0 643722 0 0 0 0 0 0 0 0 0 0 0 0 0 644077 644058 644062 0 0 0 0 0 0 0 0 643858 643808 0 0 0 0 0 644065 0 0 0 643986 0 0 643618 0 0 0 0 0 644000 0 644060 0 0 0 0 0 0 0 0 0 0 0 0 0 644022 643922 643578 0 0 0 0 0 0 0 0 644028 643996 643996 0 0 0 0 0 0 0 0 644007 644001 0 0 643464 0 0 0 0 0 0 0 0 0 643991 0 
0 642555 642519 0 0 642581 642585 642555 0 0 0 0 642581 642541 0 0 0 0 642607 642583 642505 0 0 0 0 0 0 642699 0 642419 0 0 0 0 0 0 0 0 0 0 0 0 0 642722 642731 642719 0 0 0 0 0 0 0 0 642579 642541 0 0 0 0 0 642698 0 0 0 642683 0 0 642315 0 0 0 0 0 642659 0 642693 0 0 0 0 0 0 0 0 0 0 0 0 0 642667 642655 642395 0 0 0 0 0 0 0 0 642661 642641 642653 0 0 0 0 0 0 0 0 642640 642634 0 0 642281 0 0 0 0 0 0 0 0 0 642624 0 
0 642574 642526 0 0 642600 642592 642562 0 0 0 0 642588 642548 0 0 0 0 642614 642590 642512 0 0 0 0 0 0 642718 0 642426 0 0 0 0 0 0 0 0 0 0 0 0 0 642760 642748 642748 0 0 0 0 0 0 0 0 642586 642548 0 0 0 0 0 642760 0 0 0 642690 0 0 642322 0 0 0 0 0 642690 0 642748 0 0 0 0 0 0 0 0 0 0 0 0 0 642720 642662 642402 0 0 0 0 0 0 0 0 642726 642694 642694 0 0 0 0 0 0 0 0 642705 642699 0 0 642288 0 0 0 0 0 0 0 0 0 642688 0 
0 644890 644938 644910 0 644890 644914 644938 644914 644862 644818 0 644938 644962 644822 644812 644770 644856 644938 644962 644986 0 0 0 0 0 0 644812 644950 644920 644890 0 644768 644934 644900 644910 644864 644752 644734 644758 0 644780 0 644750 644794 644768 645106 0 644890 644650 0 0 644714 644742 645016 645058 645106 0 0 644674 0 644702 644694 644702 644718 644888 645100 0 644816 0 0 644640 644650 644638 644672 0 644692 644668 644686 644662 0 0 644602 644636 644614 0 644652 0 644618 644652 644640 644952 645034 0 0 0 644548 0 644602 644628 644598 644628 644588 644636 645076 0 644538 644574 644588 644564 644564 644572 644586 644574 644590 0 644950 0 0 644490 644532 0 0 0 644540 644538 644554 644528 
645010 644962 645032 645024 644910 644936 644956 644996 645066 644976 644890 644878 644970 644998 645064 645070 644850 644862 644944 644956 644998 644930 644848 644822 644842 644840 644824 644818 644930 645084 645114 644896 644774 644914 645092 645092 645116 644990 644912 644764 644744 644786 644762 644756 644800 644774 644846 645092 645092 644734 644742 644720 644720 644748 644852 644854 644836 645068 644950 644700 644690 644708 644700 644708 644724 644820 644792 645044 645092 645064 644814 644766 644678 644644 644678 644686 644698 644674 644692 644668 644652 645020 644804 644642 644620 644658 644658 644656 644624 644658 644646 644740 644748 644972 644854 644762 644714 644582 644608 644634 644604 644634 644594 644642 644720 644710 644878 644580 644594 644570 644570 644578 644592 644580 644596 644592 644852 644880 644874 644846 644806 644782 644536 644542 644546 644544 644560 644534 
0 644852 644924 644914 0 644826 644846 644888 644958 644866 644780 0 644862 644914 644952 644952 644740 644752 644836 644872 644940 0 0 0 0 0 0 644708 644846 645026 645024 0 644664 644830 645026 645026 645024 644880 644802 644654 0 644676 0 644646 644690 644664 644836 0 645026 644624 0 0 644610 644638 644842 644844 644826 0 0 644590 0 644598 644590 644598 644614 644762 644782 0 645026 0 0 644656 644568 644534 644568 0 644588 644564 644582 644558 0 0 644694 644532 644510 0 644548 0 644514 644548 644536 644730 644738 0 0 0 644604 0 644498 644524 644494 644524 644484 644532 644710 0 644760 644470 644484 644460 644460 644468 644482 644470 644486 0 644834 0 0 644736 644688 0 0 0 644436 644434 644450 644424 
0 644353 644276 0 0 644314 644260 644239 0 644412 0 0 644200 644194 0 0 644604 0 644161 644131 644175 0 0 0 0 0 0 644137 644092 644057 0 0 0 644068 0 0 0 644393 644549 644392 0 644257 0 644044 644026 643987 0 0 0 644802 0 0 0 643948 643939 643930 643867 0 0 644703 0 644056 643951 643871 643903 643915 0 0 643849 0 0 644793 0 0 644347 0 644125 643803 643839 643887 0 0 644721 0 0 0 644401 0 0 643771 643843 643759 643687 0 0 0 644685 0 0 0 0 644011 643739 643739 0 0 0 644612 0 0 0 0 644119 643903 643935 0 643541 0 0 644432 644605 0 0 0 0 0 644338 0 
644939 644987 644915 644925 645039 645013 644993 644951 644881 644973 645059 645067 644977 644925 644885 644875 645097 645067 644995 644967 644877 645019 645101 645127 645107 645059 644995 644989 644971 644791 644809 645051 645137 644967 644771 644781 644783 644959 645035 645127 645107 645053 644933 644927 644923 644897 644741 644755 644761 644975 645139 645129 644939 644871 644899 644875 644751 644713 644973 645057 645053 644927 644871 644831 644847 644873 644827 644671 644687 644653 644943 644943 645031 645055 645087 645001 644965 644797 644815 644839 644823 644643 644905 645053 645031 645069 645069 644971 644843 644781 644817 644793 644647 644617 644879 644899 644851 644993 645019 644949 644967 644901 644765 644765 644755 644755 644841 644971 645005 644981 644981 644987 644955 644847 644863 644715 644533 644827 644821 644793 644835 644791 644789 644783 644957 644955 644971 644945 
644871 644919 644847 644857 644971 644945 644925 644883 644813 644905 644991 645003 644909 644857 644817 644807 645031 645019 644935 644899 644809 644951 645033 645059 645039 645031 644991 644985 644925 644723 644741 644985 645103 644935 644703 644713 644715 644891 644969 645103 645103 645049 644929 644923 644919 644893 644673 644687 644693 644979 645137 645127 644935 644867 644859 644809 644683 644645 644907 645061 645049 644923 644867 644827 644843 644869 644775 644603 644619 644585 644947 644947 645035 645123 645085 644997 644961 644793 644811 644835 644819 644575 644909 645119 645099 645135 645111 644967 644839 644777 644813 644789 644579 644549 644883 644903 644855 645031 645079 644945 644963 644897 644761 644761 644703 644713 644845 644989 645073 645049 645049 644985 644951 644843 644859 644711 644465 644829 644823 644797 644839 644795 644793 644787 645025 645023 645037 644987 
0 644275 644191 644220 0 644288 644254 644209 644174 644282 0 0 644222 644172 644224 0 644312 644339 644235 644193 644124 0 0 0 0 0 0 644347 644206 644081 0 0 0 644214 0 0 0 644288 644281 644379 0 644389 0 644378 644332 644339 0 0 0 644234 0 0 644395 644313 644101 644052 643917 0 0 644287 0 644383 644314 644254 644278 644213 0 0 644024 0 0 644218 644262 644343 644398 0 644421 644203 644230 644266 0 0 644199 644368 644355 0 644384 0 0 644179 644233 644109 643769 0 0 0 644136 0 644297 644386 644367 644337 644155 644155 0 0 644183 644203 644304 644316 0 644352 644349 644256 644280 0 643712 0 0 644143 644152 0 0 0 644292 0 644370 0 
0 640177 640153 0 0 640203 640207 640189 0 640139 0 0 640215 640187 0 0 640169 0 640241 640229 640163 0 0 0 0 0 0 640321 640255 640077 0 0 0 640271 0 0 0 640077 640107 640279 0 640305 0 640356 640355 640356 0 0 0 640165 0 0 0 640356 640261 640235 640181 0 0 640223 0 640356 640356 640356 640356 640341 0 0 639973 0 0 640133 0 0 640341 0 640356 640356 640356 640356 0 0 640095 0 0 0 640337 0 0 640356 640356 640348 640173 0 0 0 640113 0 0 0 0 640356 640356 640356 0 0 0 640247 0 0 0 0 640356 640356 640356 0 640059 0 0 639959 640049 0 0 0 0 0 640356 0 
0 0 0 0 0 0 0 0 0 0 0 0 0 0 0 0 0 0 0 0 0 0 0 0 0 0 0 0 0 0 0 0 0 0 0 0 0 0 0 0 0 0 0 0 0 0 0 0 0 0 0 0 0 0 640896 640884 0 0 0 0 0 640390 0 0 0 0 0 0 0 0 0 0 0 0 0 0 0 0 0 0 0 0 0 0 0 0 0 0 0 0 0 640787 640618 0 0 0 0 0 0 0 0 0 0 640339 0 0 0 0 0 0 0 0 0 0 0 0 640449 0 0 0 0 0 0 0 0 0 0 0 
0 0 0 0 0 0 0 0 0 0 0 0 0 0 0 0 0 0 0 0 0 0 0 0 0 0 0 0 0 0 0 0 0 0 0 0 0 0 0 0 0 0 0 0 0 0 0 0 0 0 0 0 0 0 641752 641800 0 0 0 0 0 641168 0 0 0 0 0 0 0 0 0 0 0 0 0 0 0 0 0 0 0 0 0 0 0 0 0 0 0 0 0 641723 641591 0 0 0 0 0 0 0 0 0 0 641117 0 0 0 0 0 0 0 0 0 0 0 0 641441 0 0 0 0 0 0 0 0 0 0 0 
0 644820 644844 0 0 644846 644874 644880 0 644758 0 0 644906 644902 0 0 644692 0 644906 644930 644902 0 0 0 0 0 0 644778 644916 644816 0 0 0 644900 0 0 0 644648 644630 644724 0 644746 0 644716 644760 644734 0 0 0 644568 0 0 0 644708 644982 645026 645064 0 0 644642 0 644668 644660 644668 644684 644854 0 0 644712 0 0 644536 0 0 644638 0 644658 644634 644652 644628 0 0 644498 0 0 0 644618 0 0 644618 644606 644918 645076 0 0 0 644444 0 0 0 0 644594 644554 644602 0 0 0 644540 0 0 0 0 644552 644540 644556 0 644962 0 0 644386 644428 0 0 0 0 0 644520 0 
644978 644930 645002 644992 644878 644904 644924 644966 645036 644944 644858 644846 644940 644968 645032 645036 644818 644830 644914 644926 644992 644898 644816 644790 644810 644808 644792 644786 644900 645078 645084 644864 644742 644884 645084 645084 645084 644958 644880 644732 644712 644754 644730 644724 644768 644742 644842 645084 645084 644702 644710 644688 644688 644716 644848 644850 644832 645062 644916 644668 644658 644676 644668 644676 644692 644814 644788 645038 645084 645062 644782 644734 644646 644612 644646 644654 644666 644642 644660 644636 644620 645014 644772 644610 644588 644626 644626 644624 644592 644626 644614 644736 644744 644966 644820 644730 644682 644550 644576 644602 644572 644602 644562 644610 644716 644706 644844 644548 644562 644538 644538 644546 644560 644548 644564 644560 644846 644868 644868 644820 644772 644748 644504 644510 644514 644512 644528 644502 
644897 644897 644873 644911 644845 644871 644843 644837 644907 644959 644969 644861 644811 644815 644999 645009 645025 644845 644785 644773 644815 645009 644927 644949 644921 644823 644759 644753 644747 644901 644931 645071 644901 644731 644917 644911 644941 645069 645087 644891 644871 644817 644697 644691 644687 644661 644663 644917 644917 644983 644943 644895 644703 644635 644669 644671 644653 644875 645133 644949 644817 644691 644635 644595 644611 644637 644609 644833 644849 644815 645063 645015 644927 644893 644853 644765 644729 644561 644579 644603 644587 644805 645053 644867 644869 644883 644859 644735 644607 644545 644581 644557 644565 644779 645111 645011 644963 644831 644857 644713 644731 644665 644529 644529 644537 644527 645077 644829 644843 644819 644819 644753 644719 644611 644627 644479 644677 645039 645033 645029 645063 645027 644785 644791 644795 644793 644785 644735 
0 644410 644266 0 0 644460 644418 644338 0 644382 0 0 644382 644286 0 0 644634 0 644404 644350 644190 0 0 0 0 0 0 644420 644342 644018 0 0 0 644326 0 0 0 644354 644510 644654 0 644532 0 644358 644330 644304 0 0 0 644775 0 0 0 644278 644192 644164 643938 0 0 644911 0 644382 644295 644223 644247 644208 0 0 643810 0 0 644711 0 0 644640 0 644444 644162 644198 644246 0 0 644635 0 0 0 644692 0 0 644130 644202 644056 643730 0 0 0 644563 0 0 0 0 644364 644098 644098 0 0 0 644775 0 0 0 0 644469 644262 644294 0 643502 0 0 644397 644507 0 0 0 0 0 644666 0 
644918 644966 644894 644904 645018 644992 644972 644930 644860 644952 645036 645050 644956 644904 644864 644854 644982 645066 644982 644946 644856 644996 645078 645058 645084 645088 645102 645102 644972 644770 644788 644936 645106 644988 644750 644760 644762 644936 644920 645116 645136 645142 645050 645044 645040 645014 644720 644734 644740 644858 645042 645112 645056 644988 644906 644856 644730 644692 644858 644940 645122 645044 644988 644948 644964 644990 644822 644650 644666 644632 644826 644826 644914 645044 645110 645116 645082 644914 644932 644956 644940 644622 644788 645074 645052 645078 645090 645086 644960 644898 644934 644910 644626 644596 644762 644782 644734 644914 644984 645064 645036 645018 644882 644882 644750 644760 644724 644868 644998 645002 645002 645010 645024 644964 644980 644832 644512 644710 644704 644676 644718 644674 644672 644666 644978 644976 644992 644966 
0 0 0 0 0 0 0 0 0 0 0 0 0 0 0 0 0 0 0 0 0 0 0 0 0 0 0 0 0 0 0 0 0 0 0 0 0 0 0 0 0 0 0 0 0 0 0 0 0 0 0 0 0 0 0 0 0 0 0 0 0 642558 0 0 0 0 0 0 0 0 0 0 0 0 0 0 0 0 0 0 0 0 0 0 0 0 0 0 0 0 0 0 0 0 0 0 0 0 0 0 0 0 0 642413 0 0 0 0 0 0 0 0 0 0 0 0 0 0 0 0 0 0 0 0 0 0 0 0 
0 642436 642388 0 0 642462 642454 642424 0 642388 0 0 642450 642410 0 0 642370 0 642476 642452 642374 0 0 0 0 0 0 642580 642478 642288 0 0 0 642494 0 0 0 642302 642308 642492 0 642542 0 642642 642610 642636 0 0 0 642306 0 0 0 642662 642448 642410 642320 0 0 642376 0 642656 642683 642663 642671 642552 0 0 642184 0 0 642274 0 0 642542 0 642630 642646 642655 642667 0 0 642236 0 0 0 642526 0 0 642638 642656 642524 642264 0 0 0 642218 0 0 0 0 642652 642630 642630 0 0 0 642352 0 0 0 0 642631 642625 642633 0 642150 0 0 642112 642178 0 0 0 0 0 642588 0 
0 640108 640084 0 0 640134 640138 640120 0 640070 0 0 640146 640118 0 0 640100 0 640172 640160 640094 0 0 0 0 0 0 640252 640186 640008 0 0 0 640202 0 0 0 640008 640038 640210 0 640236 0 640273 640273 640273 0 0 0 640096 0 0 0 640273 640192 640166 640112 0 0 640154 0 640273 640273 640273 640273 640271 0 0 639904 0 0 640064 0 0 640271 0 640273 640273 640273 640273 0 0 640026 0 0 0 640268 0 0 640273 640273 640273 640104 0 0 0 640044 0 0 0 0 640273 640273 640273 0 0 0 640178 0 0 0 0 640273 640273 640273 0 639990 0 0 639890 639980 0 0 0 0 0 640273 0 
0 641747 641701 0 0 641773 641767 641737 0 641697 0 0 641763 641723 0 0 641679 0 641789 641765 641687 0 0 0 0 0 0 641891 641791 641601 0 0 0 641807 0 0 0 641611 641617 641801 0 641851 0 641953 641923 641949 0 0 0 641615 0 0 0 641975 641761 641723 641633 0 0 641685 0 641965 641985 641967 641975 641865 0 0 641497 0 0 641583 0 0 641851 0 641939 641950 641959 641969 0 0 641545 0 0 0 641835 0 0 641942 641958 641837 641577 0 0 0 641527 0 0 0 0 641952 641932 641934 0 0 0 641661 0 0 0 0 641931 641925 641933 0 641463 0 0 641421 641487 0 0 0 0 0 641897 0 
0 642230 642218 0 0 642243 642245 642236 0 0 0 0 642249 642235 0 0 0 0 642262 642256 642223 0 0 0 0 0 0 642302 0 642180 0 0 0 0 0 0 0 0 0 0 0 0 0 642310 642310 642310 0 0 0 0 0 0 0 0 642262 642237 0 0 0 0 0 642310 0 0 0 642310 0 0 642128 0 0 0 0 0 642310 0 642310 0 0 0 0 0 0 0 0 0 0 0 0 0 642310 642288 642122 0 0 0 0 0 0 0 0 642310 642310 642310 0 0 0 0 0 0 0 0 642310 642310 0 0 642065 0 0 0 0 0 0 0 0 0 642310 0 
0 644883 644907 644869 0 644909 644937 644943 644873 644821 644811 0 644969 644965 644781 644771 644755 644907 644979 645003 644965 0 0 0 0 0 0 644875 645003 644879 644849 0 644831 644997 644859 644869 644823 644711 644693 644821 0 644843 0 644813 644857 644831 645071 0 644849 644631 0 0 644777 644805 645075 645099 645081 0 0 644713 0 644765 644757 644765 644781 644951 645125 0 644775 0 0 644599 644687 644701 644735 0 644755 644731 644749 644725 0 0 644561 644699 644677 0 644715 0 644681 644715 644703 645015 645001 0 0 0 644507 0 644665 644691 644661 644691 644651 644699 645101 0 644497 644619 644651 644627 644627 644635 644649 644637 644653 0 644887 0 0 644449 644491 0 0 0 644603 644601 644617 644591 
642524 642488 642548 642531 642462 642475 642497 642530 642565 642483 642416 642434 642517 642555 642539 642544 642372 642426 642504 642534 642580 642436 642395 642370 642392 642415 642419 642416 642521 642623 642613 642395 642346 642513 642633 642628 642626 642466 642403 642341 642331 642376 642388 642385 642419 642406 642554 642641 642638 642254 642306 642307 642355 642393 642555 642558 642549 642662 642434 642249 642304 642349 642357 642373 642381 642491 642527 642683 642654 642656 642306 642270 642226 642233 642286 642314 642332 642356 642365 642341 642333 642675 642289 642244 642221 642252 642264 642299 642307 642348 642330 642501 642505 642640 642338 642256 642208 642154 642191 642288 642261 642300 642304 642340 642491 642486 642385 642141 642184 642172 642196 642236 642255 642273 642281 642315 642562 642373 642367 642339 642288 642274 642059 642062 642148 642159 642203 642202 
0 0 0 0 0 0 0 0 0 0 0 0 0 643437 0 0 0 0 0 0 643509 0 0 0 0 0 0 0 0 643681 0 0 0 0 0 0 0 0 0 0 0 0 0 0 0 0 0 0 0 0 0 0 0 0 643288 643316 0 0 0 0 0 642824 0 0 0 0 0 0 643883 0 0 0 0 0 0 0 0 0 0 0 0 0 0 0 0 0 0 0 0 0 0 643088 643244 0 0 0 0 0 0 0 0 642676 0 642692 0 0 0 0 0 0 0 0 642592 0 0 0 643472 0 0 0 0 0 0 0 0 0 642528 0 
642613 642589 642625 642620 642563 642576 642586 642607 642642 642596 642536 642547 642594 642620 642640 642645 642492 642539 642581 642599 642644 642556 642515 642490 642512 642528 642520 642517 642586 642687 642678 642515 642466 642578 642697 642692 642691 642586 642523 642461 642451 642496 642489 642486 642508 642495 642618 642705 642702 642374 642426 642427 642468 642482 642619 642622 642613 642726 642554 642369 642424 642462 642458 642462 642470 642555 642591 642747 642733 642738 642426 642390 642346 642353 642406 642434 642452 642445 642454 642442 642434 642739 642409 642364 642341 642372 642384 642419 642420 642437 642431 642565 642569 642704 642458 642376 642328 642274 642311 642408 642381 642420 642405 642429 642555 642550 642513 642261 642304 642292 642316 642356 642375 642393 642401 642404 642626 642511 642505 642477 642408 642394 642179 642182 642268 642279 642323 642322 
644917 644917 644893 644931 644865 644891 644863 644857 644913 644979 644989 644881 644831 644835 644931 644921 645045 644865 644805 644793 644835 645029 644947 644969 644941 644843 644779 644773 644767 644837 644855 645081 644921 644751 644817 644827 644829 645005 645081 644911 644891 644837 644717 644711 644707 644681 644683 644801 644807 645099 644985 644915 644723 644655 644689 644691 644673 644759 645021 645063 644837 644711 644655 644615 644631 644657 644629 644717 644733 644699 645153 645131 645043 644983 644873 644785 644749 644581 644599 644623 644607 644689 645121 644933 644959 644949 644901 644755 644627 644565 644601 644577 644585 644663 645093 645107 645059 644947 644973 644733 644751 644685 644549 644549 644557 644547 645031 644945 644959 644935 644909 644773 644739 644631 644647 644499 644579 644969 644963 645007 645051 645007 644901 644907 644911 644909 644851 644777 
0 644355 644283 0 0 644329 644277 644247 0 644439 0 0 644221 644201 0 0 644603 0 644195 644159 644177 0 0 0 0 0 0 644171 644133 644150 0 0 0 644117 0 0 0 644486 644628 644441 0 644299 0 644047 644039 643987 0 0 0 644779 0 0 0 643935 643983 643961 643871 0 0 644709 0 644047 643935 643855 643887 643939 0 0 643942 0 0 644806 0 0 644371 0 644123 643787 643823 643871 0 0 644782 0 0 0 644427 0 0 643755 643827 643779 643687 0 0 0 644739 0 0 0 0 643995 643723 643723 0 0 0 644630 0 0 0 0 644103 643887 643919 0 643634 0 0 644506 644679 0 0 0 0 0 644327 0 
0 644733 644625 644640 0 644770 644736 644679 644574 644712 0 0 644700 644640 644580 0 644901 644786 644687 644657 644568 0 0 0 0 0 0 644652 644640 644439 0 0 0 644619 0 0 0 644691 644808 644859 0 644748 0 644559 644553 644514 0 0 0 645073 0 0 644577 644475 644526 644510 644379 0 0 645092 0 644559 644475 644415 644439 644478 0 0 644283 0 0 645025 645127 644967 644802 0 644616 644364 644391 644427 0 0 644968 644892 644931 0 644844 0 0 644340 644394 644358 644223 0 0 0 644909 0 645055 644592 644619 644520 644316 644316 0 0 644730 645028 645034 644998 0 644652 644601 644439 644463 0 644052 0 0 644730 644883 0 0 0 644982 0 644769 0 
0 644433 644325 644340 0 644472 644442 644379 644274 644412 0 0 644418 644340 644280 0 644601 644583 644457 644403 644268 0 0 0 0 0 0 644559 644442 644139 0 0 0 644464 0 0 0 644391 644508 644724 0 644639 0 644528 644502 644489 0 0 0 644655 0 0 644558 644476 644343 644268 644079 0 0 644765 0 644552 644500 644456 644464 644405 0 0 643983 0 0 644607 644739 644833 644729 0 644595 644439 644448 644484 0 0 644550 644807 644821 0 644767 0 0 644431 644473 644293 643923 0 0 0 644486 0 644814 644611 644644 644563 644447 644423 0 0 644407 644687 644807 644795 0 644679 644638 644536 644544 0 643752 0 0 644369 644457 0 0 0 644771 0 644766 0 
0 641949 641901 0 0 641975 641967 641937 0 0 0 0 641963 641923 0 0 0 0 641989 641965 641887 0 0 0 0 0 0 642089 0 641801 0 0 0 0 0 0 0 0 0 0 0 0 0 642082 642077 642067 0 0 0 0 0 0 0 0 641961 641923 0 0 0 0 0 642082 0 0 0 642041 0 0 641697 0 0 0 0 0 642137 0 642101 0 0 0 0 0 0 0 0 0 0 0 0 0 642027 642005 641777 0 0 0 0 0 0 0 0 642069 642001 642001 0 0 0 0 0 0 0 0 642096 642042 0 0 641663 0 0 0 0 0 0 0 0 0 642092 0 
644896 644944 644872 644882 644996 644970 644950 644908 644838 644928 644966 645026 644934 644882 644842 644832 644912 645042 644960 644924 644834 644926 645008 644988 645014 645064 645082 645088 644950 644748 644766 644866 645036 644966 644728 644738 644740 644866 644850 645046 645066 645094 645120 645114 645104 645084 644698 644712 644718 644788 644972 645042 645124 645058 644884 644834 644708 644670 644788 644870 645120 645112 645058 645018 645034 645012 644800 644628 644644 644610 644756 644756 644844 644974 645084 645138 645126 644984 645002 645026 645010 644600 644718 645024 644998 645008 645056 645108 645028 644968 645004 644948 644604 644574 644692 644712 644664 644844 644914 645086 645058 645062 644952 644952 644728 644738 644654 644798 644928 644952 645024 645032 645046 645008 645024 644902 644490 644640 644634 644606 644648 644604 644602 644596 644928 644978 645014 644988 
0 642606 642558 0 0 642632 642624 642594 0 0 0 0 642620 642580 0 0 0 0 642646 642622 642544 0 0 0 0 0 0 642750 0 642458 0 0 0 0 0 0 0 0 0 0 0 0 0 642779 642768 642764 0 0 0 0 0 0 0 0 642618 642580 0 0 0 0 0 642779 0 0 0 642722 0 0 642354 0 0 0 0 0 642772 0 642798 0 0 0 0 0 0 0 0 0 0 0 0 0 642724 642694 642434 0 0 0 0 0 0 0 0 642766 642698 642698 0 0 0 0 0 0 0 0 642759 642739 0 0 642320 0 0 0 0 0 0 0 0 0 642743 0 
0 640220 640196 0 0 640246 640250 640232 0 640182 0 0 640258 640230 0 0 640212 0 640284 640272 640206 0 0 0 0 0 0 640364 640298 640120 0 0 0 640314 0 0 0 640120 640150 640322 0 640348 0 640426 640406 640432 0 0 0 640208 0 0 0 640458 640304 640278 640224 0 0 640266 0 640450 640470 640470 640470 640384 0 0 640016 0 0 640176 0 0 640384 0 640436 640470 640470 640470 0 0 640138 0 0 0 640380 0 0 640470 640470 640392 640216 0 0 0 640156 0 0 0 0 640470 640470 640470 0 0 0 640290 0 0 0 0 640470 640470 640470 0 640102 0 0 640002 640092 0 0 0 0 0 640454 0 
0 640266 640242 0 0 640292 640296 640278 0 640228 0 0 640304 640276 0 0 640258 0 640330 640318 640252 0 0 0 0 0 0 640378 640344 640166 0 0 0 640360 0 0 0 640166 640196 640366 0 640378 0 640378 640378 640378 0 0 0 640254 0 0 0 640378 640350 640324 640270 0 0 640312 0 640378 640378 640378 640378 640378 0 0 640062 0 0 640222 0 0 640378 0 640378 640378 640378 640378 0 0 640184 0 0 0 640378 0 0 640378 640378 640378 640262 0 0 0 640202 0 0 0 0 640378 640378 640378 0 0 0 640336 0 0 0 0 640378 640378 640378 0 640148 0 0 640048 640138 0 0 0 0 0 640378 0 
0 642271 642223 0 0 642297 642289 642259 0 642231 0 0 642285 642245 0 0 642213 0 642311 642287 642209 0 0 0 0 0 0 642415 642313 642123 0 0 0 642329 0 0 0 642145 642151 642335 0 642385 0 642477 642445 642471 0 0 0 642149 0 0 0 642497 642283 642245 642155 0 0 642219 0 642499 642531 642527 642519 642387 0 0 642019 0 0 642117 0 0 642385 0 642473 642528 642528 642540 0 0 642079 0 0 0 642369 0 0 642521 642539 642359 642099 0 0 0 642061 0 0 0 0 642526 642513 642513 0 0 0 642195 0 0 0 0 642499 642516 642524 0 641985 0 0 641955 642021 0 0 0 0 0 642431 0 
643501 643513 643494 643494 643533 643526 643528 643512 643477 643494 643513 643533 643525 643499 643462 643457 643509 643533 643526 643514 643475 643493 643533 643533 643533 643533 643533 643533 643514 643432 643441 643486 643533 643514 643422 643427 643428 643463 643478 643533 643533 643533 643533 643533 643533 643533 643407 643414 643417 643507 643533 643533 643533 643533 643478 643466 643412 643393 643447 643533 643533 643533 643533 643533 643533 643502 643442 643372 643380 643363 643479 643491 643533 643533 643533 643533 643533 643533 643533 643533 643533 643358 643472 643533 643533 643533 643533 643533 643533 643533 643533 643466 643360 643345 643447 643481 643481 643533 643533 643533 643533 643533 643533 643533 643406 643406 643416 643533 643533 643533 643533 643533 643533 643533 643533 643533 643303 643397 643394 643404 643449 643439 643510 643507 643533 643533 643533 643533 
642167 642131 642191 642174 642105 642118 642140 642173 642208 642126 642059 642077 642160 642198 642182 642187 642015 642069 642147 642177 642234 642079 642038 642013 642035 642058 642062 642059 642164 642277 642256 642038 641989 642156 642287 642282 642269 642109 642046 641984 641974 642019 642031 642028 642062 642049 642230 642295 642292 641897 641949 641950 641998 642036 642211 642234 642225 642318 642077 641892 641947 641992 642000 642016 642024 642145 642203 642339 642313 642317 641949 641913 641869 641876 641929 641957 641975 641999 642008 641984 641976 642351 641932 641887 641864 641895 641907 641942 641950 641991 641973 642177 642181 642316 641981 641899 641851 641797 641834 641931 641904 641943 641947 641983 642167 642162 642032 641784 641827 641815 641839 641879 641898 641916 641924 641958 642238 642021 642015 641987 641931 641917 641702 641705 641791 641802 641846 641845 
0 644138 644078 0 0 644099 644045 644024 0 644243 0 0 643985 643979 0 0 644390 0 643946 643916 643967 0 0 0 0 0 0 643922 643877 644077 0 0 0 643853 0 0 0 644413 644482 644177 0 644042 0 643829 643811 643772 0 0 0 644594 0 0 0 643733 643724 643715 643652 0 0 644491 0 643841 643745 643673 643697 643700 0 0 643906 0 0 644642 0 0 644132 0 643910 643619 643649 643697 0 0 644692 0 0 0 644186 0 0 643587 643659 643544 643472 0 0 0 644600 0 0 0 0 643814 643555 643555 0 0 0 644399 0 0 0 0 643919 643719 643751 0 643577 0 0 644492 644648 0 0 0 0 0 644123 0 
0 644393 644285 644300 0 644432 644402 644339 644234 644372 0 0 644378 644300 644240 0 644561 644543 644417 644363 644228 0 0 0 0 0 0 644586 644402 644099 0 0 0 644426 0 0 0 644351 644468 644690 0 644652 0 644555 644529 644516 0 0 0 644558 0 0 644585 644503 644303 644228 644039 0 0 644681 0 644579 644527 644483 644491 644432 0 0 643943 0 0 644510 644642 644827 644756 0 644622 644466 644475 644511 0 0 644453 644831 644831 0 644794 0 0 644458 644500 644320 643883 0 0 0 644372 0 644747 644638 644671 644590 644474 644450 0 0 644350 644573 644763 644765 0 644706 644665 644563 644571 0 643712 0 0 644285 644348 0 0 0 644729 0 644790 0 
0 644434 644326 644341 0 644473 644443 644380 644275 644413 0 0 644419 644341 644281 0 644602 644574 644454 644404 644269 0 0 0 0 0 0 644595 644432 644140 0 0 0 644448 0 0 0 644392 644509 644708 0 644659 0 644568 644542 644529 0 0 0 644626 0 0 644598 644516 644330 644268 644080 0 0 644748 0 644592 644540 644496 644504 644445 0 0 643984 0 0 644578 644710 644831 644769 0 644635 644479 644488 644524 0 0 644521 644834 644841 0 644807 0 0 644471 644513 644333 643924 0 0 0 644440 0 644786 644651 644684 644603 644487 644463 0 0 644388 644634 644797 644805 0 644719 644678 644576 644584 0 643753 0 0 644352 644416 0 0 0 644769 0 644793 0 
644815 644863 644791 644801 644915 644889 644869 644827 644757 644849 644935 644947 644853 644801 644761 644751 644975 644963 644879 644843 644753 644895 644977 645003 644983 644985 644987 644987 644869 644667 644685 644929 645051 644885 644647 644657 644659 644835 644913 645061 645081 645035 644965 644959 644955 644929 644617 644631 644637 644943 645079 645105 644971 644903 644803 644753 644627 644589 644851 645025 645083 644959 644903 644863 644879 644891 644719 644547 644563 644529 644911 644911 644999 645127 645107 645033 644997 644829 644847 644871 644855 644519 644873 645127 645127 645127 645127 645003 644875 644813 644849 644819 644523 644493 644847 644867 644819 644999 645069 644981 644999 644933 644797 644797 644647 644657 644809 644953 645079 645079 645105 645021 644987 644879 644895 644747 644409 644771 644765 644761 644803 644759 644757 644751 645055 645079 645071 645021 
0 644403 644295 0 0 644442 644412 644349 0 0 0 0 644388 644310 0 0 0 0 644427 644373 644238 0 0 0 0 0 0 644605 0 644109 0 0 0 0 0 0 0 0 0 644696 0 0 0 644597 644571 644558 0 0 0 0 0 0 0 644545 644313 644238 0 0 0 0 0 644621 0 0 0 644474 0 0 643953 0 0 0 0 0 644782 0 644664 0 0 0 0 0 0 0 0 0 644804 0 0 0 644542 644362 643893 0 0 0 0 0 0 0 0 644632 644516 644492 0 0 0 0 0 0 0 0 644703 644605 0 0 643722 0 0 644199 0 0 0 0 0 0 644778 0 
644833 644881 644809 644819 644933 644907 644887 644845 644775 644867 644899 644965 644871 644819 644779 644769 644843 644981 644897 644861 644771 644859 644941 644919 644947 645003 645019 645025 644887 644685 644703 644797 644967 644903 644665 644675 644677 644799 644781 644977 644997 645051 645081 645087 645043 645069 644635 644649 644655 644719 644903 644973 645123 645095 644821 644771 644645 644607 644719 644801 645051 645135 645127 645087 645103 644949 644737 644565 644581 644547 644687 644687 644775 644905 645015 645103 645139 645053 645071 645095 645079 644537 644649 644955 644929 644939 644987 645133 645099 645037 645073 644885 644541 644511 644623 644643 644595 644775 644845 645147 645121 645151 645021 645021 644665 644675 644585 644729 644859 644883 644979 645095 645109 645097 645113 644971 644427 644571 644565 644537 644579 644535 644533 644527 644859 644909 645037 645051 
0 644559 644518 644516 0 644585 644584 644554 644484 644521 644511 0 644580 644534 644457 644447 644455 644635 644606 644576 644486 0 0 0 0 0 0 644703 644602 644400 644418 0 644579 644618 644380 644390 644392 644411 644393 644589 0 644663 0 644765 644740 644766 644350 0 644370 644331 0 0 644777 644792 644536 644486 644360 0 0 644413 0 644789 644821 644832 644816 644664 644452 0 644296 0 0 644299 644387 644517 644627 0 644751 644852 644843 644848 0 0 644261 644567 644541 0 644599 0 644858 644860 644859 644600 644256 0 0 0 644207 0 644457 644767 644749 644815 644853 644860 644380 0 644197 644341 644471 644495 644591 644727 644761 644844 644836 0 644142 0 0 644149 644191 0 0 0 644471 644521 644649 644723 
0 640404 640380 0 0 640430 640434 640416 0 640366 0 0 640442 640414 0 0 640396 0 640468 640456 640390 0 0 0 0 0 0 640548 640482 640304 0 0 0 640498 0 0 0 640304 640334 640506 0 640532 0 640610 640590 640616 0 0 0 640392 0 0 0 640642 640488 640462 640408 0 0 640450 0 640634 640666 640680 640666 640568 0 0 640200 0 0 640360 0 0 640568 0 640620 640694 640688 640688 0 0 640322 0 0 0 640564 0 0 640694 640694 640576 640400 0 0 0 640340 0 0 0 0 640681 640694 640694 0 0 0 640474 0 0 0 0 640678 640694 640694 0 640286 0 0 640186 640276 0 0 0 0 0 640638 0 
0 639521 639497 0 0 639547 639551 639533 0 0 0 0 639559 639531 0 0 0 0 639585 639573 639507 0 0 0 0 0 0 639665 0 639421 0 0 0 0 0 0 0 0 0 0 0 0 0 639727 639707 639733 0 0 0 0 0 0 0 0 639605 639579 0 0 0 0 0 639751 0 0 0 639685 0 0 639317 0 0 0 0 0 639657 0 639737 0 0 0 0 0 0 0 0 0 0 0 0 0 639828 639693 639517 0 0 0 0 0 0 0 0 639801 639835 639835 0 0 0 0 0 0 0 0 639779 639835 0 0 639403 0 0 0 0 0 0 0 0 0 639703 0 
0 0 0 0 0 0 0 0 0 0 0 0 0 0 0 0 0 0 0 0 0 0 0 0 0 0 0 0 0 0 0 0 0 0 0 0 0 0 0 0 0 0 0 0 0 0 0 0 0 0 0 0 0 0 640570 640579 0 0 0 0 0 640257 0 0 0 0 0 0 0 0 0 0 0 0 0 0 0 0 0 0 0 0 0 0 0 0 0 0 0 0 0 640695 640363 0 0 0 0 0 0 0 0 0 0 640219 0 0 0 0 0 0 0 0 0 0 0 0 640192 0 0 0 0 0 0 0 0 0 0 0 
0 0 0 0 0 0 0 0 0 0 0 0 0 0 0 0 0 0 0 0 0 0 0 0 0 0 0 0 0 0 0 0 0 0 0 0 0 0 0 0 0 0 0 0 0 0 0 0 0 0 0 0 0 0 640068 640154 0 0 0 0 0 639458 0 0 0 0 0 0 0 0 0 0 0 0 0 0 0 0 0 0 0 0 0 0 0 0 0 0 0 0 0 640025 640589 0 0 0 0 0 0 0 0 0 0 639407 0 0 0 0 0 0 0 0 0 0 0 0 640450 0 0 0 0 0 0 0 0 0 0 0 
642663 642627 642687 642670 642601 642614 642636 642669 642704 642622 642555 642573 642656 642694 642678 642683 642511 642565 642643 642673 642730 642575 642534 642509 642531 642554 642558 642555 642660 642773 642752 642534 642485 642652 642783 642778 642765 642605 642542 642480 642470 642515 642527 642524 642558 642545 642784 642791 642788 642393 642445 642446 642494 642532 642717 642742 642779 642824 642573 642388 642443 642488 642496 642512 642520 642641 642757 642845 642799 642815 642445 642409 642365 642372 642425 642453 642471 642495 642504 642480 642472 642859 642428 642383 642360 642391 642403 642438 642446 642487 642469 642685 642735 642870 642477 642395 642347 642293 642330 642427 642400 642439 642443 642479 642721 642716 642516 642280 642323 642311 642335 642375 642394 642412 642420 642454 642792 642509 642503 642475 642427 642413 642198 642201 642287 642298 642342 642341 
644816 644816 644792 644830 644764 644790 644762 644756 644826 644878 644888 644780 644730 644734 644918 644926 644944 644764 644704 644692 644734 644928 644846 644868 644840 644742 644678 644672 644666 644820 644850 644990 644820 644650 644824 644830 644836 644988 645006 644810 644790 644736 644616 644610 644606 644580 644582 644808 644814 645068 644884 644814 644622 644554 644588 644590 644572 644766 645028 644986 644736 644610 644554 644514 644530 644556 644528 644724 644740 644706 645100 645100 645012 644882 644772 644684 644648 644480 644498 644522 644506 644696 645138 644832 644858 644848 644800 644654 644526 644464 644500 644476 644484 644670 645124 645120 645072 644940 644942 644632 644650 644584 644448 644448 644456 644446 645038 644938 644928 644904 644808 644672 644638 644530 644546 644398 644586 644976 644970 645038 645152 645108 644894 644900 644904 644878 644750 644676 
644837 644837 644813 644851 644785 644811 644783 644777 644847 644899 644909 644801 644751 644755 644891 644881 644965 644785 644725 644713 644755 644949 644867 644889 644861 644763 644699 644693 644687 644797 644815 645011 644841 644671 644777 644787 644789 644965 645027 644831 644811 644757 644637 644631 644627 644601 644603 644761 644767 645089 644905 644835 644643 644575 644609 644611 644593 644719 644981 645007 644757 644631 644575 644535 644551 644577 644549 644677 644693 644659 645121 645121 645033 644903 644793 644705 644669 644501 644519 644543 644527 644649 645151 644853 644879 644869 644821 644675 644547 644485 644521 644497 644505 644623 645077 645165 645119 644987 644963 644653 644671 644605 644469 644469 644477 644467 644991 644985 644949 644925 644829 644693 644659 644551 644567 644419 644539 644929 644923 644991 645129 645087 644941 644947 644949 644899 644771 644697 
0 644144 644072 0 0 644105 644051 644030 0 644230 0 0 643991 643985 0 0 644392 0 643952 643922 643966 0 0 0 0 0 0 643928 643883 643937 0 0 0 643859 0 0 0 644273 644411 644183 0 644048 0 643804 643796 643744 0 0 0 644636 0 0 0 643692 643730 643721 643658 0 0 644507 0 643804 643692 643612 643644 643696 0 0 643730 0 0 644668 0 0 644128 0 643880 643544 643580 643628 0 0 644636 0 0 0 644184 0 0 643512 643584 643536 643476 0 0 0 644733 0 0 0 0 643752 643480 643480 0 0 0 644595 0 0 0 0 643860 643644 643676 0 643422 0 0 644326 644600 0 0 0 0 0 644084 0 
644720 644768 644696 644706 644820 644794 644774 644732 644662 644754 644840 644852 644758 644706 644666 644656 644880 644868 644784 644748 644658 644800 644882 644908 644888 644882 644834 644828 644774 644572 644590 644834 644954 644786 644552 644562 644564 644740 644818 644954 644946 644892 644772 644766 644762 644736 644522 644536 644542 644996 644988 644970 644778 644710 644708 644658 644532 644494 644756 645030 644892 644766 644710 644670 644686 644712 644624 644452 644468 644434 644916 644964 645052 645038 644928 644840 644804 644636 644654 644678 644662 644424 644926 644988 645014 645004 644956 644810 644682 644620 644656 644632 644428 644398 644852 644968 645012 645146 645098 644788 644806 644740 644604 644604 644552 644562 644766 645146 645084 645060 644964 644828 644794 644686 644702 644554 644314 644704 644698 644766 644904 644908 644950 644944 645084 645034 644906 644832 
0 643863 643759 643789 0 643889 643857 643795 643725 643861 0 0 643821 643745 0 0 644008 0 643847 643787 643673 0 0 0 0 0 0 643899 643806 643587 0 0 0 643814 0 0 0 643868 643946 644073 0 643995 0 643806 643800 643761 0 0 0 644112 0 0 0 643722 643665 643601 643403 0 0 644158 0 643806 643712 643644 643676 643693 0 0 643483 0 0 644080 0 0 644022 0 643863 643576 643612 643648 0 0 644042 0 0 0 644052 0 0 643544 643604 643537 643203 0 0 0 643990 0 644199 0 0 643748 643500 643512 0 0 0 644121 0 0 0 0 643817 643640 643672 0 643089 0 0 643894 643974 0 0 0 0 0 643965 0 
0 644538 644430 644445 0 644577 644547 644484 644379 644517 0 0 644523 644445 644385 0 644566 644688 644562 644508 644373 0 0 0 0 0 0 644754 644547 644244 0 0 0 644571 0 0 0 644451 644473 644743 0 644793 0 644838 644781 644805 0 0 0 644391 0 0 644880 644818 644448 644373 644184 0 0 644514 0 644886 644856 644812 644820 644640 0 0 644088 0 0 644343 644475 644670 644824 0 644906 644795 644804 644840 0 0 644286 644745 644706 0 644793 0 0 644787 644829 644544 644028 0 0 0 644205 0 644580 644922 644908 644910 644803 644779 0 0 644190 644406 644601 644637 0 644895 644902 644883 644891 0 643857 0 0 644118 644181 0 0 0 644601 0 644831 0 
0 644617 644509 644524 0 644656 644626 644563 644458 644596 0 0 644602 644524 644464 0 644644 644767 644641 644587 644452 0 0 0 0 0 0 644833 644626 644323 0 0 0 644650 0 0 0 644554 644551 644839 0 644878 0 644926 644860 644899 0 0 0 644458 0 0 644980 644938 644527 644452 644263 0 0 644581 0 644998 645003 644976 644967 644719 0 0 644167 0 0 644410 644542 644737 644902 0 645010 644950 644968 645004 0 0 644353 644812 644773 0 644860 0 0 644929 644982 644623 644107 0 0 0 644272 0 644647 645084 645072 645080 644905 644905 0 0 644257 644473 644668 644704 0 645044 645079 645025 645049 0 643936 0 0 644185 644248 0 0 0 644668 0 644935 0 
0 0 0 0 0 0 0 0 0 0 0 0 0 644509 0 0 0 0 0 0 644413 0 0 0 0 0 0 0 0 644241 0 0 0 0 0 0 0 0 0 0 0 0 0 0 0 0 0 0 0 0 0 0 0 0 644469 644395 0 0 0 0 0 644941 0 0 0 0 0 0 644033 0 0 0 0 0 0 0 0 0 0 0 0 0 0 0 0 0 0 0 0 0 0 644509 643953 0 0 0 0 0 0 0 0 644977 0 644805 0 0 0 0 0 0 0 0 644909 0 0 0 643725 0 0 0 0 0 0 0 0 0 644757 0 
0 639719 639695 0 0 639745 639749 639731 0 0 0 0 639757 639721 0 0 0 0 639783 639763 639685 0 0 0 0 0 0 639863 0 639599 0 0 0 0 0 0 0 0 0 0 0 0 0 639908 639898 639911 0 0 0 0 0 0 0 0 639759 639721 0 0 0 0 0 639912 0 0 0 639863 0 0 639495 0 0 0 0 0 639827 0 639893 0 0 0 0 0 0 0 0 0 0 0 0 0 639963 639835 639575 0 0 0 0 0 0 0 0 639925 639978 639977 0 0 0 0 0 0 0 0 639898 639952 0 0 639461 0 0 0 0 0 0 0 0 0 639842 0 
0 639695 639675 0 0 639721 639729 639711 0 0 0 0 639737 639704 0 0 0 0 639757 639746 639668 0 0 0 0 0 0 639793 0 639582 0 0 0 0 0 0 0 0 0 0 0 0 0 639824 639818 639831 0 0 0 0 0 0 0 0 639726 639701 0 0 0 0 0 639824 0 0 0 639790 0 0 639478 0 0 0 0 0 639743 0 639805 0 0 0 0 0 0 0 0 0 0 0 0 0 639876 639758 639558 0 0 0 0 0 0 0 0 639837 639868 639880 0 0 0 0 0 0 0 0 639810 639852 0 0 639444 0 0 0 0 0 0 0 0 0 639754 0 
0 644564 644588 644550 0 644590 644618 644624 644554 644502 644492 0 644650 644646 644462 644452 644436 644610 644676 644688 644646 0 0 0 0 0 0 644596 644706 644560 644530 0 644538 644706 644540 644550 644504 644392 644374 644538 0 644564 0 644534 644578 644552 644798 0 644530 644312 0 0 644498 644526 644778 644790 644808 0 0 644394 0 644486 644478 644486 644502 644672 644850 0 644456 0 0 644280 644368 644422 644456 0 644476 644452 644470 644446 0 0 644242 644420 644398 0 644436 0 644402 644436 644424 644736 644824 0 0 0 644188 0 644386 644412 644382 644412 644372 644420 644898 0 644178 644322 644372 644348 644348 644356 644370 644358 644374 0 644710 0 0 644130 644172 0 0 0 644324 644322 644338 644312 
644765 644765 644789 644751 644817 644791 644819 644825 644755 644703 644693 644801 644851 644847 644663 644653 644637 644817 644877 644889 644847 644653 644735 644713 644741 644835 644821 644815 644915 644761 644731 644591 644761 644931 644741 644751 644705 644593 644575 644761 644741 644783 644759 644753 644797 644771 644999 644725 644731 644513 644697 644717 644717 644745 644993 644991 645009 644731 644513 644595 644687 644705 644697 644705 644721 644891 645053 644737 644657 644671 644481 644481 644569 644641 644675 644683 644695 644671 644689 644665 644649 644757 644443 644639 644617 644655 644655 644653 644621 644655 644643 644955 645035 644827 644417 644437 644389 644569 644605 644631 644601 644631 644591 644639 645111 645121 644379 644523 644591 644567 644567 644575 644589 644577 644593 644589 644921 644365 644359 644331 644373 644329 644327 644321 644543 644541 644557 644531 
0 644673 644637 644694 0 644634 644592 644583 644688 644766 0 0 644544 644550 644826 0 644863 644595 644505 644487 644550 0 0 0 0 0 0 644457 644448 644679 0 0 0 644424 0 0 0 644931 644956 644664 0 644553 0 644364 644358 644319 0 0 0 644799 0 0 644382 644280 644331 644334 644307 0 0 644748 0 644364 644280 644220 644244 644283 0 0 644735 0 0 644847 644715 644646 644605 0 644421 644169 644196 644232 0 0 644904 644619 644610 0 644619 0 0 644145 644199 644163 644175 0 0 0 644769 0 644610 644397 644424 644325 644121 644121 0 0 645046 644568 644589 644553 0 644455 644406 644244 644268 0 644346 0 0 645016 644937 0 0 0 644517 0 644496 0 
0 644123 643980 0 0 644162 644120 644045 0 644096 0 0 644082 643994 0 0 644348 0 644079 644043 643904 0 0 0 0 0 0 644095 644017 643732 0 0 0 644001 0 0 0 644068 644224 644329 0 644207 0 644033 644005 643979 0 0 0 644580 0 0 0 643953 643867 643845 643649 0 0 644618 0 644057 643977 643913 643929 643883 0 0 643524 0 0 644516 0 0 644315 0 644119 643872 643897 643945 0 0 644440 0 0 0 644367 0 0 643848 643914 643731 643444 0 0 0 644620 0 0 0 0 644055 643836 643824 0 0 0 644793 0 0 0 0 644157 643983 644007 0 643216 0 0 644120 644396 0 0 0 0 0 644341 0 
0 644264 644156 644171 0 644303 644273 644210 644105 644243 0 0 644249 644171 644111 0 644432 644414 644288 644234 644099 0 0 0 0 0 0 644414 644273 643970 0 0 0 644297 0 0 0 644222 644339 644561 0 644494 0 644383 644357 644344 0 0 0 644570 0 0 644413 644331 644174 644099 643910 0 0 644657 0 644407 644355 644311 644319 644260 0 0 643814 0 0 644522 644654 644711 644584 0 644450 644294 644303 644339 0 0 644465 644662 644699 0 644622 0 0 644286 644328 644148 643754 0 0 0 644450 0 644747 644466 644499 644418 644302 644278 0 0 644261 644651 644746 644734 0 644534 644493 644391 644399 0 643583 0 0 644261 644384 0 0 0 644722 0 644621 0 
0 644607 644499 644514 0 644646 644616 644553 644448 644586 0 0 644592 644514 644454 0 644775 644757 644631 644577 644442 0 0 0 0 0 0 644817 644616 644313 0 0 0 644640 0 0 0 644565 644682 644904 0 644871 0 644740 644734 644695 0 0 0 644929 0 0 644758 644656 644517 644442 644253 0 0 645000 0 644740 644656 644596 644620 644659 0 0 644157 0 0 644881 645013 645084 644983 0 644797 644545 644572 644608 0 0 644824 645065 645102 0 645025 0 0 644521 644575 644539 644097 0 0 0 644747 0 645118 644773 644800 644701 644497 644497 0 0 644604 644948 645139 645153 0 644833 644782 644620 644644 0 643926 0 0 644604 644723 0 0 0 645121 0 644950 0 
0 644567 644459 644474 0 644606 644576 644513 644408 644546 644675 0 644552 644474 644414 644399 644735 644717 644591 644537 644402 0 0 0 0 0 0 644783 644576 644273 644300 0 644849 644600 644243 644258 644261 644525 644642 644864 0 644831 0 644830 644800 644791 644198 0 644228 644783 0 0 644860 644778 644477 644402 644213 0 0 644904 0 644854 644784 644724 644748 644669 644351 0 644117 0 0 644735 644867 645036 644993 0 644897 644673 644700 644736 0 0 644678 645047 645072 0 645023 0 644742 644649 644703 644572 644057 0 0 0 644597 0 644972 644901 644928 644829 644625 644625 644243 0 644556 644798 644993 645029 645113 644961 644910 644748 644772 0 643886 0 0 644508 644573 0 0 0 644993 645064 645068 644967 
0 644327 644219 644234 0 644366 644336 644273 644168 644306 0 0 644312 644234 644174 0 644441 644477 644351 644297 644162 0 0 0 0 0 0 644543 644336 644033 0 0 0 644360 0 0 0 644285 644348 644612 0 644591 0 644636 644570 644609 0 0 0 644315 0 0 644690 644642 644237 644162 643973 0 0 644426 0 644708 644669 644617 644633 644429 0 0 643877 0 0 644267 644399 644570 644699 0 644723 644583 644601 644637 0 0 644210 644633 644606 0 644669 0 0 644567 644615 644333 643817 0 0 0 644165 0 644504 644783 644801 644723 644563 644551 0 0 644090 644366 644525 644561 0 644793 644789 644669 644685 0 643646 0 0 644030 644117 0 0 0 644537 0 644754 0 
0 0 0 0 0 0 0 0 0 0 0 0 0 644294 0 0 0 0 0 0 644198 0 0 0 0 0 0 0 0 644026 0 0 0 0 0 0 0 0 0 0 0 0 0 0 0 0 0 0 0 0 0 0 0 0 644298 644198 0 0 0 0 0 644877 0 0 0 0 0 0 643818 0 0 0 0 0 0 0 0 0 0 0 0 0 0 0 0 0 0 0 0 0 0 644411 643738 0 0 0 0 0 0 0 0 644921 0 644671 0 0 0 0 0 0 0 0 644997 0 0 0 643510 0 0 0 0 0 0 0 0 0 644932 0 
0 639784 639772 0 0 639797 639799 639790 0 0 0 0 639803 639784 0 0 0 0 639816 639805 639760 0 0 0 0 0 0 639856 0 639685 0 0 0 0 0 0 0 0 0 0 0 0 0 639887 639877 639890 0 0 0 0 0 0 0 0 639785 639760 0 0 0 0 0 639899 0 0 0 639849 0 0 639581 0 0 0 0 0 639850 0 639892 0 0 0 0 0 0 0 0 0 0 0 0 0 639942 639817 639645 0 0 0 0 0 0 0 0 639924 639949 639949 0 0 0 0 0 0 0 0 639917 639949 0 0 639547 0 0 0 0 0 0 0 0 0 639861 0 
0 640162 640138 0 0 640188 640192 640174 0 640124 0 0 640200 640172 0 0 640154 0 640226 640214 640148 0 0 0 0 0 0 640306 640240 640062 0 0 0 640256 0 0 0 640062 640092 640264 0 640290 0 640368 640348 640374 0 0 0 640150 0 0 0 640400 640246 640220 640166 0 0 640208 0 640392 640417 640417 640417 640326 0 0 639958 0 0 640118 0 0 640326 0 640378 640417 640417 640417 0 0 640080 0 0 0 640322 0 0 640417 640417 640334 640158 0 0 0 640098 0 0 0 0 640417 640417 640417 0 0 0 640232 0 0 0 0 640417 640417 640417 0 640044 0 0 639944 640034 0 0 0 0 0 640396 0 
640676 640700 640676 640662 640752 640726 640730 640712 640642 640662 640664 640760 640738 640710 640598 640588 640608 640776 640764 640752 640686 640624 640706 640684 640712 640798 640838 640844 640778 640600 640594 640562 640732 640794 640580 640590 640568 640564 640546 640742 640762 640816 640900 640906 640886 640912 640694 640564 640570 640484 640668 640738 640918 640938 640784 640758 640704 640546 640484 640566 640816 640930 640962 640978 640962 640864 640772 640528 640496 640486 640452 640452 640540 640670 640780 640868 640904 641012 640994 640994 641010 640524 640414 640720 640694 640704 640752 640898 641014 641028 641016 640872 640696 640546 640388 640408 640360 640540 640610 640920 640902 640968 641062 641044 640772 640782 640350 640494 640624 640648 640744 640880 640914 641022 641006 641062 640582 640336 640330 640302 640344 640300 640298 640292 640624 640674 640802 640876 
0 0 0 0 0 0 0 0 0 0 0 0 0 0 0 0 0 0 0 0 0 0 0 0 0 0 0 0 0 0 0 0 0 0 0 0 0 0 0 0 0 0 0 0 0 0 0 0 0 0 0 0 0 0 640185 640272 0 0 0 0 0 639558 0 0 0 0 0 0 0 0 0 0 0 0 0 0 0 0 0 0 0 0 0 0 0 0 0 0 0 0 0 640101 640677 0 0 0 0 0 0 0 0 0 0 639507 0 0 0 0 0 0 0 0 0 0 0 0 640741 0 0 0 0 0 0 0 0 0 0 0 
644893 644893 644869 644907 644841 644867 644839 644833 644903 644955 644965 644857 644807 644811 644995 645005 645021 644841 644781 644769 644811 645005 644923 644945 644917 644819 644755 644749 644743 644897 644927 645067 644897 644727 644917 644907 644953 645065 645083 644887 644867 644813 644693 644687 644683 644657 644659 644933 644927 644909 644917 644891 644699 644631 644665 644667 644649 644927 645145 644875 644813 644687 644631 644591 644607 644633 644605 644903 644923 644889 644989 644941 644853 644819 644849 644761 644725 644557 644575 644599 644583 644879 644979 644817 644795 644833 644833 644731 644603 644541 644577 644553 644561 644831 645053 644937 644889 644757 644783 644709 644727 644661 644525 644525 644533 644523 645081 644755 644769 644745 644745 644749 644715 644607 644623 644475 644675 645067 645061 645033 645001 644997 644711 644717 644721 644719 644735 644709 
644821 644821 644797 644835 644769 644795 644767 644761 644831 644883 644893 644785 644735 644739 644923 644933 644949 644769 644709 644697 644739 644933 644851 644873 644845 644747 644683 644677 644671 644825 644855 644995 644825 644655 644845 644835 644881 644993 645011 644815 644795 644741 644621 644615 644611 644585 644587 644861 644855 644931 644867 644819 644627 644559 644593 644595 644577 644855 645073 644897 644741 644615 644559 644519 644535 644561 644533 644835 644883 644859 645011 644963 644875 644817 644777 644689 644653 644485 644503 644527 644511 644811 645001 644791 644793 644807 644783 644659 644531 644469 644505 644481 644489 644759 645075 644959 644911 644779 644805 644637 644655 644589 644453 644453 644461 644451 645101 644777 644791 644767 644743 644677 644643 644535 644551 644403 644603 645091 645085 645101 645023 645019 644733 644739 644743 644741 644709 644659 
0 643671 643599 0 0 643619 643550 643527 0 0 0 0 643470 643471 0 0 0 0 643405 643375 643459 0 0 0 0 0 0 643325 0 643631 0 0 0 0 0 0 0 0 0 0 0 0 0 643170 643160 643095 0 0 0 0 0 0 0 643030 643115 643120 0 0 0 0 0 643170 0 0 0 643035 0 0 643830 0 0 0 0 0 643575 0 643265 0 0 0 0 0 0 0 0 0 0 0 0 0 642895 642835 642839 0 0 0 0 0 0 0 0 643105 642765 642765 0 0 0 0 0 0 0 0 643240 642970 0 0 643067 0 0 644589 0 0 0 0 0 0 643520 0 
0 644083 644035 0 0 644031 643975 643963 0 644207 0 0 643911 643919 0 0 644339 0 643859 643835 643919 0 0 0 0 0 0 643795 643783 644091 0 0 0 643751 0 0 0 644427 644463 644071 0 643923 0 643671 643663 643611 0 0 0 644587 0 0 0 643559 643627 643631 643595 0 0 644423 0 643671 643559 643479 643511 643563 0 0 644129 0 0 644651 0 0 643995 0 643747 643411 643447 643495 0 0 644727 0 0 0 644051 0 0 643379 643451 643403 643419 0 0 0 644717 0 0 0 0 643619 643347 643347 0 0 0 644449 0 0 0 0 643727 643511 643543 0 643647 0 0 644732 644857 0 0 0 0 0 643951 0 
644709 644709 644685 644723 644657 644683 644655 644649 644719 644771 644781 644673 644623 644627 644811 644821 644837 644657 644597 644585 644627 644821 644739 644761 644733 644635 644571 644565 644559 644713 644743 644883 644713 644543 644733 644723 644769 644881 644899 644703 644683 644629 644509 644503 644499 644473 644475 644745 644743 644961 644777 644707 644515 644447 644481 644483 644465 644707 644961 644879 644629 644503 644447 644407 644423 644449 644421 644665 644681 644647 644993 644993 644905 644775 644665 644577 644541 644373 644391 644415 644399 644637 645031 644725 644751 644741 644693 644547 644419 644357 644393 644369 644377 644611 645057 645037 645083 644905 644835 644525 644543 644477 644341 644341 644349 644339 644979 644949 644821 644797 644701 644565 644531 644423 644439 644291 644491 644917 644911 644979 645101 645121 644953 644959 644821 644771 644643 644569 
644666 644714 644642 644652 644706 644722 644698 644674 644608 644700 644786 644722 644672 644650 644612 644602 644826 644706 644646 644634 644604 644746 644788 644810 644782 644684 644620 644614 644608 644518 644536 644780 644762 644592 644498 644508 644510 644686 644764 644752 644732 644678 644558 644552 644548 644522 644468 644482 644488 644942 644826 644756 644564 644496 644530 644532 644478 644440 644702 644928 644678 644552 644496 644456 644472 644498 644470 644398 644414 644380 644862 644910 644954 644824 644714 644626 644590 644422 644440 644464 644448 644370 644872 644774 644800 644790 644742 644596 644468 644406 644442 644418 644374 644344 644798 644914 644962 644954 644884 644574 644592 644526 644390 644390 644398 644388 644712 645000 644870 644846 644750 644614 644580 644472 644488 644340 644260 644650 644644 644712 644850 644854 645138 645132 644870 644820 644692 644618 
644663 644687 644639 644663 644647 644673 644645 644639 644639 644711 644759 644663 644613 644615 644645 644635 644807 644647 644587 644575 644591 644759 644729 644751 644723 644625 644561 644555 644549 644551 644569 644807 644703 644533 644531 644541 644543 644719 644797 644693 644673 644619 644499 644493 644489 644463 644447 644515 644521 644927 644767 644697 644505 644437 644471 644473 644447 644473 644735 644869 644619 644493 644437 644397 644413 644439 644411 644431 644447 644413 644895 644927 644895 644765 644655 644567 644531 644363 644381 644405 644389 644403 644905 644715 644741 644731 644683 644537 644409 644347 644383 644359 644351 644377 644831 644947 644995 644895 644825 644515 644533 644467 644331 644331 644339 644329 644745 644941 644811 644787 644691 644555 644521 644413 644429 644281 644293 644683 644677 644745 644883 644887 645119 645119 644811 644761 644633 644559 
0 644477 644369 644384 0 644516 644486 644423 644318 644456 0 0 644462 644384 644324 0 644645 644627 644501 644447 644312 0 0 0 0 0 0 644667 644486 644183 0 0 0 644510 0 0 0 644435 644552 644774 0 644729 0 644644 644618 644605 0 0 0 644819 0 0 644671 644579 644387 644312 644123 0 0 644870 0 644659 644583 644523 644547 644521 0 0 644027 0 0 644771 644903 644943 644845 0 644709 644472 644499 644535 0 0 644714 644923 644958 0 644883 0 0 644448 644502 644409 643967 0 0 0 644749 0 645003 644700 644727 644628 644424 644424 0 0 644474 644950 645017 645031 0 644760 644709 644547 644571 0 643796 0 0 644474 644681 0 0 0 645067 0 644871 0 
0 644483 644375 644390 0 644522 644492 644429 644324 644462 644591 0 644468 644390 644330 644315 644651 644633 644507 644453 644318 0 0 0 0 0 0 644699 644492 644189 644216 0 644765 644516 644159 644174 644177 644441 644558 644780 0 644747 0 644727 644699 644688 644114 0 644144 644811 0 0 644757 644675 644393 644318 644129 0 0 644876 0 644751 644699 644653 644663 644577 644267 0 644033 0 0 644763 644895 644960 644901 0 644794 644602 644629 644665 0 0 644706 644961 644995 0 644933 0 644671 644578 644632 644476 643973 0 0 0 644643 0 645000 644810 644843 644758 644554 644554 644159 0 644480 644844 645021 645055 645018 644878 644837 644677 644701 0 643802 0 0 644480 644619 0 0 0 645037 645077 644965 644896 
0 0 0 0 0 0 0 0 0 0 0 0 0 643565 0 0 0 0 0 0 643469 0 0 0 0 0 0 0 0 643297 0 0 0 0 0 0 0 0 0 0 0 0 0 0 0 0 0 0 0 0 0 0 0 0 643515 643441 0 0 0 0 0 643973 0 0 0 0 0 0 643089 0 0 0 0 0 0 0 0 0 0 0 0 0 0 0 0 0 0 0 0 0 0 643555 643009 0 0 0 0 0 0 0 0 643996 0 643820 0 0 0 0 0 0 0 0 644078 0 0 0 642781 0 0 0 0 0 0 0 0 0 644159 0 
0 644419 644311 644326 0 644458 644428 644365 644260 644398 644519 0 644404 644326 644266 644251 644554 644569 644443 644389 644254 0 0 0 0 0 0 644622 644428 644125 644152 0 644681 644452 644095 644110 644113 644369 644461 644696 0 644678 0 644682 644628 644649 644050 0 644080 644470 0 0 644724 644662 644329 644254 644065 0 0 644581 0 644730 644710 644682 644674 644498 644203 0 643969 0 0 644422 644554 644721 644789 0 644759 644681 644690 644726 0 0 644365 644771 644745 0 644797 0 644752 644666 644714 644398 643909 0 0 0 644310 0 644659 644807 644834 644791 644655 644650 644095 0 644245 644511 644675 644699 644795 644858 644840 644768 644784 0 643738 0 0 644185 644272 0 0 0 644675 644725 644837 644880 
