645010 0 645010 644990 644970 0 0 0 644898 0 644862 0 644980 644928 0 0 644920 0 0 644887 644902 0 0 0 644832 0 644817 644784 0 644851 644790 0 0 0 644824 0 0 0 0 0 0 644838 0 0 0 0 0 0 644737 0 644782 0 0 644663 644649 0 0 0 0 0 644708 644646 644610 0 0 644733 0 0 0 644716 0 644600 0 644598 644616 644695 644574 0 644726 644638 0 0 0 644528 0 0 0 644624 0 0 0 0 0 0 0 644672 0 0 0 0 644529 0 644556 644526 644561 0 644564 0 0 644578 0 0 0 0 0 0 0 644481 644522 644515 644518 0 0 0 0 0 0 644454 
644600 644618 644606 644611 644572 644590 644583 644577 644544 644521 644531 644541 644565 644554 644532 644505 644540 644547 644535 644559 644564 644523 644512 644493 644515 644517 644483 644461 644487 644507 644514 644521 644524 644532 644538 644459 644477 644467 644481 644517 644504 644514 644517 644437 644425 644407 644477 644493 644509 644517 644512 644473 644457 644401 644393 644371 644431 644449 644429 644453 644470 644460 644454 644475 644487 644479 644472 644504 644456 644454 644412 644371 644409 644359 644371 644379 644442 644472 644476 644476 644480 644376 644384 644323 644339 644355 644375 644321 644353 644389 644395 644429 644449 644452 644437 644458 644456 644459 644440 644471 644313 644321 644331 644311 644279 644424 644428 644433 644444 644420 644399 644387 644360 644357 644269 644276 644299 644281 644253 644283 644297 644369 644383 644367 644303 644277 644293 644263 
0 0 645045 0 0 0 0 0 644878 0 0 0 0 644954 0 0 644866 0 0 644935 644962 0 0 0 644853 0 0 0 0 644797 644788 0 0 0 0 0 0 0 0 0 0 644843 0 0 0 0 0 0 0 0 0 0 0 644688 644670 0 0 0 0 0 644656 644626 644608 0 0 0 0 0 0 644794 0 644670 0 644619 0 0 0 0 0 644686 0 0 0 644598 0 0 0 0 0 0 0 0 0 0 0 644675 0 0 0 0 644550 0 0 0 644509 0 0 0 0 644656 0 0 0 0 0 0 0 0 644470 0 644464 0 0 0 0 0 0 644475 
645044 0 645074 645123 644960 0 0 0 644876 0 644837 0 645031 644998 0 0 644864 0 0 645013 645080 0 0 0 644918 0 644849 644816 0 644795 644786 0 0 0 644950 0 0 0 0 0 0 644878 0 0 0 0 0 0 644863 0 644962 0 0 644753 644735 0 0 0 0 0 644654 644624 644606 0 0 644773 0 0 0 644896 0 644735 0 644684 644702 644639 644570 0 644764 644764 0 0 0 644663 0 0 0 644570 0 0 0 0 0 0 0 644710 0 0 0 0 644615 0 644642 644612 644507 0 644620 0 0 644758 0 0 0 0 0 0 0 644567 644468 644459 644462 0 0 0 0 0 0 644540 
645081 0 645053 644996 645155 0 0 0 645095 0 645058 0 645002 644897 0 0 645097 0 0 644840 644849 0 0 0 644865 0 644856 644823 0 645028 644985 0 0 0 644777 0 0 0 0 0 0 644849 0 0 0 0 0 0 644690 0 644729 0 0 644700 644682 0 0 0 0 0 644887 644843 644805 0 0 644744 0 0 0 644663 0 644652 0 644631 644649 644860 644769 0 644817 644591 0 0 0 644580 0 0 0 644721 0 0 0 0 0 0 0 644763 0 0 0 0 644562 0 644589 644559 644658 0 644673 0 0 644525 0 0 0 0 0 0 0 644514 644619 644692 644695 0 0 0 0 0 0 644487 
644989 0 644999 644983 644987 645011 0 0 644942 644886 644917 0 644986 644951 0 0 644950 0 0 644931 644922 0 0 0 644854 0 644848 644826 0 644906 644876 0 0 644938 644910 0 0 0 0 0 0 644935 0 644776 0 0 0 0 644860 644872 644858 0 0 644739 644732 0 0 0 0 0 644808 644774 644756 0 644881 644873 0 0 0 644800 0 644709 644748 644698 644710 644795 644732 0 644888 644794 0 0 644730 644661 644678 644694 0 644735 0 0 0 0 0 0 0 644816 644848 0 0 0 644652 644660 644670 644650 644693 0 644726 0 0 644750 0 0 0 0 0 0 0 644620 644667 644682 644684 0 0 0 0 0 0 644602 
645017 0 644997 645012 644949 644949 645130 0 644881 644917 644846 0 644874 644841 0 0 644875 0 0 644856 644937 0 0 0 645049 0 644860 644827 0 644806 644767 0 0 644775 644793 0 0 0 0 0 0 644721 0 644958 0 0 0 0 644706 644796 644925 0 0 644910 644892 0 0 0 0 0 644665 644629 644587 0 644640 644616 0 0 0 644885 0 644866 644916 644841 644857 644650 644551 644595 644607 644607 644829 0 644819 644794 644811 644835 0 644581 0 0 0 0 0 0 0 644553 644547 0 0 0 644772 644784 644799 644767 644518 0 644463 0 644577 644747 0 0 0 0 644728 0 0 644722 644479 644470 644473 0 644476 0 0 0 0 644697 
645125 0 645095 645038 645119 645093 645028 645146 645051 644967 645016 0 645018 644939 0 0 645055 644982 0 644882 644891 644840 0 0 644919 644922 644910 644877 644992 644986 644937 0 0 644931 644819 0 0 0 0 644886 0 644865 644786 644802 0 644796 644830 0 644732 644750 644771 0 0 644754 644736 644796 0 644881 0 644869 644845 644799 644757 0 644796 644760 644693 644711 0 644705 0 644700 644760 644685 644703 644830 644721 644751 644763 644633 644675 0 644639 644628 644655 644679 0 644749 644755 0 0 644761 644682 0 0 644709 644703 0 0 0 644616 644628 644643 644613 644686 644707 644619 644634 644531 644567 0 0 0 0 644562 0 0 644568 644647 644650 644653 0 644656 0 0 644498 0 644541 
0 0 0 0 0 0 0 0 645086 0 0 0 0 644750 0 0 645053 0 0 644693 644702 0 0 0 644773 0 0 0 0 645055 644994 0 0 0 0 0 0 0 0 0 0 644702 0 0 0 0 0 0 0 0 0 0 0 644589 644598 0 0 0 0 0 644928 644862 0 0 0 0 0 0 0 644516 0 644512 0 644547 0 0 0 0 0 644444 0 0 0 644440 0 0 0 0 0 0 0 0 0 0 0 644766 0 0 0 0 644478 0 0 0 644574 0 0 0 0 644378 0 0 0 0 0 0 0 0 644535 0 644760 0 0 0 0 0 0 644403 
644902 0 644892 644897 644882 644876 0 0 644846 644958 644823 0 644851 644831 0 0 644886 0 0 644829 644869 0 0 0 644923 0 644939 644926 0 644873 644768 0 0 644802 644787 0 0 0 0 0 0 644763 0 644886 0 0 0 0 644729 644775 644798 0 0 644762 644852 0 0 0 0 0 644740 644678 644648 0 644729 644693 0 0 0 644754 0 644696 644832 644841 644853 644844 644624 0 644707 644663 0 0 644687 644648 644759 644751 0 644786 0 0 0 0 0 0 0 644671 644667 0 0 0 644764 644780 644809 644793 644744 0 644590 0 0 644662 0 0 0 0 0 0 0 644763 644718 644732 644734 0 0 0 0 0 0 644727 
644841 0 644831 644783 644917 0 0 0 644963 0 644964 0 644811 644706 0 0 644951 0 0 644649 644658 0 0 0 644675 0 644678 644645 0 644939 644921 0 0 0 644586 0 0 0 0 0 0 644658 0 0 0 0 0 0 644499 0 644538 0 0 644492 644504 0 0 0 0 0 644857 644783 644741 0 0 644553 0 0 0 644472 0 644412 0 644453 644471 644684 644705 0 644684 644400 0 0 0 644340 0 0 0 644543 0 0 0 0 0 0 0 644748 0 0 0 0 644384 0 644411 644381 644480 0 644651 0 0 644334 0 0 0 0 0 0 0 644336 644441 644618 644657 0 0 0 0 0 0 644309 
644524 644516 644524 644505 644544 644532 644481 644525 644564 644434 644551 644561 644507 644472 644454 644418 644536 644563 644549 644453 644456 644439 644440 644427 644438 644428 644396 644374 644472 644537 644534 644535 644538 644546 644422 644394 644388 644428 644466 644531 644518 644446 644421 644384 644360 644320 644497 644507 644364 644388 644416 644401 644397 644383 644352 644308 644464 644482 644462 644486 644490 644480 644474 644489 644501 644376 644326 644374 644384 644394 644388 644377 644380 644306 644306 644364 644462 644486 644442 644298 644362 644364 644372 644353 644346 644358 644286 644282 644386 644422 644428 644462 644463 644466 644448 644472 644450 644408 644262 644308 644320 644316 644302 644246 644240 644444 644442 644447 644242 644314 644308 644320 644336 644332 644323 644330 644330 644216 644214 644316 644330 644402 644416 644316 644327 644325 644324 644282 
645018 0 645048 645033 644969 0 0 0 644896 0 644857 0 645083 645037 0 0 644884 0 0 644980 644989 0 0 0 644760 0 644751 644718 0 644815 644806 0 0 0 644917 0 0 0 0 0 0 644940 0 0 0 0 0 0 644830 0 644869 0 0 644595 644577 0 0 0 0 0 644674 644644 644626 0 0 644835 0 0 0 644803 0 644577 0 644526 644544 644648 644590 0 644849 644731 0 0 0 644505 0 0 0 644567 0 0 0 0 0 0 0 644795 0 0 0 0 644457 0 644484 644454 644504 0 644673 0 0 644665 0 0 0 0 0 0 0 644409 644465 644479 644482 0 0 0 0 0 0 644382 
0 0 0 0 0 0 0 0 644795 0 0 0 0 645066 0 0 644783 0 0 645030 644994 0 0 0 644654 0 0 0 0 644714 644705 0 0 0 0 0 0 0 0 0 0 645059 0 0 0 0 0 0 0 0 0 0 0 644489 644471 0 0 0 0 0 644573 644543 0 0 0 0 0 0 0 644814 0 644471 0 644420 0 0 0 0 0 644839 0 0 0 644399 0 0 0 0 0 0 0 0 0 0 0 644829 0 0 0 0 644351 0 0 0 644419 0 0 0 0 644773 0 0 0 0 0 0 0 0 644380 0 644381 0 0 0 0 0 0 644276 
645108 645114 645098 645103 645088 645082 645151 645107 645068 645096 645057 645047 645057 645046 645168 645088 645082 645041 645027 645051 645078 645123 645124 645155 645152 645129 645077 645066 645061 645059 645026 645013 645016 645024 645030 645138 645109 645057 645058 645009 644996 645006 645091 645127 645121 645039 644991 644985 645001 645031 645086 645085 645081 645111 645105 645015 645021 645024 645014 645020 645012 644984 644966 644967 644979 644971 644964 645042 645068 645078 645072 645077 645113 645088 645094 645007 644954 644964 644968 644968 645054 645048 645056 645053 645078 645086 645058 644984 644982 644976 644979 644984 644941 644944 644929 644950 644948 644951 644932 645009 645065 645069 645074 645064 644963 644966 644920 644925 644958 645032 645023 645023 645020 645017 645035 645028 645058 645049 644950 644947 644948 644960 644949 645015 645011 645009 645055 645040 
645106 645100 645096 645089 645086 645080 645089 645105 645066 645164 645055 645045 645055 645044 645068 645172 645094 645039 645025 645037 645040 645023 645024 645095 645108 645131 645165 645154 645139 645093 645024 645011 645014 645022 645016 645112 645149 645157 645142 645007 644994 645004 645005 645099 645123 645127 644989 644983 644987 644993 645000 644985 644981 645019 645097 645115 645121 645104 645114 645084 645020 644982 644964 644965 644977 644969 644962 644980 644968 644978 644972 644977 645065 645090 645096 645107 644952 644962 644966 644954 644968 644948 644956 644953 645028 645020 645098 645084 645082 645076 645077 645024 644939 644942 644927 644948 644946 644949 644930 644947 645041 645061 645076 645066 645063 644970 644918 644923 644920 644932 644923 644923 644920 644917 644935 644928 645000 645051 645050 645047 645048 645060 645011 644915 644911 644909 645003 645042 
0 0 0 0 0 0 0 0 645040 0 0 0 0 644786 0 0 645070 0 0 644729 644738 0 0 0 644847 0 0 0 0 645041 644914 0 0 0 0 0 0 0 0 0 0 644733 0 0 0 0 0 0 0 0 0 0 0 644654 644676 0 0 0 0 0 644878 644788 0 0 0 0 0 0 0 644552 0 644549 0 644625 0 0 0 0 0 644480 0 0 0 644477 0 0 0 0 0 0 0 0 0 0 0 644686 0 0 0 0 644556 0 0 0 644647 0 0 0 0 644414 0 0 0 0 0 0 0 0 644608 0 644723 0 0 0 0 0 0 644481 
644975 0 645003 644972 645035 645043 644846 644978 645083 644765 645092 0 644978 644873 0 0 645011 645140 0 644816 644825 644774 0 0 644717 644720 644708 644675 644876 645002 645043 0 0 645083 644753 0 0 0 0 645088 0 644825 644720 644600 0 644594 644932 0 644666 644684 644705 0 0 644552 644534 644594 0 644945 0 644935 644911 644881 644863 0 644996 644720 644627 644645 0 644639 0 644534 644558 644483 644501 644714 644827 644953 644855 644567 644609 0 644573 644462 644453 644477 0 644573 644771 0 0 644827 644884 0 0 644911 644903 0 0 0 644414 644426 644441 644411 644510 644773 644821 644836 644465 644501 0 0 0 0 644372 0 0 644366 644471 644666 644717 0 644722 0 0 644432 0 644339 
645116 645110 645126 645121 645136 645142 645073 645117 645144 645046 645131 645141 645133 645098 645046 645038 645128 645147 645163 645079 645082 645065 645066 645019 645030 645031 645027 645016 645083 645117 645114 645149 645152 645160 645058 645002 645011 645055 645080 645145 645132 645082 645047 644991 644985 644989 645077 645121 645029 645035 645042 645027 645023 644975 644969 644989 645079 645082 645072 645078 645070 645060 645054 645103 645115 645047 645016 645022 645010 645020 645014 644969 644977 644952 644958 645029 645042 645100 645092 644996 645010 644990 644998 644945 644942 644950 644960 644982 645040 645034 645037 645042 645077 645080 645065 645086 645084 645075 644984 644989 644929 644933 644938 644928 644961 645024 645056 645061 644962 644974 644965 644965 644962 644959 644915 644922 644922 644913 644948 645005 645006 645018 645007 644957 644953 644941 644919 644904 
0 0 0 0 0 0 0 0 644728 0 0 0 0 645046 0 0 644716 0 0 645051 645030 0 0 0 644696 0 0 0 0 644647 644638 0 0 0 0 0 0 0 0 0 0 644969 0 0 0 0 0 0 0 0 0 0 0 644531 644513 0 0 0 0 0 644506 644476 0 0 0 0 0 0 0 644858 0 644513 0 644462 0 0 0 0 0 644843 0 0 0 644441 0 0 0 0 0 0 0 0 0 0 0 644764 0 0 0 0 644393 0 0 0 644359 0 0 0 0 644795 0 0 0 0 0 0 0 0 644320 0 644314 0 0 0 0 0 0 644318 
0 0 0 0 0 0 0 0 644764 0 0 0 0 645033 0 0 644752 0 0 645029 645051 0 0 0 644790 0 0 0 0 644683 644674 0 0 0 0 0 0 0 0 0 0 644916 0 0 0 0 0 0 0 0 0 0 0 644630 644612 0 0 0 0 0 644542 644512 0 0 0 0 0 0 0 644914 0 644612 0 644561 0 0 0 0 0 644780 0 0 0 644540 0 0 0 0 0 0 0 0 0 0 0 644745 0 0 0 0 644492 0 0 0 644395 0 0 0 0 644785 0 0 0 0 0 0 0 0 644356 0 644350 0 0 0 0 0 0 644417 
644905 0 644935 644992 644821 644911 644992 644836 644737 644767 644698 0 644982 644969 0 0 644725 644746 0 644984 645065 645130 0 0 644923 644866 644710 644677 644662 644656 644647 0 0 644869 644921 0 0 0 0 644770 0 644849 645092 644830 0 644596 644536 0 644834 644924 645077 0 0 644782 644764 644524 0 644551 0 644539 644515 644485 644467 0 644768 644744 644723 644957 0 645035 0 644764 644788 644713 644731 644500 644431 644617 644735 644735 644981 0 644899 644692 644683 644707 0 644431 644425 0 0 644431 644542 0 0 644681 644675 0 0 0 644644 644656 644671 644641 644368 644377 644533 644518 644705 644897 0 0 0 0 644602 0 0 644596 644329 644320 644323 0 644326 0 0 644680 0 644569 
645093 645111 645103 645122 645065 645095 645122 645070 645037 645047 645024 645034 645082 645071 645143 645039 645033 645040 645052 645076 645103 645158 645173 645116 645103 645080 645028 645017 645012 645010 645007 645038 645041 645049 645055 645099 645060 645008 645009 645034 645021 645031 645116 645102 645082 644990 644970 645010 645026 645056 645111 645134 645130 645086 645080 644966 644972 644975 644965 644971 644963 644953 644947 644992 645004 644996 644989 645067 645117 645127 645121 645080 645088 645063 645055 644958 644935 644989 644993 644993 645079 645097 645105 645056 645053 645061 645009 644935 644933 644927 644930 644935 644966 644969 644954 644975 644973 644976 644957 645034 645040 645044 645049 645025 644914 644917 644945 644950 644983 645081 645072 645072 645069 645066 645026 645033 645033 645010 644901 644898 644899 644911 644900 645064 645060 645052 645030 645015 
645086 645092 645076 645081 645066 645060 645129 645085 645046 645118 645035 645025 645035 645024 645146 645110 645074 645019 645005 645029 645056 645101 645102 645173 645172 645151 645099 645088 645083 645073 645004 644991 644994 645002 645008 645160 645131 645079 645080 644987 644974 644984 645069 645149 645143 645061 644969 644963 644979 645009 645064 645063 645059 645097 645127 645037 645043 645046 645036 645042 645000 644962 644944 644945 644957 644949 644942 645020 645046 645056 645050 645055 645135 645110 645116 645029 644932 644942 644946 644946 645032 645026 645034 645031 645100 645098 645080 645006 645004 644998 645001 645004 644919 644922 644907 644928 644926 644929 644910 644987 645087 645091 645096 645086 644985 644950 644898 644903 644936 645010 645001 645001 644998 644995 645013 645006 645078 645071 644972 644969 644970 644982 644971 644993 644989 644987 645077 645062 
0 0 0 0 0 0 0 0 0 0 0 0 0 0 0 0 0 0 0 0 0 0 0 0 640984 0 0 0 0 0 0 0 0 0 0 0 0 0 0 0 0 0 0 0 0 0 0 0 0 0 0 0 0 0 0 0 0 0 0 0 0 0 0 0 0 0 0 0 0 0 0 0 0 0 0 0 0 0 0 0 0 0 0 0 0 0 0 0 0 0 0 0 0 0 0 0 0 0 0 0 0 0 0 0 0 0 0 0 0 0 0 0 0 0 0 0 0 0 0 0 0 0 0 0 0 0 0 0 
644974 0 644944 644959 644914 644896 645067 644971 644854 645066 644821 0 644821 644788 0 0 644924 644773 0 644803 644874 644871 0 0 645084 645125 645009 644976 644961 644899 644728 0 0 644722 644740 0 0 0 0 644677 0 644668 644817 645011 0 644895 644623 0 644653 644733 644802 0 0 644851 644945 644823 0 644850 0 644836 644706 644602 644548 0 644587 644563 644542 644740 0 644736 0 644733 644945 644894 644912 644799 644512 644542 644554 644554 644706 0 644670 644661 644836 644828 0 644730 644724 0 0 644686 644473 0 0 644500 644494 0 0 0 644825 644837 644852 644822 644667 644560 644410 644425 644514 644598 0 0 0 0 644607 0 0 644777 644628 644619 644622 0 644621 0 0 644529 0 644750 
0 0 643018 0 0 0 0 0 642958 0 0 0 0 642818 0 0 643014 0 0 642804 642858 0 0 0 643074 0 643170 643170 0 643012 642874 0 0 0 0 0 0 0 0 0 0 642682 0 0 0 0 0 0 642604 0 0 0 0 642826 643044 0 0 0 0 0 642866 642790 642754 0 0 0 0 0 0 642730 0 642694 0 643064 643076 643066 0 0 0 642472 0 0 0 642598 0 0 0 643020 0 0 0 0 0 0 0 642626 0 0 0 0 642846 0 642998 0 642978 0 0 0 0 642522 0 0 0 0 0 0 0 0 642952 642946 642948 0 0 0 0 0 0 642806 
0 0 642997 0 0 0 0 0 642951 0 0 0 0 642893 0 0 643007 0 0 642879 642909 0 0 0 643017 0 643145 643145 0 643005 642867 0 0 0 0 0 0 0 0 0 0 642811 0 0 0 0 0 0 642705 0 0 0 0 642695 642923 0 0 0 0 0 642859 642783 642747 0 0 0 0 0 0 642685 0 642563 0 642973 643021 643099 0 0 0 642573 0 0 0 642467 0 0 0 643053 0 0 0 0 0 0 0 642715 0 0 0 0 642715 0 642877 0 643011 0 0 0 0 642553 0 0 0 0 0 0 0 0 642985 642979 642981 0 0 0 0 0 0 642685 
645009 0 644979 644922 645011 644979 644922 645054 644951 645079 644918 0 644904 644823 0 0 645035 644870 0 644766 644775 644724 0 0 644979 645034 645022 644989 645108 645032 644825 0 0 644819 644703 0 0 0 0 644774 0 644751 644670 644914 0 644908 644720 0 644616 644634 644655 0 0 644712 644848 644908 0 644997 0 644985 644813 644699 644645 0 644684 644646 644577 644595 0 644589 0 644586 644850 644797 644815 644946 644609 644639 644651 644517 644559 0 644523 644514 644739 644715 0 644863 644871 0 0 644825 644570 0 0 644597 644591 0 0 0 644728 644740 644755 644725 644800 644663 644507 644522 644415 644451 0 0 0 0 644460 0 0 644680 644761 644766 644769 0 644772 0 0 644382 0 644653 
0 0 0 0 0 0 0 0 641099 0 0 0 0 640981 0 0 641092 0 0 640962 640965 0 0 0 641005 0 0 0 0 641104 641074 0 0 0 0 0 0 0 0 0 0 640965 0 0 0 0 0 0 0 0 0 0 0 640936 640944 0 0 0 0 0 641061 641032 0 0 0 0 0 0 0 640903 0 640902 0 640927 0 0 0 0 0 640879 0 0 0 640878 0 0 0 0 0 0 0 0 0 0 0 640998 0 0 0 0 640904 0 0 0 640936 0 0 0 0 640857 0 0 0 0 0 0 0 0 640923 0 641010 0 0 0 0 0 0 640879 
0 0 0 0 0 0 0 0 641154 0 0 0 0 641049 0 0 641136 0 0 641030 641033 0 0 0 641038 0 0 0 0 641137 641172 0 0 0 0 0 0 0 0 0 0 641033 0 0 0 0 0 0 0 0 0 0 0 640983 640977 0 0 0 0 0 641144 641124 0 0 0 0 0 0 0 640971 0 640962 0 640960 0 0 0 0 0 640947 0 0 0 640938 0 0 0 0 0 0 0 0 0 0 0 641103 0 0 0 0 640937 0 0 0 640969 0 0 0 0 640925 0 0 0 0 0 0 0 0 640956 0 641050 0 0 0 0 0 0 640912 
645064 645058 645074 645069 645084 645090 645021 645065 645104 644994 645115 645125 645115 645100 644994 644986 645076 645131 645145 645081 645084 645039 645014 644967 644978 644979 644975 644964 645031 645077 645112 645159 645156 645148 645060 644950 644959 645003 645028 645153 645146 645084 645049 644939 644933 644937 645075 645173 645031 645037 645044 645029 645025 644923 644917 644937 645039 645066 645056 645076 645068 645058 645052 645147 645153 645049 645018 645024 645012 645022 644970 644917 644925 644900 644906 644977 645040 645102 645094 644998 645012 644970 644962 644893 644890 644898 644908 644930 645000 645032 645035 645040 645077 645122 645117 645138 645122 645077 644986 644991 644877 644881 644886 644876 644909 645022 645074 645069 644964 644976 644967 644967 644964 644961 644863 644870 644870 644861 644896 644965 644990 645016 645005 644959 644935 644889 644867 644852 
643968 643968 643988 643990 643984 644008 643918 643958 644000 643840 644010 644030 644052 644045 643888 643824 643956 644042 644082 644026 644029 643976 643940 643834 643844 643834 643802 643780 643878 643946 644026 644096 644093 644085 644005 643800 643794 643834 643872 644094 644091 644029 643994 643790 643766 643726 643988 644124 643976 643982 643989 643974 643970 643806 643758 643714 643870 643912 643892 643940 643962 643966 643966 644096 644098 643994 643963 643969 643957 643967 643900 643818 643786 643712 643712 643770 643954 644042 644039 643943 643957 643907 643896 643772 643752 643768 643692 643688 643792 643878 643884 643918 644016 644071 644074 644095 644067 644022 643931 643936 643726 643722 643708 643652 643646 643918 644022 644012 643909 643921 643912 643912 643909 643906 643712 643726 643726 643622 643620 643722 643760 643858 643872 643904 643850 643764 643720 643688 
644414 0 644424 644419 644434 644440 0 0 644454 644308 644443 0 644449 644414 0 0 644424 0 0 644395 644386 0 0 0 644276 0 644270 644248 0 644414 644426 0 0 644488 644374 0 0 0 0 0 0 644398 0 644198 0 0 0 0 644345 644339 644322 0 0 644165 644154 0 0 0 0 0 644382 644372 644366 0 644445 644363 0 0 0 644264 0 644135 644170 644120 644132 644238 644354 0 644408 644312 0 0 644192 644087 644100 644116 0 644156 0 0 0 0 0 0 0 644416 644414 0 0 0 644074 644082 644092 644072 644114 0 644386 0 0 644230 0 0 0 0 0 0 0 644042 644088 644190 644206 0 0 0 0 0 0 644024 
644891 0 644921 644908 644819 0 0 0 644735 0 644696 0 644984 645077 0 0 644723 0 0 645064 644983 0 0 0 644635 0 644626 644593 0 644654 644645 0 0 0 645125 0 0 0 0 0 0 645135 0 0 0 0 0 0 645064 0 644959 0 0 644470 644452 0 0 0 0 0 644513 644483 644465 0 0 645056 0 0 0 644809 0 644452 0 644401 644419 644498 644429 0 645047 644965 0 0 0 644380 0 0 0 644429 0 0 0 0 0 0 0 644801 0 0 0 0 644332 0 644359 644329 644366 0 644531 0 0 644899 0 0 0 0 0 0 0 644284 644327 644318 644321 0 0 0 0 0 0 644257 
645058 645064 645048 645053 645038 645032 645101 645057 645018 645124 645007 644997 645007 644996 645128 645116 645046 644991 644977 645001 645028 645083 645096 645155 645144 645143 645105 645094 645089 645045 644976 644963 644966 644974 644980 645172 645137 645085 645086 644959 644946 644956 645041 645171 645159 645067 644941 644935 644951 644981 645036 645057 645053 645091 645155 645043 645049 645052 645042 645036 644972 644934 644916 644917 644929 644921 644914 644992 645040 645050 645044 645049 645137 645138 645132 645035 644904 644914 644918 644918 645004 645020 645028 645025 645100 645092 645086 645012 645010 645004 645007 644976 644891 644894 644879 644900 644898 644901 644882 644959 645113 645119 645124 645102 644991 644922 644870 644875 644908 645004 644995 644995 644992 644989 645007 645000 645072 645087 644978 644975 644976 644988 644963 644987 644983 644981 645075 645090 
645068 645074 645058 645063 645048 645042 645111 645067 645028 645138 645017 645007 645017 645006 645100 645146 645056 645001 644987 645011 645038 645055 645056 645127 645140 645153 645145 645134 645101 645055 644986 644973 644976 644984 644990 645144 645173 645125 645104 644969 644956 644966 645037 645131 645161 645107 644951 644945 644961 644991 645032 645017 645013 645051 645129 645083 645089 645066 645076 645046 644982 644944 644926 644927 644939 644931 644924 645002 645000 645010 645004 645009 645097 645128 645134 645075 644914 644924 644928 644928 645000 644980 644988 644985 645060 645052 645126 645052 645050 645042 645039 644986 644901 644904 644889 644910 644908 644911 644892 644969 645073 645093 645114 645104 645031 644932 644880 644885 644918 644964 644955 644955 644952 644949 644967 644960 645032 645089 645018 645015 645016 645028 644973 644947 644943 644941 645035 645074 
645099 645081 645089 645070 645091 645085 645070 645110 645071 645145 645060 645050 645060 645037 645049 645153 645099 645044 645030 645018 645021 645004 645005 645076 645089 645112 645160 645149 645144 645098 645029 645016 645019 645027 644997 645093 645132 645172 645147 645012 644999 645009 644986 645080 645110 645122 644994 644988 644968 644974 644981 644966 644962 645000 645078 645122 645136 645109 645119 645089 645025 644987 644969 644970 644982 644974 644955 644961 644949 644959 644953 644958 645046 645085 645091 645126 644957 644967 644971 644935 644949 644929 644937 644934 645009 645001 645093 645103 645101 645085 645082 645029 644944 644947 644932 644953 644951 644954 644923 644928 645022 645042 645071 645061 645082 644975 644923 644928 644901 644913 644904 644904 644901 644898 644916 644909 644981 645046 645069 645066 645067 645077 645016 644896 644892 644890 644984 645023 
645085 645067 645075 645056 645113 645083 645056 645108 645105 645131 645094 645084 645058 645023 645035 645137 645133 645078 645064 645004 645007 644990 644991 645062 645075 645098 645126 645115 645166 645132 645063 645050 645053 645061 644983 645079 645110 645154 645169 645046 645033 645007 644972 645066 645084 645088 645028 645022 644954 644960 644967 644952 644948 644986 645064 645088 645154 645143 645147 645123 645059 645021 645003 645004 645016 644972 644941 644947 644935 644945 644939 644944 645032 645051 645057 645128 644991 645001 645005 644921 644935 644915 644923 644920 644995 644987 645059 645081 645115 645109 645112 645063 644978 644981 644966 644987 644985 644988 644909 644914 645008 645028 645037 645027 645060 645009 644957 644962 644887 644899 644890 644890 644887 644884 644902 644895 644967 645012 645047 645080 645081 645093 645050 644882 644878 644876 644970 645003 
644891 0 644921 644900 644951 644969 644762 644894 645011 644681 645044 0 644918 644813 0 0 644927 645092 0 644756 644765 644714 0 0 644633 644636 644624 644591 644792 644930 645101 0 0 645035 644693 0 0 0 0 645124 0 644765 644660 644516 0 644510 644992 0 644606 644624 644645 0 0 644468 644450 644510 0 644897 0 644947 644971 644941 644923 0 644972 644660 644567 644585 0 644579 0 644450 644474 644399 644417 644630 644887 645037 644795 644507 644549 0 644513 644378 644369 644393 0 644489 644699 0 0 644887 644968 0 0 644995 644879 0 0 0 644330 644342 644357 644327 644426 644833 644905 644920 644405 644441 0 0 0 0 644288 0 0 644282 644387 644594 644669 0 644782 0 0 644360 0 644255 
645076 645070 645086 645081 645096 645102 645033 645077 645104 645006 645091 645101 645127 645138 645006 644998 645088 645107 645145 645119 645106 645051 645026 644979 644990 644991 644987 644976 645043 645077 645074 645159 645156 645148 645098 644962 644971 645015 645040 645115 645172 645122 645087 644951 644945 644949 645037 645139 645069 645075 645082 645065 645045 644935 644929 644949 645039 645042 645032 645038 645030 645020 645014 645109 645155 645087 645056 645062 645050 645048 644982 644929 644937 644912 644918 644989 645002 645064 645132 645036 645050 644982 644974 644905 644902 644910 644920 644942 645000 644994 644997 645002 645039 645084 645105 645126 645124 645115 645024 645029 644889 644893 644898 644888 644921 644984 645036 645031 645002 645014 645005 645005 645002 644999 644875 644882 644882 644873 644908 644965 644966 644978 644967 644997 644947 644901 644879 644864 
0 0 0 0 0 0 0 0 644704 0 0 0 0 645001 0 0 644692 0 0 644991 644925 0 0 0 644577 0 0 0 0 644623 644614 0 0 0 0 0 0 0 0 0 0 645036 0 0 0 0 0 0 0 0 0 0 0 644412 644394 0 0 0 0 0 644482 644452 0 0 0 0 0 0 0 644751 0 644394 0 644343 0 0 0 0 0 644886 0 0 0 644322 0 0 0 0 0 0 0 0 0 0 0 644768 0 0 0 0 644274 0 0 0 644331 0 0 0 0 644811 0 0 0 0 0 0 0 0 644292 0 644290 0 0 0 0 0 0 644199 
644867 0 644897 644954 644783 644873 644920 644798 644699 644729 644660 0 644948 645041 0 0 644687 644708 0 645084 645101 644998 0 0 644815 644794 644672 644639 644624 644618 644609 0 0 644831 645053 0 0 0 0 644732 0 644981 645106 644698 0 644558 644498 0 644966 645056 645111 0 0 644650 644632 644486 0 644513 0 644501 644477 644447 644429 0 644868 644876 644855 645055 0 644989 0 644632 644656 644581 644599 644462 644393 644579 644867 644867 645043 0 644767 644560 644551 644575 0 644393 644387 0 0 644393 644504 0 0 644753 644807 0 0 0 644512 644524 644539 644509 644330 644339 644495 644480 644837 644935 0 0 0 0 644470 0 0 644464 644291 644282 644285 0 644288 0 0 644548 0 644437 
644039 0 644029 644034 644004 644010 0 0 643960 644103 643937 0 643985 643977 0 0 644000 0 0 643982 644009 0 0 0 644125 0 644084 644065 0 643987 643882 0 0 643916 643961 0 0 0 0 0 0 643934 0 644164 0 0 0 0 643932 643962 644017 0 0 644057 644148 0 0 0 0 0 643854 643792 643762 0 643859 643899 0 0 0 644045 0 643991 644127 644117 644093 643968 643738 0 643872 643899 0 0 643982 643943 644054 644046 0 643922 0 0 0 0 0 0 0 643794 643828 0 0 0 644067 644083 644110 644033 643880 0 643704 0 0 643997 0 0 0 0 0 0 0 644003 643854 643848 643850 0 0 0 0 0 0 644030 
645047 645053 645037 645042 645027 645021 645090 645046 645007 645117 644996 644986 644996 644985 645103 645125 645035 644980 644966 644990 645017 645058 645059 645130 645133 645132 645136 645131 645080 645034 644965 644952 644955 644963 644969 645147 645152 645108 645083 644948 644935 644945 645030 645134 645164 645104 644930 644924 644940 644970 645025 645020 645016 645054 645132 645080 645072 645045 645055 645025 644961 644923 644905 644906 644918 644910 644903 644981 645003 645013 645007 645012 645100 645149 645155 645072 644893 644903 644907 644907 644993 644983 644991 644988 645063 645055 645123 645049 645047 645021 645018 644965 644880 644883 644868 644889 644887 644890 644871 644948 645076 645096 645135 645125 645028 644911 644859 644864 644897 644967 644958 644958 644955 644952 644970 644963 645035 645110 645015 645012 645013 645013 644952 644950 644946 644944 645038 645077 
644377 0 644357 644344 644330 644325 644367 644375 644266 644494 644232 0 644275 644253 0 0 644334 644200 0 644240 644258 644211 0 0 644393 644451 644532 644554 644436 644320 644146 0 0 644178 644198 0 0 0 0 644124 0 644173 644187 644351 0 644601 644040 0 644140 644164 644177 0 0 644143 644335 644597 0 644330 0 644278 644114 644014 643966 0 644076 644103 644089 644149 0 644097 0 644035 644259 644429 644477 644541 643930 643986 644078 644074 644113 0 644005 643963 644149 644133 0 644520 644470 0 0 644110 643916 0 0 643982 644014 0 0 0 644175 644227 644337 644499 644457 643966 643862 643872 644018 644017 0 0 0 0 643903 0 0 644457 644418 644414 644417 0 644060 0 0 643851 0 644165 
644826 0 644840 644789 644886 644870 644697 644829 644946 644616 644979 0 644795 644690 0 0 644862 645023 0 644633 644642 644591 0 0 644568 644571 644559 644526 644727 644865 645072 0 0 644912 644570 0 0 0 0 645011 0 644642 644537 644451 0 644445 645105 0 644483 644501 644522 0 0 644403 644385 644445 0 644832 0 644892 645058 645064 645046 0 644849 644537 644444 644462 0 644456 0 644385 644409 644334 644352 644565 645010 645092 644672 644384 644426 0 644390 644313 644304 644328 0 644424 644634 0 0 645000 645033 0 0 644976 644756 0 0 0 644265 644277 644292 644262 644361 644956 644970 644985 644282 644318 0 0 0 0 644223 0 0 644217 644322 644529 644604 0 644905 0 0 644249 0 644190 
644922 644910 644942 644932 644962 644974 644836 644924 645002 644782 645024 645044 645016 644992 644782 644766 644946 645056 645084 644964 644944 644872 644822 644728 644750 644752 644744 644722 644856 644948 645062 645088 645088 645088 644922 644694 644712 644800 644850 645120 645088 644970 644896 644672 644660 644668 644988 645136 644864 644876 644890 644848 644824 644640 644628 644668 644872 644926 644906 644966 644974 644954 644942 645112 645108 644900 644838 644850 644826 644824 644734 644628 644644 644594 644606 644748 644918 645042 644990 644798 644826 644728 644718 644580 644574 644590 644610 644654 644794 644902 644908 644918 644992 645064 645080 645112 645046 644956 644774 644784 644548 644556 644566 644546 644612 644882 644986 644976 644730 644754 644736 644736 644730 644724 644520 644534 644534 644516 644586 644724 644774 644870 644848 644720 644656 644572 644528 644498 
0 0 644565 0 0 0 0 0 644367 0 0 0 0 644661 0 0 644355 0 0 644684 644633 0 0 0 644310 0 644300 644245 0 644286 644277 0 0 0 0 0 0 0 0 0 0 644653 0 0 0 0 0 0 644734 0 0 0 0 644001 644055 0 0 0 0 0 644113 644035 643993 0 0 0 0 0 0 644364 0 643935 0 643978 644008 644042 0 0 0 644615 0 0 0 643815 0 0 0 643903 0 0 0 0 0 0 0 644365 0 0 0 0 643839 0 643908 0 643798 0 0 0 0 644482 0 0 0 0 0 0 0 0 643733 643790 643819 0 0 0 0 0 0 643738 
644835 0 644855 644888 644779 644839 0 0 644723 644738 644697 0 644878 644925 0 0 644715 0 0 644951 644948 0 0 0 644766 0 644700 644678 0 644669 644663 0 0 644803 644972 0 0 0 0 0 0 644929 0 644691 0 0 0 0 644961 644991 644940 0 0 644659 644647 0 0 0 0 0 644575 644555 644543 0 644812 644912 0 0 0 644857 0 644647 644663 644613 644625 644565 644519 0 644885 644928 0 0 644735 644599 644593 644609 0 644519 0 0 0 0 0 0 0 644733 644841 0 0 0 644567 644575 644585 644565 644477 0 644583 0 0 644909 0 0 0 0 0 0 0 644535 644451 644445 644447 0 0 0 0 0 0 644517 
644839 0 644869 644926 644755 0 0 0 644671 0 644632 0 644920 645025 0 0 644659 0 0 645058 645073 0 0 0 644831 0 644644 644611 0 644590 644581 0 0 0 645011 0 0 0 0 0 0 644939 0 0 0 0 0 0 644924 0 645127 0 0 644692 644674 0 0 0 0 0 644449 644419 644401 0 0 644834 0 0 0 645031 0 644674 0 644623 644641 644434 644365 0 644825 644825 0 0 0 644602 0 0 0 644365 0 0 0 0 0 0 0 644737 0 0 0 0 644554 0 644581 644551 644302 0 644467 0 0 644963 0 0 0 0 0 0 0 644506 644263 644254 644257 0 0 0 0 0 0 644479 
645060 645078 645070 645089 645032 645062 645089 645037 645004 645014 644991 645001 645087 645120 645108 645006 645000 645007 645045 645125 645138 645153 645128 645081 645070 645047 644995 644984 644979 644977 644974 645059 645056 645048 645104 645064 645027 644975 644976 645015 645070 645080 645165 645053 645047 644957 644937 645039 645075 645105 645160 645167 645147 645037 645031 644933 644939 644942 644932 644938 644930 644920 644914 645009 645053 645045 645038 645116 645150 645150 645084 645031 645039 645014 645020 644925 644902 644964 645042 645042 645128 645084 645076 645007 645004 645012 644976 644902 644900 644894 644897 644902 644939 644984 645003 645024 645022 645025 645006 645083 644991 644995 645000 644990 644881 644884 644936 644931 645032 645114 645105 645105 645102 645099 644977 644984 644984 644975 644868 644865 644866 644878 644867 645097 645049 645003 644981 644966 
645044 645062 645054 645073 645016 645046 645073 645021 644988 644998 644975 644985 645071 645074 645094 644990 644984 644991 645029 645079 645106 645139 645138 645067 645054 645031 644979 644968 644963 644961 644958 645041 645040 645032 645058 645050 645011 644959 644960 644999 645024 645034 645119 645063 645033 644941 644921 645013 645029 645059 645114 645147 645167 645083 645065 644917 644923 644926 644916 644922 644914 644904 644898 644993 645007 644999 644992 645070 645130 645164 645130 645077 645085 645024 645006 644909 644886 644948 644996 644996 645082 645130 645122 645053 645050 645058 644960 644886 644884 644878 644881 644886 644923 644968 644957 644978 644976 644979 644960 645037 645037 645041 645046 644976 644865 644868 644920 644915 644986 645094 645109 645121 645118 645115 645023 645030 645030 644961 644852 644849 644850 644862 644851 645113 645095 645049 645027 645012 
0 0 0 0 0 0 0 0 643137 0 0 0 0 643185 0 0 643149 0 0 643197 643209 0 0 0 643233 0 0 0 0 643137 643101 0 0 0 0 0 0 0 0 0 0 643173 0 0 0 0 0 0 0 0 0 0 0 643244 643222 0 0 0 0 0 643077 643053 0 0 0 0 0 0 0 643244 0 643232 0 643193 0 0 0 0 0 643197 0 0 0 643208 0 0 0 0 0 0 0 0 0 0 0 643089 0 0 0 0 643230 0 0 0 643047 0 0 0 0 643244 0 0 0 0 0 0 0 0 643034 0 643032 0 0 0 0 0 0 643205 
0 0 0 0 0 0 0 0 0 0 0 0 0 0 0 0 0 0 0 0 0 0 0 0 642961 0 0 0 0 0 0 0 0 0 0 0 0 0 0 0 0 0 0 0 0 0 0 0 0 0 0 0 0 0 642997 0 0 0 0 0 0 0 0 0 0 0 0 0 0 642803 0 0 0 642943 0 0 0 0 0 0 0 0 0 0 0 0 0 0 0 0 0 0 0 0 0 642473 0 0 0 0 0 0 0 0 642643 0 0 0 0 642687 0 0 0 0 0 0 0 0 0 0 642613 0 0 0 0 0 0 0 
644457 0 644437 644401 644432 644419 644388 644469 644368 644551 644334 0 644369 644333 0 0 644436 644302 0 644297 644302 644232 0 0 644414 644472 644589 644611 644538 644422 644248 0 0 644280 644255 0 0 0 0 644226 0 644267 644208 644372 0 644665 644142 0 644197 644208 644198 0 0 644164 644356 644693 0 644432 0 644380 644216 644116 644068 0 644178 644197 644169 644170 0 644118 0 644056 644280 644450 644498 644646 644032 644088 644180 644131 644134 0 644026 643984 644170 644154 0 644658 644576 0 0 644212 644018 0 0 644084 644116 0 0 0 644196 644248 644358 644538 644595 644068 643964 643974 644062 644038 0 0 0 0 643924 0 0 644522 644556 644560 644552 0 644162 0 0 643872 0 644186 
644131 644107 644131 644107 644159 644155 644059 644155 644159 644107 644159 644159 644155 644131 644011 644107 644159 644159 644159 644107 644083 644011 643987 644011 644035 644059 644107 644107 644159 644159 644137 644159 644159 644159 644107 644011 644059 644155 644159 644159 644159 644155 644035 643987 644011 644071 644065 644159 644107 644083 644035 643987 643963 643891 643963 644071 644159 644159 644159 644159 644089 644041 644017 644113 644159 644155 644131 644059 643987 643963 643891 643843 643939 643987 644009 644131 643993 644065 644159 644107 644035 643867 643867 643795 643867 643867 644013 644057 644129 644113 644113 644065 644017 644065 644113 644113 644159 644159 644131 644059 643867 643891 643939 643949 644015 643993 643993 643993 644083 643987 643963 643939 643891 643891 643747 643747 643819 643919 643989 644059 644085 644089 644017 643915 643795 643747 643819 643843 
644851 0 644821 644764 644935 644845 644764 644920 645017 644943 645032 0 644770 644665 0 0 645031 644984 0 644608 644617 644566 0 0 644815 644862 644894 644861 645050 645098 644953 0 0 644885 644545 0 0 0 0 644902 0 644617 644512 644758 0 644780 644848 0 644458 644476 644497 0 0 644554 644720 644780 0 645133 0 645103 644941 644827 644773 0 644798 644512 644419 644437 0 644431 0 644428 644676 644669 644687 644900 644737 644767 644647 644359 644401 0 644365 644356 644567 644557 0 644759 644967 0 0 644947 644698 0 0 644725 644705 0 0 0 644580 644612 644627 644597 644696 644791 644635 644650 644257 644293 0 0 0 0 644302 0 0 644552 644657 644862 644913 0 644886 0 0 644224 0 644525 
645038 645020 645028 645009 645066 645036 645009 645061 645094 645084 645107 645097 645011 644976 644988 645092 645098 645091 645053 644957 644960 644943 644944 645015 645028 645051 645101 645090 645119 645121 645088 645039 645042 645050 644936 645032 645071 645123 645122 645071 645022 644960 644925 645019 645049 645063 645053 645047 644907 644913 644920 644905 644901 644939 645017 645063 645159 645156 645166 645148 645084 645046 645028 645029 645029 644925 644894 644900 644888 644898 644892 644897 644985 645026 645032 645103 645016 645026 644970 644874 644888 644868 644876 644873 644948 644940 645034 645056 645126 645144 645141 645088 645003 645006 644991 645012 644998 644953 644862 644867 644961 644981 645012 645002 645035 645034 644982 644987 644840 644852 644843 644843 644840 644837 644855 644848 644920 644987 645022 645091 645116 645136 645075 644835 644831 644829 644923 644962 
644801 0 644771 644714 644885 644795 644714 644870 644969 644855 645008 0 644720 644615 0 0 644981 644960 0 644558 644567 644516 0 0 644771 644810 644798 644765 644966 645050 645035 0 0 644837 644495 0 0 0 0 644936 0 644567 644462 644690 0 644684 644944 0 644408 644426 644447 0 0 644504 644624 644684 0 645071 0 645131 645037 644923 644869 0 644774 644462 644369 644387 0 644381 0 644378 644634 644573 644591 644804 644833 644863 644597 644309 644351 0 644315 644306 644525 644507 0 644663 644873 0 0 645049 644794 0 0 644821 644681 0 0 0 644504 644516 644531 644501 644600 644887 644731 644746 644207 644243 0 0 0 0 644252 0 0 644456 644561 644768 644843 0 644980 0 0 644174 0 644429 
0 0 0 0 0 0 0 0 640714 0 0 0 0 640596 0 0 640718 0 0 640577 640580 0 0 0 640644 0 0 0 0 640741 640744 0 0 0 0 0 0 0 0 0 0 640580 0 0 0 0 0 0 0 0 0 0 0 640559 640583 0 0 0 0 0 640765 640743 0 0 0 0 0 0 0 640518 0 640517 0 640566 0 0 0 0 0 640494 0 0 0 640493 0 0 0 0 0 0 0 0 0 0 0 640681 0 0 0 0 640543 0 0 0 640575 0 0 0 0 640472 0 0 0 0 0 0 0 0 640562 0 640656 0 0 0 0 0 0 640518 
0 0 0 0 0 0 0 0 644856 0 0 0 0 644527 0 0 644790 0 0 644470 644479 0 0 0 644509 0 0 0 0 644804 644959 0 0 0 0 0 0 0 0 0 0 644479 0 0 0 0 0 0 0 0 0 0 0 644328 644326 0 0 0 0 0 645010 645072 0 0 0 0 0 0 0 644293 0 644277 0 644275 0 0 0 0 0 644221 0 0 0 644205 0 0 0 0 0 0 0 0 0 0 0 644815 0 0 0 0 644206 0 0 0 644302 0 0 0 0 644155 0 0 0 0 0 0 0 0 644263 0 644545 0 0 0 0 0 0 644131 
0 0 644625 0 0 0 0 0 644753 0 0 0 0 644480 0 0 644686 0 0 644423 644432 0 0 0 644406 0 0 0 0 644700 644867 0 0 0 0 0 0 0 0 0 0 644432 0 0 0 0 0 0 0 0 0 0 0 644224 644228 0 0 0 0 0 644906 645005 645040 0 0 0 0 0 0 644246 0 644182 0 644177 0 0 0 0 0 644174 0 0 0 644110 0 0 0 0 0 0 0 0 0 0 0 644768 0 0 0 0 644108 0 0 0 644204 0 0 0 0 644108 0 0 0 0 0 0 0 0 644165 0 644447 0 0 0 0 0 0 644033 
645035 645029 645045 645040 645055 645061 644992 645036 645075 644965 645086 645096 645086 645059 644965 644957 645047 645102 645116 645040 645043 645010 644985 644938 644949 644950 644946 644935 645002 645048 645117 645122 645125 645119 645019 644921 644930 644974 644999 645134 645105 645043 645008 644910 644904 644908 645116 645142 644990 644996 645003 644988 644984 644894 644888 644908 645010 645037 645027 645057 645109 645099 645093 645172 645112 645008 644977 644983 644971 644981 644941 644888 644896 644871 644877 644948 645081 645143 645053 644957 644971 644941 644933 644864 644861 644869 644879 644901 644971 645061 645064 645081 645118 645161 645134 645155 645081 645036 644945 644950 644848 644852 644857 644847 644880 645063 645115 645110 644923 644935 644926 644926 644923 644920 644834 644841 644841 644832 644867 644936 644961 645057 645046 644918 644906 644860 644838 644823 
644352 0 644362 644345 644395 644390 0 0 644415 644234 644426 0 644415 644414 0 0 644385 0 0 644397 644358 0 0 0 644202 0 644196 644174 0 644375 644435 0 0 644459 644396 0 0 0 0 0 0 644444 0 644124 0 0 0 0 644367 644361 644326 0 0 644091 644080 0 0 0 0 0 644391 644381 644375 0 644504 644409 0 0 0 644240 0 644061 644096 644046 644058 644199 644363 0 644465 644334 0 0 644118 644013 644026 644042 0 644106 0 0 0 0 0 0 0 644487 644493 0 0 0 644000 644008 644018 643998 644064 0 644397 0 0 644252 0 0 0 0 0 0 0 643968 644038 644151 644189 0 0 0 0 0 0 643950 
644760 0 644790 644775 644786 0 0 0 644704 0 644665 0 644903 644946 0 0 644692 0 0 644931 644850 0 0 0 644502 0 644493 644460 0 644623 644614 0 0 0 644994 0 0 0 0 0 0 645056 0 0 0 0 0 0 645075 0 644826 0 0 644337 644319 0 0 0 0 0 644482 644452 644434 0 0 645135 0 0 0 644676 0 644319 0 644268 644286 644465 644398 0 645076 644996 0 0 0 644247 0 0 0 644348 0 0 0 0 0 0 0 644770 0 0 0 0 644199 0 644226 644196 644285 0 644500 0 0 644886 0 0 0 0 0 0 0 644151 644246 644287 644290 0 0 0 0 0 0 644124 
644723 0 644753 644750 644689 644755 644606 644680 644627 644525 644588 0 644830 644909 0 0 644615 644636 0 644906 644825 644660 0 0 644477 644480 644468 644435 644530 644546 644537 0 0 644759 644969 0 0 0 0 644660 0 644983 644786 644360 0 644354 644426 0 645056 644966 644801 0 0 644312 644294 644342 0 644441 0 644429 644405 644375 644357 0 644822 645088 645117 644933 0 644651 0 644294 644318 644243 644261 644368 644321 644507 644999 645073 644897 0 644429 644222 644213 644237 0 644275 644315 0 0 644321 644432 0 0 644693 644915 0 0 0 644174 644186 644201 644171 644212 644267 644423 644408 644971 644861 0 0 0 0 644132 0 0 644126 644173 644210 644213 0 644216 0 0 644210 0 644099 
644746 0 644776 644833 644662 644752 644795 644677 644578 644608 644539 0 644827 644932 0 0 644566 644587 0 644989 644966 644873 0 0 644690 644669 644551 644518 644503 644497 644488 0 0 644710 645052 0 0 0 0 644611 0 644980 644999 644573 0 644437 644377 0 645091 645107 645014 0 0 644525 644507 644365 0 644392 0 644380 644356 644326 644308 0 644773 645001 644980 645122 0 644864 0 644507 644531 644456 644474 644341 644272 644458 644950 644992 645110 0 644642 644435 644426 644450 0 644272 644266 0 0 644272 644383 0 0 644644 644866 0 0 0 644387 644399 644414 644384 644209 644218 644374 644359 644948 645054 0 0 0 0 644345 0 0 644339 644170 644161 644164 0 644167 0 0 644423 0 644312 
645038 645056 645048 645067 645010 645040 645067 645015 644982 644992 644969 644979 645065 645100 645088 644984 644978 644985 645023 645119 645116 645133 645120 645061 645048 645025 644973 644962 644957 644955 644952 645037 645034 645026 645112 645044 645005 644953 644954 644993 645054 645088 645151 645045 645027 644935 644915 645017 645083 645113 645156 645159 645139 645029 645023 644911 644917 644920 644910 644916 644908 644898 644892 644987 645047 645053 645046 645124 645172 645142 645076 645023 645031 645006 645000 644903 644880 644942 645050 645050 645136 645076 645068 644999 644996 645004 644954 644880 644878 644872 644875 644880 644917 644962 645011 645004 645030 645033 645014 645091 644983 644987 644992 644970 644859 644862 644914 644909 645040 645136 645127 645127 645124 645121 644969 644976 644976 644955 644846 644843 644844 644856 644845 645119 645041 644995 644973 644958 
0 0 0 0 0 0 0 0 0 0 0 0 0 0 0 0 0 0 0 0 0 0 0 0 637637 0 0 0 0 0 0 0 0 0 0 0 0 0 0 0 0 0 0 0 0 0 0 0 0 0 0 0 0 0 0 0 0 0 0 0 0 0 0 0 0 0 0 0 0 637876 0 0 0 0 0 0 0 0 0 0 0 0 0 0 0 0 0 0 0 0 0 0 0 0 0 637524 0 0 0 0 0 0 0 0 637043 0 0 0 0 637812 0 0 0 0 0 0 0 0 0 0 0 0 0 0 0 0 0 0 
645040 645058 645050 645063 645012 645042 645069 645017 644984 644994 644971 644981 645017 645006 645090 644986 644980 644987 644987 645011 645038 645093 645118 645063 645050 645027 644975 644964 644959 644957 644954 644973 644976 644984 644990 645046 645007 644955 644956 644969 644956 644966 645051 645059 645029 644937 644917 644945 644961 644991 645046 645079 645099 645139 645061 644913 644919 644922 644912 644918 644910 644900 644894 644927 644939 644931 644924 645002 645062 645096 645162 645145 645093 645020 645002 644905 644882 644924 644928 644928 645014 645150 645158 645121 645118 645126 644956 644882 644880 644874 644877 644882 644901 644904 644889 644910 644908 644911 644892 644969 645105 645097 645054 644972 644861 644864 644880 644885 644918 645026 645041 645065 645110 645107 645091 645098 645098 644957 644848 644845 644846 644858 644847 645081 645113 645111 645095 645080 
0 0 0 0 0 0 0 0 0 0 0 0 0 0 0 0 0 0 0 0 0 0 0 0 634644 0 0 0 0 0 0 0 0 0 0 0 0 0 0 0 0 0 0 0 0 0 0 0 0 0 0 0 0 0 634677 0 0 0 0 0 0 0 0 0 0 0 0 0 0 634743 0 634877 0 634565 0 0 0 0 0 0 0 0 0 0 0 0 0 0 0 0 0 0 0 0 0 634014 0 0 0 0 0 0 0 0 633986 0 0 0 0 634661 0 0 0 0 0 0 0 0 0 0 633878 0 0 0 0 0 0 0 
643992 0 643982 643987 643972 643966 0 0 643943 643998 643920 0 643941 643930 0 0 643980 0 0 643935 643962 0 0 0 644054 0 643979 643968 0 643952 643865 0 0 643899 643914 0 0 0 0 0 0 643890 0 644063 0 0 0 0 643885 643915 643970 0 0 644052 644063 0 0 0 0 0 643837 643775 643745 0 643842 643855 0 0 0 644018 0 643986 644071 644020 643996 643886 643721 0 643852 643852 0 0 643977 643938 644017 644025 0 643828 0 0 0 0 0 0 0 643777 643811 0 0 0 644004 644020 644032 643936 643786 0 643687 0 0 643950 0 0 0 0 0 0 0 643906 643760 643781 643783 0 0 0 0 0 0 643967 
0 0 0 0 0 0 0 0 0 0 0 0 0 0 0 0 0 0 0 0 0 0 0 0 640950 0 0 0 0 0 0 0 0 0 0 0 0 0 0 0 0 0 0 0 0 0 0 0 0 0 0 0 0 0 640978 0 0 0 0 0 0 0 0 0 0 0 0 0 0 640966 0 0 0 640992 0 0 0 0 0 0 0 0 0 0 0 0 0 0 0 0 0 0 0 0 0 640638 0 0 0 0 0 0 0 0 640700 0 0 0 0 640864 0 0 0 0 0 0 0 0 0 0 640670 0 0 0 0 0 0 0 
0 0 643606 0 0 0 0 0 643582 0 0 0 0 643398 0 0 643670 0 0 643394 643478 0 0 0 643894 0 643978 644010 0 643690 643486 0 0 0 0 0 0 0 0 0 0 643262 0 0 0 0 0 0 643194 0 0 0 0 643660 643972 0 0 0 0 0 643518 643414 643366 0 0 0 0 0 0 643496 0 643492 0 644094 644098 643910 0 0 0 643062 0 0 0 643396 0 0 0 643864 0 0 0 0 0 0 0 643206 0 0 0 0 643748 0 644000 0 643822 0 0 0 0 643292 0 0 0 0 0 0 0 0 643796 643790 643792 0 0 0 0 0 0 643752 
0 0 643002 0 0 0 0 0 643086 0 0 0 0 642868 0 0 643142 0 0 642792 642804 0 0 0 642906 0 643128 643144 0 643140 643002 0 0 0 0 0 0 0 0 0 0 642804 0 0 0 0 0 0 642592 0 0 0 0 642584 642812 0 0 0 0 0 642994 642918 642882 0 0 0 0 0 0 642556 0 642452 0 642904 642952 643270 0 0 0 642460 0 0 0 642356 0 0 0 643174 0 0 0 0 0 0 0 642820 0 0 0 0 642604 0 642802 0 643132 0 0 0 0 642372 0 0 0 0 0 0 0 0 643106 643172 643174 0 0 0 0 0 0 642582 
644614 0 644609 644557 644686 0 0 0 644755 0 644790 0 644563 644458 0 0 644686 0 0 644401 644410 0 0 0 644392 0 644383 644350 0 644689 644866 0 0 0 644338 0 0 0 0 0 0 644410 0 0 0 0 0 0 644251 0 644290 0 0 644226 644209 0 0 0 0 0 644908 645007 645045 0 0 644305 0 0 0 644224 0 644182 0 644158 644176 644389 645051 0 644440 644152 0 0 0 644110 0 0 0 644248 0 0 0 0 0 0 0 644746 0 0 0 0 644089 0 644116 644086 644185 0 644985 0 0 644086 0 0 0 0 0 0 0 644041 644146 644353 644428 0 0 0 0 0 0 644014 
644741 0 644771 644742 644801 644811 644612 0 644861 644531 644894 0 644758 644653 0 0 644777 0 0 644596 644605 0 0 0 644483 0 644474 644441 0 644780 644987 0 0 644875 644533 0 0 0 0 0 0 644605 0 644366 0 0 0 0 644446 644464 644485 0 0 644318 644300 0 0 0 0 0 644999 645099 645083 0 644812 644500 0 0 0 644419 0 644300 644324 644249 644267 644480 645047 645127 644635 644347 644389 0 644353 644228 644219 644243 0 644339 0 0 0 0 0 0 0 644941 644719 0 0 0 644180 644192 644207 644177 644276 0 645055 0 644245 644281 0 0 0 0 644138 0 0 644132 644237 644444 644519 0 644942 0 0 0 0 644105 
644759 0 644789 644774 644819 0 0 0 644841 0 644804 0 644912 644945 0 0 644783 0 0 644930 644849 0 0 0 644501 0 644492 644459 0 644760 644753 0 0 0 644993 0 0 0 0 0 0 645065 0 0 0 0 0 0 644956 0 644825 0 0 644336 644318 0 0 0 0 0 644621 644591 644573 0 0 645010 0 0 0 644675 0 644318 0 644267 644285 644498 644537 0 645127 644857 0 0 0 644246 0 0 0 644357 0 0 0 0 0 0 0 644909 0 0 0 0 644198 0 644225 644195 644294 0 644639 0 0 644791 0 0 0 0 0 0 0 644150 644255 644424 644429 0 0 0 0 0 0 644123 
0 0 0 0 0 0 0 0 644577 0 0 0 0 644927 0 0 644565 0 0 644958 644896 0 0 0 644555 0 0 0 0 644496 644487 0 0 0 0 0 0 0 0 0 0 644961 0 0 0 0 0 0 0 0 0 0 0 644390 644372 0 0 0 0 0 644355 644325 0 0 0 0 0 0 0 644729 0 644372 0 644321 0 0 0 0 0 645057 0 0 0 644300 0 0 0 0 0 0 0 0 0 0 0 644643 0 0 0 0 644252 0 0 0 644208 0 0 0 0 644873 0 0 0 0 0 0 0 0 644169 0 644163 0 0 0 0 0 0 644177 
643594 0 643624 643693 643486 643588 0 0 643378 643468 643327 0 643663 643780 0 0 643378 0 0 643849 643852 0 0 0 643658 0 643411 643378 0 643297 643252 0 0 643510 643890 0 0 0 0 0 0 643794 0 643557 0 0 0 0 643881 643947 643982 0 0 643509 643491 0 0 0 0 0 643096 643042 643012 0 643561 643779 0 0 0 643848 0 643491 643515 643440 643454 643165 642964 0 643704 643848 644028 0 643626 643419 643410 643434 0 643108 0 0 0 0 0 0 0 643396 643612 0 0 0 643371 643383 643398 643364 643045 0 643066 0 0 643960 0 0 0 0 643329 0 0 643319 643006 642961 642952 0 0 0 0 0 0 643296 
645010 645028 645020 645039 644982 645012 645039 644987 644954 644964 644941 644951 645037 645048 645060 644956 644950 644957 644995 645053 645080 645105 645104 645033 645020 644997 644945 644934 644929 644927 644924 645009 645006 644998 645032 645016 644977 644925 644926 644965 644998 645008 645093 645029 644999 644907 644887 644987 645003 645033 645088 645121 645141 645109 645031 644883 644889 644892 644882 644888 644880 644870 644864 644959 644981 644973 644966 645044 645104 645138 645156 645103 645063 644990 644972 644875 644852 644914 644970 644970 645056 645156 645148 645079 645076 645084 644926 644852 644850 644844 644847 644852 644889 644934 644931 644952 644950 644953 644934 645011 645063 645067 645024 644942 644831 644834 644886 644881 644960 645068 645083 645107 645152 645149 645049 645056 645056 644927 644818 644815 644816 644828 644817 645123 645121 645075 645053 645038 
643894 0 643904 643935 643842 643884 0 0 643790 643860 643765 0 643909 643930 0 0 643798 0 0 643947 643986 0 0 0 643952 0 643841 643822 0 643763 643724 0 0 643834 643926 0 0 0 0 0 0 643878 0 643985 0 0 0 0 643897 643939 644018 0 0 644105 643999 0 0 0 0 0 643656 643622 643604 0 643803 643843 0 0 0 644104 0 644145 644043 643934 643898 643704 643580 0 643816 643864 0 0 644168 644121 644096 644104 0 643658 0 0 0 0 0 0 0 643738 643772 0 0 0 644083 644063 644002 643838 643616 0 643614 0 0 644022 0 0 0 0 0 0 0 643808 643590 643584 643586 0 0 0 0 0 0 644080 
0 0 0 0 0 0 0 0 642957 0 0 0 0 642955 0 0 642965 0 0 642960 642987 0 0 0 643035 0 0 0 0 642942 642921 0 0 0 0 0 0 0 0 0 0 642915 0 0 0 0 0 0 0 0 0 0 0 643080 643038 0 0 0 0 0 642895 642873 0 0 0 0 0 0 0 643037 0 643081 0 643005 0 0 0 0 0 642877 0 0 0 643081 0 0 0 0 0 0 0 0 0 0 0 642859 0 0 0 0 643046 0 0 0 642846 0 0 0 0 642975 0 0 0 0 0 0 0 0 642833 0 642831 0 0 0 0 0 0 643033 
643930 0 643920 643937 643886 643892 0 0 643842 643970 643819 0 643867 643868 0 0 643882 0 0 643885 643924 0 0 0 644062 0 643951 643939 0 643869 643764 0 0 643798 643864 0 0 0 0 0 0 643816 0 644076 0 0 0 0 643835 643877 643956 0 0 644124 644078 0 0 0 0 0 643736 643674 643644 0 643741 643781 0 0 0 644011 0 644128 644110 644032 644008 643821 643620 0 643754 643802 0 0 644085 644097 644147 644149 0 643775 0 0 0 0 0 0 0 643676 643710 0 0 0 644134 644114 644071 643948 643733 0 643586 0 0 643941 0 0 0 0 0 0 0 643918 643707 643701 643703 0 0 0 0 0 0 644131 
643896 0 643896 643908 643872 643884 0 0 643848 643873 643836 0 643884 643896 0 0 643859 0 0 643908 643920 0 0 0 643929 0 643854 643843 0 643836 643812 0 0 643848 643908 0 0 0 0 0 0 643884 0 643938 0 0 0 0 643908 643920 643944 0 0 644014 643940 0 0 0 0 0 643764 643716 643692 0 643836 643884 0 0 0 643980 0 643971 643972 643899 643881 643772 643668 0 643860 643908 0 0 643995 643923 643976 643984 0 643714 0 0 0 0 0 0 0 643788 643836 0 0 0 643963 643974 643933 643822 643672 0 643668 0 0 643968 0 0 0 0 0 0 0 643792 643646 643676 643690 0 0 0 0 0 0 643926 
644171 644177 644161 644166 644151 644145 644214 644170 644113 644241 644090 644080 644120 644109 644207 644249 644153 644074 644072 644114 644141 644162 644163 644234 644247 644256 644260 644271 644204 644140 644035 644058 644061 644069 644093 644251 644276 644232 644207 644030 644041 644069 644144 644238 644268 644280 643964 644006 644064 644094 644139 644124 644120 644158 644236 644256 644178 644139 644149 644107 644007 643945 643915 643964 644012 644034 644027 644105 644107 644117 644111 644116 644204 644277 644295 644248 643891 643937 644025 644031 644107 644087 644095 644092 644167 644159 644299 644225 644205 644079 644076 643999 643890 643917 643926 643947 643981 644008 643995 644072 644180 644200 644243 644281 644204 643909 643857 643862 644021 644071 644062 644062 644059 644056 644074 644067 644139 644266 644191 644170 644159 644059 643962 644054 644050 644048 644142 644181 
0 0 643003 0 0 0 0 0 643067 0 0 0 0 642795 0 0 643155 0 0 642743 642779 0 0 0 643099 0 643301 643323 0 643175 642971 0 0 0 0 0 0 0 0 0 0 642707 0 0 0 0 0 0 642543 0 0 0 0 642763 643075 0 0 0 0 0 643003 642899 642851 0 0 0 0 0 0 642599 0 642595 0 643183 643243 643429 0 0 0 642411 0 0 0 642499 0 0 0 643439 0 0 0 0 0 0 0 642691 0 0 0 0 642851 0 643067 0 643397 0 0 0 0 642415 0 0 0 0 0 0 0 0 643371 643405 643391 0 0 0 0 0 0 642847 
643529 0 643519 643500 643557 643527 643500 643552 643559 643575 643541 0 643502 643467 0 0 643587 643525 0 643448 643451 643434 0 0 643519 643542 643594 643605 643610 643586 643486 0 0 643515 643427 0 0 0 0 643481 0 643451 643416 643510 0 643587 643415 0 643398 643404 643411 0 0 643430 643508 643575 0 643590 0 643558 643458 643396 643366 0 643463 643416 643385 643391 0 643389 0 643388 643476 643549 643567 643631 643342 643388 643459 643365 643379 0 643367 643364 643439 643431 0 643549 643627 0 0 643450 643341 0 0 643398 643432 0 0 0 643452 643472 643515 643513 643507 643360 643308 643313 643331 643343 0 0 0 0 643346 0 0 643483 643481 643557 643564 0 643413 0 0 643320 0 643453 
645019 645001 645009 644990 645047 645017 644990 645042 645075 645065 645088 645078 644992 644957 644969 645059 645079 645072 645034 644938 644941 644924 644925 644996 645009 645032 645048 645037 645100 645102 645105 645020 645023 645031 644917 645013 645032 645076 645101 645064 645003 644941 644906 645000 645006 645010 645106 645040 644888 644894 644901 644886 644882 644920 644990 645010 645112 645137 645129 645141 645137 645099 645081 645070 645010 644906 644875 644881 644869 644879 644873 644878 644966 644973 644979 645050 645069 645079 644951 644855 644869 644849 644857 644854 644929 644921 644981 645003 645073 645163 645166 645141 645056 645059 645032 645053 644979 644934 644843 644848 644942 644954 644959 644949 644982 645087 645035 645040 644821 644833 644824 644824 644821 644818 644836 644829 644901 644934 644969 645038 645063 645159 645128 644816 644812 644810 644904 644925 
645030 645012 645020 645001 645058 645028 645001 645053 645086 645076 645099 645089 645003 644968 644980 645072 645090 645083 645045 644949 644952 644935 644936 645007 645020 645043 645061 645050 645111 645113 645116 645031 645034 645042 644928 645024 645045 645089 645114 645075 645014 644952 644917 645011 645019 645023 645093 645051 644899 644905 644912 644897 644893 644931 645003 645023 645125 645148 645142 645152 645124 645086 645068 645069 645021 644917 644886 644892 644880 644890 644884 644889 644977 644986 644992 645063 645056 645066 644962 644866 644880 644860 644868 644865 644940 644932 644994 645016 645086 645164 645167 645128 645043 645046 645031 645052 644990 644945 644854 644859 644953 644967 644972 644962 644995 645074 645022 645027 644832 644844 644835 644835 644832 644829 644847 644840 644912 644947 644982 645051 645076 645148 645115 644827 644823 644821 644915 644938 
644718 0 644688 644631 644802 644712 644631 644787 644886 644750 644925 0 644637 644532 0 0 644898 644877 0 644475 644484 644433 0 0 644664 644693 644693 644660 644861 644949 644976 0 0 644754 644412 0 0 0 0 644853 0 644484 644379 644581 0 644579 645047 0 644325 644343 644364 0 0 644421 644519 644579 0 644966 0 645016 645106 645028 644974 0 644691 644379 644286 644304 0 644298 0 644295 644519 644468 644486 644699 644938 644966 644514 644226 644268 0 644232 644223 644412 644408 0 644558 644768 0 0 645128 644899 0 0 644820 644598 0 0 0 644399 644411 644426 644396 644495 644992 644836 644851 644124 644160 0 0 0 0 644169 0 0 644351 644456 644663 644738 0 645051 0 0 644091 0 644324 
644648 0 644678 644657 644708 644726 644519 644651 644768 644438 644801 0 644707 644602 0 0 644684 644849 0 644545 644554 644503 0 0 644390 644393 644381 644348 644549 644687 644894 0 0 644824 644482 0 0 0 0 644911 0 644554 644449 644273 0 644267 644999 0 644395 644413 644434 0 0 644225 644207 644267 0 644654 0 644714 644906 645020 645074 0 644761 644449 644356 644374 0 644368 0 644207 644231 644156 644174 644387 645076 645058 644584 644296 644338 0 644296 644135 644126 644150 0 644246 644456 0 0 644894 645131 0 0 644890 644668 0 0 0 644087 644099 644114 644084 644183 645022 645124 645129 644194 644230 0 0 0 0 644045 0 0 644039 644144 644351 644426 0 644933 0 0 644117 0 644012 
645039 645033 645049 645044 645059 645065 644996 645040 645079 644969 645090 645100 645066 645031 644969 644961 645051 645106 645108 645012 645015 644998 644989 644942 644953 644954 644950 644939 645006 645052 645121 645094 645097 645105 644991 644925 644934 644978 645003 645138 645077 645015 644980 644914 644908 644912 645144 645114 644962 644968 644975 644960 644956 644898 644892 644912 645014 645041 645031 645061 645125 645127 645121 645144 645084 644980 644949 644955 644943 644953 644945 644892 644900 644875 644881 644952 645109 645171 645025 644929 644943 644923 644931 644868 644865 644873 644883 644905 644975 645065 645068 645109 645146 645157 645106 645127 645053 645008 644917 644922 644852 644856 644861 644851 644884 645091 645133 645138 644895 644907 644898 644898 644895 644892 644838 644845 644845 644836 644871 644940 644965 645073 645074 644890 644886 644864 644842 644827 
645030 645024 645040 645035 645050 645056 644987 645031 645070 644960 645081 645091 645081 645088 644960 644952 645042 645097 645111 645069 645060 645005 644980 644933 644944 644945 644941 644930 644997 645043 645112 645125 645122 645114 645048 644916 644925 644969 644994 645129 645134 645072 645037 644905 644899 644903 645087 645153 645019 645025 645032 645017 644999 644889 644883 644903 645005 645032 645022 645052 645080 645070 645064 645159 645141 645037 645006 645012 645000 645002 644936 644883 644891 644866 644872 644943 645052 645114 645082 644986 645000 644936 644928 644859 644856 644864 644874 644896 644966 645044 645047 645052 645089 645134 645151 645172 645110 645065 644974 644979 644843 644847 644852 644842 644875 645034 645086 645081 644952 644964 644955 644955 644952 644949 644829 644836 644836 644827 644862 644931 644956 645028 645017 644947 644901 644855 644833 644818 
0 0 0 0 0 0 0 0 0 0 0 0 0 0 0 0 0 0 0 0 0 0 0 0 643406 0 0 0 0 0 0 0 0 0 0 0 0 0 0 0 0 0 0 0 0 0 0 0 0 0 0 0 0 0 0 0 0 0 0 0 0 0 0 0 0 0 0 0 0 0 0 0 0 0 0 0 0 0 0 0 0 0 0 0 0 0 0 0 0 0 0 0 0 0 0 643758 0 0 0 0 0 0 0 0 643241 0 0 0 0 0 0 0 0 0 0 0 0 0 0 0 0 0 0 0 0 0 0 0 
644431 0 644447 644442 644447 644463 0 0 644463 644303 644471 0 644488 644499 0 0 644419 0 0 644494 644467 0 0 0 644298 0 644265 644243 0 644409 644461 0 0 644521 644515 0 0 0 0 0 0 644539 0 644220 0 0 0 0 644502 644508 644450 0 0 644188 644176 0 0 0 0 0 644389 644369 644357 0 644564 644520 0 0 0 644364 0 644176 644192 644142 644154 644233 644333 0 644565 644469 0 0 644242 644128 644122 644138 0 644151 0 0 0 0 0 0 0 644521 644591 0 0 0 644096 644104 644114 644094 644109 0 644375 0 0 644414 0 0 0 0 0 0 0 644064 644083 644185 644221 0 0 0 0 0 0 644046 
645005 644999 645015 645010 645025 645031 644962 645006 645033 644935 645020 645030 645056 645067 644935 644927 645017 645036 645074 645062 645035 644980 644955 644908 644919 644920 644916 644905 644972 645006 645003 645088 645085 645077 645083 644891 644900 644944 644969 645044 645105 645107 645022 644880 644874 644878 644966 645068 645112 645082 645027 644994 644974 644864 644858 644878 644968 644971 644961 644967 644959 644949 644943 645038 645098 645142 645127 645071 645011 644977 644911 644858 644866 644841 644847 644918 644931 644993 645145 645107 645059 644911 644903 644834 644831 644839 644849 644871 644929 644923 644926 644931 644968 645013 645076 645055 645129 645162 645095 645100 644818 644822 644827 644817 644850 644913 644965 644960 645073 645047 645032 645008 644963 644966 644804 644811 644811 644802 644837 644894 644895 644907 644896 644992 644876 644830 644808 644793 
645002 644996 645012 645007 644986 645016 644959 644991 644958 644932 644945 644955 645041 645064 644932 644924 644954 644961 644999 645059 645032 644977 644952 644905 644916 644917 644913 644902 644933 644931 644928 645013 645010 645002 645080 644888 644897 644929 644930 644969 645030 645092 645019 644877 644871 644875 644891 644993 645109 645079 645024 644991 644971 644861 644855 644875 644893 644896 644886 644892 644884 644874 644868 644963 645023 645127 645146 645068 645008 644974 644908 644855 644863 644838 644844 644879 644856 644918 645082 645142 645056 644908 644900 644831 644828 644836 644846 644856 644854 644848 644851 644856 644893 644938 645001 644980 645054 645099 645170 645101 644815 644819 644824 644814 644835 644838 644890 644885 645148 645044 645029 645005 644960 644963 644801 644808 644808 644799 644822 644819 644820 644832 644821 644989 644873 644827 644805 644790 
643512 643536 643532 643558 643480 643528 643532 643478 643448 643408 643434 643454 643578 643636 643489 643392 643428 643466 643530 643662 643644 643579 643529 643435 643457 643448 643370 643348 643374 643394 643424 643558 643552 643536 643704 643401 643408 643354 643368 643494 643592 643680 643663 643379 643367 643294 643386 643542 643762 643738 643673 643607 643567 643347 643335 643258 643318 643336 643316 643340 643360 643364 643364 643506 643590 643750 643764 643750 643641 643573 643441 643335 643351 643301 643313 643266 643352 643440 643684 643768 643737 643441 643425 643287 643281 643297 643306 643208 643240 643276 643282 643316 643414 643480 643582 643540 643652 643718 643732 643804 643255 643263 643273 643253 643166 643316 643420 643410 643758 643713 643683 643635 643545 643551 643227 643241 643241 643223 643140 643170 643184 643256 643270 643603 643371 643279 643235 643205 
0 0 0 0 0 0 0 0 641383 0 0 0 0 641313 0 0 641399 0 0 641306 641321 0 0 0 641408 0 0 0 0 641408 641369 0 0 0 0 0 0 0 0 0 0 641285 0 0 0 0 0 0 0 0 0 0 0 641396 641408 0 0 0 0 0 641365 641327 0 0 0 0 0 0 0 641319 0 641378 0 641390 0 0 0 0 0 641223 0 0 0 641378 0 0 0 0 0 0 0 0 0 0 0 641293 0 0 0 0 641408 0 0 0 641315 0 0 0 0 641261 0 0 0 0 0 0 0 0 641302 0 641348 0 0 0 0 0 0 641408 
643924 0 643914 643919 643904 643898 0 0 643884 643958 643873 0 643873 643862 0 0 643912 0 0 643867 643894 0 0 0 644010 0 643939 643928 0 643911 643831 0 0 643840 643846 0 0 0 0 0 0 643822 0 644023 0 0 0 0 643817 643847 643902 0 0 644039 644025 0 0 0 0 0 643803 643741 643711 0 643795 643787 0 0 0 643952 0 643973 644057 643984 643966 643856 643687 0 643784 643784 0 0 643964 643925 644032 644028 0 643798 0 0 0 0 0 0 0 643743 643764 0 0 0 644019 644035 644018 643906 643756 0 643653 0 0 643882 0 0 0 0 0 0 0 643876 643730 643760 643774 0 0 0 0 0 0 643982 
0 0 642859 0 0 0 0 0 642835 0 0 0 0 642651 0 0 642923 0 0 642647 642731 0 0 0 643147 0 643203 643197 0 642943 642739 0 0 0 0 0 0 0 0 0 0 642515 0 0 0 0 0 0 642447 0 0 0 0 643111 643319 0 0 0 0 0 642771 642667 642619 0 0 0 0 0 0 642843 0 642943 0 643309 643273 643079 0 0 0 642315 0 0 0 642847 0 0 0 643033 0 0 0 0 0 0 0 642459 0 0 0 0 643199 0 643367 0 642991 0 0 0 0 642587 0 0 0 0 0 0 0 0 642965 642959 642961 0 0 0 0 0 0 643203 
644451 0 644431 644453 644387 0 0 0 644323 0 644289 0 644337 644327 0 0 644391 0 0 644349 644415 0 0 0 644643 0 644641 644663 0 644377 644203 0 0 0 644307 0 0 0 0 0 0 644235 0 0 0 0 0 0 644249 0 644427 0 0 644427 644619 0 0 0 0 0 644171 644071 644023 0 0 644165 0 0 0 644381 0 644319 0 644713 644760 644601 643987 0 644135 644173 0 0 0 644247 0 0 0 644644 0 0 0 0 0 0 0 644039 0 0 0 0 644459 0 644621 644816 644588 0 643919 0 0 644301 0 0 0 0 0 0 0 644799 644549 644534 644523 0 0 0 0 0 0 644449 
0 0 0 0 0 0 0 0 0 0 0 0 0 0 0 0 0 0 0 0 0 0 0 0 642499 0 0 0 0 0 0 0 0 0 0 0 0 0 0 0 0 0 0 0 0 0 0 0 0 0 0 0 0 0 0 0 0 0 0 0 0 0 0 0 0 0 0 0 0 0 0 0 0 0 0 0 0 0 0 0 0 0 0 0 0 0 0 0 0 0 0 0 0 0 0 642375 0 0 0 0 0 0 0 0 642546 0 0 0 0 0 0 0 0 0 0 0 0 0 0 0 0 0 0 0 0 0 0 0 
644627 0 644597 644540 644711 644621 644540 644696 644795 644551 644834 0 644546 644441 0 0 644759 644786 0 644384 644393 644342 0 0 644493 644506 644494 644461 644662 644784 644885 0 0 644663 644321 0 0 0 0 644762 0 644393 644288 644386 0 644380 644996 0 644234 644252 644273 0 0 644294 644320 644380 0 644767 0 644827 644977 645047 645065 0 644600 644288 644195 644213 0 644207 0 644204 644344 644269 644287 644500 645091 644915 644423 644135 644177 0 644141 644132 644237 644245 0 644359 644569 0 0 644997 644990 0 0 644729 644507 0 0 0 644200 644212 644227 644197 644296 645113 644989 645004 644033 644069 0 0 0 0 644078 0 0 644152 644257 644464 644539 0 645046 0 0 644000 0 644125 
644559 0 644575 644546 644619 0 0 0 644679 0 644712 0 644626 644538 0 0 644595 0 0 644481 644490 0 0 0 644301 0 644292 644259 0 644598 644805 0 0 0 644418 0 0 0 0 0 0 644490 0 0 0 0 0 0 644331 0 644370 0 0 644136 644118 0 0 0 0 0 644817 644931 644985 0 0 644385 0 0 0 644304 0 644118 0 644067 644085 644298 644995 0 644520 644232 0 0 0 644046 0 0 0 644157 0 0 0 0 0 0 0 644826 0 0 0 0 643998 0 644025 643995 644094 0 645032 0 0 644166 0 0 0 0 0 0 0 643950 644055 644262 644337 0 0 0 0 0 0 643923 
644604 0 644634 644607 644664 644676 644475 644607 644724 644394 644757 0 644687 644596 0 0 644640 644805 0 644539 644548 644475 0 0 644346 644349 644337 644304 644505 644643 644850 0 0 644798 644476 0 0 0 0 644869 0 644548 644443 644229 0 644223 644955 0 644389 644407 644428 0 0 644181 644163 644223 0 644610 0 644670 644862 644976 645018 0 644755 644443 644350 644368 0 644362 0 644163 644187 644112 644130 644343 645030 645010 644578 644290 644332 0 644260 644091 644082 644106 0 644202 644412 0 0 644850 645069 0 0 644884 644662 0 0 0 644043 644055 644070 644040 644139 644976 645090 645085 644188 644224 0 0 0 0 644001 0 0 643995 644100 644307 644382 0 644877 0 0 644067 0 643968 
644586 0 644616 644673 644502 644592 644615 0 644418 644448 644379 0 644667 644772 0 0 644406 0 0 644829 644810 0 0 0 644486 0 644391 644358 0 644337 644328 0 0 644550 644892 0 0 0 0 0 0 644820 0 644369 0 0 0 0 644979 644951 644810 0 0 644321 644303 0 0 0 0 0 644196 644166 644148 0 644613 644925 0 0 0 644660 0 644303 644327 644252 644270 644181 644112 644298 644790 645078 644906 0 644438 644231 644222 644246 0 644112 0 0 0 0 0 0 0 644484 644706 0 0 0 644183 644195 644210 644180 644049 0 644214 0 645150 644870 0 0 0 0 644141 0 0 644135 644010 644001 644004 0 644007 0 0 0 0 644108 
0 0 0 0 0 0 0 0 0 0 0 0 0 0 0 0 0 0 0 0 0 0 0 0 636885 0 0 0 0 0 0 0 0 0 0 0 0 0 0 0 0 0 0 0 0 0 0 0 0 0 0 0 0 0 0 0 0 0 0 0 0 0 0 0 0 0 0 0 0 637173 0 0 0 0 0 0 0 0 0 0 0 0 0 0 0 0 0 0 0 0 0 0 0 0 0 636828 0 0 0 0 0 0 0 0 636393 0 0 0 0 637264 0 0 0 0 0 0 0 0 0 0 0 0 0 0 0 0 0 0 
644993 645011 645003 645022 644965 644995 645022 644970 644937 644947 644924 644934 645020 645055 645043 644939 644933 644940 644978 645074 645071 645088 645087 645016 645003 644980 644928 644917 644912 644910 644907 644992 644989 644981 645095 644999 644960 644908 644909 644948 645009 645071 645106 645012 644982 644890 644870 644972 645080 645110 645111 645126 645130 645032 645014 644866 644872 644875 644865 644871 644863 644853 644847 644942 645002 645050 645043 645121 645143 645133 645079 645026 645034 644973 644955 644858 644835 644897 645047 645047 645133 645079 645071 645002 644999 645007 644909 644835 644833 644827 644830 644835 644872 644917 644980 644959 645027 645030 645011 645088 644986 644990 644995 644925 644814 644817 644869 644864 645037 645145 645160 645172 645131 645134 644972 644979 644979 644910 644801 644798 644799 644811 644800 645160 645044 644998 644976 644961 
644990 645008 645000 645019 644962 644992 645019 644967 644934 644944 644921 644931 645017 645052 645040 644936 644930 644937 644975 645071 645068 645085 645084 645013 645000 644977 644925 644914 644909 644907 644904 644989 644986 644978 645092 644996 644957 644905 644906 644945 645006 645068 645103 645009 644979 644887 644867 644969 645107 645115 645108 645123 645115 645005 644999 644863 644869 644872 644862 644868 644860 644850 644844 644939 644999 645077 645070 645128 645140 645118 645052 644999 645007 644970 644952 644855 644832 644894 645058 645074 645140 645052 645044 644975 644972 644980 644906 644832 644830 644824 644827 644832 644869 644914 644977 644956 645030 645057 645038 645115 644959 644963 644968 644922 644811 644814 644866 644861 645064 645172 645173 645149 645104 645107 644945 644952 644952 644907 644798 644795 644796 644808 644797 645133 645017 644971 644949 644934 
644978 644996 644988 645007 644950 644980 645007 644955 644922 644932 644909 644919 645005 645040 645028 644924 644918 644925 644963 645059 645056 645073 645072 645001 644988 644965 644913 644902 644897 644895 644892 644977 644974 644966 645052 644984 644945 644893 644894 644933 644994 645028 645091 644997 644967 644875 644855 644957 645023 645053 645096 645111 645115 645077 644999 644851 644857 644860 644850 644856 644848 644838 644832 644927 644987 644993 644986 645064 645124 645118 645124 645083 645031 644958 644940 644843 644820 644882 644990 644990 645076 645136 645128 645059 645056 645064 644894 644820 644818 644812 644815 644820 644857 644902 644951 644944 644970 644973 644954 645031 645043 645035 644992 644910 644799 644802 644854 644849 644980 645088 645103 645127 645172 645169 645029 645036 645036 644895 644786 644783 644784 644796 644785 645143 645101 645055 645033 645018 
644981 644999 644991 645010 644953 644983 645010 644958 644925 644935 644912 644922 645008 645043 645031 644927 644921 644928 644966 645062 645059 645076 645075 645004 644991 644968 644916 644905 644900 644898 644895 644980 644977 644969 645049 644987 644948 644896 644897 644936 644997 645025 645094 645000 644970 644878 644858 644960 645020 645050 645099 645114 645118 645080 645002 644854 644860 644863 644853 644859 644851 644841 644835 644930 644990 644990 644983 645061 645121 645121 645127 645086 645034 644961 644943 644846 644823 644885 644987 644987 645073 645139 645131 645062 645059 645067 644897 644823 644821 644815 644818 644823 644860 644905 644948 644947 644967 644970 644951 645028 645046 645038 644995 644913 644802 644805 644857 644852 644977 645085 645100 645124 645169 645166 645032 645039 645039 644898 644789 644786 644787 644799 644788 645140 645104 645058 645036 645021 
643572 0 643552 643579 643480 643492 0 0 643388 643538 643341 0 643417 643396 0 0 643414 0 0 643423 643516 0 0 0 643722 0 643489 643456 0 643344 643238 0 0 643282 643360 0 0 0 0 0 0 643264 0 643788 0 0 0 0 643273 643375 643564 0 0 644044 643816 0 0 0 0 0 643130 643052 642998 0 643135 643159 0 0 0 643750 0 644151 643904 643684 643618 643243 642950 0 643126 643174 643468 0 644020 644247 644050 644066 0 643186 0 0 0 0 0 0 0 643012 643042 0 0 0 644024 643960 643810 643528 643123 0 642862 0 0 643528 0 0 0 0 644332 0 0 643483 643084 643039 643030 0 0 0 0 0 0 644044 
644711 644739 644711 644728 644659 644683 644776 644676 644607 644639 644582 644592 644657 644635 644821 644623 644611 644594 644592 644645 644699 644806 644843 644777 644751 644705 644601 644579 644569 644565 644541 644569 644575 644589 644603 644743 644665 644561 644563 644550 644535 644555 644725 644769 644709 644525 644468 644513 644545 644605 644715 644781 644821 644929 644773 644477 644489 644495 644475 644487 644471 644439 644421 644477 644501 644485 644471 644627 644747 644815 644935 644996 644837 644691 644655 644461 644397 644457 644479 644479 644651 644947 644955 645044 644911 644927 644563 644415 644411 644399 644405 644415 644410 644431 644401 644443 644439 644445 644407 644561 644885 644845 644759 644595 644373 644379 644377 644382 644459 644675 644705 644753 644843 644837 645074 645081 644967 644565 644347 644341 644343 644367 644345 644785 645017 645076 644961 644883 
644169 644175 644159 644164 644149 644143 644212 644168 644129 644153 644118 644108 644118 644107 644239 644137 644143 644102 644088 644112 644139 644194 644219 644226 644213 644190 644115 644093 644119 644120 644087 644074 644077 644085 644091 644209 644155 644099 644113 644070 644057 644067 644152 644222 644175 644039 644052 644046 644062 644092 644147 644180 644200 644302 644215 644003 644063 644081 644061 644081 644073 644045 644027 644028 644040 644032 644025 644103 644163 644197 644263 644316 644256 644145 644121 644011 644015 644025 644029 644029 644115 644263 644271 644340 644293 644301 644053 643953 643985 644021 644027 644045 644002 644005 643990 644011 644009 644012 643993 644070 644279 644251 644189 644061 643911 644027 643981 643986 644019 644127 644142 644166 644211 644208 644322 644315 644321 644031 643885 643915 643929 644001 644010 644182 644298 644296 644318 644265 
643443 0 643433 643486 643327 0 0 0 643211 0 643152 0 643344 643381 0 0 643287 0 0 643434 643509 0 0 0 643700 0 643580 643591 0 643238 643025 0 0 0 643413 0 0 0 0 0 0 643293 0 0 0 0 0 0 643384 0 643592 0 0 643535 643733 0 0 0 0 0 642925 642791 642725 0 0 643258 0 0 0 643614 0 643397 0 643784 643794 643434 642665 0 643159 643316 0 0 0 643277 0 0 0 643526 0 0 0 0 0 0 0 642901 0 0 0 0 643509 0 643714 643824 643474 0 642631 0 0 643578 0 0 0 0 0 0 0 643839 643409 643346 643277 0 0 0 0 0 0 643462 
0 0 0 0 0 0 0 0 643081 0 0 0 0 643036 0 0 643109 0 0 643029 643044 0 0 0 643136 0 0 0 0 643108 643039 0 0 0 0 0 0 0 0 0 0 643008 0 0 0 0 0 0 0 0 0 0 0 643119 643161 0 0 0 0 0 643035 642997 0 0 0 0 0 0 0 643042 0 643094 0 643190 0 0 0 0 0 642946 0 0 0 643070 0 0 0 0 0 0 0 0 0 0 0 642963 0 0 0 0 643153 0 0 0 643206 0 0 0 0 642984 0 0 0 0 0 0 0 0 643206 0 643169 0 0 0 0 0 0 643159 
0 0 642916 0 0 0 0 0 643046 0 0 0 0 642708 0 0 643120 0 0 642656 642692 0 0 0 643012 0 643240 643268 0 643154 642950 0 0 0 0 0 0 0 0 0 0 642620 0 0 0 0 0 0 642456 0 0 0 0 642678 642990 0 0 0 0 0 642982 642878 642830 0 0 0 0 0 0 642514 0 642510 0 643130 643190 643386 0 0 0 642324 0 0 0 642414 0 0 0 643418 0 0 0 0 0 0 0 642670 0 0 0 0 642766 0 643014 0 643382 0 0 0 0 642330 0 0 0 0 0 0 0 0 643356 643452 643418 0 0 0 0 0 0 642770 
0 0 0 0 0 0 0 0 0 0 0 0 0 0 0 0 0 0 0 0 0 0 0 0 643046 0 0 0 0 0 0 0 0 0 0 0 0 0 0 0 0 0 0 0 0 0 0 0 0 0 0 0 0 0 643010 0 0 0 0 0 0 0 0 0 0 0 0 0 0 643010 0 0 0 643022 0 0 0 0 0 0 0 0 0 0 0 0 0 0 0 0 0 0 0 0 0 643119 0 0 0 0 0 0 0 0 643092 0 0 0 0 643022 0 0 0 0 0 0 0 0 0 0 643154 0 0 0 0 0 0 0 
644991 644973 644981 644962 645019 644989 644962 645014 645047 645037 645060 645050 644964 644929 644941 645045 645051 645044 645006 644910 644913 644896 644897 644968 644981 645004 645054 645043 645072 645074 645077 644992 644995 645003 644889 644985 645024 645076 645075 645036 644975 644913 644878 644972 645002 645016 645100 645012 644860 644866 644873 644858 644854 644892 644970 645016 645112 645109 645119 645113 645121 645093 645075 645042 644982 644878 644847 644853 644841 644851 644845 644850 644938 644979 644985 645056 645063 645073 644923 644827 644841 644821 644829 644826 644901 644893 644987 645009 645079 645157 645154 645135 645050 645053 645004 645025 644951 644906 644815 644820 644914 644934 644965 644955 644988 645081 645029 645034 644793 644805 644796 644796 644793 644790 644808 644801 644873 644940 644975 645044 645069 645173 645122 644788 644784 644782 644876 644915 
644603 0 644573 644516 644687 644597 644516 0 644771 644651 644810 0 644522 644417 0 0 644783 0 0 644360 644369 0 0 0 644561 0 644594 644561 0 644846 644861 0 0 644639 644297 0 0 0 0 0 0 644369 0 644486 0 0 0 0 644210 644228 644249 0 0 644306 644420 0 0 0 0 0 644993 645023 645039 0 644576 644264 0 0 0 644183 0 644180 644422 644369 644387 644600 645027 644891 644399 644111 644153 0 644117 644108 644313 644305 0 644459 0 0 0 0 0 0 0 644705 644483 0 0 0 644300 644312 644327 644297 644396 0 644925 0 644009 644045 0 0 0 0 644054 0 0 644252 644357 644564 644639 0 645140 0 0 0 0 644225 
644969 644987 644979 644998 644941 644971 644998 644946 644913 644923 644900 644910 644996 645031 645019 644915 644909 644916 644954 645050 645047 645064 645063 644992 644979 644956 644904 644893 644888 644886 644883 644968 644965 644957 645071 644975 644936 644884 644885 644924 644985 645047 645082 644988 644958 644866 644846 644948 645054 645084 645087 645102 645106 645058 644990 644842 644848 644851 644841 644847 644839 644829 644823 644918 644978 645024 645017 645095 645119 645109 645105 645052 645022 644949 644931 644834 644811 644873 645021 645021 645107 645105 645097 645028 645025 645033 644885 644811 644809 644803 644806 644811 644848 644893 644956 644935 645001 645004 644985 645062 645012 645016 644983 644901 644790 644793 644845 644840 645011 645119 645134 645158 645157 645160 644998 645005 645005 644886 644777 644774 644775 644787 644776 645172 645070 645024 645002 644987 
643420 643450 643430 643461 643368 643410 643485 643385 643316 643386 643291 643301 643435 643446 643530 643378 643324 643307 643357 643463 643502 643575 643586 643503 643478 643443 643367 643356 643315 643289 643250 643365 643368 643360 643442 643486 643423 643323 643312 643303 643348 643394 643539 643511 643469 643303 643177 643313 643413 643455 643534 643591 643623 643639 643525 643255 643251 643242 643232 643226 643182 643148 643130 643271 643319 643359 643364 643478 643574 643620 643686 643705 643569 643469 643433 643239 643106 643204 643332 643380 643502 643722 643714 643740 643642 643650 643341 643193 643189 643158 643161 643142 643155 643224 643233 643254 643288 643315 643332 643445 643629 643597 643530 643373 643151 643088 643140 643135 643382 643538 643565 643601 643670 643667 643712 643719 643693 643343 643125 643119 643121 643130 643083 643629 643782 643738 643690 643640 
643287 0 643307 643345 643231 643291 643345 643241 643175 643195 643149 0 643288 643266 0 0 643167 643181 0 643276 643330 643440 0 0 643307 643261 643157 643135 643125 643121 643115 0 0 643222 643234 0 0 0 0 643187 0 643186 643356 643325 0 643081 643024 0 643175 643236 643346 0 0 643485 643329 643033 0 643051 0 643043 643022 642978 642954 0 643132 643109 643076 643258 0 643446 0 643569 643393 643247 643211 643017 642918 643074 643110 643076 643282 0 643594 643617 643467 643483 0 642971 642967 0 0 642954 643002 0 0 643074 643070 0 0 0 643441 643401 643315 643151 642929 642882 642961 642966 643034 643306 0 0 0 0 643650 0 0 643121 642903 642897 642899 0 642860 0 0 643702 0 643439 
644240 644252 644220 644230 644200 644188 644326 644238 644160 644292 644138 644118 644138 644116 644380 644284 644202 644106 644078 644126 644180 644290 644340 644394 644370 644346 644273 644262 644221 644178 644076 644050 644056 644072 644084 644392 644329 644229 644218 644042 644016 644036 644206 644417 644375 644235 644006 643994 644026 644086 644196 644262 644302 644514 644431 644199 644157 644148 644138 644130 644058 643992 643956 643958 643982 643966 643952 644108 644228 644296 644428 644534 644466 644378 644348 644167 643932 643952 643960 643960 644132 644428 644444 644538 644538 644538 644278 644156 644118 644064 644067 644034 643906 643912 643882 643924 643920 643926 643888 644042 644535 644503 644436 644318 644135 643962 643864 643874 643940 644156 644186 644234 644324 644318 644550 644536 644566 644303 644122 644083 644072 644036 643986 644266 644454 644498 644566 644546 
0 0 0 0 0 0 0 0 641217 0 0 0 0 641199 0 0 641217 0 0 641192 641207 0 0 0 641217 0 0 0 0 641217 641217 0 0 0 0 0 0 0 0 0 0 641171 0 0 0 0 0 0 0 0 0 0 0 641217 641217 0 0 0 0 0 641217 641217 0 0 0 0 0 0 0 641205 0 641217 0 641217 0 0 0 0 0 641109 0 0 0 641217 0 0 0 0 0 0 0 0 0 0 0 641199 0 0 0 0 641217 0 0 0 641150 0 0 0 0 641147 0 0 0 0 0 0 0 0 641137 0 641183 0 0 0 0 0 0 641217 
