644309 644259 644239 644261 644219 644241 644227 644175 644207 644227 644127 644195 644137 644117 644075 644159 644113 644073 644079 644089 644099 644041 644063 644131 644127 644005 644159 644097 644073 644039 643945 643935 643989 644051 643969 643975 644071 644013 643903 643853 643873 643929 643933 643965 644059 644051 643947 643897 643887 643837 643849 643829 643899 643938 643970 643947 643877 643819 643875 643960 643865 643985 643803 643793 643791 643779 643870 643858 643889 643829 643835 643841 643815 643823 643759 643824 643887 643829 643803 643785 643787 643707 643875 643875 643863 643829 643813 643819 643825 643789 643707 643802 643877 643753 643693 643681 643729 643726 643771 643759 643743 643719 643703 643701 643677 643623 643700 643684 643682 643730 643984 643723 643703 643701 643697 643671 643573 643635 643678 643950 643957 643681 643541 643656 643642 643642 643949 643941 
0 643707 643635 643659 643587 643523 643587 0 643539 643501 0 643515 643567 0 643513 643443 643507 0 0 643341 643481 0 0 643345 643419 643253 643333 643395 643395 0 0 0 643245 643385 0 0 643347 643347 0 643069 643085 0 643085 0 643299 643323 643229 0 643109 0 0 0 0 643025 0 0 0 643001 642993 643069 0 643235 0 0 0 0 642889 642865 0 0 0 0 642965 642981 642853 642797 643109 0 0 642905 642909 642749 643119 0 643061 0 0 0 0 0 642749 642753 0 0 642721 642629 642629 642601 642877 642853 642821 642773 642741 642737 642689 0 642549 642517 642513 642539 642548 0 0 642737 642729 642677 642461 642537 642505 642532 642608 642697 642421 642461 642433 642433 642576 0 
0 644924 645056 645020 644780 644842 644988 0 644732 644798 0 644842 644966 0 644710 644698 644862 0 0 644512 644812 0 0 644486 644652 644426 644462 644594 644606 0 0 0 644418 644620 0 0 644496 644582 0 644266 644258 0 644258 0 644412 644440 644586 0 644514 0 0 0 0 644198 0 0 0 644174 644166 644242 0 644302 0 0 0 0 644062 644038 0 0 0 0 644274 644338 644194 643970 644226 0 0 644214 644266 644018 644114 0 644154 0 0 0 0 0 644090 643926 0 0 644054 643802 643802 643774 644018 644042 644058 644058 644026 644046 644070 0 643722 643690 643686 643710 643762 0 0 643974 643990 643986 643634 643710 643678 643626 643654 643886 643594 643634 643606 643606 643622 0 
0 0 0 643006 0 642884 642934 0 642788 0 0 642862 0 0 642786 0 0 0 0 0 642832 0 0 0 0 0 0 642742 0 0 0 0 0 642736 0 0 642694 642698 0 0 0 0 0 0 0 0 642576 0 0 0 0 0 0 0 0 0 0 0 642242 642318 0 642586 0 0 0 0 642138 642114 0 0 0 0 0 0 642200 0 0 0 0 0 0 0 0 0 642408 0 0 0 0 0 642096 642002 0 0 0 641878 0 0 0 642200 642168 0 0 0 642036 0 0 0 641762 641792 0 0 0 0 642076 0 0 641786 0 0 0 0 0 0 0 0 0 0 
0 645011 644869 644909 645021 644591 644763 0 644981 644547 0 644611 644799 0 644799 644467 644667 0 0 644781 644617 0 0 644235 644437 644677 644211 644389 644411 0 0 0 644669 644425 0 0 644293 644385 0 644355 644453 0 644509 0 644197 644245 644373 0 644301 0 0 0 0 644449 0 0 0 644321 644417 644493 0 644107 0 0 0 0 644313 644289 0 0 0 0 644061 644125 644093 644221 644013 0 0 644001 644053 644013 643919 0 643941 0 0 0 0 0 643989 644177 0 0 643841 644053 644053 644025 643805 643829 643845 643845 643813 643833 643857 0 643973 643941 643937 643979 643511 0 0 643761 643777 643773 643877 643961 643929 643375 643403 643673 643789 643885 643857 643857 643371 0 
0 0 0 643315 0 643521 643461 0 643011 0 0 643505 0 0 642977 0 0 0 0 0 643409 0 0 0 0 0 0 643347 0 0 0 0 0 643325 0 0 643297 643287 0 0 0 0 0 0 0 0 643123 0 0 0 0 0 0 0 0 0 0 0 642433 642509 0 643175 0 0 0 0 642329 642305 0 0 0 0 0 0 642461 0 0 0 0 0 0 0 0 0 642997 0 0 0 0 0 642357 642193 0 0 0 642069 0 0 0 642789 642757 0 0 0 642513 0 0 0 641953 641983 0 0 0 0 642665 0 0 641977 0 0 0 0 0 0 0 0 0 0 
0 0 0 643316 0 643324 643374 0 643028 0 0 643302 0 0 643020 0 0 0 0 0 643278 0 0 0 0 0 0 643182 0 0 0 0 0 643182 0 0 643134 643142 0 0 0 0 0 0 0 0 643010 0 0 0 0 0 0 0 0 0 0 0 642476 642552 0 643032 0 0 0 0 642372 642348 0 0 0 0 0 0 642504 0 0 0 0 0 0 0 0 0 642842 0 0 0 0 0 642400 642236 0 0 0 642112 0 0 0 642634 642602 0 0 0 642470 0 0 0 641996 642038 0 0 0 0 642510 0 0 642020 0 0 0 0 0 0 0 0 0 0 
0 643736 643735 643730 643738 643639 643706 643759 643736 643616 643730 643632 643740 643724 643698 643560 643699 643710 643704 643673 643674 643703 0 643454 643546 643649 643484 643531 643571 643662 643639 643634 643659 643578 643609 643598 643484 643559 643617 643587 643609 643611 643595 643593 643430 643464 643616 643622 643617 0 0 0 643614 643532 643560 643508 0 643576 643584 643555 643575 643419 643575 0 0 0 643498 643480 643461 643467 0 0 643514 643554 643545 643475 643406 643485 0 643499 643536 643513 643325 0 643376 0 643387 643408 0 643429 643519 643476 643350 643447 643471 643505 643457 643402 643366 643396 643424 643448 643440 643457 643499 0 643341 643297 643260 643272 643134 0 0 643403 643419 643442 643465 643482 643330 643066 643080 643357 643443 643367 643336 643324 643064 0 
0 0 0 643053 0 642929 642981 0 643159 0 0 642909 0 0 642793 0 0 0 0 0 642813 0 0 0 0 0 0 642761 0 0 0 0 0 642717 0 0 642711 642641 0 0 0 0 0 0 0 0 642509 0 0 0 0 0 0 0 0 0 0 0 642571 642671 0 642585 0 0 0 0 642491 642467 0 0 0 0 0 0 642133 0 0 0 0 0 0 0 0 0 642341 0 0 0 0 0 642029 642355 0 0 0 642183 0 0 0 642133 642101 0 0 0 641969 0 0 0 642115 642211 0 0 0 0 642009 0 0 642091 0 0 0 0 0 0 0 0 0 0 
0 643083 643196 643179 642965 643360 643283 0 642929 643369 0 643329 642941 0 642623 643282 643054 0 0 642616 643061 0 0 643168 643208 642412 643244 643127 643073 0 0 0 642378 643024 0 0 643050 642929 0 642068 642106 0 642226 0 643008 642994 642639 0 642382 0 0 0 0 642223 0 0 0 641977 642087 642278 0 642793 0 0 0 0 642053 642023 0 0 0 0 642391 642329 641930 641938 642584 0 0 642316 642239 641734 642503 0 642518 0 0 0 0 0 641800 641883 0 0 642046 641608 641704 641693 642300 642282 642254 642169 642129 642106 641916 0 641628 641588 641583 641703 642564 0 0 642149 642132 642031 641350 641493 641573 642617 642638 642087 641276 641518 641483 641483 642614 0 
0 644941 644830 644851 644985 644611 644740 644926 644965 644578 645113 644626 644981 644987 644981 644518 644857 644885 645059 644980 644824 645020 0 644344 644512 644930 644326 644503 644593 644798 644840 644825 644924 644680 644675 644849 644434 644669 644666 644648 644764 644816 644804 644834 644344 644410 644660 644621 644606 0 0 0 644789 644759 644807 644552 0 644651 644735 644792 644537 644401 644480 0 0 0 644657 644639 644447 644393 0 0 644426 644474 644450 644588 644390 644411 0 644381 644420 644390 644327 0 644336 0 644297 644324 0 644315 644372 644555 644330 644297 644261 644462 644462 644441 644234 644252 644264 644264 644240 644255 644273 0 644402 644378 644375 644347 643801 0 0 644201 644213 644210 644320 644393 644369 643699 643720 644135 644266 644336 644315 644315 643696 0 
0 644712 644856 644808 644568 644976 644952 0 644520 644956 0 644966 644766 0 644538 644836 644916 0 0 644300 644910 0 0 644644 644788 644252 644634 644730 644742 0 0 0 644246 644756 0 0 644632 644718 0 644094 644086 0 644086 0 644548 644576 644680 0 644422 0 0 0 0 644018 0 0 0 644002 643994 644064 0 644438 0 0 0 0 643890 643866 0 0 0 0 644436 644432 644022 643798 644402 0 0 644376 644360 643846 644250 0 644330 0 0 0 0 0 643918 643754 0 0 644192 643630 643630 643602 644194 644218 644234 644234 644202 644208 644074 0 643550 643518 643474 643498 643852 0 0 644150 644166 644148 643462 643538 643506 643798 643826 644062 643422 643462 643434 643434 643794 0 
0 0 0 639150 0 638953 639144 0 638839 0 0 638978 639359 0 639194 0 0 0 0 638782 639220 0 0 0 0 0 0 638755 0 0 0 0 0 638980 0 0 638638 639012 0 0 0 0 0 0 0 638590 639050 0 638803 0 0 0 0 0 0 0 0 0 638422 638522 0 638533 0 0 0 0 638216 638144 0 0 0 0 0 0 638126 0 0 0 0 0 0 0 0 0 638540 0 0 0 0 0 637892 637996 0 0 0 637591 0 0 0 638250 638203 0 0 0 637918 0 0 0 637140 636979 0 0 0 0 638002 0 0 637384 0 0 637468 0 0 0 0 0 0 0 
0 644915 644896 644915 644815 644677 644806 644992 644779 644644 645051 644692 645049 645109 645069 644584 644923 645033 644907 644794 644890 644934 0 644410 644578 644856 644392 644569 644659 644956 644864 644849 644858 644746 644861 644781 644500 644785 644850 644742 644738 644750 644738 644768 644410 644476 644846 644807 644792 0 0 0 644723 644679 644719 644730 0 644675 644669 644714 644723 644467 644666 0 0 0 644591 644573 644633 644579 0 0 644612 644660 644634 644522 644576 644597 0 644567 644606 644532 644419 0 644522 0 644483 644510 0 644501 644556 644489 644488 644483 644447 644396 644396 644375 644420 644438 644450 644450 644426 644441 644459 0 644336 644312 644263 644161 643867 0 0 644387 644399 644396 644270 644327 644303 643765 643786 644321 644240 644270 644249 644249 643762 0 
0 0 0 0 0 0 0 0 0 0 0 0 0 0 635830 0 0 0 0 0 635450 0 0 0 0 0 0 0 0 0 0 0 0 0 0 0 0 635274 0 0 0 0 0 0 0 0 0 0 0 0 0 0 0 0 0 0 0 0 635473 635509 0 634694 0 0 0 0 635395 635377 0 0 0 0 0 0 0 0 0 0 0 0 0 0 0 0 634894 0 0 0 0 0 635290 635293 0 0 0 635200 0 0 0 0 0 0 0 0 0 0 0 0 0 634856 0 0 0 0 0 0 0 635131 0 0 0 0 0 0 0 0 0 0 
0 644567 644711 644663 644423 644877 644807 0 644375 644929 0 644951 644619 0 644325 645049 644775 0 0 644153 644821 0 0 644863 645013 644041 644835 644953 644965 0 0 0 644033 644967 0 0 644855 644919 0 643881 643873 0 643873 0 644771 644799 644473 0 644209 0 0 0 0 643813 0 0 0 643789 643781 643857 0 644661 0 0 0 0 643677 643653 0 0 0 0 644353 644225 643809 643585 644559 0 0 644293 644153 643633 644473 0 644487 0 0 0 0 0 643705 643541 0 0 644037 643417 643417 643389 644351 644375 644379 644233 644201 644125 643861 0 643337 643305 643301 643351 643701 0 0 644295 644261 644065 643249 643325 643293 643999 644039 644219 643209 643249 643221 643221 644007 0 
0 0 0 643120 0 643201 643192 0 642976 0 0 643190 643141 0 643027 0 643201 0 0 642904 643201 0 0 0 0 0 0 643130 0 0 0 0 0 643154 0 0 643106 643137 0 0 0 0 0 0 0 643094 643121 0 643046 0 0 0 0 0 0 0 0 0 642819 642790 0 643070 0 0 0 0 642733 642715 0 0 0 0 0 0 642889 0 0 0 0 0 0 0 0 0 643026 0 0 0 0 0 642837 642711 0 0 642964 642693 0 0 0 642998 643002 0 642975 642973 642915 0 0 0 642495 642496 0 0 0 642973 642969 642943 0 642647 0 0 643001 0 0 0 0 0 0 0 
0 644792 644897 644846 644690 644780 644909 644993 644654 644747 644936 644795 645050 645062 644974 644687 645026 645152 644792 644669 644993 644851 0 644513 644681 644761 644495 644672 644762 645105 644761 644746 644755 644849 644986 644680 644603 644906 644803 644641 644635 644647 644635 644665 644513 644579 644971 644902 644887 0 0 0 644620 644590 644638 644863 0 644572 644566 644623 644848 644570 644761 0 0 0 644488 644470 644758 644704 0 0 644737 644785 644587 644419 644701 644722 0 644692 644731 644455 644528 0 644647 0 644608 644635 0 644626 644509 644386 644637 644608 644572 644293 644293 644272 644545 644563 644575 644575 644551 644566 644584 0 644233 644209 644180 644036 643970 0 0 644512 644524 644521 644167 644224 644200 643868 643889 644446 644137 644167 644146 644146 643865 0 
0 644847 644736 644757 644961 644517 644646 644832 644989 644484 645047 644532 644889 644933 644931 644424 644763 644835 645135 645030 644730 645088 0 644250 644418 645024 644232 644409 644499 644748 644790 644775 645016 644586 644625 644943 644340 644611 644616 644598 644736 644910 644898 644928 644250 644316 644610 644571 644556 0 0 0 644881 644853 644901 644502 0 644601 644829 644886 644487 644307 644430 0 0 0 644751 644733 644397 644343 0 0 644376 644424 644400 644682 644340 644361 0 644331 644370 644340 644257 0 644286 0 644247 644274 0 644265 644322 644649 644280 644247 644211 644554 644556 644535 644184 644202 644214 644214 644190 644205 644223 0 644496 644472 644469 644397 643707 0 0 644151 644163 644160 644340 644485 644463 643605 643626 644085 644238 644430 644409 644409 643602 0 
0 0 0 644672 0 644432 644561 0 644912 0 0 644447 644770 0 644755 0 0 0 0 645087 644626 0 0 0 0 0 0 644324 0 0 0 0 0 644482 0 0 644255 644443 0 0 0 0 0 0 0 644231 644434 0 644380 0 0 0 0 0 0 0 0 0 644771 644915 0 644222 0 0 0 0 644792 644774 0 0 0 0 0 0 644224 0 0 0 0 0 0 0 0 0 644110 0 0 0 0 0 644146 644678 0 0 0 644434 0 0 0 644026 644038 0 0 0 644047 0 0 0 644510 644529 0 0 0 0 643987 0 0 644365 0 0 643541 0 0 0 0 0 0 0 
0 0 0 0 0 0 0 0 0 0 0 0 0 0 634456 0 0 0 0 0 634778 0 0 0 0 0 0 0 0 0 0 0 0 0 0 0 0 634656 0 0 0 0 0 0 0 0 0 0 0 0 0 0 0 0 0 0 0 0 634048 634105 0 634295 0 0 0 0 633970 633952 0 0 0 0 0 0 0 0 0 0 0 0 0 0 0 0 634191 0 0 0 0 0 633991 633868 0 0 0 633775 0 0 0 0 0 0 0 0 0 0 0 0 0 633735 0 0 0 0 0 0 0 633706 0 0 0 0 0 0 0 0 0 0 
0 644821 644710 644731 644903 644491 644620 644806 644869 644458 645037 644506 644863 644947 645071 644398 644737 644905 645007 644884 644704 645118 0 644224 644392 645042 644206 644383 644473 644848 644936 644921 645044 644560 644771 644967 644314 644617 644762 644744 644876 644936 644924 644954 644224 644290 644756 644717 644702 0 0 0 644909 644865 644899 644640 0 644747 644855 644900 644633 644281 644576 0 0 0 644777 644759 644543 644489 0 0 644522 644570 644546 644708 644486 644507 0 644477 644516 644486 644239 0 644432 0 644393 644420 0 644411 644468 644675 644380 644393 644357 644582 644582 644561 644330 644348 644360 644360 644336 644351 644369 0 644522 644498 644395 644251 643681 0 0 644297 644309 644306 644454 644513 644489 643579 643600 644231 644378 644456 644435 644435 643576 0 
644061 644086 644049 644056 644124 643976 644019 644081 644136 643965 644158 643981 644100 644128 644138 643945 644058 644112 644206 644188 644047 644199 644214 643887 643943 644212 643881 643940 643970 644083 644032 644022 644172 643999 644018 644169 643917 644018 643952 643916 643984 644136 644139 644159 643887 643909 643996 643946 643936 643900 643936 643940 644082 644109 644139 643996 643926 643906 644082 644131 643914 643895 643852 643842 643840 643828 644041 644029 643938 643878 643884 643890 643864 643872 643808 643995 643936 643878 643852 643834 643836 643756 643845 643881 643912 643878 643862 643868 643874 643838 643756 643973 643904 643802 643742 643864 643911 643897 643820 643808 643792 643768 643752 643750 643726 643672 643871 643855 643833 643773 643706 643772 643752 643750 643746 643720 643708 643818 643849 643672 643679 643730 643652 643827 643813 643813 643671 643663 
0 644379 644523 644475 644235 644711 644619 0 644187 644761 0 644763 644427 0 644151 644907 644583 0 0 643961 644629 0 0 645021 644955 643867 644715 644987 644903 0 0 0 643859 644821 0 0 645003 644783 0 643707 643699 0 643699 0 644919 644947 644299 0 644035 0 0 0 0 643639 0 0 0 643615 643607 643683 0 644809 0 0 0 0 643503 643479 0 0 0 0 644179 644051 643635 643411 644725 0 0 644119 643979 643459 644621 0 644653 0 0 0 0 0 643531 643367 0 0 643863 643243 643243 643215 644517 644427 644251 644059 644027 643951 643687 0 643163 643131 643127 643159 643535 0 0 644167 644087 643891 643075 643151 643119 643879 644099 644271 643035 643075 643047 643047 644067 0 
0 643256 643400 643352 643112 643574 643496 0 643064 643624 0 643640 643340 0 643074 643784 643496 0 0 642874 643542 0 0 643728 643804 642790 643672 643780 643788 0 0 0 642782 643734 0 0 643732 643696 0 642630 642622 0 642622 0 643684 643708 643222 0 642958 0 0 0 0 642562 0 0 0 642538 642530 642606 0 643628 0 0 0 0 642426 642402 0 0 0 0 643102 642974 642558 642334 643506 0 0 643042 642902 642382 643512 0 643458 0 0 0 0 0 642454 642290 0 0 642786 642166 642166 642138 643274 643250 643174 642982 642950 642874 642610 0 642086 642054 642048 642072 642504 0 0 643090 643010 642814 641998 642074 642042 642848 642968 643094 641958 641998 641970 641970 642936 0 
0 643599 643488 643509 643713 643269 643398 0 643749 643236 0 643284 643641 0 643842 643176 643515 0 0 643948 643482 0 0 643002 643170 644058 642984 643161 643251 0 0 0 643986 643338 0 0 643092 643395 0 643414 643574 0 643962 0 643002 643068 643502 0 643406 0 0 0 0 643870 0 0 0 643406 643818 643918 0 643059 0 0 0 0 643766 643742 0 0 0 0 643214 643254 643174 643674 643257 0 0 643154 643182 643082 643017 0 643202 0 0 0 0 0 643070 643630 0 0 642982 643370 643506 643478 643042 643042 643034 643010 642978 642986 642974 0 643426 643394 643267 643111 642459 0 0 642950 642954 642926 643034 643278 643382 642357 642378 642886 642910 643338 643310 643310 642354 0 
0 644281 644427 644389 644133 644669 644535 0 644085 644715 0 644683 644325 0 644097 644811 644481 0 0 643859 644527 0 0 644681 644785 643811 644939 644719 644731 0 0 0 643825 644703 0 0 644621 644665 0 643673 643665 0 643665 0 644537 644565 644265 0 644001 0 0 0 0 643577 0 0 0 643581 643573 643623 0 644427 0 0 0 0 643469 643445 0 0 0 0 644145 644017 643601 643377 644401 0 0 644085 643945 643425 644239 0 644339 0 0 0 0 0 643497 643333 0 0 643829 643209 643209 643181 644203 644227 644201 644025 643993 643917 643653 0 643129 643097 643033 643057 643849 0 0 644117 644053 643857 643041 643117 643085 644177 644247 644071 643001 643041 643013 643013 644215 0 
0 0 0 642715 0 642953 642859 0 642427 0 0 643003 0 0 642439 0 0 0 0 0 642893 0 0 0 0 0 0 643171 0 0 0 0 0 643085 0 0 643123 643047 0 0 0 0 0 0 0 0 642587 0 0 0 0 0 0 0 0 0 0 0 641895 641971 0 643007 0 0 0 0 641791 641767 0 0 0 0 0 0 641923 0 0 0 0 0 0 0 0 0 642851 0 0 0 0 0 641819 641655 0 0 0 641531 0 0 0 642643 642539 0 0 0 641975 0 0 0 641399 641423 0 0 0 0 642375 0 0 641439 0 0 0 0 0 0 0 0 0 0 
0 0 0 640022 0 640222 640164 0 639750 0 0 640304 640035 0 639681 0 640205 0 0 639585 640249 0 0 0 0 0 0 640464 640471 0 0 0 0 640403 0 0 640371 640311 0 0 0 0 0 0 0 640327 639783 0 639395 0 0 0 0 0 0 0 0 638840 639006 639216 0 640218 0 0 0 0 638963 638915 0 0 0 0 0 0 638767 0 0 0 0 0 0 0 0 0 639943 0 0 0 0 0 638585 638730 0 0 638986 638333 0 0 0 639640 639483 0 639201 639104 638750 0 0 0 638211 638295 0 0 0 639336 639268 638999 0 638172 0 0 639561 0 0 0 0 0 0 0 
0 644859 644931 644907 644787 644923 644959 644931 644763 644899 644835 644899 644931 644907 644859 644827 644947 644955 644739 644691 644923 644763 0 644731 644803 644715 644827 644779 644803 644947 644741 644731 644737 644827 644911 644667 644731 644827 644769 644661 644657 644665 644657 644667 644683 644707 644901 644835 644825 0 0 0 644647 644595 644619 644803 0 644615 644611 644619 644819 644659 644741 0 0 0 644559 644547 644759 644723 0 0 644745 644777 644625 644513 644707 644735 0 644715 644741 644537 644587 0 644683 0 644659 644677 0 644671 644573 644491 644635 644659 644635 644429 644429 644415 644617 644629 644637 644637 644621 644631 644631 0 644389 644373 644307 644283 644533 0 0 644595 644603 644601 644345 644383 644367 644465 644479 644551 644325 644345 644331 644331 644463 0 
0 644728 644629 644650 644632 644410 644539 644725 644596 644377 644878 644425 644782 644866 645004 644317 644656 644824 644734 644611 644623 644845 0 644143 644311 644791 644125 644302 644392 644767 645121 645116 644869 644479 644818 644728 644233 644536 645035 645005 645005 644905 644845 644743 644143 644209 644905 644990 644975 0 0 0 644978 644602 644626 644581 0 644942 644936 644641 644906 644200 644849 0 0 0 644704 644650 644614 644762 0 0 644795 644843 644819 644763 644455 644780 0 644750 644789 644759 644158 0 644437 0 644620 644659 0 644684 644741 644756 644299 644666 644630 644663 644663 644642 644603 644621 644633 644633 644609 644624 644642 0 644527 644335 644122 643978 643600 0 0 644570 644582 644579 644537 644594 644548 643498 643519 644504 644507 644537 644516 644516 643495 0 
0 644647 644546 644567 644611 644327 644456 644642 644575 644294 644837 644342 644699 644783 644923 644234 644573 644741 644713 644590 644540 644824 0 644060 644228 644770 644042 644219 644309 644684 645106 645111 644848 644396 644735 644707 644150 644453 645054 645028 645088 644884 644824 644722 644060 644126 644822 644975 644980 0 0 0 644981 644581 644605 644498 0 645005 644951 644620 644907 644117 644870 0 0 0 644683 644629 644531 644715 0 0 644816 644864 644840 644752 644372 644757 0 644771 644810 644780 644075 0 644354 0 644537 644582 0 644693 644762 644819 644216 644687 644651 644746 644746 644713 644576 644642 644654 644654 644630 644645 644663 0 644506 644314 644101 643957 643517 0 0 644591 644603 644600 644620 644677 644539 643415 643436 644525 644590 644620 644599 644599 643412 0 
0 0 0 644600 0 644360 644489 0 644840 0 0 644375 644732 0 644966 0 644606 0 0 644937 644573 0 0 0 0 0 0 644252 644342 0 0 0 645147 644429 0 0 644183 644486 0 0 0 0 645055 0 0 644159 644703 0 644649 0 0 0 0 644928 0 0 0 644694 644986 644967 0 644150 0 0 0 0 644908 644890 0 0 0 0 644469 644517 644493 644839 644397 0 0 644424 644463 644433 644108 0 644357 0 0 0 0 0 644415 644806 0 0 644304 644703 644713 0 644277 644295 644307 0 644283 644298 644316 0 644653 644615 644448 644304 0 0 0 644244 644256 644253 0 644634 644620 0 643469 0 0 644587 644566 644566 0 0 
0 0 0 642977 0 643097 643049 0 642833 0 0 643115 0 0 642890 0 0 0 0 0 643097 0 0 0 0 0 0 643120 0 0 0 0 0 643132 0 0 643096 643121 0 0 0 0 0 0 0 0 642999 0 0 0 0 0 0 0 0 0 0 0 642682 642653 0 643060 0 0 0 0 642596 642578 0 0 0 0 0 0 642701 0 0 0 0 0 0 0 0 0 643022 0 0 0 0 0 642649 642567 0 0 0 642505 0 0 0 642976 642948 0 0 0 642727 0 0 0 642358 642353 0 0 0 0 642890 0 0 642459 0 0 0 0 0 0 0 0 0 0 
0 644617 644722 644671 644515 644759 644776 644818 644479 644726 644761 644774 644875 644887 644893 644666 644965 644989 644617 644494 644972 644728 0 644492 644660 644674 644474 644651 644741 645076 644782 644767 644746 644828 645147 644611 644582 644885 644824 644662 644656 644668 644656 644626 644492 644558 645106 644923 644908 0 0 0 644641 644485 644509 644930 0 644593 644587 644524 644983 644549 644782 0 0 0 644509 644489 644927 644879 0 0 644912 644920 644608 644440 644804 644897 0 644867 644866 644476 644507 0 644784 0 644783 644810 0 644801 644530 644407 644648 644783 644747 644314 644314 644293 644720 644738 644750 644750 644726 644741 644647 0 644254 644208 644005 643861 643909 0 0 644687 644699 644696 644188 644245 644221 643847 643868 644621 644158 644188 644167 644167 643844 0 
0 644605 644494 644515 644719 644275 644404 644590 644755 644242 644821 644290 644647 644731 644876 644182 644521 644689 644965 644972 644488 645004 0 644008 644176 645090 643990 644167 644257 644632 644790 644775 645072 644344 644625 645105 644098 644401 644616 644598 644736 645036 645082 645115 644008 644074 644610 644571 644556 0 0 0 644937 644995 645020 644442 0 644601 644955 645033 644487 644065 644430 0 0 0 644968 644950 644397 644343 0 0 644376 644424 644400 644899 644310 644361 0 644331 644370 644340 644023 0 644282 0 644247 644274 0 644265 644322 644866 644164 644247 644211 644610 644773 644752 644184 644202 644214 644214 644190 644205 644223 0 644713 644689 644516 644372 643465 0 0 644151 644163 644160 644340 644541 644680 643363 643384 644085 644238 644647 644626 644626 643360 0 
0 0 0 642865 0 643105 643009 0 642577 0 0 643153 0 0 642583 0 0 0 0 0 643051 0 0 0 0 0 0 643393 0 0 0 0 0 643243 0 0 643451 643205 0 0 0 0 0 0 0 0 642731 0 0 0 0 0 0 0 0 0 0 0 642039 642115 0 643343 0 0 0 0 641935 641911 0 0 0 0 0 0 642067 0 0 0 0 0 0 0 0 0 643173 0 0 0 0 0 641963 641799 0 0 0 641675 0 0 0 642859 642683 0 0 0 642119 0 0 0 641557 641581 0 0 0 0 642519 0 0 641583 0 0 0 0 0 0 0 0 0 0 
0 0 0 0 0 0 0 0 0 0 0 0 0 0 635199 0 0 0 0 0 635417 0 0 0 0 0 0 0 0 0 0 0 0 0 0 0 0 635506 0 0 0 0 0 0 0 0 0 0 0 0 0 0 0 0 0 0 0 0 634801 634845 0 635189 0 0 0 0 634723 634705 0 0 0 0 0 0 0 0 0 0 0 0 0 0 0 0 635264 0 0 0 0 0 634744 634621 0 0 0 634528 0 0 0 0 0 0 0 0 0 0 0 0 0 634297 0 0 0 0 0 0 0 634459 0 0 0 0 0 0 0 0 0 0 
0 644529 644580 644577 644427 644375 644504 644676 644391 644342 644673 644390 644733 644793 644805 644282 644621 644789 644529 644406 644588 644640 0 644108 644276 644586 644090 644267 644357 644732 644946 644961 644664 644444 644783 644523 644198 644501 645094 645034 644964 644700 644640 644538 644108 644174 644870 645051 645056 0 0 0 644799 644397 644421 644546 0 644977 644781 644436 644983 644165 645054 0 0 0 644499 644445 644579 644777 0 0 644924 645004 644986 644568 644420 644831 0 644929 644990 644860 644123 0 644402 0 644585 644630 0 644769 644908 644663 644264 644853 644835 644698 644698 644557 644648 644742 644818 644838 644814 644829 644847 0 644322 644130 643917 643773 643565 0 0 644775 644787 644784 644572 644629 644355 643463 643484 644709 644542 644564 644503 644455 643460 0 
0 643093 643061 643068 643078 642988 643031 0 643066 642977 0 642993 643112 0 643185 642957 643070 0 0 643062 643059 0 0 642899 642955 643131 642893 642952 642982 0 0 0 643157 643011 0 0 642929 643030 0 643296 643269 0 643140 0 642880 642914 643153 0 643219 0 0 0 0 643011 0 0 0 643305 643196 643036 0 642887 0 0 0 0 643045 643015 0 0 0 0 643183 643215 643261 643068 642996 0 0 643198 643233 643241 642837 0 642978 0 0 0 0 0 643235 643115 0 0 643198 643225 643182 643045 643079 643121 643165 643199 643191 643196 643202 0 642914 642814 642707 642647 642549 0 0 643178 643182 643181 643183 643202 642925 642541 642579 643154 643173 643080 643015 642979 642563 0 
0 643195 643170 643172 643192 643072 643134 0 643180 643062 0 643094 643272 0 643379 643058 643224 0 0 643206 643214 0 0 642990 643066 643326 642930 643072 643120 0 0 0 643374 643166 0 0 643050 643204 0 643467 643467 0 643349 0 643014 643046 643371 0 643432 0 0 0 0 643200 0 0 0 643467 643408 643226 0 643064 0 0 0 0 643254 643224 0 0 0 0 643384 643408 643456 643277 643210 0 0 643384 643408 643467 643072 0 643210 0 0 0 0 0 643456 643320 0 0 643396 643436 643344 643248 643297 643324 643348 643372 643372 643384 643420 0 643123 643022 642880 642784 642520 0 0 643348 643360 643384 643460 643436 643134 642512 642550 643324 643467 643248 643200 643176 642534 0 
0 644796 644722 644736 644872 644576 644662 644786 644896 644554 644940 644586 644824 644880 644980 644514 644740 644852 645012 644978 644718 645062 0 644398 644510 645074 644386 644504 644564 644814 644998 644988 645102 644622 644848 645080 644458 644660 644882 644870 644962 645114 645126 645090 644398 644442 644878 644852 644842 0 0 0 645072 644996 645012 644690 0 644872 645060 645022 644796 644436 644758 0 0 0 645054 645028 644712 644700 0 0 644722 644754 644738 645010 644606 644712 0 644692 644718 644698 644408 0 644594 0 644636 644654 0 644648 644686 644988 644502 644636 644612 644854 644926 644912 644594 644606 644614 644614 644598 644608 644620 0 644886 644818 644676 644580 644036 0 0 644572 644580 644578 644698 644808 644864 643968 643982 644528 644630 644842 644828 644828 643966 0 
0 0 0 644464 0 644224 644353 0 644704 0 0 644239 644585 0 644774 0 644465 0 0 644931 644431 0 0 0 0 0 0 644116 644206 0 0 0 0 644287 0 0 644047 644325 0 0 0 0 645045 0 0 644023 644571 0 644523 0 0 0 0 644944 0 0 0 644568 644922 644982 0 644014 0 0 0 0 644967 644937 0 0 0 0 0 644391 644367 0 644203 0 0 0 0 644307 0 0 644173 0 0 0 0 0 644289 644881 0 0 644178 644577 0 0 644151 644169 644181 0 644157 644172 644190 0 0 0 644480 644369 0 0 0 644118 644130 644127 0 644508 0 0 643333 0 0 0 0 0 0 0 
0 642451 642413 642415 642491 642315 642377 642477 642503 642305 642583 642337 642515 642559 642615 642301 642467 642551 642631 642621 642457 642656 0 642233 642309 642686 642173 642315 642363 642532 642604 642599 642688 642409 642549 642713 642293 642447 642546 642540 642586 642686 642706 642718 642257 642289 642544 642531 642526 0 0 0 642653 642645 642665 642470 0 642541 642659 642670 642503 642307 642484 0 0 0 642655 642637 642473 642455 0 0 642466 642482 642474 642632 642428 642461 0 642451 642464 642454 642315 0 642422 0 642423 642432 0 642429 642448 642633 642376 642423 642411 642544 642614 642559 642402 642408 642412 642412 642404 642409 642415 0 642498 642448 642341 642245 641763 0 0 642391 642395 642394 642454 642521 642487 641755 641793 642369 642420 642524 642493 642481 641777 0 
0 643313 643455 643397 643171 643597 643539 0 643123 643647 0 643679 643395 0 643125 643823 643551 0 0 642929 643597 0 0 643995 643891 642841 643695 643939 643871 0 0 0 642833 643789 0 0 644035 643751 0 642681 642673 0 642673 0 644131 644083 643273 0 643009 0 0 0 0 642613 0 0 0 642589 642581 642657 0 644103 0 0 0 0 642477 642453 0 0 0 0 643153 643025 642609 642385 643873 0 0 643093 642953 642433 644009 0 643897 0 0 0 0 0 642505 642341 0 0 642837 642217 642217 642189 643569 643401 643225 643033 643001 642925 642661 0 642137 642105 642101 642127 642547 0 0 643141 643061 642865 642049 642125 642093 642891 643111 643245 642009 642049 642021 642021 643079 0 
0 0 0 639888 0 640114 640066 0 639529 0 0 640242 639743 0 639204 0 0 0 0 639199 640023 0 0 0 0 0 0 640534 0 0 0 0 0 640263 0 0 640574 640111 0 0 0 0 0 0 0 640569 639249 0 638751 0 0 0 0 0 0 0 0 0 638268 638611 0 640373 0 0 0 0 638217 638163 0 0 0 0 0 0 637947 0 0 0 0 0 0 0 0 0 639875 0 0 0 0 0 637713 637900 0 0 0 637401 0 0 0 639194 638901 0 0 0 637920 0 0 0 637371 637549 0 0 0 0 638580 0 0 637194 0 0 639342 0 0 0 0 0 0 0 
0 0 0 644649 0 644638 644676 0 644580 0 0 644665 0 0 644776 0 0 0 0 0 644780 0 0 0 0 0 0 644634 0 0 0 0 0 644737 0 0 644588 644758 0 0 0 0 0 0 0 0 644850 0 0 0 0 0 0 0 0 0 0 0 644664 644568 0 644566 0 0 0 0 644568 644544 0 0 0 0 0 0 644622 0 0 0 0 0 0 0 0 0 644668 0 0 0 0 0 644570 644547 0 0 0 644485 0 0 0 644707 644700 0 0 0 644605 0 0 0 644239 644168 0 0 0 0 644654 0 0 644439 0 0 0 0 0 0 0 0 0 0 
0 644591 644634 644631 644489 644417 644546 644730 644453 644384 644735 644432 644787 644847 644867 644324 644663 644831 644591 644468 644630 644702 0 644150 644318 644648 644132 644309 644399 644774 645004 645009 644726 644486 644825 644585 644240 644543 645120 645004 644996 644762 644702 644600 644150 644216 644912 645065 645070 0 0 0 644859 644459 644483 644588 0 644935 644829 644498 644997 644207 644992 0 0 0 644561 644507 644621 644805 0 0 644936 644986 644936 644630 644462 644847 0 644893 644932 644818 644165 0 644444 0 644627 644672 0 644783 644858 644697 644306 644809 644773 644656 644656 644591 644666 644756 644776 644776 644752 644767 644785 0 644384 644192 643979 643835 643607 0 0 644713 644725 644722 644530 644587 644417 643505 643526 644647 644500 644530 644509 644489 643502 0 
0 0 0 641434 0 641435 641497 0 641306 0 0 641457 0 0 641582 0 0 0 0 0 641577 0 0 0 0 0 0 641386 0 0 0 0 0 641504 0 0 641340 641542 0 0 0 0 0 0 0 0 641753 0 641816 0 0 0 0 0 0 0 0 0 641563 641336 0 641318 0 0 0 0 641378 641342 0 0 0 0 0 0 641630 0 0 0 0 0 0 0 0 0 641476 0 0 0 0 0 641578 641479 0 0 0 641434 0 0 0 641682 641690 0 0 0 641649 0 0 0 640867 640759 0 0 0 0 641656 0 0 641388 0 0 0 0 0 0 0 0 0 0 
642909 642959 642921 642923 642929 642789 642875 642985 642917 642767 643069 642799 643023 643067 643143 642727 642953 643063 643021 642963 642931 643083 643037 642611 642723 643071 642599 642717 642777 643027 643251 643259 643111 642835 643061 643053 642671 642873 643262 643316 643272 643147 643119 643063 642611 642655 643119 643229 643234 643324 643302 643294 643201 643005 643009 642903 643211 643315 643199 643019 643187 642649 643276 643275 643286 643274 643073 643049 642925 643055 643082 643079 643152 643208 643270 643119 642819 643085 643128 643167 643226 643250 642621 642669 642807 642877 642929 642959 642953 643045 643244 643163 642715 643123 643173 643222 643218 643129 642964 643030 643098 643150 643142 643159 643201 643196 643027 642935 642829 642745 642249 643018 643124 643105 643121 643144 643180 643199 643049 642181 642195 643059 643170 643164 643123 643099 642179 642163 
643057 643107 643069 643071 643099 642934 643020 643133 643087 642912 643239 642944 643171 643215 643291 642872 643098 643210 643191 643133 643076 643253 643207 642756 642868 643241 642744 642862 642922 643172 643421 643431 643281 642980 643206 643223 642816 643018 643429 643490 643469 643317 643289 643233 642756 642800 643264 643386 643396 643482 643502 643490 643371 643175 643179 643048 643370 643491 643371 643189 643346 642794 643433 643428 643440 643428 643243 643219 643070 643202 643232 643226 643324 643383 643424 643289 642964 643238 643300 643342 643389 643404 642766 642814 642952 643022 643074 643104 643098 643206 643398 643347 642860 643298 643324 643398 643398 643315 643116 643200 643273 643301 643293 643310 643352 643350 643197 643105 642999 642915 642394 643193 643275 643256 643272 643295 643356 643375 643219 642326 642340 643210 643346 643356 643323 643291 642324 642308 
643432 643482 643408 643422 643469 643262 643348 643472 643445 643240 643619 643272 643510 643566 643666 643200 643426 643538 643537 643455 643404 643611 643553 643084 643196 643575 643072 643190 643250 643500 643801 643811 643627 643308 643534 643533 643144 643346 643780 643875 643851 643651 643611 643543 643084 643128 643592 643714 643724 643883 643888 643882 643717 643449 643465 643376 643698 643899 643705 643475 643674 643122 643787 643784 643819 643795 643517 643481 643398 643530 643560 643554 643652 643716 643803 643563 643292 643566 643628 643676 643735 643795 643094 643142 643280 643350 643402 643432 643426 643534 643777 643633 643188 643632 643680 643772 643722 643565 643444 643528 643607 643657 643649 643666 643708 643717 643399 643271 643129 643033 642722 643527 643631 643612 643628 643651 643754 643749 643421 642654 642668 643566 643756 643620 643553 643505 642652 642636 
0 644590 644479 644500 644664 644260 644389 644575 644676 644227 644806 644275 644632 644716 644866 644167 644506 644674 644856 644733 644473 644925 0 643993 644161 644913 643975 644152 644242 644617 645057 645054 644991 644329 644668 644850 644083 644386 644913 644895 645017 645027 644967 644865 643993 644059 644755 644866 644853 0 0 0 645106 644724 644748 644431 0 644898 645068 644763 644784 644050 644727 0 0 0 644826 644772 644464 644622 0 0 644673 644721 644697 644885 644305 644652 0 644628 644667 644637 644008 0 644287 0 644470 644509 0 644562 644619 644906 644149 644544 644508 644813 644813 644792 644473 644499 644511 644511 644487 644502 644520 0 644649 644457 644244 644100 643450 0 0 644448 644460 644457 644597 644744 644670 643348 643369 644382 644519 644687 644666 644666 643345 0 
0 0 0 641960 0 641860 641922 0 642048 0 0 641882 642029 0 642095 0 641987 0 0 642142 641976 0 0 0 0 0 0 641860 641899 0 0 0 0 641928 0 0 641838 641947 0 0 0 0 642150 0 0 641834 641988 0 641970 0 0 0 0 642226 0 0 0 641985 642103 642218 0 641835 0 0 0 0 642192 642186 0 0 0 0 0 641926 641918 0 641898 0 0 0 0 641898 0 0 641880 0 0 0 0 0 641892 642139 0 0 641855 641988 0 0 641846 641852 641856 0 641848 641853 641859 0 0 0 641938 641878 0 0 0 641835 641839 641838 0 641965 0 0 641338 0 0 0 0 0 0 0 
0 642579 642541 642543 642619 642443 642505 642605 642631 642433 642711 642465 642643 642687 642727 642429 642595 642679 642759 642749 642585 642775 0 642361 642437 642799 642301 642443 642491 642655 642685 642680 642779 642537 642630 642823 642421 642575 642627 642621 642667 642767 642787 642821 642385 642417 642625 642612 642607 0 0 0 642734 642839 642839 642583 0 642622 642740 642839 642584 642435 642565 0 0 0 642814 642796 642554 642536 0 0 642547 642563 642555 642791 642535 642542 0 642532 642545 642535 642443 0 642517 0 642504 642513 0 642510 642529 642768 642499 642504 642492 642625 642721 642718 642483 642489 642493 642493 642485 642490 642496 0 642657 642613 642547 642451 641891 0 0 642472 642476 642475 642535 642602 642646 641883 641921 642450 642501 642683 642652 642640 641905 0 
0 644474 644579 644528 644372 644648 644633 644675 644336 644687 644618 644735 644732 644744 644730 644843 644822 644846 644474 644351 644861 644585 0 644757 644901 644517 644651 644916 644982 644933 644517 644502 644511 645005 644928 644436 644847 645062 644559 644397 644391 644403 644391 644421 644757 644823 644841 644658 644643 0 0 0 644376 644342 644366 645157 0 644328 644322 644379 644718 644814 644517 0 0 0 644244 644226 645076 644934 0 0 644751 644655 644343 644175 645019 644880 0 644706 644601 644211 644772 0 644965 0 644926 644953 0 644920 644265 644142 644913 644766 644514 644049 644049 644028 644863 644881 644805 644661 644637 644580 644382 0 643989 643965 643862 643718 643766 0 0 644742 644682 644535 643923 643980 643956 644024 644133 644764 643893 643923 643902 643902 644109 0 
644631 644681 644715 644693 644620 644651 644713 644779 644596 644629 644784 644661 644817 644837 644865 644589 644803 644881 644688 644606 644793 644762 644704 644473 644585 644726 644461 644579 644639 644877 644966 644966 644778 644697 644923 644684 644533 644735 645004 644950 644931 644802 644762 644694 644473 644517 644969 645031 645031 644935 644937 644909 644868 644600 644616 644765 645029 644912 644846 644626 645017 644511 644983 644973 644923 644935 644668 644632 644787 644909 644933 644933 644970 644998 644891 644714 644681 644933 644946 644955 644977 644815 644483 644531 644669 644739 644791 644821 644815 644885 644839 644750 644577 644903 644883 644726 644726 644678 644813 644852 644880 644885 644869 644879 644867 644779 644550 644422 644280 644184 644099 644816 644857 644843 644851 644849 644642 644680 644572 644043 644057 644799 644622 644642 644612 644600 644041 644025 
643507 643557 643508 643521 643496 643362 643448 643572 643472 643340 643660 643372 643610 643665 643741 643300 643526 643638 643564 643482 643504 643638 643580 643184 643296 643602 643172 643290 643350 643600 643842 643852 643654 643408 643634 643560 643244 643446 643879 643934 643871 643678 643638 643570 643184 643228 643692 643814 643824 643942 643913 643893 643744 643476 643492 643476 643798 643928 643732 643502 643774 643222 643871 643876 643910 643887 643544 643508 643498 643630 643660 643654 643745 643801 643894 643590 643392 643666 643721 643760 643819 643874 643194 643242 643380 643450 643502 643532 643526 643634 643868 643660 643288 643716 643772 643791 643733 643592 643544 643623 643691 643749 643741 643758 643800 643809 643426 643298 643156 643060 642822 643611 643723 643704 643720 643743 643773 643768 643448 642754 642768 643658 643775 643631 643566 643530 642752 642736 
0 0 0 0 0 0 0 0 0 0 0 0 0 0 0 0 0 0 0 0 0 0 0 0 0 0 0 0 0 0 0 0 0 0 0 0 0 0 0 0 0 0 0 0 0 0 0 0 0 0 0 0 0 0 0 0 0 0 641840 641680 0 641155 0 0 0 0 641800 641764 0 0 0 0 0 0 0 0 0 0 0 0 0 0 0 0 0 0 0 0 0 0 641429 641794 0 0 0 641549 0 0 0 0 0 0 0 0 0 0 0 0 0 641290 0 0 0 0 0 0 0 641480 0 0 0 0 0 0 0 0 0 0 
0 0 0 0 0 0 0 0 0 0 0 0 0 0 0 0 0 0 0 0 0 0 0 0 0 0 0 0 0 0 0 0 0 0 0 0 0 0 0 0 0 0 0 0 0 0 0 0 0 0 0 0 0 0 0 0 0 0 0 643533 0 642770 0 0 0 0 0 643468 0 0 0 0 0 0 0 0 0 0 0 0 0 0 0 0 0 0 0 0 0 0 643243 0 0 0 0 0 0 0 0 0 0 0 0 0 0 0 0 0 0 642954 0 0 0 0 0 0 0 0 0 0 0 0 0 0 0 0 0 0 
0 644465 644570 644519 644363 644553 644618 644666 644327 644522 644609 644570 644723 644735 644741 644462 644775 644837 644465 644342 644766 644576 0 644288 644456 644522 644270 644447 644537 644886 644882 644897 644600 644624 644961 644459 644378 644681 645020 644866 644860 644636 644576 644474 644288 644354 645024 645089 645094 0 0 0 644735 644333 644357 644726 0 644797 644717 644372 645127 644345 644986 0 0 0 644435 644381 644759 644957 0 0 645064 645086 644812 644504 644600 645003 0 645019 645032 644680 644303 0 644582 0 644765 644810 0 644939 644734 644589 644444 644935 644897 644518 644518 644483 644822 644890 644902 644902 644878 644893 644845 0 644258 644066 643853 643709 643719 0 0 644839 644851 644848 644392 644449 644291 643643 643664 644773 644362 644392 644371 644369 643640 0 
0 0 0 0 0 0 0 0 0 0 0 0 0 0 634036 0 0 0 0 0 634417 0 0 0 0 0 0 0 0 0 0 0 0 0 0 0 0 634516 0 0 0 0 0 0 0 0 0 0 0 0 0 0 0 0 0 0 0 0 633628 633685 0 634746 0 0 0 0 633550 633532 0 0 0 0 0 0 0 0 0 0 0 0 0 0 0 0 634571 0 0 0 0 0 633571 633448 0 0 0 633355 0 0 0 0 0 0 0 0 0 0 0 0 0 633319 0 0 0 0 0 0 0 633286 0 0 0 0 0 0 0 0 0 0 
0 644386 644477 644440 644284 644301 644430 644573 644248 644268 644530 644316 644630 644656 644662 644208 644547 644703 644386 644263 644514 644497 0 644034 644202 644443 644016 644193 644283 644658 644803 644818 644521 644370 644709 644380 644124 644427 644977 644965 644849 644557 644497 644395 644034 644100 644796 644967 644982 0 0 0 644656 644254 644278 644472 0 644949 644638 644293 644919 644091 645070 0 0 0 644356 644302 644505 644703 0 0 644878 644966 644992 644425 644346 644757 0 644908 645002 644860 644049 0 644328 0 644511 644556 0 644709 644914 644530 644190 644844 644904 644698 644657 644428 644574 644694 644806 644900 644883 644898 644916 0 644179 643987 643774 643630 643491 0 0 644834 644854 644853 644572 644629 644212 643389 643410 644762 644542 644501 644395 644335 643386 0 
643438 643488 643539 643524 643420 643443 643527 643603 643396 643421 643584 643453 643641 643668 643672 643381 643607 643693 643488 643406 643585 643562 643504 643265 643377 643526 643253 643371 643431 643681 643766 643776 643578 643489 643715 643484 643325 643527 643882 643876 643802 643602 643562 643494 643265 643309 643773 643869 643879 643876 643852 643828 643668 643400 643416 643557 643877 643852 643656 643426 643855 643303 643929 643929 643924 643929 643468 643432 643579 643711 643741 643735 643833 643897 643924 643514 643473 643747 643809 643859 643907 643900 643275 643323 643461 643531 643583 643613 643607 643715 643924 643584 643369 643811 643883 643756 643660 643516 643625 643709 643787 643835 643835 643859 643929 643929 643350 643222 643080 642984 642903 643709 643811 643787 643811 643859 643804 643756 643372 642835 642849 643739 643828 643564 643504 643456 642833 642817 
643315 643365 643387 643389 643297 643264 643350 643451 643273 643242 643461 643274 643489 643533 643549 643202 643428 643529 643365 643283 643406 643439 643381 643086 643198 643403 643074 643192 643252 643502 643643 643653 643455 643310 643536 643361 643146 643348 643747 643770 643679 643479 643439 643371 643086 643130 643594 643705 643715 643778 643739 643722 643545 643277 643293 643378 643700 643757 643533 643303 643676 643124 643790 643795 643832 643820 643345 643309 643400 643532 643562 643556 643654 643718 643824 643391 643294 643568 643630 643684 643749 643780 643096 643144 643282 643352 643404 643434 643428 643536 643798 643461 643190 643644 643736 643654 643562 643393 643446 643530 643618 643693 643701 643722 643764 643750 643227 643099 642957 642861 642724 643530 643671 643642 643674 643707 643636 643631 643249 642656 642670 643592 643638 643460 643381 643333 642654 642638 
644562 644612 644668 644648 644544 644546 644632 644732 644520 644524 644708 644556 644770 644792 644796 644484 644710 644810 644612 644530 644688 644686 644628 644368 644480 644650 644356 644474 644534 644784 644890 644900 644702 644592 644818 644608 644428 644630 645006 645017 644926 644726 644686 644618 644368 644412 644876 644986 644996 645025 644986 644969 644792 644524 644540 644660 644982 645004 644780 644550 644958 644406 645071 645076 645091 645101 644592 644556 644682 644814 644844 644838 644936 645000 645076 644638 644576 644850 644912 644966 645031 644988 644378 644426 644564 644634 644686 644716 644710 644818 645024 644708 644472 644926 645008 644880 644809 644640 644728 644812 644900 644975 644983 645000 645016 644962 644474 644346 644204 644108 644006 644812 644953 644924 644956 644974 644796 644834 644496 643938 643952 644874 644776 644707 644628 644580 643936 643920 
0 0 0 0 0 0 0 0 0 0 0 0 0 0 0 0 0 0 0 0 0 0 0 0 0 0 0 0 0 0 0 0 0 0 0 0 0 0 0 0 0 0 0 0 0 0 0 0 0 0 0 0 0 0 0 0 0 0 641789 641713 0 641070 0 0 0 0 641857 641841 0 0 0 0 0 0 0 0 0 0 0 0 0 0 0 0 0 0 0 0 0 0 641364 641813 0 0 0 641484 0 0 0 0 0 0 0 0 0 0 0 0 0 641377 0 0 0 0 0 0 0 641415 0 0 0 0 0 0 0 0 0 0 
0 0 0 0 0 0 0 0 0 0 0 0 0 0 0 0 0 0 0 0 0 0 0 0 0 0 0 0 0 0 0 0 0 0 0 0 0 0 0 0 0 0 0 0 0 0 0 0 0 0 0 0 0 0 0 0 0 0 0 0 0 634187 0 0 0 0 0 635694 0 0 0 0 0 0 0 0 0 0 0 0 0 0 0 0 0 0 0 0 0 0 635003 0 0 0 0 0 0 0 0 0 0 0 0 0 0 0 0 0 0 635117 0 0 0 0 0 0 0 0 0 0 0 0 0 0 0 0 0 0 
0 644367 644472 644421 644265 644541 644526 644568 644229 644580 644511 644628 644625 644637 644643 644736 644715 644739 644367 644244 644754 644478 0 644724 644802 644424 644544 644857 644883 644826 644550 644535 644502 644898 644941 644361 644814 644955 644592 644430 644424 644436 644424 644376 644724 644790 644874 644691 644676 0 0 0 644409 644235 644259 645072 0 644361 644355 644274 644751 644781 644550 0 0 0 644277 644259 645153 644967 0 0 644784 644688 644376 644208 645036 644913 0 644739 644634 644244 644739 0 645018 0 645033 645058 0 644961 644298 644175 644880 644799 644547 644082 644082 644061 644970 644962 644838 644694 644670 644613 644415 0 644022 643966 643755 643611 643659 0 0 644775 644715 644568 643956 644013 643989 643917 644074 644845 643926 643956 643935 643935 644050 0 
0 644331 644436 644385 644229 644505 644490 644532 644193 644544 644475 644592 644589 644601 644607 644666 644679 644703 644331 644208 644718 644442 0 644494 644662 644388 644474 644653 644743 644790 644706 644711 644466 644828 644913 644325 644584 644885 644820 644660 644654 644502 644442 644340 644494 644560 644928 644899 644896 0 0 0 644561 644199 644223 644932 0 644591 644531 644238 644969 644551 644780 0 0 0 644301 644247 644965 645109 0 0 645014 644918 644606 644340 644806 645113 0 644969 644864 644474 644509 0 644788 0 644951 644990 0 645079 644528 644393 644650 645029 644777 644312 644312 644283 644972 645024 645034 644924 644900 644843 644645 0 644114 643932 643719 643575 643623 0 0 644971 644945 644798 644186 644243 644125 643847 643870 644907 644156 644186 644165 644165 643846 0 
644260 644285 644320 644303 644251 644343 644338 644352 644239 644356 644333 644372 644371 644375 644377 644358 644401 644409 644285 644220 644414 644322 644293 644300 644356 644292 644294 644353 644383 644438 644424 644429 644330 644412 644479 644247 644330 644431 644448 644364 644384 644330 644298 644252 644300 644322 644484 644485 644480 644348 644360 644340 644375 644169 644189 644446 644493 644330 644357 644194 644505 644319 644396 644386 644336 644348 644203 644173 644457 644523 644536 644535 644504 644464 644304 644226 644404 644533 644514 644474 644428 644228 644269 644305 644398 644433 644459 644474 644471 644500 644252 644253 644340 644464 644358 644192 644192 644178 644474 644470 644454 644430 644414 644390 644294 644192 644072 643972 643865 643805 643926 644434 644414 644412 644408 644360 644084 644146 644083 643988 644026 644392 644052 644108 644094 644094 644010 644018 
643616 643641 643676 643659 643607 643699 643694 643708 643595 643712 643689 643728 643727 643731 643733 643728 643757 643765 643641 643600 643770 643678 643649 643670 643726 643660 643664 643723 643753 643794 643780 643785 643686 643782 643835 643639 643700 643801 643800 643716 643736 643698 643678 643644 643670 643692 643840 643842 643832 643700 643712 643692 643731 643597 643605 643816 643846 643682 643725 643610 643858 643689 643748 643738 643688 643700 643631 643613 643827 643893 643908 643905 643856 643816 643656 643654 643774 643906 643868 643826 643780 643580 643675 643699 643768 643803 643829 643844 643841 643866 643604 643666 643722 643830 643710 643544 643592 643626 643848 643836 643820 643784 643768 643742 643646 643544 643547 643447 643340 643280 643405 643800 643780 643778 643774 643712 643436 643498 643558 643455 643462 643758 643404 643556 643565 643565 643454 643446 
0 0 0 644650 0 644730 644720 0 644522 0 0 644776 644786 0 644798 0 644846 0 0 644532 644872 0 0 0 0 0 0 644704 644764 0 0 0 0 644822 0 0 644658 644860 0 0 0 0 644688 0 0 644642 645012 0 645048 0 0 0 0 644526 0 0 0 644912 644782 644552 0 644636 0 0 0 0 644594 644558 0 0 0 0 645156 645122 644922 644640 644806 0 0 0 0 644834 644608 0 644794 0 0 0 0 0 644870 644710 0 0 645036 644726 644726 0 644958 645042 645084 0 645068 645068 644948 0 644476 0 644206 644110 0 0 0 645042 645050 645038 0 644680 644498 0 644182 0 0 644642 644618 644582 0 0 
0 0 0 644140 0 644180 644199 0 644004 0 0 644190 644220 0 644170 0 644250 0 0 643973 644251 0 0 0 0 0 0 644149 644179 0 0 0 0 644208 0 0 644126 644227 0 0 0 0 644002 0 0 644118 644278 0 644266 0 0 0 0 643906 0 0 0 644114 644026 643930 0 644115 0 0 0 0 643906 643882 0 0 0 0 0 644278 644124 0 644175 0 0 0 0 644036 0 0 644163 0 0 0 0 0 644072 643930 0 0 644178 643928 0 0 644187 644211 644233 0 644193 644191 644138 0 0 0 643618 643558 0 0 0 644191 644187 644161 0 643882 0 0 643888 0 0 0 0 0 0 0 
0 0 0 0 0 0 0 0 0 0 0 642701 0 0 642953 0 0 0 0 0 642821 0 0 0 0 0 0 0 0 0 0 0 0 0 0 0 0 642811 0 0 0 0 0 0 0 0 0 0 0 0 0 0 0 0 0 0 0 0 643017 642950 0 642671 0 0 0 0 642983 642977 0 0 0 0 0 0 643068 0 0 0 0 0 0 0 0 0 642791 0 0 0 0 0 643068 643029 0 0 0 643068 0 0 0 0 642959 0 0 0 0 0 0 0 642891 642807 0 0 0 0 0 0 0 643067 0 0 0 0 0 0 0 0 0 0 
0 0 0 641153 0 641013 641113 0 641257 0 0 641069 641365 0 641569 0 641305 0 0 641457 641297 0 0 0 0 0 0 641085 641169 0 0 0 0 641249 0 0 641042 641325 0 0 0 0 641761 0 0 641034 641617 0 641653 0 0 0 0 641681 0 0 0 641602 641787 641677 0 641070 0 0 0 0 641807 641781 0 0 0 0 0 641589 641473 641843 641362 0 0 0 0 641389 0 0 641362 0 0 0 0 0 641395 641823 0 0 641404 641515 641707 0 641512 641525 641503 0 641431 641422 641368 0 641761 0 641473 641307 0 0 0 641440 641428 641377 0 641446 641771 0 640041 0 0 641721 641743 641755 0 0 
0 0 0 642360 0 642389 642389 0 642288 0 0 642389 642372 0 642336 0 642389 0 0 642252 642389 0 0 0 0 0 0 642389 642389 0 0 0 0 642389 0 0 642389 642389 0 0 0 0 642242 0 0 642389 642373 0 642326 0 0 0 0 642204 0 0 0 642216 642219 642216 0 642370 0 0 0 0 642193 642187 0 0 0 0 0 642311 642190 0 642389 0 0 0 0 642114 0 0 642382 0 0 0 0 0 642138 642159 0 0 642213 642078 0 0 642339 642321 642301 0 642247 642233 642173 0 0 0 641963 641939 0 0 0 642269 642253 642203 0 642032 0 0 642389 0 0 0 0 0 0 0 
0 643886 643958 643934 643814 644053 644006 643958 643790 644065 643862 644065 643958 643934 643886 644074 644030 643982 643766 643718 644053 643790 0 644074 644074 643742 644074 644074 644074 644030 643862 643862 643766 644074 644053 643694 644074 644074 643922 643836 643818 643742 643718 643694 644074 644074 644030 643979 643974 0 0 0 643766 643622 643646 644074 0 643790 643742 643646 644023 644074 643916 0 0 0 643622 643598 644074 644074 0 0 644045 644002 643800 643622 644074 644073 0 644029 643972 643712 644074 0 644074 0 644074 644074 0 644065 643748 643639 644074 644030 643913 643604 643604 643565 644074 644056 644032 643984 643968 643945 643826 0 643478 643406 643334 643310 644030 0 0 643990 643974 643915 643520 643558 643478 644074 644074 643994 643500 643520 643499 643487 644074 0 
644550 644600 644670 644636 644532 644716 644706 644734 644508 644736 644696 644768 644772 644780 644784 644732 644832 644848 644600 644518 644858 644674 644616 644616 644728 644638 644604 644722 644782 644906 644878 644888 644690 644840 644988 644596 644676 644878 644980 644932 644884 644714 644674 644606 644616 644660 644998 645024 645028 644924 644908 644884 644780 644512 644528 644908 645052 644894 644768 644538 645076 644654 645020 645010 644936 644960 644580 644544 644930 645062 645092 645086 645118 645076 644904 644626 644824 645098 645118 645118 645076 644816 644626 644674 644812 644882 644934 644964 644958 645058 644852 644692 644720 645106 645018 644708 644708 644620 644976 645034 645082 645086 645070 645056 644930 644804 644462 644334 644192 644096 644128 645010 645070 645056 645064 645026 644624 644662 644484 644186 644200 645012 644604 644620 644572 644548 644184 644168 
0 0 0 644369 0 644467 644474 0 644177 0 0 644530 644573 0 644591 0 644663 0 0 644192 644680 0 0 0 0 0 0 644411 644501 0 0 0 644450 644588 0 0 644342 644645 0 0 0 0 644426 0 0 644318 644912 0 644966 0 0 0 0 644183 0 0 0 644806 644567 644222 0 644309 0 0 0 0 644285 644231 0 0 0 0 645096 645086 644821 644354 644564 0 0 645114 645079 644689 644267 0 644546 0 0 0 0 0 644743 644459 0 0 644970 644527 644527 0 644792 644916 645010 0 645001 645012 644860 0 644108 643916 643703 643559 0 0 0 644962 644974 644967 0 644458 644141 0 643628 0 0 644401 644328 644267 0 0 
0 0 0 644386 0 644425 644491 0 644194 0 0 644464 644590 0 644608 0 644647 0 0 644209 644638 0 0 0 0 0 0 644343 644433 0 0 0 644467 644520 0 0 644274 644577 0 0 0 0 644443 0 0 644250 644896 0 644983 0 0 0 0 644200 0 0 0 644886 644584 644239 0 644241 0 0 0 0 644302 644248 0 0 0 0 645034 645082 644901 644371 644496 0 0 645079 645122 644769 644199 0 644478 0 0 0 0 0 644823 644476 0 0 644991 644607 644607 0 644724 644850 644982 0 644996 645009 644940 0 644125 643933 643720 643576 0 0 0 644957 644969 644964 0 644538 644158 0 643560 0 0 644473 644356 644284 0 0 
0 0 0 642983 0 642903 642946 0 642931 0 0 642908 643027 0 643069 0 642985 0 0 642923 642974 0 0 0 0 0 0 642867 642897 0 0 0 0 642926 0 0 642844 642945 0 0 0 0 643001 0 0 642836 643068 0 643134 0 0 0 0 642872 0 0 0 643179 643060 642897 0 642833 0 0 0 0 642906 642876 0 0 0 0 0 643130 643234 0 642918 0 0 0 0 643262 0 0 642912 0 0 0 0 0 643260 642976 0 0 643177 643176 0 0 642994 643036 643080 0 643136 643155 643221 0 0 0 642568 642508 0 0 0 643101 643121 643170 0 643185 0 0 642504 0 0 0 0 0 0 0 
0 0 0 641901 0 642061 642008 0 641693 0 0 642114 641993 0 641865 0 642095 0 0 641626 642132 0 0 0 0 0 0 642313 642295 0 0 0 0 642276 0 0 642386 642289 0 0 0 0 641584 0 0 642426 642046 0 641932 0 0 0 0 641473 0 0 0 641707 641585 641508 0 642482 0 0 0 0 641439 641409 0 0 0 0 642064 641984 641784 641416 642436 0 0 0 0 641716 642540 0 642453 0 0 0 0 0 641758 641429 0 0 641961 641518 641422 0 642336 642246 642154 0 642050 642007 641869 0 641210 0 641057 641007 0 0 0 642133 642089 641992 0 641495 641199 0 641818 0 0 641284 641229 641205 0 0 
644019 644019 644091 644067 643947 644187 644139 644091 643923 644211 643995 644211 644091 644067 644001 644283 644163 644115 643899 643851 644187 643919 643899 644287 644287 643859 644283 644287 644287 644163 643859 643849 643855 644283 644133 643805 644287 644283 643887 643779 643775 643783 643775 643795 644287 644287 644075 643953 643943 643763 643763 643731 643765 643745 643777 644271 643969 643733 643729 643767 643993 644287 643859 643849 643775 643799 643677 643665 644225 644137 644107 644113 644015 643951 643743 643631 644259 644101 644039 643985 643915 643655 644287 644287 644247 644201 644173 644167 644173 644113 643691 643609 644287 644025 643857 643547 643547 643533 644131 644095 644051 643955 643939 643901 643769 643643 643507 643491 643467 643443 644163 644071 643975 644009 643969 643871 643463 643501 643485 644283 644287 644017 643443 643463 643449 643449 644287 644287 
0 0 0 0 0 0 0 0 0 0 0 0 0 0 635720 0 0 0 0 0 635875 0 0 0 0 0 0 0 0 0 0 0 0 0 0 0 0 636081 0 0 0 0 0 0 0 0 0 0 0 0 0 0 0 0 0 0 0 0 635320 635364 0 636132 0 0 0 0 635242 635216 0 0 0 0 0 0 0 0 0 0 0 0 0 0 0 0 636258 0 0 0 0 0 635263 635140 0 0 0 635047 0 0 0 0 0 0 0 0 0 0 0 0 0 634571 0 0 0 0 0 0 0 634978 0 0 0 0 0 0 0 0 0 0 
644262 644287 644322 644305 644253 644345 644340 644354 644241 644358 644335 644374 644373 644377 644379 644410 644403 644411 644287 644233 644416 644324 644295 644448 644432 644305 644346 644453 644459 644440 644390 644380 644332 644464 644481 644260 644478 644483 644382 644298 644318 644343 644311 644265 644436 644470 644486 644424 644414 644282 644294 644274 644344 644182 644202 644522 644428 644264 644319 644207 644440 644443 644330 644320 644270 644282 644216 644186 644557 644524 644506 644512 644438 644398 644238 644221 644552 644500 644450 644408 644362 644162 644393 644429 644534 644581 644596 644584 644584 644508 644186 644199 644464 644424 644292 644126 644137 644123 644562 644502 644438 644366 644350 644324 644228 644126 644079 643985 643878 643818 643921 644490 644374 644396 644368 644294 644018 644080 644075 644033 644119 644424 643986 644053 644039 644039 644103 644159 
0 644209 644314 644263 644107 644383 644368 644410 644071 644422 644353 644470 644467 644479 644485 644578 644557 644581 644209 644086 644596 644320 0 644654 644644 644266 644386 644707 644725 644668 644570 644557 644344 644740 644791 644203 644744 644797 644614 644452 644446 644380 644320 644218 644702 644744 644806 644713 644698 0 0 0 644427 644077 644101 644914 0 644383 644377 644116 644773 644759 644572 0 0 0 644179 644125 645019 644989 0 0 644806 644710 644398 644216 644990 644935 0 644761 644656 644266 644717 0 644996 0 645111 645108 0 644983 644320 644197 644858 644821 644569 644104 644104 644083 645080 644992 644860 644716 644692 644635 644437 0 643992 643810 643597 643453 643501 0 0 644797 644737 644590 643978 644035 643999 643759 643924 644875 643948 643978 643957 643957 643900 0 
0 644261 644366 644315 644159 644435 644420 644462 644123 644474 644405 644522 644519 644531 644537 644630 644609 644633 644261 644138 644648 644372 0 644586 644690 644318 644438 644721 644771 644720 644636 644641 644396 644792 644843 644255 644676 644849 644730 644568 644562 644432 644372 644270 644586 644652 644858 644823 644814 0 0 0 644491 644129 644153 644960 0 644499 644461 644168 644889 644643 644688 0 0 0 644231 644177 645033 645073 0 0 644922 644826 644514 644270 644898 645041 0 644877 644772 644382 644601 0 644880 0 645043 645082 0 645093 644436 644313 644742 644937 644685 644220 644220 644199 645064 645070 644976 644832 644808 644751 644553 0 644044 643862 643649 643505 643553 0 0 644913 644853 644706 644094 644151 644055 643811 643938 644953 644064 644094 644073 644073 643914 0 
643745 643770 643805 643788 643736 643828 643823 643837 643724 643841 643818 643857 643856 643860 643862 643893 643886 643894 643770 643717 643899 643807 643778 643919 643915 643789 643829 643936 643942 643923 643887 643877 643815 643947 643964 643744 643949 643966 643879 643795 643815 643827 643795 643749 643919 643941 643969 643921 643911 643779 643791 643771 643841 643666 643686 644005 643925 643761 643817 643691 643937 643938 643827 643817 643767 643779 643700 643670 644040 644021 644003 644009 643935 643895 643735 643717 644023 643997 643947 643905 643859 643659 643924 643948 644017 644052 644077 644077 644077 644005 643683 643697 643971 643921 643789 643623 643635 643621 644047 643999 643935 643863 643847 643821 643725 643623 643569 643469 643362 643302 643534 643987 643871 643893 643865 643791 643515 643577 643573 643620 643675 643921 643483 643551 643537 643537 643667 643695 
0 644211 644316 644265 644109 644385 644370 644412 644073 644424 644355 644472 644469 644481 644487 644580 644559 644583 644211 644088 644598 644322 0 644532 644640 644268 644388 644657 644721 644670 644628 644643 644346 644742 644793 644205 644622 644799 644774 644622 644616 644382 644322 644220 644532 644598 644808 644839 644844 0 0 0 644481 644079 644103 644910 0 644553 644463 644118 644915 644589 644742 0 0 0 644181 644127 644969 645075 0 0 644976 644880 644568 644250 644844 645053 0 644931 644826 644436 644547 0 644826 0 645009 645044 0 645127 644490 644339 644688 644991 644739 644274 644274 644233 645070 645110 645030 644886 644862 644805 644607 0 644004 643812 643599 643455 643503 0 0 644967 644907 644760 644148 644205 644037 643761 643874 644993 644118 644148 644127 644123 643850 0 
0 0 0 0 0 0 0 0 0 0 0 0 0 0 0 0 0 0 0 0 0 0 0 0 0 0 0 0 0 0 0 0 0 0 0 0 0 0 0 0 0 0 0 0 0 0 0 0 0 0 0 0 0 0 0 0 0 0 0 0 0 632724 0 0 0 0 0 632934 0 0 0 0 0 0 0 0 0 0 0 0 0 0 0 0 0 0 0 0 0 0 632987 0 0 0 0 0 0 0 0 0 0 0 0 0 0 0 0 0 0 632428 0 0 0 0 0 0 0 0 0 0 0 0 0 0 0 0 0 0 
0 0 0 0 0 0 0 0 0 0 0 0 0 0 0 0 0 0 0 0 0 0 0 0 0 0 0 0 0 0 0 0 0 0 0 0 0 0 0 0 0 0 0 0 0 0 0 0 0 0 0 0 0 0 0 0 0 0 641925 641679 0 641119 0 0 0 0 641799 641763 0 0 0 0 0 0 0 0 0 0 0 0 0 0 0 0 0 0 0 0 0 0 641622 641993 0 0 0 641742 0 0 0 0 0 0 0 0 0 0 0 0 0 641243 0 0 0 0 0 0 0 641673 0 0 0 0 0 0 0 0 0 0 
0 644228 644333 644282 644126 644402 644387 644429 644090 644441 644372 644489 644486 644498 644448 644597 644576 644600 644228 644105 644615 644313 0 644711 644663 644235 644405 644726 644744 644677 644235 644220 644229 644759 644646 644154 644801 644816 644277 644115 644109 644121 644109 644139 644855 644849 644559 644376 644361 0 0 0 644094 644058 644098 644883 0 644046 644040 644093 644436 644984 644235 0 0 0 643962 643944 644850 644652 0 0 644469 644373 644061 643893 645009 644598 0 644424 644319 643929 645054 0 645027 0 644844 644799 0 644646 643983 643860 645139 644484 644232 643767 643767 643746 644781 644655 644523 644379 644355 644298 644100 0 643707 643683 643616 643472 643520 0 0 644460 644400 644253 643641 643698 643674 643778 643943 644538 643611 643641 643620 643620 643919 0 
0 630101 630173 630149 630029 630269 630221 630173 630005 630293 630077 630293 630173 630149 630101 630341 630245 630197 629981 629933 630269 630005 0 630341 630341 629957 630341 630341 630341 630245 630077 630077 629981 630341 630269 629909 630341 630341 630149 630101 630053 629957 629933 629909 630341 630341 630245 630197 630197 0 0 0 629981 629837 629861 630341 0 630077 629957 629861 630245 630341 630197 0 0 0 629837 629813 630341 630341 0 0 630293 630245 630149 629837 630341 630341 0 630293 630245 630125 630341 0 630341 0 630341 630341 0 630341 630149 629861 630341 630341 630269 629981 629885 629789 630341 630341 630341 630317 630317 630293 630221 0 629693 629621 629549 629525 630245 0 0 630341 630341 630293 630029 629981 629693 630341 630341 630341 630053 629789 629741 629717 630341 0 
0 0 0 633337 0 633457 633409 0 633193 0 0 633468 633361 0 633289 0 633433 0 0 633121 633457 0 0 0 0 0 0 633408 0 0 0 0 0 633432 0 0 633384 633432 0 0 0 0 0 0 0 633372 633433 0 633385 0 0 0 0 0 0 0 0 0 633145 633049 0 633348 0 0 0 0 633025 633001 0 0 0 0 0 0 633337 0 0 0 0 0 0 0 0 0 633360 0 0 0 0 0 633337 633049 0 0 633457 633169 0 0 0 633408 633432 0 633456 633468 633409 0 0 0 632737 632713 0 0 0 633432 633444 633468 0 633169 0 0 633408 0 0 0 0 0 0 0 
0 0 0 0 0 0 0 0 0 0 0 0 0 0 0 0 0 0 0 0 0 0 0 0 0 0 0 0 0 0 0 0 0 0 0 0 0 0 0 0 0 0 0 0 0 0 0 0 0 0 0 0 0 0 0 0 0 0 642088 641794 0 641156 0 0 0 0 641914 641878 0 0 0 0 0 0 0 0 0 0 0 0 0 0 0 0 0 0 0 0 0 0 642279 642110 0 0 0 642382 0 0 0 0 0 0 0 0 0 0 0 0 0 641382 0 0 0 0 0 0 0 642330 0 0 0 0 0 0 0 0 0 0 
0 0 0 641221 0 641055 641179 0 641325 0 0 641099 641433 0 641637 0 641359 0 0 641505 641339 0 0 0 0 0 0 641055 641151 0 0 0 0 641243 0 0 641011 641319 0 0 0 0 641817 0 0 641003 641691 0 641897 0 0 0 0 641637 0 0 0 642101 641965 641653 0 641039 0 0 0 0 641773 641737 0 0 0 0 0 641939 642083 641865 641331 0 0 0 0 641999 0 0 641331 0 0 0 0 0 642005 641969 0 0 641988 642125 642123 0 641611 641731 641853 0 641963 641987 641976 0 641753 0 641429 641259 0 0 0 641895 641935 641949 0 642056 641797 0 640011 0 0 642063 641989 641929 0 0 
0 640213 640211 640201 640217 640161 640199 0 640217 640163 0 640195 640313 0 640397 640195 640301 0 0 640299 640303 0 0 640175 640215 640395 640067 640233 640269 0 0 0 640423 640303 0 0 640235 640341 0 640492 640492 0 640455 0 640223 640243 640467 0 640492 0 0 0 0 640389 0 0 0 640492 640492 640391 0 640285 0 0 0 0 640457 640445 0 0 0 0 640492 640492 640492 640492 640407 0 0 640492 640492 640492 640329 0 640419 0 0 0 0 0 640492 640492 0 0 640492 640492 640492 640492 640492 640492 640492 640492 640492 640492 640492 0 640435 640318 640176 640080 639597 0 0 640492 640492 640492 640492 640492 640444 639649 639711 640492 640492 640492 640468 640456 639695 0 
0 0 0 643505 0 643545 643540 0 643423 0 0 643574 643573 0 643579 0 643603 0 0 643392 643616 0 0 0 0 0 0 643639 643657 0 0 0 0 643664 0 0 643640 643683 0 0 0 0 643470 0 0 643644 643685 0 643661 0 0 0 0 643341 0 0 0 643568 643499 643366 0 643647 0 0 0 0 643375 643345 0 0 0 0 0 643677 643557 0 643726 0 0 0 0 643481 0 0 643726 0 0 0 0 0 643505 643403 0 0 643611 643415 0 0 643755 643755 643727 0 643669 643643 643547 0 0 0 643037 642977 0 0 0 643706 643686 643613 0 643369 0 0 643378 0 0 0 0 0 0 0 
0 0 0 644308 0 644408 644379 0 644172 0 0 644449 0 0 644302 0 0 0 0 0 644470 0 0 0 0 0 0 644512 0 0 0 0 0 644550 0 0 644483 644550 0 0 0 0 0 0 0 0 644446 0 0 0 0 0 0 0 0 0 0 0 644158 644062 0 644436 0 0 0 0 644038 644014 0 0 0 0 0 0 644204 0 0 0 0 0 0 0 0 0 644460 0 0 0 0 0 644152 644062 0 0 0 644008 0 0 0 644524 644496 0 0 0 644230 0 0 0 643750 643726 0 0 0 0 644430 0 0 643962 0 0 0 0 0 0 0 0 0 0 
0 0 0 0 0 0 0 0 0 0 0 642487 0 0 642411 0 0 0 0 0 642487 0 0 0 0 0 0 0 0 0 0 0 0 0 0 0 0 642487 0 0 0 0 0 0 0 0 0 0 0 0 0 0 0 0 0 0 0 0 642339 642291 0 642426 0 0 0 0 642279 642267 0 0 0 0 0 0 642390 0 0 0 0 0 0 0 0 0 642438 0 0 0 0 0 642364 642291 0 0 0 642292 0 0 0 0 642487 0 0 0 0 0 0 0 642088 642064 0 0 0 0 0 0 0 642269 0 0 0 0 0 0 0 0 0 0 
0 643635 643705 643671 643567 643751 643741 0 643543 643777 0 643809 643807 0 643819 643807 643867 0 0 643553 643893 0 0 643691 643803 643673 643679 643797 643857 0 0 0 643725 643915 0 0 643751 643953 0 644041 643949 0 643709 0 643691 643735 644033 0 644069 0 0 0 0 643547 0 0 0 644036 643803 643573 0 643729 0 0 0 0 643615 643579 0 0 0 0 644189 644157 644091 643661 643899 0 0 644219 644193 644035 643701 0 643887 0 0 0 0 0 644065 643731 0 0 644208 643909 643841 643663 644051 644135 644223 644281 644273 644242 644140 0 643497 643369 643227 643131 643163 0 0 644256 644273 644227 643891 643886 643519 643261 643275 644206 643893 643733 643651 643603 643259 0 
0 0 0 633484 0 633604 633556 0 633340 0 0 633628 633508 0 633436 0 633580 0 0 633268 633604 0 0 0 0 0 0 633627 0 0 0 0 0 633651 0 0 633603 633651 0 0 0 0 0 0 0 633591 633580 0 633532 0 0 0 0 0 0 0 0 0 633292 633196 0 633567 0 0 0 0 633172 633148 0 0 0 0 0 0 633484 0 0 0 0 0 0 0 0 0 633579 0 0 0 0 0 633484 633196 0 0 633604 633316 0 0 0 633627 633651 0 633652 633628 633556 0 0 0 632884 632860 0 0 0 633651 633663 633628 0 633316 0 0 633627 0 0 0 0 0 0 0 
0 0 0 632844 0 632964 632916 0 632700 0 0 632978 632868 0 632796 0 632940 0 0 632628 632964 0 0 0 0 0 0 632923 0 0 0 0 0 632947 0 0 632899 632947 0 0 0 0 0 0 0 632887 632940 0 632892 0 0 0 0 0 0 0 0 0 632652 632556 0 632863 0 0 0 0 632532 632508 0 0 0 0 0 0 632844 0 0 0 0 0 0 0 0 0 632875 0 0 0 0 0 632844 632556 0 0 632964 632676 0 0 0 632923 632947 0 632971 632978 632916 0 0 0 632244 632220 0 0 0 632947 632959 632978 0 632676 0 0 632923 0 0 0 0 0 0 0 
0 0 0 0 0 0 0 0 0 0 0 631610 0 0 631766 0 0 0 0 0 631742 0 0 0 0 0 0 0 0 0 0 0 0 0 0 0 0 631684 0 0 0 0 0 0 0 0 0 0 0 0 0 0 0 0 0 0 0 0 631748 631470 0 631422 0 0 0 0 631500 631452 0 0 0 0 0 0 632114 0 0 0 0 0 0 0 0 0 631604 0 0 0 0 0 632123 631628 0 0 0 631955 0 0 0 0 631954 0 0 0 632182 0 0 0 630968 630860 0 0 0 0 0 0 0 631952 0 0 0 0 0 0 0 0 0 0 
642751 642801 642824 642813 642769 642678 642764 642888 642757 642656 642909 642688 642926 642957 642985 642616 642842 642954 642861 642803 642820 642923 642877 642500 642612 642911 642488 642606 642666 642916 643091 643101 642951 642724 642950 642893 642560 642762 643171 643207 643139 642987 642959 642903 642500 642544 643008 643130 643140 643223 643187 643183 643041 642845 642849 642792 643114 643217 643041 642859 643090 642538 643224 643234 643283 643284 642913 642889 642814 642946 642976 642970 643068 643132 643315 642959 642708 642982 643044 643098 643168 643367 642510 642558 642696 642766 642818 642848 642842 642950 643367 643017 642604 643058 643226 643259 643115 642985 642860 642944 643032 643128 643144 643182 643314 643431 642867 642775 642669 642585 642138 642944 643108 643074 643114 643212 643358 643305 642889 642070 642084 643022 643348 643055 642997 642961 642068 642052 
0 0 0 640955 0 640755 640879 0 641073 0 0 640799 641155 0 641385 0 641059 0 0 641273 641039 0 0 0 0 0 0 640755 640851 0 0 0 0 640943 0 0 640711 641019 0 0 0 0 641585 0 0 640703 641385 0 641373 0 0 0 0 641501 0 0 0 641381 641557 641493 0 640739 0 0 0 0 641637 641625 0 0 0 0 0 641285 641241 641639 641031 0 0 0 0 641169 0 0 641031 0 0 0 0 0 641163 641581 0 0 641112 641297 641483 0 641125 641137 641145 0 641115 641118 641100 0 641697 0 641411 641255 0 0 0 641100 641100 641073 0 641228 641683 0 639711 0 0 641543 641601 641635 0 0 
0 643193 643120 643139 643267 642999 643066 0 643291 642976 0 642992 643171 0 643285 642920 643093 0 0 643404 643070 0 0 642814 642906 643428 642856 642891 642933 0 0 0 643418 642974 0 0 642844 642993 0 643200 643270 0 643450 0 642790 642824 643132 0 643138 0 0 0 0 643545 0 0 0 643213 643391 643522 0 642797 0 0 0 0 643545 643575 0 0 0 0 643030 643070 643110 643522 642906 0 0 643015 643052 643102 642747 0 642888 0 0 0 0 0 643084 643475 0 0 642987 643264 643408 643545 642882 642912 642940 642964 642956 642973 643015 0 643676 643776 643713 643665 642570 0 0 642919 642935 642958 643150 643241 643665 642502 642516 642873 643104 643510 643575 643611 642500 0 
0 0 0 0 0 0 0 0 0 0 0 641895 0 0 642046 0 0 0 0 0 641961 0 0 0 0 0 0 0 0 0 0 0 0 0 0 0 0 641919 0 0 0 0 0 0 0 0 0 0 0 0 0 0 0 0 0 0 0 0 642054 642169 0 641820 0 0 0 0 642148 642166 0 0 0 0 0 0 641869 0 0 0 0 0 0 0 0 0 641831 0 0 0 0 0 641843 642090 0 0 0 641939 0 0 0 0 641807 0 0 0 0 0 0 0 642255 642240 0 0 0 0 0 0 0 641916 0 0 0 0 0 0 0 0 0 0 
0 0 0 0 0 0 0 0 0 0 0 0 0 0 0 0 0 0 0 0 0 0 0 0 0 0 0 0 0 0 0 0 0 0 0 0 0 0 0 0 0 0 0 0 0 0 0 0 0 0 0 0 0 0 0 0 0 0 0 0 0 0 0 0 0 0 0 0 0 0 0 0 0 0 0 0 0 0 0 0 0 0 0 0 0 0 0 0 0 0 0 0 0 0 0 0 0 0 0 0 0 0 0 0 0 0 0 0 0 642643 0 0 0 0 0 0 0 0 0 0 0 0 0 0 0 0 0 0 
0 643676 643824 643796 643524 644058 643944 0 643476 644006 0 643942 643620 0 643308 643798 643788 0 0 643168 643774 0 0 643646 643710 643024 644054 643626 643602 0 0 0 643016 643582 0 0 643526 643506 0 642864 642856 0 642856 0 643454 643462 643456 0 643192 0 0 0 0 642796 0 0 0 642772 642764 642840 0 643282 0 0 0 0 642660 642636 0 0 0 0 643182 643208 642792 642568 643134 0 0 643122 643136 642616 643050 0 643062 0 0 0 0 0 642688 642524 0 0 642962 642400 642400 642372 642926 642950 642966 642966 642934 642954 642844 0 642320 642288 642284 642380 645098 0 0 642882 642898 642894 642232 642308 642276 644890 644670 642794 642192 642232 642204 642204 644702 0 
642885 642935 642982 642960 642867 642980 642994 643046 642843 642994 643031 643026 643084 643104 643119 643062 643108 643148 642935 642853 643122 643009 642951 643066 643094 642973 642934 643124 643148 643182 643213 643223 643025 643170 643252 642931 643126 643208 643318 643305 643249 643049 643009 642941 643090 643122 643274 643324 643334 643305 643281 643257 643115 642847 642863 643274 643344 643281 643103 642873 643356 643140 643366 643366 643342 643354 642915 642879 643332 643392 643386 643380 643406 643390 643326 642961 643286 643392 643418 643414 643390 643281 643148 643184 643286 643344 643384 643402 643396 643432 643300 643031 643218 643438 643383 643155 643089 642963 643426 643462 643450 643426 643424 643405 643339 643276 642797 642669 642527 642431 642404 643486 643438 643450 643438 643390 643137 643132 642819 642516 642602 643474 643139 642993 642945 642903 642586 642618 
643485 643535 643605 643571 643467 643651 643641 643669 643443 643677 643631 643709 643707 643715 643719 643689 643767 643783 643535 643453 643793 643609 643551 643573 643685 643573 643561 643679 643739 643841 643813 643823 643625 643797 643923 643531 643633 643835 643929 643936 643849 643649 643609 643541 643573 643617 643933 643959 643969 643944 643908 643888 643715 643447 643463 643865 643991 643921 643703 643473 644015 643611 644040 644041 643993 644017 643515 643479 643887 644019 644049 644043 644089 644057 643993 643561 643781 644055 644105 644119 644084 643969 643583 643631 643769 643839 643891 643921 643915 644023 643993 643631 643677 644129 644113 643825 643728 643563 643933 644017 644104 644153 644153 644137 644065 644017 643397 643269 643127 643031 643063 644017 644141 644117 644141 644137 643873 643825 643419 643143 643157 644069 643897 643626 643551 643503 643141 643125 
0 0 0 633454 0 633574 633526 0 633310 0 0 633598 633478 0 633406 0 633550 0 0 633238 633574 0 0 0 0 0 0 633645 0 0 0 0 0 633658 0 0 633621 633658 0 0 0 0 0 0 0 633609 633550 0 633502 0 0 0 0 0 0 0 0 0 633262 633166 0 633585 0 0 0 0 633142 633118 0 0 0 0 0 0 633454 0 0 0 0 0 0 0 0 0 633597 0 0 0 0 0 633454 633166 0 0 633574 633286 0 0 0 633645 633658 0 633622 633598 633526 0 0 0 632854 632830 0 0 0 633658 633646 633598 0 633286 0 0 633645 0 0 0 0 0 0 0 
0 0 0 633693 0 633813 633765 0 633549 0 0 633837 0 0 633645 0 0 0 0 0 633813 0 0 0 0 0 0 633844 0 0 0 0 0 633868 0 0 633820 633868 0 0 0 0 0 0 0 0 633789 0 0 0 0 0 0 0 0 0 0 0 633501 633405 0 633784 0 0 0 0 633381 633357 0 0 0 0 0 0 633693 0 0 0 0 0 0 0 0 0 633796 0 0 0 0 0 633693 633405 0 0 0 633525 0 0 0 633844 633868 0 0 0 633765 0 0 0 633093 633069 0 0 0 0 633875 0 0 633525 0 0 0 0 0 0 0 0 0 0 
0 0 0 633302 0 633421 633374 0 633158 0 0 633423 633326 0 633254 0 633398 0 0 633086 633421 0 0 0 0 0 0 633363 0 0 0 0 0 633387 0 0 633339 633387 0 0 0 0 0 0 0 633327 633398 0 633350 0 0 0 0 0 0 0 0 0 633110 633014 0 633303 0 0 0 0 632990 632966 0 0 0 0 0 0 633302 0 0 0 0 0 0 0 0 0 633315 0 0 0 0 0 633302 633014 0 0 633421 633134 0 0 0 633363 633387 0 633411 633423 633374 0 0 0 632702 632678 0 0 0 633387 633399 633423 0 633134 0 0 633363 0 0 0 0 0 0 0 
0 643645 643571 643585 643716 643425 643511 0 643717 643403 0 643435 643673 0 643829 643363 643589 0 0 643727 643567 0 0 643247 643359 643847 643235 643353 643413 0 0 0 643899 643471 0 0 643307 643509 0 644051 644055 0 643883 0 643247 643291 643755 0 643887 0 0 0 0 643721 0 0 0 644097 643977 643747 0 643285 0 0 0 0 643789 643753 0 0 0 0 643815 643879 644087 643835 643455 0 0 643845 643915 644175 643257 0 643443 0 0 0 0 0 644139 643905 0 0 643973 644207 644015 643837 643607 643691 643779 643875 643891 643929 644061 0 643671 643543 643401 643305 642885 0 0 643821 643861 643959 644358 644253 643693 642817 642831 643769 644331 643907 643825 643777 642815 0 
0 0 0 0 0 0 0 0 0 0 0 0 0 0 0 0 0 0 0 0 0 0 0 0 0 0 0 0 0 0 0 0 0 0 0 0 0 0 0 0 0 0 0 0 0 0 0 0 0 0 0 0 0 0 0 0 0 0 642194 641904 0 641230 0 0 0 0 642024 641988 0 0 0 0 0 0 0 0 0 0 0 0 0 0 0 0 0 0 0 0 0 0 642444 642220 0 0 0 642532 0 0 0 0 0 0 0 0 0 0 0 0 0 641514 0 0 0 0 0 0 0 642532 0 0 0 0 0 0 0 0 0 0 
0 0 0 640841 0 640641 640765 0 640971 0 0 640685 641041 0 641281 0 640945 0 0 641171 640925 0 0 0 0 0 0 640641 640737 0 0 0 0 640829 0 0 640597 640905 0 0 0 0 641483 0 0 640589 641277 0 641389 0 0 0 0 641399 0 0 0 641427 641559 641391 0 640625 0 0 0 0 641535 641523 0 0 0 0 0 641319 641275 641619 640917 0 0 0 0 641203 0 0 640917 0 0 0 0 0 641197 641607 0 0 641146 641343 641529 0 641125 641171 641179 0 641149 641152 641134 0 641609 0 641285 641129 0 0 0 641134 641134 641107 0 641274 641641 0 639597 0 0 641589 641645 641653 0 0 
0 643514 643662 643634 643362 643954 643782 0 643314 643998 0 643934 643458 0 643146 644036 643626 0 0 643006 643670 0 0 643928 643992 642862 644292 643908 643884 0 0 0 642854 643820 0 0 643808 643744 0 642702 642694 0 642694 0 643736 643744 643294 0 643030 0 0 0 0 642634 0 0 0 642610 642602 642678 0 643564 0 0 0 0 642498 642474 0 0 0 0 643174 643046 642630 642406 643416 0 0 643114 642974 642454 643332 0 643344 0 0 0 0 0 642526 642362 0 0 642858 642238 642238 642210 643208 643232 643204 643054 643022 642946 642682 0 642158 642126 642122 642218 644844 0 0 643120 643064 642886 642070 642146 642114 645104 644952 643076 642030 642070 642042 642042 644984 0 
0 0 0 641604 0 642044 641791 0 641188 0 0 641985 641272 0 640798 0 0 0 0 640721 641547 0 0 0 0 0 0 641982 0 0 0 0 0 641719 0 0 641949 641586 0 0 0 0 0 0 0 641885 640913 0 640499 0 0 0 0 0 0 0 0 0 639990 640219 0 641603 0 0 0 0 639928 639910 0 0 0 0 0 0 639847 0 0 0 0 0 0 0 0 0 641212 0 0 0 0 0 639665 639666 0 0 0 639329 0 0 0 640799 640641 0 0 0 639866 0 0 0 639380 639548 0 0 0 0 640420 0 0 639168 0 0 643642 0 0 0 0 0 0 0 
0 640916 640951 640934 640882 640974 640969 0 640870 640987 0 641003 641002 0 641008 641039 641032 0 0 640875 641045 0 0 641019 641061 640935 640975 641072 641088 0 0 0 640961 641093 0 0 641049 641112 0 641119 641073 0 640953 0 641019 641041 641115 0 641133 0 0 0 0 640872 0 0 0 641113 641000 640885 0 641038 0 0 0 0 640906 640888 0 0 0 0 641193 641177 641105 640929 641123 0 0 641208 641195 641029 641024 0 641117 0 0 0 0 0 641053 640964 0 0 641159 640993 641017 640930 641199 641241 641247 641225 641217 641191 641095 0 640847 640783 640712 640664 640680 0 0 641252 641232 641161 640885 640947 640858 640766 640811 641268 640853 640965 640924 640900 640803 0 
0 643551 643513 643515 643576 643374 643460 0 643552 643352 0 643384 643615 0 643735 643312 643538 0 0 643562 643516 0 0 643196 643308 643682 643184 643302 643362 0 0 0 643734 643420 0 0 643256 643458 0 643957 643936 0 643718 0 643196 643240 643704 0 643836 0 0 0 0 643556 0 0 0 643991 643812 643582 0 643234 0 0 0 0 643624 643588 0 0 0 0 643764 643828 644017 643670 643404 0 0 643794 643864 644093 643206 0 643392 0 0 0 0 0 644069 643740 0 0 643922 644042 643850 643672 643556 643640 643728 643824 643840 643878 644010 0 643506 643378 643236 643140 642834 0 0 643770 643810 643908 644222 644088 643528 642766 642780 643718 644268 643742 643660 643612 642764 0 
0 0 0 640957 0 640757 640881 0 641133 0 0 640801 641157 0 641397 0 641061 0 0 641335 641041 0 0 0 0 0 0 640757 640853 0 0 0 0 640945 0 0 640713 641021 0 0 0 0 641647 0 0 640705 641393 0 641609 0 0 0 0 641563 0 0 0 641887 641775 641555 0 640741 0 0 0 0 641699 641687 0 0 0 0 0 641641 641787 641791 641033 0 0 0 0 641730 0 0 641033 0 0 0 0 0 641724 641871 0 0 641661 641917 642015 0 641313 641433 641561 0 641647 641657 641661 0 641731 0 641407 641251 0 0 0 641611 641629 641627 0 641849 641775 0 639489 0 0 642051 641967 641907 0 0 
0 0 0 641097 0 640893 641021 0 641260 0 0 640941 641297 0 641537 0 641201 0 0 641460 641181 0 0 0 0 0 0 640897 640993 0 0 0 0 641085 0 0 640853 641161 0 0 0 0 641772 0 0 640845 641533 0 641749 0 0 0 0 641688 0 0 0 641921 641900 641680 0 640881 0 0 0 0 641824 641812 0 0 0 0 0 641751 641787 641916 641173 0 0 0 0 641723 0 0 641173 0 0 0 0 0 641717 641996 0 0 641661 641896 642046 0 641453 641563 641643 0 641647 641657 641654 0 641920 0 641596 641440 0 0 0 641621 641629 641627 0 641827 641964 0 639624 0 0 642098 642108 642092 0 0 
0 0 0 641071 0 640871 640995 0 641234 0 0 640915 641271 0 641511 0 641175 0 0 641434 641155 0 0 0 0 0 0 640871 640967 0 0 0 0 641059 0 0 640827 641135 0 0 0 0 641746 0 0 640819 641507 0 641683 0 0 0 0 641662 0 0 0 641761 641874 641654 0 640855 0 0 0 0 641798 641786 0 0 0 0 0 641635 641615 641890 641147 0 0 0 0 641543 0 0 641147 0 0 0 0 0 641537 641934 0 0 641486 641716 641886 0 641419 641467 641503 0 641487 641492 641474 0 641894 0 641570 641414 0 0 0 641461 641469 641447 0 641647 641938 0 639640 0 0 641946 641994 642002 0 0 
0 642503 642651 642623 642351 642943 642771 0 642303 642987 0 642923 642447 0 642135 643043 642615 0 0 641995 642659 0 0 643083 643027 641851 643299 642993 642919 0 0 0 641843 642827 0 0 642963 642751 0 641691 641683 0 641683 0 642939 642923 642283 0 642019 0 0 0 0 641623 0 0 0 641599 641591 641667 0 642791 0 0 0 0 641487 641463 0 0 0 0 642163 642035 641619 641395 642595 0 0 642103 641963 641443 642631 0 642547 0 0 0 0 0 641515 641351 0 0 641847 641227 641227 641199 642363 642317 642211 642043 642011 641935 641671 0 641147 641115 641111 641207 643552 0 0 642127 642071 641875 641059 641135 641103 643872 643975 642161 641019 641059 641031 641031 643969 0 
643472 643447 643484 643477 643409 643557 643514 643446 643397 643568 643340 643552 643408 643364 643288 643588 643456 643368 643292 643302 643466 643254 643276 643646 643590 643218 643652 643593 643560 643382 643158 643148 643202 643514 643336 643188 643616 643476 643150 643066 643086 643142 643146 643178 643598 643600 643290 643192 643182 643050 643062 643042 643112 643140 643172 643434 643196 643032 643088 643162 643208 643544 643098 643088 643038 643050 643072 643060 643400 643292 643274 643280 643206 643166 643006 643026 643446 643268 643218 643176 643130 642930 643464 643452 643422 643388 643372 643354 643360 643276 642954 643004 643442 643192 643060 642894 642942 642928 643330 643270 643206 643134 643118 643092 642996 642894 642902 642886 642884 642932 643691 643258 643142 643164 643136 643062 642786 642848 642880 643777 643832 643192 642754 642858 642844 642844 643824 643864 
