643831 643813 643821 643831 643749 643821 643725 643659 643601 643587 643517 643533 643535 643515 643521 643431 643557 643537 643437 643405 643385 643449 643423 643431 643397 643403 643391 643385 643433 643385 643389 643437 643331 643339 643335 643329 643323 643343 643337 643317 643387 643259 643285 643293 643303 643299 643313 643249 643261 643483 643305 643281 643271 643257 643233 643245 643217 643227 643267 643235 643243 643245 643245 643247 643215 643183 643173 643203 643195 643187 643201 643413 643249 643233 643159 643201 643173 643185 643181 643167 643137 643155 643131 643121 643129 643129 643097 643113 643075 643083 643063 643095 643065 643093 643541 643541 643113 643079 643039 643043 643061 643565 643349 643111 643033 643033 643021 643011 643005 643001 643003 643007 643589 643541 643541 643469 643469 643287 643023 642987 643589 643541 643439 643457 642939 642931 642945 642959 
0 643841 0 643818 643744 0 643773 643692 643687 0 0 643696 0 643668 0 0 0 0 0 0 0 0 0 0 0 0 0 0 643627 0 0 0 0 0 0 0 0 0 0 0 0 0 0 0 0 0 0 0 0 643556 0 0 0 0 643503 0 0 0 0 643360 0 0 0 0 0 0 0 0 0 0 0 0 0 0 0 0 643377 0 0 643446 0 0 0 0 0 0 0 0 0 0 0 0 0 0 0 0 0 0 0 0 0 0 0 0 0 643379 0 0 0 0 0 0 0 0 0 0 0 0 643266 0 0 0 0 0 0 0 0 0 
0 645074 645148 645054 645074 0 645082 645016 644958 644752 644754 644852 644748 644872 644686 644692 644674 644678 0 0 0 644806 644780 0 0 0 0 0 644790 644742 644754 644602 0 644600 0 0 644680 644700 644694 644684 644576 0 0 0 0 0 644670 0 644618 644504 644494 0 0 644614 644590 644602 0 0 644624 644592 644600 644602 644602 644604 644572 0 0 644560 644552 0 644558 644434 644438 0 0 644558 644530 644542 644538 644524 644494 0 0 644440 0 0 0 644470 644432 0 0 644452 644422 644450 0 0 0 644292 644396 644400 644418 0 0 0 644388 644390 0 0 0 644358 644360 0 0 0 0 0 0 0 644380 0 0 0 0 0 0 644192 0 644316 
0 643725 0 643754 643726 0 643691 643658 643629 0 0 643590 0 643586 0 0 0 0 0 0 0 0 0 0 0 0 0 0 643545 0 0 0 0 0 0 0 0 0 0 0 0 0 0 0 0 0 0 0 0 643447 0 0 0 0 643445 0 0 0 0 643330 0 0 0 0 0 0 0 0 0 0 0 0 0 0 0 0 643347 0 0 643412 0 0 0 0 0 0 0 0 0 0 0 0 0 0 0 0 0 0 0 0 0 0 0 0 0 643345 0 0 0 0 0 0 0 0 0 0 0 0 643236 0 0 0 0 0 0 0 0 0 
0 0 0 0 637084 0 636940 0 0 0 0 0 0 0 0 0 0 0 0 0 0 0 0 0 0 0 0 0 0 0 0 0 0 0 0 0 0 0 0 0 0 0 0 0 0 0 0 0 0 0 0 0 0 0 0 0 0 0 0 0 0 0 0 0 0 0 0 0 0 0 0 0 0 0 0 0 0 0 0 0 0 0 0 0 0 0 0 0 0 0 0 0 0 0 0 0 0 0 0 0 0 0 0 0 0 0 0 0 0 0 0 0 0 0 0 0 0 0 0 0 0 0 0 0 0 0 0 0 
0 643854 643904 643902 643902 643926 643853 643820 643791 643693 643694 643743 643691 643748 643660 643663 643654 643656 0 0 0 643715 643702 643706 0 0 0 0 643707 643683 643677 643618 0 643617 0 0 643652 643662 643659 643606 643605 643575 643601 0 0 0 643647 643565 643621 643569 643564 643561 643551 643619 643607 643613 643599 0 643624 643608 643612 643577 643565 643554 643514 643499 643477 643591 643588 0 643579 643534 643517 643501 643463 643577 643577 643571 643545 643574 643559 0 643520 643459 643493 643505 0 643547 643463 643483 643522 643526 643487 643465 0 0 643381 643359 643510 643476 643365 0 643454 643355 643397 643457 0 0 0 643491 643444 643410 0 0 0 0 0 643435 643502 643436 0 0 0 643413 643255 643235 0 643458 
0 0 0 0 0 0 635051 0 0 0 0 0 0 0 0 0 0 0 0 0 0 0 0 0 0 0 0 0 0 0 0 0 0 0 0 0 0 0 0 0 0 0 0 0 0 0 0 0 0 0 0 0 0 0 0 0 0 0 0 0 0 0 0 0 0 0 0 0 0 0 0 0 0 0 0 0 0 0 0 0 0 0 0 0 0 0 0 0 0 0 0 0 0 0 0 0 0 0 0 0 0 0 0 0 0 0 0 0 0 0 0 0 0 0 0 0 0 0 0 0 0 0 0 0 0 0 0 0 
0 643771 0 643732 643795 0 643804 643855 643790 0 0 643660 0 643699 0 0 0 0 0 0 0 0 0 0 0 0 0 0 643658 0 0 0 0 0 0 0 0 0 0 0 0 0 0 0 0 0 0 0 0 643486 0 0 0 0 643606 0 0 0 0 643635 0 0 0 0 0 0 0 0 0 0 0 0 0 0 0 0 643612 0 0 643609 0 0 0 0 0 0 0 0 0 0 0 0 0 0 0 0 0 0 0 0 0 0 0 0 0 643542 0 0 0 0 0 0 0 0 0 0 0 0 643537 0 0 0 0 0 0 0 0 0 
0 0 0 0 636764 0 636801 0 636887 0 0 0 0 0 0 0 0 0 0 0 0 0 0 0 0 0 0 0 0 0 0 0 0 0 0 0 0 0 0 0 0 0 0 0 0 0 0 0 0 0 0 0 0 0 0 0 0 0 0 636648 0 0 0 0 0 0 0 0 0 0 0 0 0 0 0 0 636649 0 0 0 0 0 0 0 0 0 0 0 0 0 0 0 0 0 0 0 0 0 0 0 0 0 0 0 0 0 0 0 0 0 0 0 0 0 0 0 0 0 0 0 0 0 0 0 0 0 0 0 
0 640460 640360 640362 640248 0 640394 640268 640422 640715 640646 640587 640679 640554 640686 640579 640680 640682 0 0 0 640521 640394 0 0 0 0 0 640513 640254 639954 640644 0 640533 0 0 640434 640104 640062 639880 640629 0 0 0 0 0 640417 0 640186 640595 640588 0 0 640425 640389 640371 0 0 640322 640200 640156 640010 639962 639912 639848 0 0 640386 640262 0 640145 640560 640560 0 0 640397 640263 640153 640074 640332 640293 0 0 640381 0 0 0 640173 640322 0 0 640152 640113 640018 0 0 0 640451 640136 640102 639714 0 0 0 640325 640265 0 0 0 640117 640070 0 0 0 0 0 0 0 640152 0 0 0 0 0 0 640329 0 640084 
0 643337 643185 643141 642963 0 643255 643003 643249 643513 643655 643603 643613 643479 643579 643629 643495 643539 0 0 0 643545 643139 0 0 0 0 0 643559 642889 642375 643547 0 643445 0 0 643387 642643 642577 642227 643471 0 0 0 0 0 643367 0 642725 643463 643307 0 0 643255 643207 643231 0 0 643079 642751 642671 642453 642381 642291 642163 0 0 643147 643007 0 642641 643355 643195 0 0 643143 643069 642657 642517 643075 643015 0 0 642981 0 0 0 642801 642891 0 0 642747 642633 642389 0 0 0 642879 642815 642655 641895 0 0 0 642807 642807 0 0 0 642743 642623 0 0 0 0 0 0 0 642787 0 0 0 0 0 0 642629 0 642659 
0 643445 0 643347 643304 0 643450 643324 643478 0 0 643703 0 643660 0 0 0 0 0 0 0 0 0 0 0 0 0 0 643639 0 0 0 0 0 0 0 0 0 0 0 0 0 0 0 0 0 0 0 0 643540 0 0 0 0 643515 0 0 0 0 643268 0 0 0 0 0 0 0 0 0 0 0 0 0 0 0 0 643389 0 0 643458 0 0 0 0 0 0 0 0 0 0 0 0 0 0 0 0 0 0 0 0 0 0 0 0 0 643391 0 0 0 0 0 0 0 0 0 0 0 0 643278 0 0 0 0 0 0 0 0 0 
0 643350 643150 643154 642926 0 643218 642966 643218 643674 643722 643574 643746 643448 643724 643594 643656 643700 0 0 0 643484 643108 0 0 0 0 0 643484 642858 642338 643654 0 643410 0 0 643302 642612 642546 642190 643576 0 0 0 0 0 643282 0 642694 643572 643412 0 0 643170 643122 643146 0 0 643048 642720 642640 642422 642350 642254 642126 0 0 643062 642956 0 642610 643462 643300 0 0 643058 642984 642626 642486 642990 642930 0 0 642898 0 0 0 642764 642806 0 0 642716 642602 642358 0 0 0 642960 642730 642620 641858 0 0 0 642722 642722 0 0 0 642658 642572 0 0 0 0 0 0 0 642702 0 0 0 0 0 0 642594 0 642574 
0 643253 0 643155 643211 0 643331 643231 643385 0 0 643511 0 643520 0 0 0 0 0 0 0 0 0 0 0 0 0 0 643519 0 0 0 0 0 0 0 0 0 0 0 0 0 0 0 0 0 0 0 0 643347 0 0 0 0 643421 0 0 0 0 643175 0 0 0 0 0 0 0 0 0 0 0 0 0 0 0 0 643295 0 0 643364 0 0 0 0 0 0 0 0 0 0 0 0 0 0 0 0 0 0 0 0 0 0 0 0 0 643297 0 0 0 0 0 0 0 0 0 0 0 0 643184 0 0 0 0 0 0 0 0 0 
0 640410 640310 640312 640198 0 640344 640218 640372 640674 640648 640576 640671 640525 640684 640581 640680 640684 0 0 0 640523 640355 0 0 0 0 0 640515 640204 639904 640644 0 640535 0 0 640436 640054 640012 639830 640618 0 0 0 0 0 640419 0 640136 640615 640577 0 0 640427 640391 640373 0 0 640312 640161 640106 639960 639912 639862 639798 0 0 640388 640264 0 640100 640580 640549 0 0 640399 640265 640114 640024 640334 640295 0 0 640383 0 0 0 640168 640324 0 0 640144 640096 639968 0 0 0 640452 640138 640096 639664 0 0 0 640327 640267 0 0 0 640119 640072 0 0 0 0 0 0 0 640154 0 0 0 0 0 0 640331 0 640086 
0 640309 640243 640211 640131 0 640277 640151 640305 640487 640593 640565 640563 640487 640553 640632 640493 640525 0 0 0 640548 640291 0 0 0 0 0 640556 640137 639837 640587 0 640586 0 0 640521 639987 639945 639763 640574 0 0 0 0 0 640504 0 640069 640502 640533 0 0 640512 640476 640458 0 0 640303 640095 640039 639893 639845 639795 639731 0 0 640473 640279 0 640033 640503 640505 0 0 640484 640326 640049 639957 640419 640380 0 0 640468 0 0 0 640169 640409 0 0 640139 640073 639901 0 0 0 640432 640213 640095 639597 0 0 0 640412 640352 0 0 0 640204 640087 0 0 0 0 0 0 0 640239 0 0 0 0 0 0 640382 0 640171 
0 643171 642971 642975 642747 0 643039 642787 643095 643805 643657 643527 643719 643431 643805 643441 643905 643863 0 0 0 643401 643067 0 0 0 0 0 643369 642759 642159 643645 0 643257 0 0 643149 642459 642375 642011 643497 0 0 0 0 0 643129 0 642623 643731 643333 0 0 643017 642969 642993 0 0 642999 642675 642563 642271 642175 642075 641947 0 0 642909 642889 0 642551 643591 643221 0 0 642905 642849 642583 642399 642837 642777 0 0 642745 0 0 0 642711 642653 0 0 642663 642567 642287 0 0 0 642833 642581 642567 641679 0 0 0 642569 642569 0 0 0 642505 642505 0 0 0 0 0 0 0 642549 0 0 0 0 0 0 642441 0 642421 
0 640449 640349 640351 640237 0 640383 640257 640411 640761 640723 640653 640751 640590 640787 640656 640781 640790 0 0 0 640598 640397 0 0 0 0 0 640590 640243 639943 640745 0 640610 0 0 640511 640093 640051 639869 640706 0 0 0 0 0 640494 0 640175 640728 640665 0 0 640502 640466 640448 0 0 640390 640201 640145 639999 639951 639901 639837 0 0 640463 640339 0 640139 640693 640637 0 0 640474 640340 640155 640063 640409 640370 0 0 640458 0 0 0 640247 640399 0 0 640223 640167 640007 0 0 0 640528 640213 640175 639703 0 0 0 640402 640342 0 0 0 640194 640147 0 0 0 0 0 0 0 640229 0 0 0 0 0 0 640406 0 640161 
644636 644658 644558 644560 644446 644478 644592 644466 644620 644806 644877 644811 644856 644748 644839 644905 644797 644819 644910 644905 644905 644781 644578 644538 644910 644910 644910 644910 644789 644452 644152 644874 644833 644865 644809 644809 644761 644302 644260 644078 644886 644761 644787 644781 644791 644785 644737 644751 644371 644786 644812 644800 644790 644745 644721 644713 644665 644640 644548 644384 644344 644208 644160 644110 644046 644685 644699 644691 644512 644408 644329 644802 644756 644740 644685 644689 644559 644337 644267 644655 644625 644352 644292 644609 644617 644617 644417 644409 644563 644571 644434 644382 644325 644203 643942 643948 644620 644598 644446 644336 643912 643934 644677 644594 644521 644521 644509 644499 644493 644449 644320 644210 643934 643918 643936 643884 643878 644639 644497 644328 643916 643906 643872 643902 644441 644457 644433 644425 
644679 644701 644605 644603 644493 644525 644639 644513 644667 644859 644930 644885 644909 644822 644892 644985 644848 644872 644970 644985 644985 644855 644652 644597 644973 644973 644973 644973 644863 644499 644199 644934 644915 644943 644893 644893 644845 644349 644307 644125 644949 644843 644869 644863 644873 644869 644815 644833 644431 644789 644873 644861 644851 644827 644803 644797 644749 644714 644622 644457 644401 644255 644207 644157 644093 644767 644777 644773 644586 644482 644395 644815 644817 644801 644763 644771 644633 644411 644319 644737 644707 644426 644366 644691 644699 644699 644491 644483 644645 644653 644508 644456 644399 644263 643917 643923 644681 644659 644520 644410 643959 643909 644687 644655 644603 644603 644591 644581 644575 644533 644394 644284 643909 643893 643911 643859 643853 644649 644581 644402 643891 643881 643847 643877 644523 644535 644515 644509 
644585 644607 644511 644509 644399 644431 644545 644419 644573 644785 644858 644813 644837 644750 644820 644913 644778 644800 644898 644926 644929 644783 644559 644503 644917 644915 644917 644917 644791 644405 644105 644862 644865 644893 644837 644837 644774 644255 644213 644031 644893 644793 644819 644813 644823 644813 644743 644783 644337 644767 644823 644811 644801 644777 644753 644741 644683 644642 644550 644363 644307 644161 644113 644063 643999 644717 644727 644723 644514 644410 644301 644802 644767 644751 644713 644721 644561 644317 644225 644687 644657 644347 644275 644641 644649 644649 644419 644411 644595 644603 644436 644384 644327 644169 643898 643904 644631 644609 644448 644338 643865 643890 644712 644605 644553 644553 644541 644531 644525 644467 644322 644207 643890 643874 643892 643840 643834 644674 644525 644330 643872 643862 643828 643858 644473 644485 644465 644452 
0 643105 643049 642909 643041 0 643261 643165 643401 643299 643441 643487 643399 643505 643365 643477 643281 643325 0 0 0 643571 643321 0 0 0 0 0 643587 643071 642537 643387 0 643307 0 0 643601 642825 642753 642389 643331 0 0 0 0 0 643593 0 642907 643259 643167 0 0 643355 643433 643487 0 0 643261 642933 642853 642635 642553 642453 642325 0 0 643319 643189 0 642823 643215 643055 0 0 643243 643281 642839 642699 643331 643271 0 0 642939 0 0 0 642983 643063 0 0 642929 642815 642571 0 0 0 642739 643035 642837 642057 0 0 0 642835 643063 0 0 0 642997 642805 0 0 0 0 0 0 0 643043 0 0 0 0 0 0 642491 0 642915 
0 643076 0 643027 643090 0 643139 643172 643201 0 0 643127 0 643166 0 0 0 0 0 0 0 0 643264 0 0 0 0 0 643125 0 643075 0 0 0 0 0 0 643150 0 643010 0 0 0 0 0 0 0 0 0 642953 0 0 0 0 643073 0 0 0 0 643182 0 0 0 0 0 0 0 0 0 0 0 642918 0 0 0 0 643151 643157 0 643088 0 0 0 0 0 0 0 0 0 0 0 0 0 0 0 0 0 0 0 0 0 0 0 0 0 643021 0 0 0 0 0 0 0 0 0 0 0 0 643076 0 0 0 0 0 0 0 0 0 
0 643708 643656 643610 643616 643576 643738 643708 643814 643831 643761 643787 643779 643817 643765 643675 643801 643781 0 0 0 643751 643843 643843 0 0 0 0 643735 643826 643537 643681 0 643583 0 0 643673 643687 643645 643463 643631 643503 643529 0 0 0 643687 643493 643746 643727 643549 643525 643515 643559 643583 643643 643663 0 643785 643746 643722 643593 643545 643495 643431 643427 643417 643529 643736 0 643698 643657 643493 643477 643403 643503 643709 643698 643645 643565 643583 0 643650 643375 643407 643431 0 643654 643401 643433 643604 643636 643606 643578 0 0 643357 643323 643580 643584 643297 0 643593 643355 643311 643431 0 0 0 643542 643544 643548 0 0 0 0 0 643531 643564 643528 0 0 0 643702 643183 643175 0 643500 
644703 644725 644638 644627 644526 644558 644672 644546 644700 644872 644989 644949 644957 644882 644916 645040 644850 644884 645029 645047 645047 644919 644686 644630 645039 645039 645039 645039 644927 644532 644232 644958 645011 645031 644964 644964 644910 644382 644340 644158 644992 644939 644965 644940 644964 644940 644879 644929 644464 644791 644942 644942 644932 644924 644900 644868 644819 644778 644686 644490 644434 644288 644240 644190 644126 644863 644865 644870 644650 644538 644428 644824 644886 644870 644851 644868 644697 644444 644352 644834 644804 644474 644402 644788 644796 644796 644555 644547 644742 644750 644572 644520 644463 644296 643888 643894 644750 644740 644584 644474 643992 643880 644722 644700 644700 644700 644688 644678 644672 644603 644458 644334 643880 643864 643882 643830 643824 644684 644652 644466 643862 643852 643818 643848 644619 644623 644612 644580 
644591 644613 644513 644515 644401 644433 644547 644421 644575 644805 644894 644831 644873 644757 644856 644935 644811 644836 644934 644935 644935 644801 644561 644505 644937 644937 644937 644937 644809 644407 644107 644898 644889 644921 644839 644839 644791 644257 644215 644033 644913 644817 644843 644815 644839 644815 644761 644807 644339 644803 644865 644853 644843 644801 644777 644743 644695 644660 644568 644365 644309 644163 644115 644065 644001 644741 644755 644747 644532 644413 644303 644829 644809 644793 644741 644745 644579 644319 644227 644711 644681 644349 644277 644665 644673 644673 644437 644429 644619 644627 644454 644402 644343 644171 643918 643924 644673 644651 644466 644356 643867 643910 644754 644647 644577 644577 644565 644555 644549 644479 644340 644209 643910 643894 643912 643860 643854 644716 644527 644348 643892 643882 643848 643878 644497 644513 644489 644455 
644497 644519 644419 644421 644307 644339 644453 644327 644481 644714 644819 644741 644790 644663 644780 644895 644720 644752 644896 644908 644918 644729 644467 644411 644916 644913 644919 644922 644745 644313 644013 644861 644877 644909 644818 644821 644752 644163 644121 643939 644898 644805 644831 644803 644834 644800 644721 644795 644245 644746 644856 644844 644834 644789 644765 644719 644661 644615 644479 644271 644215 644069 644021 643971 643907 644729 644743 644735 644455 644319 644209 644801 644800 644784 644729 644733 644525 644225 644133 644699 644669 644255 644183 644653 644661 644661 644361 644345 644607 644615 644395 644315 644249 644077 643888 643894 644664 644642 644419 644271 643773 643880 644768 644638 644565 644565 644553 644543 644537 644445 644263 644115 643880 643864 643882 643830 643824 644718 644506 644279 643862 643852 643818 643848 644485 644501 644477 644430 
644513 644535 644441 644437 644329 644361 644475 644349 644503 644714 644820 644763 644790 644685 644780 644917 644720 644752 644900 644943 644963 644751 644489 644433 644940 644934 644946 644952 644767 644335 644035 644864 644946 644968 644865 644871 644781 644185 644143 643961 644926 644878 644904 644856 644887 644853 644743 644868 644267 644746 644907 644895 644885 644862 644830 644763 644695 644637 644501 644293 644237 644091 644043 643993 643929 644802 644810 644808 644477 644341 644231 644816 644851 644835 644796 644806 644547 644247 644155 644772 644734 644277 644205 644726 644734 644734 644383 644367 644680 644688 644417 644337 644271 644099 643852 643858 644715 644693 644441 644293 643795 643844 644806 644689 644638 644638 644626 644611 644608 644479 644285 644137 643844 643828 643846 643794 643788 644769 644553 644301 643826 643816 643782 643812 644558 644568 644542 644473 
0 643221 0 643025 643027 0 643319 643067 643305 0 0 643575 0 643535 0 0 0 0 0 0 0 0 0 0 0 0 0 0 643617 0 0 0 0 0 0 0 0 0 0 0 0 0 0 0 0 0 0 0 0 643347 0 0 0 0 643325 0 0 0 0 642807 0 0 0 0 0 0 0 0 0 0 0 0 0 0 0 0 643157 0 0 643193 0 0 0 0 0 0 0 0 0 0 0 0 0 0 0 0 0 0 0 0 0 0 0 0 0 642925 0 0 0 0 0 0 0 0 0 0 0 0 642905 0 0 0 0 0 0 0 0 0 
0 640002 639974 639904 639970 0 640080 640098 640178 640014 640015 640064 640012 640103 639981 639984 639975 639977 0 0 0 640070 640201 0 0 0 0 0 640062 640273 640069 639939 0 639938 0 0 640055 640206 640176 639995 639926 0 0 0 0 0 640074 0 640224 639890 639885 0 0 639974 640010 640064 0 0 640195 640211 640215 640125 640077 640027 639963 0 0 639971 640190 0 640183 639855 639857 0 0 639946 640167 640175 640149 640025 640058 0 0 639858 0 0 0 640150 639907 0 0 640130 640091 640069 0 0 0 639784 640113 640080 639829 0 0 0 639838 639958 0 0 0 640094 640048 0 0 0 0 0 0 0 640105 0 0 0 0 0 0 639734 0 640062 
0 643857 0 643842 643845 0 643842 643857 643804 0 0 643722 0 643737 0 0 0 0 0 0 0 0 643763 0 0 0 0 0 643696 0 643870 0 0 0 0 0 0 643819 0 643859 0 0 0 0 0 0 0 0 0 643692 0 0 0 0 643613 0 0 0 0 643765 0 0 0 0 0 0 0 0 0 0 0 643657 0 0 0 0 643686 643764 0 643595 0 0 0 0 0 0 0 0 0 0 0 0 0 0 0 0 0 0 0 0 0 0 0 0 0 643461 0 0 0 0 0 0 0 0 0 0 0 0 643647 0 0 0 0 0 0 0 0 0 
0 643927 643881 643835 643841 0 643942 643927 643954 643954 643954 643954 643954 643954 643954 643954 643936 643948 0 0 0 643954 643954 0 0 0 0 0 643954 643954 643854 643954 0 643922 0 0 643954 643925 643913 643816 643946 0 0 0 0 0 643954 0 643925 643888 643905 0 0 643910 643922 643952 0 0 643954 643925 643913 643877 643865 643840 643808 0 0 643895 643954 0 643901 643888 643877 0 0 643882 643954 643901 643877 643913 643922 0 0 643762 0 0 0 643913 643788 0 0 643901 643877 643841 0 0 0 643710 643913 643877 643724 0 0 0 643698 643818 0 0 0 643913 643865 0 0 0 0 0 0 0 643932 0 0 0 0 0 0 643562 0 643900 
644196 644218 644164 644120 644052 644084 644198 644072 644226 644408 644514 644486 644484 644408 644474 644567 644414 644446 644564 644580 644590 644474 644212 644156 644584 644581 644587 644590 644487 644058 643758 644528 644600 644600 644536 644539 644470 643908 643866 643684 644565 644600 644600 644521 644550 644518 644439 644600 643990 644433 644576 644588 644588 644550 644502 644437 644379 644338 644224 644016 643960 643814 643766 643716 643652 644600 644600 644526 644200 644064 643954 644468 644576 644576 644600 644550 644257 643970 643878 644454 644406 644000 643928 644598 644574 644550 644106 644090 644526 644502 644132 644060 643994 643822 643557 643563 644576 644588 644144 644016 643518 643549 644444 644552 644574 644454 644430 644286 644286 644163 644008 643860 643549 643533 643551 643499 643493 644456 644224 644024 643531 643521 643487 643517 644600 644600 644214 644148 
0 640236 640171 640138 640077 0 640223 640097 640251 640462 640532 640493 640514 640433 640528 640601 640492 640512 0 0 0 640499 640237 0 0 0 0 0 640515 640083 639783 640598 0 640627 0 0 640511 639933 639891 639709 640623 0 0 0 0 0 640480 0 640015 640566 640627 0 0 640584 640536 640478 0 0 640249 640041 639985 639839 639791 639741 639677 0 0 640560 640225 0 639979 640610 640627 0 0 640584 640295 639995 639903 640488 640440 0 0 640614 0 0 0 640115 640560 0 0 640085 640019 639847 0 0 0 640627 640185 640041 639543 0 0 0 640602 640488 0 0 0 640204 640033 0 0 0 0 0 0 0 640265 0 0 0 0 0 0 640627 0 640189 
644638 644660 644656 644562 644638 644576 644764 644659 644813 644790 644923 644978 644890 644974 644849 644990 644772 644816 644963 644990 644990 645026 644799 644743 644966 644966 644966 644966 645034 644645 644345 644891 644964 644948 645064 645064 645037 644495 644453 644271 644918 644892 644918 645054 645044 645060 645007 644882 644577 644724 644842 644842 644832 644998 644995 644989 644941 644906 644811 644603 644547 644401 644353 644303 644239 644816 644782 644964 644778 644651 644541 644750 644786 644770 644768 644942 644825 644557 644465 644929 644899 644587 644515 644788 644834 644870 644683 644675 644836 644845 644700 644647 644581 644409 643806 643812 644650 644640 644712 644602 644105 643798 644622 644600 644738 644795 644783 644773 644767 644725 644586 644447 643798 643782 643800 643748 643742 644584 644773 644594 643780 643770 643736 643766 644572 644540 644707 644701 
644638 644660 644632 644562 644577 644552 644723 644597 644751 644790 644928 644954 644890 644933 644854 644995 644772 644816 644968 645008 645018 644990 644737 644681 644988 644985 644991 644994 644998 644583 644283 644896 644989 644985 645047 645050 644981 644433 644391 644209 644945 644917 644943 645030 645040 645029 644950 644907 644515 644729 644879 644879 644869 644994 644970 644948 644890 644849 644749 644541 644485 644339 644291 644241 644177 644841 644819 644940 644721 644589 644479 644764 644823 644807 644805 644938 644768 644495 644403 644904 644874 644525 644453 644801 644845 644866 644626 644615 644812 644820 644643 644585 644519 644347 643806 643812 644687 644677 644655 644541 644043 643798 644659 644637 644749 644770 644758 644748 644742 644674 644529 644385 643798 643782 643800 643748 643742 644621 644735 644537 643780 643770 643736 643766 644597 644577 644682 644659 
0 643034 0 642838 642968 0 643190 643044 643304 0 0 643422 0 643440 0 0 0 0 0 0 0 0 643206 0 0 0 0 0 643522 0 642416 0 0 0 0 0 643582 642710 642632 642268 0 0 0 0 0 0 643532 0 0 643194 0 0 0 0 643522 643504 0 0 0 642818 0 642520 0 0 0 0 0 0 643074 0 0 643264 0 0 0 0 643168 642724 642584 643402 643342 0 0 0 0 0 0 0 0 0 0 0 642700 642456 0 0 0 0 642942 0 0 0 0 0 0 643134 0 0 0 0 0 0 0 0 0 0 0 0 643066 0 0 0 0 0 0 0 0 0 
0 642900 0 642851 642914 0 642963 642996 642995 0 0 642898 0 642937 0 0 0 0 0 0 0 0 643035 0 0 0 0 0 642896 0 643086 0 0 0 0 0 0 643127 0 643049 0 0 0 0 0 0 0 0 0 642724 0 0 0 0 642844 0 0 0 0 643121 0 0 0 0 0 0 0 0 0 0 0 642689 0 0 0 0 643006 643115 0 642859 0 0 0 0 0 0 0 0 0 0 0 0 0 0 0 0 0 0 0 0 0 0 0 0 0 642792 0 0 0 0 0 0 0 0 0 0 0 0 643003 0 0 0 0 0 0 0 0 0 
0 642378 0 642182 642314 0 642534 642570 642622 0 0 642212 0 642320 0 0 0 0 0 0 0 0 642568 0 0 0 0 0 642156 0 642770 0 0 0 0 0 642080 642920 642920 642622 0 0 0 0 0 0 642132 0 0 641804 0 0 0 0 641900 642068 0 0 0 642768 0 642838 0 0 0 0 0 0 642472 0 0 641664 0 0 0 0 642356 642776 642768 641912 641996 0 0 0 0 0 0 0 0 0 0 0 642536 642592 0 0 0 0 642442 0 0 0 0 0 0 641644 0 0 0 0 0 0 0 0 0 0 0 0 642272 0 0 0 0 0 0 0 0 0 
0 642890 0 642863 642926 0 642938 642986 642937 0 0 642807 0 642846 0 0 0 0 0 0 0 0 642944 0 0 0 0 0 642805 0 643130 0 0 0 0 0 0 643096 0 643144 0 0 0 0 0 0 0 0 0 642633 0 0 0 0 642753 0 0 0 0 643042 0 0 0 0 0 0 0 0 0 0 0 642598 0 0 0 0 642915 643065 0 642768 0 0 0 0 0 0 0 0 0 0 0 0 0 0 0 0 0 0 0 0 0 0 0 0 0 642701 0 0 0 0 0 0 0 0 0 0 0 0 642912 0 0 0 0 0 0 0 0 0 
0 640432 640332 640334 640220 0 640366 640240 640394 640745 640752 640654 640758 640576 640811 640814 640753 640785 0 0 0 640642 640380 0 0 0 0 0 640658 640226 639926 640895 0 640859 0 0 640672 640076 640034 639852 640913 0 0 0 0 0 640634 0 640158 640779 640914 0 0 640751 640715 640643 0 0 640392 640184 640128 639982 639934 639884 639820 0 0 640712 640368 0 640122 640845 640886 0 0 640723 640438 640138 640046 640658 640619 0 0 640707 0 0 0 640258 640648 0 0 640228 640162 639990 0 0 0 640777 640332 640184 639686 0 0 0 640651 640591 0 0 0 640369 640176 0 0 0 0 0 0 0 640430 0 0 0 0 0 0 640655 0 640354 
0 642271 642217 642173 642141 642137 642275 642197 642327 642449 642555 642539 642525 642485 642515 642653 642455 642487 0 0 0 642551 642361 642317 0 0 0 0 642567 642255 642027 642599 0 642745 0 0 642605 642153 642123 641976 642661 642781 642781 0 0 0 642579 642781 642235 642481 642735 642747 642747 642743 642695 642611 642567 0 642409 642261 642217 642106 642058 642008 641944 642781 642771 642733 642409 0 642223 642551 642735 642735 642771 642745 642467 642239 642170 642689 642647 0 642220 642761 642757 642745 0 642347 642733 642721 642397 642329 642286 642114 0 0 642718 642713 642421 642308 641810 0 642567 642693 642717 642697 0 0 0 642459 642300 642152 0 0 0 0 0 642615 642509 642316 0 0 0 641821 642677 642663 0 642465 
0 642267 642191 642169 642115 642111 642249 642171 642301 642445 642551 642513 642521 642459 642511 642649 642451 642483 0 0 0 642525 642335 642291 0 0 0 0 642541 642229 642001 642595 0 642741 0 0 642579 642127 642097 641951 642657 642766 642771 0 0 0 642553 642761 642209 642477 642739 642759 642759 642717 642669 642585 642541 0 642383 642235 642191 642081 642033 641983 641919 642728 642735 642723 642383 0 642197 642547 642737 642729 642728 642730 642441 642213 642145 642663 642621 0 642195 642690 642694 642694 0 642321 642667 642671 642371 642303 642261 642089 0 0 642669 642664 642395 642283 641785 0 642563 642644 642646 642646 0 0 0 642433 642275 642127 0 0 0 0 0 642627 642483 642291 0 0 0 641817 642606 642614 0 642439 
644514 644536 644532 644438 644538 644452 644660 644619 644736 644666 644808 644854 644766 644870 644732 644918 644648 644692 644888 644944 644964 644936 644773 644717 644928 644922 644934 644940 644952 644619 644319 644816 644976 644956 645050 645056 645014 644469 644427 644245 644890 644931 644953 645068 645061 645062 645000 644921 644551 644626 644867 644879 644871 645038 645050 645033 644979 644921 644785 644577 644521 644375 644327 644277 644213 644855 644821 645023 644761 644625 644515 644696 644825 644809 644807 645001 644831 644531 644439 645030 645005 644561 644489 644827 644883 644929 644667 644651 644899 644931 644701 644621 644555 644383 643682 643688 644689 644679 644725 644577 644079 643674 644625 644639 644787 644918 644918 644882 644879 644763 644569 644421 643674 643658 643676 643624 643618 644618 644837 644585 643656 643646 643612 643642 644611 644579 644813 644757 
644598 644620 644572 644522 644532 644492 644654 644577 644718 644750 644892 644894 644850 644864 644816 645002 644732 644776 644972 645020 645030 644930 644717 644661 645000 644997 645003 645006 644946 644563 644263 644900 645019 645019 645030 645033 644996 644413 644371 644189 644957 644959 644985 645039 645034 645036 644970 644949 644495 644710 644929 644929 644919 645011 645011 644980 644922 644865 644729 644521 644465 644319 644271 644221 644157 644883 644869 644985 644705 644569 644459 644776 644873 644857 644855 644959 644775 644475 644383 644967 644928 644505 644433 644831 644863 644887 644611 644595 644857 644877 644645 644565 644499 644327 643766 643772 644737 644727 644669 644521 644023 643758 644688 644687 644767 644840 644828 644805 644802 644706 644513 644365 643758 643742 643760 643708 643702 644671 644767 644529 643740 643730 643696 643726 644639 644627 644736 644691 
644589 644611 644607 644513 644613 644527 644735 644660 644800 644741 644883 644929 644841 644945 644807 644971 644723 644767 644944 644984 644994 645011 644800 644744 644964 644961 644967 644970 645027 644646 644346 644872 644973 644957 645084 645087 645055 644496 644454 644272 644921 644901 644927 645085 645073 645088 645036 644891 644578 644701 644851 644851 644841 645027 645040 645036 644978 644937 644812 644604 644548 644402 644354 644304 644240 644825 644791 644997 644788 644652 644542 644740 644795 644779 644777 644971 644856 644558 644466 644988 644958 644588 644516 644797 644853 644899 644694 644678 644869 644890 644728 644648 644582 644410 643757 643763 644659 644649 644743 644604 644106 643749 644631 644609 644757 644854 644842 644832 644826 644762 644596 644448 643749 643733 643751 643699 643693 644593 644823 644612 643731 643721 643687 643717 644581 644549 644766 644747 
0 640350 0 640105 640292 0 640569 640559 640800 0 0 641053 0 641076 0 0 0 0 0 0 0 0 641015 0 0 0 0 0 641203 0 640360 0 0 0 0 0 641282 640639 640582 640319 0 0 0 0 0 0 641287 0 0 640617 0 0 0 0 641130 641288 0 0 0 640909 0 640596 0 0 0 0 0 0 641155 0 0 640648 0 0 0 0 641223 640890 640756 641109 641140 0 0 0 0 0 0 0 0 0 0 0 641014 640760 0 0 0 0 641170 0 0 0 0 0 0 640774 0 0 0 0 0 0 0 0 0 0 0 0 641180 0 0 0 0 0 0 0 0 0 
0 642280 642206 642182 642130 642126 642264 642186 642316 642458 642564 642528 642534 642474 642524 642662 642464 642496 0 0 0 642540 642350 642306 0 0 0 0 642556 642244 642016 642608 0 642754 0 0 642594 642142 642112 641978 642670 642824 642798 0 0 0 642568 642834 642224 642490 642752 642788 642798 642732 642684 642600 642556 0 642398 642250 642206 642096 642060 642022 641982 642814 642819 642750 642398 0 642212 642560 642808 642813 642812 642788 642456 642228 642160 642678 642636 0 642210 642776 642780 642780 0 642336 642753 642757 642386 642318 642276 642140 0 0 642753 642748 642410 642298 641860 0 642576 642728 642732 642732 0 0 0 642448 642302 642190 0 0 0 0 0 642650 642498 642318 0 0 0 641830 642692 642698 0 642454 
0 644552 644548 644454 644580 0 644678 644744 644801 644514 644516 644614 644510 644692 644448 644454 644436 644440 0 0 0 644626 644888 0 0 0 0 0 644610 645005 644961 644364 0 644362 0 0 644596 645060 645055 644888 644338 0 0 0 0 0 644634 0 645105 644266 644256 0 0 644434 644506 644614 0 0 644876 645084 645121 645018 644970 644920 644856 0 0 644428 644900 0 645101 644196 644200 0 0 644378 644830 645085 645063 644536 644602 0 0 644202 0 0 0 644999 644300 0 0 644995 644966 644989 0 0 0 644054 644925 644944 644722 0 0 0 644162 644402 0 0 0 644887 644904 0 0 0 0 0 0 0 644824 0 0 0 0 0 0 643954 0 644859 
0 643315 0 643217 643103 0 643249 643123 643277 0 0 643537 0 643459 0 0 0 0 0 0 0 0 0 0 0 0 0 0 643527 0 0 0 0 0 0 0 0 0 0 0 0 0 0 0 0 0 0 0 0 643867 0 0 0 0 643463 0 0 0 0 643067 0 0 0 0 0 0 0 0 0 0 0 0 0 0 0 0 643297 0 0 643406 0 0 0 0 0 0 0 0 0 0 0 0 0 0 0 0 0 0 0 0 0 0 0 0 0 643339 0 0 0 0 0 0 0 0 0 0 0 0 643226 0 0 0 0 0 0 0 0 0 
0 640364 640264 640266 640152 0 640298 640172 640326 640673 640684 640586 640690 640508 640739 640746 640704 640724 0 0 0 640574 640312 0 0 0 0 0 640590 640158 639858 640823 0 640836 0 0 640604 640008 639966 639784 640861 0 0 0 0 0 640566 0 640090 640778 640923 0 0 640752 640692 640586 0 0 640324 640116 640060 639914 639866 639816 639752 0 0 640732 640300 0 640054 640848 640922 0 0 640756 640370 640070 639978 640653 640596 0 0 640744 0 0 0 640190 640685 0 0 640160 640094 639922 0 0 0 640814 640264 640116 639618 0 0 0 640688 640628 0 0 0 640302 640108 0 0 0 0 0 0 0 640376 0 0 0 0 0 0 640692 0 640296 
0 642180 642104 642082 642028 642024 642162 642084 642214 642382 642488 642426 642458 642372 642448 642562 642388 642420 0 0 0 642438 642248 642204 0 0 0 0 642454 642142 641914 642532 0 642654 0 0 642492 642040 642010 641876 642594 642680 642682 0 0 0 642466 642675 642122 642414 642676 642694 642694 642630 642582 642498 642454 0 642296 642148 642104 641994 641958 641920 641880 642642 642649 642634 642296 0 642110 642484 642675 642667 642642 642644 642354 642126 642058 642576 642534 0 642108 642604 642608 642608 0 642234 642581 642585 642284 642216 642174 642038 0 0 642607 642602 642308 642196 641806 0 642500 642582 642560 642560 0 0 0 642346 642200 642088 0 0 0 0 0 642562 642396 642216 0 0 0 641754 642520 642528 0 642352 
0 642419 642343 642321 642267 642263 642401 642323 642453 642621 642727 642665 642697 642611 642687 642801 642627 642659 0 0 0 642677 642487 642443 0 0 0 0 642693 642381 642081 642771 0 642893 0 0 642731 642231 642189 642007 642833 642961 642935 0 0 0 642705 642958 642313 642653 642915 642951 642961 642869 642821 642737 642693 0 642535 642339 642283 642137 642089 642039 641975 642925 642932 642887 642523 0 642277 642723 642958 642950 642925 642925 642593 642293 642201 642815 642773 0 642251 642887 642891 642891 0 642413 642864 642868 642463 642383 642317 642145 0 0 642890 642885 642487 642339 641841 0 642739 642865 642843 642843 0 0 0 642525 642331 642183 0 0 0 0 0 642813 642599 642347 0 0 0 641993 642803 642811 0 642519 
0 640202 640174 640104 640137 0 640278 640157 640311 640380 640486 640496 640456 640488 640446 640584 640386 640418 0 0 0 640554 640297 0 0 0 0 0 640570 640143 639843 640530 0 640632 0 0 640589 639993 639951 639769 640572 0 0 0 0 0 640551 0 640075 640412 640599 0 0 640686 640635 640557 0 0 640309 640101 640045 639899 639851 639801 639737 0 0 640652 640285 0 640039 640475 640571 0 0 640658 640355 640055 639963 640596 640539 0 0 640572 0 0 0 640175 640588 0 0 640145 640079 639907 0 0 0 640498 640249 640101 639603 0 0 0 640552 640531 0 0 0 640283 640093 0 0 0 0 0 0 0 640344 0 0 0 0 0 0 640448 0 640268 
0 642693 0 642497 642629 0 642849 642801 643049 0 0 643281 0 643269 0 0 0 0 0 0 0 0 0 0 0 0 0 0 643433 0 0 0 0 0 0 0 0 0 0 0 0 0 0 0 0 0 0 0 0 643113 0 0 0 0 643717 0 0 0 0 642689 0 0 0 0 0 0 0 0 0 0 0 0 0 0 0 0 643197 0 0 643681 0 0 0 0 0 0 0 0 0 0 0 0 0 0 0 0 0 0 0 0 0 0 0 0 0 643453 0 0 0 0 0 0 0 0 0 0 0 0 643209 0 0 0 0 0 0 0 0 0 
0 619015 0 618917 618983 0 619093 619111 619159 0 0 619193 0 619202 0 0 0 0 0 0 0 0 619210 0 0 0 0 0 619243 0 618951 0 0 0 0 0 619269 619058 619037 618913 0 0 0 0 0 0 619288 0 0 618998 0 0 0 0 619121 619276 0 0 0 619112 0 619011 0 0 0 0 0 0 619204 0 0 618988 0 0 0 0 619239 619089 619043 619100 619131 0 0 0 0 0 0 0 0 0 0 0 619101 619015 0 0 0 0 619181 0 0 0 0 0 0 618765 0 0 0 0 0 0 0 0 0 0 0 0 619168 0 0 0 0 0 0 0 0 0 
0 639981 639953 639883 639949 639873 640059 640077 640159 640159 640265 640275 640235 640269 640225 640350 640165 640197 0 0 0 640335 640277 640233 0 0 0 0 640351 640171 639943 640299 0 640320 0 0 640423 640069 640039 639905 640328 640240 640278 0 0 0 640428 640225 640151 640183 640250 640237 640222 640344 640392 640462 640464 0 640325 640177 640133 640023 639987 639949 639909 640126 640099 640326 640325 0 640139 640231 640177 640153 640078 640276 640383 640155 640087 640398 640428 0 640137 640060 640120 640168 0 640263 640135 640195 640313 640245 640203 640067 0 0 639973 639934 640337 640225 639847 0 640106 639946 639976 640216 0 0 0 640356 640229 640117 0 0 0 0 0 640068 640391 640245 0 0 0 638982 639760 639736 0 640353 
640967 640978 641000 640929 641052 640960 641089 641170 641175 640995 641102 641161 641069 641194 641028 641169 640962 640996 641142 641174 641164 641227 641300 641284 641146 641149 641143 641140 641235 641258 641108 641070 641161 641141 641264 641261 641314 641183 641162 641071 641093 641125 641138 641279 641248 641282 641331 641120 641224 640903 641052 641064 641059 641225 641285 641363 641403 641386 641341 641237 641209 641136 641112 641087 641055 641087 641058 641234 641329 641261 641206 640938 641024 641016 641051 641197 641364 641214 641168 641324 641369 641229 641193 641085 641125 641161 641282 641274 641170 641210 641299 641259 641226 641140 640143 640146 640956 640963 641311 641237 640988 640151 640810 640907 641077 641257 641287 641341 641338 641330 641233 641159 640163 640131 640140 640078 640075 640803 641347 641241 640154 640125 640060 640087 640965 640937 641308 641315 
0 639998 639970 639900 639966 0 640076 640094 640176 640151 640213 640245 640201 640254 640177 640201 640142 640164 0 0 0 640273 640300 0 0 0 0 0 640273 640274 639974 640156 0 640155 0 0 640272 640124 640082 639900 640143 0 0 0 0 0 640291 0 640206 640105 640102 0 0 640191 640227 640281 0 0 640376 640228 640176 640030 639982 639932 639868 0 0 640188 640347 0 640170 640072 640074 0 0 640163 640367 640181 640094 640242 640275 0 0 640075 0 0 0 640251 640124 0 0 640226 640169 640038 0 0 0 640001 640240 640179 639734 0 0 0 640055 640175 0 0 0 640221 640155 0 0 0 0 0 0 0 640256 0 0 0 0 0 0 639951 0 640188 
0 0 0 0 642862 0 642911 0 0 0 0 0 0 0 0 0 0 0 0 0 0 0 0 0 0 0 0 0 0 0 0 0 0 0 0 0 0 0 0 0 0 0 0 0 0 0 0 0 0 0 0 0 0 0 0 0 0 0 0 643120 0 0 0 0 0 0 0 0 0 0 0 0 0 0 0 0 0 0 0 0 0 0 0 0 0 0 0 0 0 0 0 0 0 0 0 0 0 0 0 0 0 0 0 0 0 0 0 0 0 0 0 0 0 0 0 0 0 0 0 0 0 0 0 0 0 0 0 0 
0 644252 644248 644154 644280 0 644378 644444 644497 644257 644294 644379 644279 644442 644224 644275 644194 644208 0 0 0 644409 644612 0 0 0 0 0 644401 644701 644696 644182 0 644229 0 0 644418 644760 644766 644632 644181 0 0 0 0 0 644449 0 644811 644061 644140 0 0 644313 644373 644451 0 0 644642 644806 644832 644762 644714 644664 644600 0 0 644322 644678 0 644851 644026 644112 0 0 644285 644631 644843 644803 644412 644469 0 0 644173 0 0 0 644781 644258 0 0 644798 644769 644739 0 0 0 644040 644744 644758 644466 0 0 0 644148 644345 0 0 0 644725 644726 0 0 0 0 0 0 0 644664 0 0 0 0 0 0 643940 0 644730 
0 642483 0 642299 642431 0 642609 642675 642611 0 0 642187 0 642295 0 0 0 0 0 0 0 0 642543 0 0 0 0 0 642131 0 642923 0 0 0 0 0 642055 642937 642979 642927 0 0 0 0 0 0 642107 0 0 641779 0 0 0 0 641875 642043 0 0 0 642743 0 643013 0 0 0 0 0 0 642447 0 0 641639 0 0 0 0 642331 642787 642905 641887 641971 0 0 0 0 0 0 0 0 0 0 0 642673 642785 0 0 0 0 642423 0 0 0 0 0 0 641619 0 0 0 0 0 0 0 0 0 0 0 0 642247 0 0 0 0 0 0 0 0 0 
0 644171 644169 644122 644185 0 644234 644267 644224 643984 643950 644012 643956 644066 643918 643876 643930 643922 0 0 0 644000 644190 0 0 0 0 0 643984 644296 644398 643834 0 643784 0 0 643946 644398 644420 644431 643796 0 0 0 0 0 643972 0 644316 643780 643714 0 0 643808 643856 643940 0 0 644142 644290 644334 644444 644468 644447 644402 0 0 643790 644142 0 644328 643710 643658 0 0 643752 644084 644312 644380 643862 643904 0 0 643600 0 0 0 644204 643662 0 0 644222 644264 644349 0 0 0 643500 644130 644242 644263 0 0 0 643548 643728 0 0 0 644092 644236 0 0 0 0 0 0 0 644042 0 0 0 0 0 0 643376 0 644086 
0 644194 644192 644145 644208 0 644257 644290 644220 643980 643946 644008 643952 644062 643914 643872 643919 643918 0 0 0 643996 644186 0 0 0 0 0 643980 644292 644421 643830 0 643780 0 0 643942 644394 644424 644456 643792 0 0 0 0 0 643968 0 644312 643749 643710 0 0 643804 643852 643936 0 0 644138 644286 644330 644440 644476 644496 644490 0 0 643786 644138 0 644324 643679 643654 0 0 643748 644080 644308 644376 643858 643900 0 0 643596 0 0 0 644200 643658 0 0 644218 644260 644396 0 0 0 643496 644126 644238 644359 0 0 0 643544 643724 0 0 0 644088 644234 0 0 0 0 0 0 0 644038 0 0 0 0 0 0 643372 0 644082 
0 644183 644205 644134 644249 0 644272 644331 644240 643900 643902 644000 643896 644078 643834 643840 643822 643826 0 0 0 644012 644206 0 0 0 0 0 643996 644312 644462 643750 0 643748 0 0 643962 644414 644442 644497 643724 0 0 0 0 0 643988 0 644332 643652 643642 0 0 643820 643872 643956 0 0 644158 644306 644350 644460 644492 644517 644547 0 0 643806 644158 0 644344 643582 643586 0 0 643764 644100 644328 644396 643878 643920 0 0 643588 0 0 0 644220 643678 0 0 644238 644280 644416 0 0 0 643440 644146 644258 644470 0 0 0 643548 643744 0 0 0 644108 644254 0 0 0 0 0 0 0 644058 0 0 0 0 0 0 643340 0 644102 
0 642448 642394 642350 642318 642314 642452 642374 642504 642626 642732 642716 642702 642662 642692 642830 642632 642664 0 0 0 642728 642538 642494 0 0 0 0 642744 642420 642120 642776 0 642922 0 0 642782 642270 642228 642046 642838 643012 642986 0 0 0 642756 643022 642352 642658 642920 642956 642966 642920 642872 642788 642744 0 642586 642378 642322 642176 642128 642078 642014 643060 643045 642938 642562 0 642316 642728 642976 642992 643038 642976 642632 642332 642240 642866 642824 0 642290 643022 643026 643024 0 642452 642999 643000 642502 642422 642356 642184 0 0 642979 642974 642526 642378 641880 0 642744 642954 642978 642976 0 0 0 642564 642370 642222 0 0 0 0 0 642818 642638 642386 0 0 0 641998 642938 642924 0 642558 
0 642348 642274 642250 642198 642194 642332 642254 642384 642526 642632 642596 642602 642542 642592 642730 642532 642564 0 0 0 642608 642418 642374 0 0 0 0 642624 642312 642020 642676 0 642822 0 0 642662 642170 642128 641946 642738 642892 642866 0 0 0 642636 642902 642252 642558 642820 642856 642866 642800 642752 642668 642624 0 642466 642278 642222 642076 642028 641978 641914 642950 642960 642818 642462 0 642216 642628 642876 642892 642956 642856 642524 642232 642140 642746 642704 0 642190 642920 642924 642914 0 642352 642897 642890 642402 642322 642256 642084 0 0 642897 642892 642426 642278 641780 0 642644 642872 642876 642866 0 0 0 642464 642270 642122 0 0 0 0 0 642718 642538 642286 0 0 0 641898 642836 642842 0 642458 
0 640200 640172 640102 640168 0 640278 640234 640376 640378 640484 640494 640454 640488 640444 640582 640384 640416 0 0 0 640554 640374 0 0 0 0 0 640570 640220 639920 640528 0 640674 0 0 640654 640070 640028 639846 640590 0 0 0 0 0 640628 0 640152 640410 640672 0 0 640746 640744 640648 0 0 640386 640178 640122 639976 639928 639878 639814 0 0 640780 640362 0 640116 640480 640702 0 0 640781 640432 640132 640040 640726 640660 0 0 640719 0 0 0 640252 640768 0 0 640222 640156 639984 0 0 0 640645 640326 640178 639680 0 0 0 640699 640757 0 0 0 640364 640170 0 0 0 0 0 0 0 640438 0 0 0 0 0 0 640595 0 640358 
0 641540 0 641344 641476 0 641696 641732 641880 0 0 641934 0 641966 0 0 0 0 0 0 0 0 642058 0 0 0 0 0 641980 0 641594 0 0 0 0 0 641966 641894 641810 641446 0 0 0 0 0 0 642004 0 0 641636 0 0 0 0 641876 641984 0 0 0 642016 0 641706 0 0 0 0 0 0 642220 0 0 641566 0 0 0 0 642200 641922 641782 641906 641972 0 0 0 0 0 0 0 0 0 0 0 641896 641654 0 0 0 0 642004 0 0 0 0 0 0 641772 0 0 0 0 0 0 0 0 0 0 0 0 642036 0 0 0 0 0 0 0 0 0 
643851 643873 643869 643775 643901 643789 643999 644065 644123 643945 643990 644075 643975 644137 643920 643971 643890 643904 643950 643958 643948 644105 644281 644293 643930 643933 643927 643924 644097 644339 644249 643878 643945 643925 644048 644045 644114 644377 644357 644175 643877 643909 643922 644063 644032 644066 644145 643904 644459 643757 643836 643848 643843 644009 644069 644147 644205 644246 644338 644469 644451 644305 644257 644207 644143 643871 643842 644018 644374 644469 644443 643722 643808 643800 643835 643981 644327 644443 644369 644108 644165 644443 644395 643869 643909 643945 644439 644447 643954 643994 644422 644426 644387 644313 643019 643025 643740 643747 644410 644376 644009 643011 643594 643691 643861 644041 644071 644282 644279 644391 644344 644299 643011 642995 643013 642961 642955 643587 644360 644336 642993 642983 642949 642979 643749 643721 644353 644358 
0 639867 639839 639769 639835 0 639945 639963 640045 639960 639961 640010 639958 640049 639927 639930 639921 639923 0 0 0 640016 640136 0 0 0 0 0 640008 640157 640081 639885 0 639884 0 0 640001 640159 640153 640053 639872 0 0 0 0 0 640020 0 640219 639836 639831 0 0 639920 639956 640010 0 0 640141 640232 640228 640181 640135 640085 640021 0 0 639917 640153 0 640249 639801 639803 0 0 639892 640118 640256 640231 639971 640004 0 0 639804 0 0 0 640208 639853 0 0 640223 640228 640169 0 0 0 639730 640171 640217 639887 0 0 0 639784 639904 0 0 0 640152 640187 0 0 0 0 0 0 0 640115 0 0 0 0 0 0 639680 0 640155 
0 632229 0 631935 631533 0 631969 631557 631991 0 0 632737 0 632494 0 0 0 0 0 0 0 0 0 0 0 0 0 0 632699 0 0 0 0 0 0 0 0 0 0 0 0 0 0 0 0 0 0 0 0 633682 0 0 0 0 632652 0 0 0 0 631178 0 0 0 0 0 0 0 0 0 0 0 633783 0 0 0 0 631909 0 0 632484 0 0 0 0 0 0 0 0 0 0 0 0 0 0 0 0 0 0 0 0 0 0 0 0 0 632437 0 0 0 0 0 0 0 0 0 0 0 0 631728 0 0 0 0 0 0 0 0 0 
0 640316 640216 640218 640104 0 640250 640124 640278 640572 640590 640517 640593 640454 640606 640620 640588 640598 0 0 0 640487 640264 0 0 0 0 0 640495 640110 639810 640648 0 640620 0 0 640476 639960 639918 639736 640650 0 0 0 0 0 640447 0 640042 640625 640650 0 0 640524 640476 640428 0 0 640254 640068 640012 639866 639818 639768 639704 0 0 640500 640218 0 640006 640650 640650 0 0 640524 640265 640022 639930 640428 640380 0 0 640572 0 0 0 640115 640500 0 0 640088 640031 639874 0 0 0 640644 640152 640042 639570 0 0 0 640548 640428 0 0 0 640164 640026 0 0 0 0 0 0 0 640212 0 0 0 0 0 0 640620 0 640140 
0 642340 642264 642242 642188 642184 642322 642244 642374 642566 642648 642586 642642 642532 642632 642722 642572 642604 0 0 0 642598 642408 642364 0 0 0 0 642614 642302 642061 642716 0 642814 0 0 642652 642200 642169 641987 642778 642882 642856 0 0 0 642626 642892 642282 642598 642860 642896 642906 642790 642742 642658 642614 0 642456 642308 642263 642117 642069 642019 641955 642899 642906 642808 642456 0 642257 642668 642916 642932 642899 642846 642514 642273 642181 642736 642694 0 642231 642861 642865 642865 0 642393 642838 642842 642443 642363 642297 642125 0 0 642888 642883 642467 642319 641821 0 642684 642863 642817 642817 0 0 0 642505 642311 642163 0 0 0 0 0 642758 642556 642327 0 0 0 641938 642777 642785 0 642499 
0 642344 642292 642246 642216 642212 642350 642272 642402 642522 642628 642614 642598 642560 642588 642726 642528 642560 0 0 0 642626 642436 642392 0 0 0 0 642642 642330 642034 642672 0 642818 0 0 642680 642184 642142 641960 642734 642910 642884 0 0 0 642654 642920 642266 642554 642816 642852 642862 642818 642770 642686 642642 0 642484 642292 642236 642090 642042 641992 641928 642986 642984 642836 642476 0 642230 642624 642872 642888 642993 642874 642542 642246 642154 642764 642722 0 642204 642993 642979 642946 0 642366 642958 642920 642416 642336 642270 642098 0 0 642948 642943 642440 642292 641794 0 642640 642923 642949 642898 0 0 0 642478 642284 642136 0 0 0 0 0 642714 642552 642300 0 0 0 641894 642909 642893 0 642472 
0 640269 640217 640171 640165 0 640299 640187 640341 640495 640565 640539 640547 640509 640561 640651 640525 640545 0 0 0 640575 640327 0 0 0 0 0 640591 640173 639873 640645 0 640743 0 0 640619 640023 639981 639799 640695 0 0 0 0 0 640581 0 640105 640599 640761 0 0 640756 640709 640601 0 0 640339 640131 640075 639929 639881 639831 639767 0 0 640759 640315 0 640069 640669 640782 0 0 640782 640385 640085 639993 640671 640613 0 0 640782 0 0 0 640205 640770 0 0 640175 640109 639937 0 0 0 640782 640279 640131 639633 0 0 0 640782 640700 0 0 0 640317 640123 0 0 0 0 0 0 0 640391 0 0 0 0 0 0 640782 0 640311 
0 0 0 0 636221 0 636246 0 636356 0 0 0 0 0 0 0 0 0 0 0 0 0 0 0 0 0 0 0 0 0 0 0 0 0 0 0 0 0 0 0 0 0 0 0 0 0 0 0 0 0 0 0 0 0 0 0 0 0 0 636540 0 0 0 0 0 0 0 0 0 0 0 0 0 0 0 0 636629 0 0 0 0 0 0 0 0 0 0 0 0 0 0 0 0 0 0 0 0 0 0 0 0 0 0 0 0 0 0 0 0 0 0 0 0 0 0 0 0 0 0 0 0 0 0 0 0 0 0 0 
0 638156 0 638058 638064 0 638186 638156 638262 0 0 638285 0 638285 0 0 0 0 0 0 0 0 0 0 0 0 0 0 638285 0 0 0 0 0 0 0 0 0 0 0 0 0 0 0 0 0 0 0 0 638285 0 0 0 0 638285 0 0 0 0 638285 0 0 0 0 0 0 0 0 0 0 0 638285 0 0 0 0 638285 638285 0 638285 0 0 0 0 0 0 0 0 0 0 0 0 0 0 0 0 0 0 0 0 0 0 0 0 0 638285 0 0 0 0 0 0 0 0 0 0 0 0 638285 0 0 0 0 0 0 0 0 0 
0 641558 0 641362 641494 0 641714 641750 641890 0 0 641694 0 641772 0 0 0 0 0 0 0 0 641968 0 0 0 0 0 641690 0 641986 0 0 0 0 0 641676 642142 642130 641974 0 0 0 0 0 0 641714 0 0 641346 0 0 0 0 641586 641694 0 0 0 642164 0 642216 0 0 0 0 0 0 641980 0 0 641276 0 0 0 0 641910 642210 642248 641616 641682 0 0 0 0 0 0 0 0 0 0 0 642160 642122 0 0 0 0 642016 0 0 0 0 0 0 641482 0 0 0 0 0 0 0 0 0 0 0 0 641904 0 0 0 0 0 0 0 0 0 
0 642830 0 642732 642798 0 642908 642926 643008 0 0 643124 0 643118 0 0 0 0 0 0 0 0 0 0 0 0 0 0 643176 0 0 0 0 0 0 0 0 0 0 0 0 0 0 0 0 0 0 0 0 643012 0 0 0 0 643252 0 0 0 0 642936 0 0 0 0 0 0 0 0 0 0 0 0 0 0 0 0 643156 0 0 643267 0 0 0 0 0 0 0 0 0 0 0 0 0 0 0 0 0 0 0 0 0 0 0 0 0 643200 0 0 0 0 0 0 0 0 0 0 0 0 643123 0 0 0 0 0 0 0 0 0 
0 642513 0 642317 642449 0 642669 642705 642869 0 0 643101 0 643089 0 0 0 0 0 0 0 0 643129 0 0 0 0 0 643253 0 642349 0 0 0 0 0 643425 642649 642565 642201 0 0 0 0 0 0 643421 0 0 642933 0 0 0 0 643597 643533 0 0 0 642865 0 642461 0 0 0 0 0 0 643233 0 0 643073 0 0 0 0 643373 642773 642589 643645 643693 0 0 0 0 0 0 0 0 0 0 0 642821 642477 0 0 0 0 643161 0 0 0 0 0 0 643381 0 0 0 0 0 0 0 0 0 0 0 0 643385 0 0 0 0 0 0 0 0 0 
644382 644404 644400 644306 644432 644320 644530 644596 644654 644498 644525 644620 644519 644683 644457 644463 644435 644449 644445 644437 644417 644635 644832 644824 644405 644411 644399 644393 644619 644870 644826 644373 644387 644371 644521 644515 644605 644912 644910 644793 644347 644315 644341 644527 644489 644533 644643 644305 644994 644275 644265 644265 644255 644443 644515 644623 644691 644749 644883 645020 645004 644911 644875 644837 644797 644239 644205 644437 644909 645023 645022 644205 644209 644193 644191 644387 644839 645038 644975 644545 644611 645044 645025 644211 644267 644315 644995 645011 644309 644365 644961 645017 645007 644955 643550 643556 644073 644063 644937 644994 644669 643542 644045 644023 644171 644411 644447 644725 644719 644899 644966 644977 643542 643526 643544 643492 643486 644007 644833 644950 643524 643514 643480 643510 643995 643963 644803 644881 
0 636499 636447 636401 636407 636367 636529 636499 636605 636648 636648 636648 636648 636648 636648 636648 636648 636648 0 0 0 636648 636648 636648 0 0 0 0 636648 636629 636473 636648 0 636648 0 0 636648 636575 636557 636471 636648 636648 636648 0 0 0 636648 636648 636648 636648 636648 636648 636648 636648 636648 636648 636648 0 636648 636648 636648 636577 636553 636527 636463 636648 636648 636648 636648 0 636648 636648 636648 636648 636648 636648 636648 636648 636641 636648 636648 0 636648 636648 636648 636648 0 636648 636648 636648 636648 636648 636648 636624 0 0 636648 636648 636648 636648 636329 0 636648 636648 636648 636648 0 0 0 636648 636648 636600 0 0 0 0 0 636648 636648 636648 0 0 0 636493 636648 636648 0 636648 
0 643728 643696 643630 643620 0 643754 643676 643806 643906 644012 644018 643982 643964 643972 644110 643912 643944 0 0 0 644030 643840 0 0 0 0 0 644046 643734 643435 644056 0 644202 0 0 644084 643585 643543 643361 644118 0 0 0 0 0 644058 0 643667 643938 644192 0 0 644219 644174 644090 0 0 643888 643693 643637 643491 643443 643393 643329 0 0 644222 643877 0 643631 644008 644220 0 0 644247 643946 643647 643555 644168 644126 0 0 644335 0 0 0 643767 644286 0 0 643737 643671 643499 0 0 0 644285 643841 643693 643195 0 0 0 644311 644235 0 0 0 643879 643685 0 0 0 0 0 0 0 643953 0 0 0 0 0 0 644235 0 643873 
0 642180 642152 642082 642098 642072 642232 642154 642284 642358 642464 642474 642434 642442 642424 642562 642364 642396 0 0 0 642508 642318 642274 0 0 0 0 642524 642212 641984 642508 0 642654 0 0 642562 642110 642080 641946 642570 642746 642720 0 0 0 642536 642756 642192 642390 642652 642688 642698 642700 642652 642568 642524 0 642366 642218 642174 642064 642028 641990 641950 642814 642802 642718 642366 0 642180 642460 642708 642724 642795 642756 642424 642196 642128 642646 642604 0 642178 642805 642831 642824 0 642304 642804 642800 642354 642286 642244 642108 0 0 642736 642731 642378 642266 641816 0 642476 642711 642783 642776 0 0 0 642416 642270 642158 0 0 0 0 0 642550 642466 642286 0 0 0 641730 642697 642681 0 642422 
0 642189 642161 642091 642155 642081 642267 642211 642341 642367 642473 642483 642443 642477 642433 642571 642373 642405 0 0 0 642543 642375 642331 0 0 0 0 642559 642269 642028 642517 0 642663 0 0 642619 642167 642136 641954 642579 642755 642729 0 0 0 642593 642765 642249 642399 642661 642697 642707 642735 642709 642625 642581 0 642423 642275 642230 642084 642036 641986 641922 642813 642801 642775 642423 0 642224 642469 642717 642733 642797 642791 642481 642240 642148 642703 642661 0 642198 642807 642835 642849 0 642360 642854 642847 642410 642330 642264 642092 0 0 642738 642733 642434 642286 641788 0 642485 642713 642787 642823 0 0 0 642472 642278 642130 0 0 0 0 0 642559 642523 642294 0 0 0 641739 642699 642683 0 642466 
643692 643714 643710 643616 643742 643630 643840 643906 643964 643844 643951 644012 643920 644045 643879 643975 643813 643847 643951 643975 643975 644071 644142 644134 643951 643951 643951 643951 644071 644180 644118 643879 643999 643975 644071 644071 644119 644222 644214 644080 643903 643999 643999 644095 644071 644095 644143 643999 644304 643735 643903 643927 643927 644071 644119 644167 644215 644239 644277 644330 644308 644198 644162 644124 644084 643999 643975 644095 644335 644377 644314 643735 643903 643903 643975 644071 644311 644330 644262 644167 644215 644360 644312 644023 644047 644071 644417 644412 644095 644119 644417 644397 644364 644242 642860 642866 643903 643927 644417 644375 643975 642852 643639 643855 644047 644167 644191 644335 644335 644417 644369 644292 642852 642836 642854 642802 642796 643663 644383 644369 642834 642824 642790 642820 643999 643975 644407 644405 
0 640050 639998 639952 639958 0 640080 640050 640156 640245 640264 640264 640264 640252 640264 640264 640260 640264 0 0 0 640264 640226 0 0 0 0 0 640264 640180 640024 640264 0 640264 0 0 640264 640126 640108 639991 640264 0 0 0 0 0 640264 0 640208 640264 640264 0 0 640264 640264 640264 0 0 640264 640224 640202 640115 640073 640023 639959 0 0 640264 640264 0 640217 640264 640264 0 0 640264 640264 640225 640179 640264 640264 0 0 640264 0 0 0 640264 640264 0 0 640264 640248 640129 0 0 0 640264 640264 640251 639825 0 0 0 640264 640264 0 0 0 640264 640233 0 0 0 0 0 0 0 640264 0 0 0 0 0 0 640264 0 640264 
0 640167 640115 640069 640075 0 640197 640143 640273 640393 640463 640437 640445 640407 640459 640549 640423 640443 0 0 0 640473 640307 0 0 0 0 0 640489 640201 639907 640543 0 640641 0 0 640551 640057 640015 639833 640593 0 0 0 0 0 640525 0 640139 640497 640675 0 0 640665 640641 640557 0 0 640355 640165 640109 639963 639915 639865 639801 0 0 640689 640349 0 640103 640567 640707 0 0 640702 640413 640119 640027 640635 640593 0 0 640755 0 0 0 640239 640753 0 0 640209 640143 639971 0 0 0 640755 640313 640165 639667 0 0 0 640755 640714 0 0 0 640351 640157 0 0 0 0 0 0 0 640425 0 0 0 0 0 0 640755 0 640345 
0 642238 642210 642140 642206 642130 642316 642286 642416 642416 642522 642532 642492 642526 642482 642620 642422 642454 0 0 0 642592 642450 642406 0 0 0 0 642608 642344 642067 642566 0 642712 0 0 642694 642217 642175 641993 642628 642804 642778 0 0 0 642668 642814 642299 642448 642710 642746 642756 642784 642784 642700 642656 0 642498 642325 642269 642123 642075 642025 641961 642844 642827 642826 642498 0 642263 642518 642766 642782 642820 642840 642556 642279 642187 642778 642736 0 642237 642830 642858 642882 0 642399 642879 642906 642449 642369 642303 642131 0 0 642761 642756 642473 642325 641827 0 642534 642736 642810 642882 0 0 0 642511 642317 642169 0 0 0 0 0 642608 642585 642333 0 0 0 641788 642722 642706 0 642505 
0 643575 643547 643477 643543 643467 643653 643671 643753 643753 643859 643869 643829 643863 643819 643877 643759 643791 0 0 0 643929 643883 643863 0 0 0 0 643939 643873 643741 643832 0 643799 0 0 643948 643867 643837 643703 643811 643731 643757 0 0 0 643967 643721 643949 643775 643729 643717 643707 643823 643871 643955 643991 0 644003 643975 643931 643821 643785 643747 643695 643655 643633 643805 644051 0 643937 643748 643673 643657 643619 643767 644065 643953 643885 643877 643919 0 643935 643615 643659 643695 0 644061 643677 643721 644100 644043 644001 643865 0 0 643537 643515 644094 644023 643561 0 643641 643511 643563 643743 0 0 0 644075 644027 643903 0 0 0 0 0 643591 644057 644042 0 0 0 643125 643411 643391 0 644053 
0 643297 643295 643248 643311 0 643360 643393 643422 643362 643417 643453 643405 643465 643381 643429 643353 643369 0 0 0 643477 643511 0 0 0 0 0 643477 643530 643524 643381 0 643429 0 0 643501 643551 643554 643513 643393 0 0 0 0 0 643513 0 643592 643309 643393 0 0 643477 643501 643525 0 0 643585 643605 643601 643578 643554 643529 643497 0 0 643489 643609 0 643622 643309 643393 0 0 643477 643597 643630 643610 643525 643549 0 0 643453 0 0 0 643657 643489 0 0 643669 643668 643582 0 0 0 643405 643657 643671 643430 0 0 0 643465 643525 0 0 0 643657 643659 0 0 0 0 0 0 0 643633 0 0 0 0 0 0 643429 0 643669 
0 641267 0 641071 641203 0 641423 641459 641623 0 0 641797 0 641841 0 0 0 0 0 0 0 0 641883 0 0 0 0 0 641797 0 641695 0 0 0 0 0 641783 641851 641839 641701 0 0 0 0 0 0 641821 0 0 641453 0 0 0 0 641693 641801 0 0 0 642067 0 641925 0 0 0 0 0 0 642087 0 0 641383 0 0 0 0 642017 642119 642053 641723 641789 0 0 0 0 0 0 0 0 0 0 0 642251 641977 0 0 0 0 642123 0 0 0 0 0 0 641589 0 0 0 0 0 0 0 0 0 0 0 0 642011 0 0 0 0 0 0 0 0 0 
0 641468 0 641272 641404 0 641624 641660 641824 0 0 641760 0 641838 0 0 0 0 0 0 0 0 642034 0 0 0 0 0 641756 0 641896 0 0 0 0 0 641742 642052 642040 641964 0 0 0 0 0 0 641780 0 0 641412 0 0 0 0 641652 641760 0 0 0 642230 0 642152 0 0 0 0 0 0 642046 0 0 641342 0 0 0 0 641976 642276 642280 641682 641748 0 0 0 0 0 0 0 0 0 0 0 642252 642278 0 0 0 0 642082 0 0 0 0 0 0 641548 0 0 0 0 0 0 0 0 0 0 0 0 641970 0 0 0 0 0 0 0 0 0 
644215 644193 644164 644168 644054 644086 644067 644001 643943 644063 643921 643875 643963 643857 643997 643811 644081 644037 643841 643785 643765 643791 643765 643773 643801 643807 643795 643789 643775 643727 643739 643913 643687 643719 643677 643671 643665 643685 643679 643667 643839 643615 643641 643635 643645 643641 643655 643605 643603 644103 643757 643709 643699 643599 643575 643587 643559 643569 643609 643577 643585 643587 643587 643589 643557 643539 643553 643545 643537 643529 643543 644033 643701 643685 643539 643543 643515 643527 643523 643509 643479 643497 643473 643463 643471 643471 643439 643455 643417 643425 643405 643437 643407 643435 645032 645032 643565 643507 643381 643385 643403 644988 644065 643611 643375 643375 643363 643353 643347 643343 643345 643349 644940 645017 645029 644994 644996 643979 643365 643329 644922 645005 644970 644976 643295 643311 643287 643301 
644022 644011 643979 644004 643887 643924 643900 643819 643814 643994 643859 643813 643901 643795 643935 643749 644019 643975 643779 643723 643703 643729 643677 643669 643739 643745 643733 643727 643713 643610 643544 643851 643625 643657 643615 643609 643603 643541 643526 643473 643777 643553 643579 643573 643583 643579 643593 643543 643500 644041 643695 643647 643637 643537 643513 643525 643497 643507 643547 643487 643479 643444 643432 643421 643381 643477 643491 643483 643475 643463 643446 643971 643639 643623 643477 643481 643453 643438 643412 643447 643417 643423 643387 643401 643409 643409 643377 643393 643355 643363 643343 643375 643345 643332 644822 644819 643503 643445 643319 643323 643232 644810 644003 643549 643313 643313 643301 643291 643285 643281 643283 643277 644774 644814 644823 644779 644782 643917 643303 643267 644760 644808 644761 644770 643233 643249 643225 643239 
0 643597 643523 643548 643431 643483 643516 643405 643506 643756 643769 643684 643784 643621 643789 643788 643747 643769 0 0 0 643654 643451 643411 0 0 0 0 643662 643326 643104 643831 0 643834 0 0 643645 643203 643170 643031 643860 643850 643837 0 0 0 643614 643855 643244 643736 643901 643911 643916 643750 643690 643612 643554 0 643421 643257 643217 643108 643072 643035 642979 643888 643917 643741 643385 0 643202 643771 643929 643937 643924 643778 643432 643210 643140 643651 643594 0 643165 643890 643850 643814 0 643282 643805 643765 643307 643255 643198 643076 0 0 643997 643984 643319 643209 642840 0 643755 643982 643858 643718 0 0 0 643338 643193 643083 0 0 0 0 0 643798 643399 643201 0 0 0 643180 643778 643794 0 643323 
0 643375 643324 643326 643232 0 643317 643206 643307 643490 643535 643485 643538 643422 643523 643566 643481 643503 0 0 0 643455 643252 0 0 0 0 0 643463 643127 642905 643565 0 643612 0 0 643446 643004 642971 642832 643602 0 0 0 0 0 643415 0 643045 643470 643643 0 0 643551 643491 643413 0 0 643222 643058 643018 642909 642873 642836 642780 0 0 643542 643186 0 643003 643505 643671 0 0 643579 643233 643011 642941 643452 643395 0 0 643691 0 0 0 643083 643606 0 0 643056 642999 642877 0 0 0 643762 643120 643010 642641 0 0 0 643683 643519 0 0 0 643139 642994 0 0 0 0 0 0 0 643200 0 0 0 0 0 0 643617 0 643124 
0 641703 0 641507 641639 0 641859 641895 642059 0 0 642141 0 642159 0 0 0 0 0 0 0 0 642251 0 0 0 0 0 642241 0 642065 0 0 0 0 0 642285 642287 642257 641953 0 0 0 0 0 0 642323 0 0 641913 0 0 0 0 642109 642277 0 0 0 642439 0 642213 0 0 0 0 0 0 642479 0 0 641873 0 0 0 0 642501 642423 642319 642121 642205 0 0 0 0 0 0 0 0 0 0 0 642435 642191 0 0 0 0 642607 0 0 0 0 0 0 641853 0 0 0 0 0 0 0 0 0 0 0 0 642481 0 0 0 0 0 0 0 0 0 
0 644367 644363 644269 644395 0 644493 644559 644617 644497 644621 644685 644597 644703 644551 644563 644479 644523 0 0 0 644735 644795 0 0 0 0 0 644719 644833 644820 644473 0 644471 0 0 644705 644875 644881 644797 644447 0 0 0 0 0 644743 0 644957 644375 644365 0 0 644543 644615 644723 0 0 644951 644983 644975 644922 644879 644829 644765 0 0 644537 645005 0 645016 644305 644309 0 0 644487 644939 645032 644986 644645 644711 0 0 644311 0 0 0 645105 644409 0 0 645122 645102 644935 0 0 0 644163 645045 645124 644631 0 0 0 644271 644511 0 0 0 645007 645103 0 0 0 0 0 0 0 644933 0 0 0 0 0 0 644063 0 645012 
0 644061 644083 644012 644135 0 644168 644253 644158 643798 643800 643898 643794 643976 643732 643738 643720 643724 0 0 0 643910 644155 0 0 0 0 0 643894 644261 644391 643648 0 643646 0 0 643880 644363 644389 644426 643622 0 0 0 0 0 643918 0 644281 643550 643540 0 0 643718 643790 643898 0 0 644107 644255 644299 644409 644439 644464 644482 0 0 643712 644107 0 644293 643480 643484 0 0 643662 644049 644277 644345 643820 643869 0 0 643486 0 0 0 644169 643584 0 0 644187 644229 644365 0 0 0 643338 644095 644207 644559 0 0 0 643446 643686 0 0 0 644057 644203 0 0 0 0 0 0 0 644007 0 0 0 0 0 0 643238 0 644051 
642394 642383 642385 642398 642341 642357 642320 642287 642258 642318 642247 642224 642268 642215 642285 642192 642327 642305 642207 642179 642169 642182 642169 642173 642187 642190 642184 642181 642174 642150 642156 642243 642130 642146 642125 642122 642119 642129 642126 642121 642206 642094 642107 642104 642109 642107 642114 642089 642088 642338 642165 642141 642136 642086 642074 642080 642066 642071 642091 642075 642079 642080 642080 642081 642065 642056 642063 642059 642055 642051 642058 642303 642137 642129 642056 642058 642044 642050 642048 642041 642026 642035 642023 642018 642022 642022 642006 642014 641995 641999 641989 642005 641990 642004 642786 642783 642069 642040 641977 641979 641988 642808 642319 642092 641974 641974 641968 641963 641960 641958 641959 641961 642784 642798 642789 642743 642746 642276 641969 641951 642775 642794 642725 642734 641934 641942 641930 641937 
0 643323 643223 643225 643111 643143 643257 643131 643285 643645 643643 643545 643649 643467 643711 643705 643723 643719 0 0 0 643533 643271 643215 0 0 0 0 643549 643117 642817 643795 0 643768 0 0 643563 642967 642925 642743 643816 643724 643737 0 0 0 643525 643719 643049 643893 643843 643807 643802 643679 643624 643545 643477 0 643283 643075 643019 642873 642825 642775 642711 643686 643705 643641 643259 0 643013 643963 643815 643807 643698 643652 643329 643029 642937 643583 643528 0 642987 643636 643628 643616 0 643149 643577 643569 643199 643119 643053 642881 0 0 643747 643706 643223 643075 642577 0 644075 643794 643580 643520 0 0 0 643261 643067 642919 0 0 0 0 0 644063 643333 643083 0 0 0 643353 643564 643584 0 643255 
0 643579 643505 643530 643413 643465 643498 643387 643488 643788 643751 643666 643766 643603 643821 643770 643825 643835 0 0 0 643636 643433 643393 0 0 0 0 643644 643308 643086 643863 0 643816 0 0 643627 643185 643152 643013 643864 643832 643819 0 0 0 643596 643837 643226 643825 643905 643893 643898 643732 643672 643594 643536 0 643403 643239 643199 643090 643054 643017 642961 643870 643899 643723 643367 0 643184 643860 643933 643941 643906 643760 643414 643192 643122 643633 643576 0 643147 643872 643832 643796 0 643264 643787 643747 643289 643237 643180 643058 0 0 644001 643984 643301 643191 642822 0 643844 644048 643858 643700 0 0 0 643320 643175 643065 0 0 0 0 0 643887 643381 643183 0 0 0 643232 643795 643811 0 643305 
0 643341 643337 643292 643281 0 643354 643291 643368 643406 643477 643498 643456 643459 643439 643532 643397 643419 0 0 0 643492 643361 0 0 0 0 0 643500 643276 643054 643481 0 643578 0 0 643507 643153 643120 642981 643518 0 0 0 0 0 643488 0 643194 643386 643559 0 0 643588 643552 643498 0 0 643367 643207 643167 643058 643022 642985 642929 0 0 643591 643335 0 643152 643421 643587 0 0 643616 643382 643160 643090 643537 643504 0 0 643704 0 0 0 643232 643655 0 0 643205 643148 643026 0 0 0 643684 643269 643159 642790 0 0 0 643724 643604 0 0 0 643288 643143 0 0 0 0 0 0 0 643349 0 0 0 0 0 0 643650 0 643273 
0 642368 0 642172 642304 0 642524 642560 642724 0 0 642956 0 642944 0 0 0 0 0 0 0 0 0 0 0 0 0 0 643108 0 0 0 0 0 0 0 0 0 0 0 0 0 0 0 0 0 0 0 0 642788 0 0 0 0 643460 0 0 0 0 642550 0 0 0 0 0 0 0 0 0 0 0 0 0 0 0 0 643058 0 0 643544 0 0 0 0 0 0 0 0 0 0 0 0 0 0 0 0 0 0 0 0 0 0 0 0 0 643664 0 0 0 0 0 0 0 0 0 0 0 0 643070 0 0 0 0 0 0 0 0 0 
643011 643032 643005 642935 643001 642925 643095 643128 643157 643097 643168 643191 643147 643200 643130 643223 643088 643110 643208 643236 643246 643233 643246 643242 643228 643225 643231 643234 643241 643195 643033 643172 643285 643269 643290 643293 643296 643120 643099 642995 643209 643321 643308 643311 643306 643308 643301 643326 643161 643077 643250 643274 643279 643329 643341 643335 643349 643344 643278 643174 643146 643073 643049 643024 642992 643357 643340 643356 643266 643198 643143 643112 643278 643286 643333 643357 643301 643151 643105 643374 643389 643166 643130 643343 643371 643393 643219 643211 643392 643416 643236 643196 643163 643077 642382 642388 643274 643269 643248 643174 642925 642374 643096 643249 643323 643441 643447 643358 643361 643267 643170 643096 642374 642358 642376 642324 642318 643139 643304 643178 642356 642346 642312 642342 643235 643219 643319 643264 
644122 644144 644140 644046 644172 644060 644270 644336 644394 644274 644416 644462 644374 644480 644340 644526 644256 644300 644496 644552 644572 644546 644572 644564 644536 644530 644542 644548 644562 644610 644413 644424 644650 644618 644660 644666 644672 644539 644509 644375 644498 644644 644657 644702 644692 644696 644682 644639 644621 644234 644562 644583 644578 644730 644762 644750 644778 644768 644728 644647 644603 644493 644457 644407 644343 644606 644577 644753 644795 644695 644609 644304 644543 644535 644570 644716 644822 644625 644557 644826 644858 644655 644607 644600 644644 644680 644749 644733 644689 644729 644783 644715 644673 644513 643290 643296 644462 644452 644807 644695 644209 643282 644272 644412 644560 644776 644806 644979 644985 644845 644699 644551 643282 643266 643284 643232 643226 644322 644895 644715 643264 643254 643220 643250 644384 644352 644937 644851 
644240 644262 644258 644164 644290 644178 644388 644454 644512 644392 644534 644580 644492 644598 644458 644644 644374 644418 644614 644670 644690 644664 644678 644658 644654 644648 644660 644666 644680 644666 644386 644542 644765 644736 644778 644784 644790 644536 644494 644312 644616 644743 644756 644820 644810 644814 644800 644738 644618 644352 644670 644682 644677 644843 644880 644868 644884 644862 644798 644644 644588 644442 644394 644344 644280 644705 644676 644852 644828 644692 644582 644422 644642 644634 644668 644815 644878 644598 644506 644938 644964 644628 644556 644688 644743 644779 644734 644718 644786 644828 644768 644688 644622 644450 643408 643414 644550 644540 644792 644644 644146 643400 644390 644500 644648 644875 644905 645010 645013 644830 644636 644488 643400 643384 643402 643350 643344 644421 644904 644652 643382 643372 643338 643368 644472 644440 644934 644824 
0 639891 639863 639793 639859 0 639969 639987 640069 640069 640175 640185 640145 640179 640135 640269 640075 640107 0 0 0 640245 640199 0 0 0 0 0 640261 640189 640077 640218 0 640261 0 0 640342 640179 640161 640016 640243 0 0 0 0 0 640345 0 640261 640101 640208 0 0 640297 640333 640375 0 0 640319 640287 640255 640146 640098 640048 639984 0 0 640294 640367 0 640273 640158 640180 0 0 640269 640401 640289 640210 640348 640381 0 0 640181 0 0 0 640385 640230 0 0 640379 640326 640154 0 0 0 640107 640459 640348 639850 0 0 0 640161 640281 0 0 0 640487 640340 0 0 0 0 0 0 0 640483 0 0 0 0 0 0 640057 0 640491 
0 643317 643315 643268 643331 0 643380 643413 643442 643382 643437 643473 643425 643485 643401 643449 643373 643389 0 0 0 643497 643531 0 0 0 0 0 643497 643550 643544 643401 0 643449 0 0 643521 643571 643574 643579 643413 0 0 0 0 0 643533 0 643612 643329 643413 0 0 643497 643521 643545 0 0 643605 643625 643621 643620 643620 643597 643565 0 0 643509 643629 0 643642 643329 643413 0 0 643497 643617 643650 643652 643545 643569 0 0 643473 0 0 0 643677 643509 0 0 643689 643710 643650 0 0 0 643425 643677 643713 643486 0 0 0 643485 643545 0 0 0 643677 643725 0 0 0 0 0 0 0 643653 0 0 0 0 0 0 643449 0 643689 
0 643246 643242 643148 643274 643162 643372 643438 643496 643360 643428 643504 643408 643552 643358 643409 643312 643336 0 0 0 643543 643674 643666 0 0 0 0 643535 643712 643645 643316 0 643363 0 0 643552 643723 643717 643648 643315 643347 643360 0 0 0 643583 643342 643805 643195 643274 643286 643281 643447 643507 643585 643643 0 643768 643831 643811 643754 643730 643704 643688 643309 643280 643456 643812 0 643841 643160 643246 643238 643273 643419 643765 643857 643818 643546 643603 0 643868 643307 643347 643383 0 643869 643392 643432 643847 643881 643886 643834 0 0 643178 643185 643835 643886 643576 0 643032 643129 643299 643479 0 0 0 643816 643882 643886 0 0 0 0 0 643025 643779 643874 0 0 0 642352 643187 643159 0 643819 
644215 644193 644196 644259 644139 644183 644067 644001 643943 644063 643921 643875 643963 643857 643997 643811 644081 644037 643841 643785 643765 643791 643765 643773 643801 643807 643795 643789 643775 643727 643739 643913 643687 643719 643677 643671 643665 643685 643679 643669 643839 643615 643641 643635 643645 643641 643655 643605 643603 644103 643757 643709 643699 643599 643575 643587 643559 643569 643609 643577 643585 643587 643587 643589 643557 643539 643553 643545 643537 643529 643543 644033 643701 643685 643539 643543 643515 643527 643523 643509 643479 643497 643473 643463 643471 643471 643439 643455 643417 643425 643405 643437 643407 643435 644987 644981 643565 643507 643381 643385 643403 645009 644065 643611 643375 643375 643363 643353 643347 643343 643345 643349 645015 645005 644993 644973 644979 643979 643365 643329 645007 645011 644961 644955 643295 643311 643287 643301 
644162 644164 644099 644124 644007 644051 644042 643972 643918 644038 643896 643850 643938 643832 643972 643786 644056 644012 643816 643760 643740 643766 643740 643748 643776 643782 643770 643764 643750 643702 643680 643888 643662 643694 643652 643646 643640 643660 643654 643607 643814 643590 643616 643610 643620 643616 643630 643580 643578 644078 643732 643684 643674 643574 643550 643562 643534 643544 643584 643552 643560 643562 643562 643564 643532 643514 643528 643520 643512 643504 643518 644008 643676 643660 643514 643518 643490 643502 643498 643484 643454 643472 643448 643438 643446 643446 643414 643430 643392 643400 643380 643412 643382 643410 644970 644973 643540 643482 643356 643360 643378 644930 644040 643586 643350 643350 643338 643328 643322 643318 643320 643324 644894 644958 644967 644967 644964 643954 643340 643304 644885 644952 644958 644970 643270 643286 643262 643276 
644298 644276 644243 644268 644151 644203 644150 644084 644026 644146 644004 643958 644046 643940 644080 643894 644164 644120 643924 643868 643848 643874 643848 643856 643884 643890 643878 643872 643858 643810 643822 643996 643770 643802 643760 643754 643748 643768 643762 643750 643922 643698 643724 643718 643728 643724 643738 643688 643686 644186 643840 643792 643782 643682 643658 643670 643642 643652 643692 643660 643668 643670 643670 643672 643640 643622 643636 643628 643620 643612 643626 644116 643784 643768 643622 643626 643598 643610 643606 643592 643562 643580 643556 643546 643554 643554 643522 643538 643500 643508 643488 643520 643490 643518 645088 645091 643648 643590 643464 643468 643486 645072 644148 643694 643458 643458 643446 643436 643430 643426 643428 643432 645038 645076 645085 645038 645040 644062 643448 643412 645029 645070 645002 645020 643378 643394 643370 643384 
644240 644219 644185 644187 644073 644105 644093 644027 643969 644089 643947 643901 643989 643883 644023 643837 644107 644063 643867 643811 643791 643817 643791 643799 643827 643833 643821 643815 643801 643753 643762 643939 643713 643745 643703 643697 643691 643711 643705 643691 643865 643641 643667 643661 643671 643667 643681 643631 643629 644129 643783 643735 643725 643625 643601 643613 643585 643595 643635 643603 643611 643613 643613 643615 643583 643565 643579 643571 643563 643555 643569 644059 643727 643711 643565 643569 643541 643553 643549 643535 643505 643523 643499 643489 643497 643497 643465 643481 643443 643451 643431 643463 643433 643461 645056 645059 643591 643533 643407 643411 643429 645007 644091 643637 643401 643401 643389 643379 643373 643369 643371 643375 644959 645039 645053 645122 645125 644005 643391 643355 644941 645027 645116 645106 643321 643337 643313 643327 
644234 644212 644181 644186 644072 644104 644086 644020 643962 644082 643940 643894 643982 643876 644016 643830 644100 644056 643860 643804 643784 643810 643784 643792 643820 643826 643814 643808 643794 643746 643758 643932 643706 643738 643696 643690 643684 643704 643698 643686 643858 643634 643660 643654 643664 643660 643674 643624 643622 644122 643776 643728 643718 643618 643594 643606 643578 643588 643628 643596 643604 643606 643606 643608 643576 643558 643572 643564 643556 643548 643562 644052 643720 643704 643558 643562 643534 643546 643542 643528 643498 643516 643492 643482 643490 643490 643458 643474 643436 643444 643424 643456 643426 643454 645052 645054 643584 643526 643400 643404 643422 645006 644084 643630 643394 643394 643382 643372 643366 643362 643364 643368 644958 645038 645049 645123 645125 643998 643384 643348 644940 645026 645115 645105 643314 643330 643306 643320 
0 643298 643198 643200 643086 643118 643232 643106 643260 643620 643618 643520 643624 643442 643686 643680 643698 643694 0 0 0 643508 643246 643190 0 0 0 0 643524 643092 642792 643770 0 643772 0 0 643538 642942 642900 642718 643796 643772 643774 0 0 0 643500 643767 643024 643868 643870 643846 643846 643698 643628 643520 643452 0 643258 643050 642994 642848 642800 642750 642686 643734 643753 643678 643234 0 642988 643938 643863 643855 643746 643700 643304 643004 642912 643598 643532 0 642962 643684 643676 643664 0 643124 643625 643617 643174 643094 643028 642856 0 0 643795 643754 643198 643050 642552 0 644074 643842 643628 643568 0 0 0 643236 643042 642894 0 0 0 0 0 644109 643310 643058 0 0 0 643353 643612 643632 0 643230 
0 643509 0 643417 643483 0 643572 643605 643634 0 0 643668 0 643677 0 0 0 0 0 0 0 0 0 0 0 0 0 0 643718 0 0 0 0 0 0 0 0 0 0 0 0 0 0 0 0 0 0 0 0 643554 0 0 0 0 643721 0 0 0 0 643774 0 0 0 0 0 0 0 0 0 0 0 0 0 0 0 0 643848 0 0 643727 0 0 0 0 0 0 0 0 0 0 0 0 0 0 0 0 0 0 0 0 0 0 0 0 0 643593 0 0 0 0 0 0 0 0 0 0 0 0 643885 0 0 0 0 0 0 0 0 0 
0 642307 642327 642209 642395 0 642480 642595 642590 642290 642433 642528 642388 642585 642323 642436 642233 642279 0 0 0 642618 642775 0 0 0 0 0 642624 642890 643001 642300 0 642298 0 0 642649 643007 643034 643101 642262 0 0 0 0 0 642702 0 643048 642116 642139 0 0 642406 642514 642676 0 0 642925 643061 643081 643152 643170 643133 643069 0 642049 642397 643009 0 643126 642049 642055 0 0 642322 642974 643134 643184 642559 642658 0 0 642058 0 0 0 643146 642205 0 0 643179 643242 643174 0 0 0 641836 643147 643253 642925 0 0 0 641998 642358 0 0 0 643102 643291 0 0 0 0 0 0 0 642991 643299 0 0 0 0 0 641686 0 643111 
643515 643504 643482 643543 643426 643478 643393 643312 643307 643487 643380 643321 643413 643288 643454 643313 643520 643486 643340 643300 643290 643255 643170 643162 643320 643323 643317 643314 643247 643103 643037 643412 643239 643267 643198 643195 643168 643034 643019 642966 643363 643187 643213 643165 643182 643168 643151 643177 642993 643579 643322 643281 643271 643159 643123 643105 643067 643060 643056 642980 642972 642937 642925 642914 642874 643111 643125 643117 642996 642956 642939 643544 643273 643257 643111 643115 642997 642931 642905 643066 643027 642916 642880 643035 643043 643043 642899 642907 642989 642997 642882 642886 642847 642825 644281 644278 643137 643079 642870 642836 642725 644309 643608 643183 642947 642947 642935 642904 642901 642851 642804 642770 644313 644293 644284 644238 644241 643551 642886 642796 644304 644299 644220 644229 642867 642883 642835 642818 
643734 643723 643671 643696 643579 643631 643612 643531 643526 643706 643589 643540 643631 643507 643665 643479 643739 643705 643509 643453 643433 643459 643389 643381 643469 643475 643463 643457 643443 643322 643252 643581 643355 643387 643345 643339 643333 643253 643238 643179 643507 643283 643309 643303 643313 643309 643323 643273 643212 643771 643425 643377 643367 643267 643243 643255 643227 643237 643275 643199 643191 643156 643144 643133 643093 643207 643221 643213 643205 643175 643158 643701 643369 643353 643207 643211 643183 643150 643124 643177 643147 643135 643099 643131 643139 643139 643107 643123 643085 643093 643073 643105 643066 643044 644429 644432 643233 643175 643049 643053 642944 644401 643733 643279 643043 643043 643031 643021 643015 643011 643013 642989 644377 644417 644426 644384 644381 643647 643033 642997 644368 644411 644356 644377 642963 642979 642955 642969 
643574 643585 643535 643536 643479 643495 643552 643489 643494 643554 643483 643460 643504 643451 643521 643428 643563 643541 643443 643415 643405 643418 643405 643409 643423 643426 643420 643417 643410 643386 643332 643479 643365 643382 643361 643358 643355 643365 643362 643266 643442 643293 643319 643340 643345 643343 643350 643283 643324 643574 643387 643351 643341 643313 643310 643316 643302 643307 643327 643311 643315 643299 643287 643270 643214 643217 643219 643271 643291 643287 643294 643539 643331 643315 643205 643257 643280 643286 643267 643271 643262 643271 643242 643153 643173 643185 643242 643250 643143 643163 643225 643241 643209 643187 643974 643977 643195 643149 643213 643198 643075 643946 643555 643217 643077 643137 643137 643199 643193 643194 643166 643132 643922 643962 643971 644017 644014 643489 643205 643158 643913 643956 644035 644026 642973 642977 643166 643173 
0 644263 644163 644165 644051 644083 644171 644071 644047 644167 644025 643979 644067 643961 644101 643915 644185 644141 0 0 0 643895 643869 643877 0 0 0 0 643879 643831 643757 644017 0 643823 0 0 643769 643789 643783 643683 643943 643719 643745 0 0 0 643759 643709 643707 644207 643861 643813 643803 643703 643679 643691 643663 0 643713 643681 643689 643691 643691 643693 643647 643643 643657 643649 643641 0 643647 644137 643805 643789 643643 643647 643619 643631 643627 643613 643583 0 643577 643567 643575 643575 0 643559 643521 643529 643509 643541 643511 643539 0 0 643669 643611 643485 643489 643503 0 644169 643715 643479 643479 0 0 0 643447 643449 643453 0 0 0 0 0 644083 643469 643433 0 0 0 645145 643399 643415 0 643405 
0 643851 643735 643704 643567 643615 643786 643597 643828 644068 644281 644218 644218 644101 644167 644424 644041 644107 0 0 0 644200 643807 643723 0 0 0 0 644224 643576 643126 644293 0 644562 0 0 644245 643351 643288 643015 644404 644680 644641 0 0 0 644188 644695 643474 644008 644527 644599 644614 644488 644380 644218 644116 0 643825 643513 643429 643210 643138 643063 642967 644794 644811 644497 643789 0 643420 644113 644611 644635 644832 644572 643894 643444 643306 644335 644236 0 643381 644836 644752 644680 0 643624 644689 644605 643699 643579 643480 643222 0 0 644815 644902 643735 643513 642766 0 644065 644746 644896 644536 0 0 0 643792 643501 643279 0 0 0 0 0 644194 643903 643525 0 0 0 642532 645134 645130 0 643783 
0 640551 640475 640453 640399 0 640533 640443 640585 640778 640848 640797 640830 640743 640844 640933 640808 640828 0 0 0 640809 640583 0 0 0 0 0 640825 640429 640129 640928 0 641025 0 0 640863 640279 640237 640055 640978 0 0 0 0 0 640837 0 640361 640882 641060 0 0 641001 640953 640857 0 0 640595 640387 640331 640185 640137 640087 640023 0 0 641019 640571 0 640325 640952 641116 0 0 641057 640641 640341 640249 640935 640869 0 0 641209 0 0 0 640461 641147 0 0 640431 640365 640193 0 0 0 641286 640535 640387 639889 0 0 0 641261 641069 0 0 0 640573 640379 0 0 0 0 0 0 0 640647 0 0 0 0 0 0 641388 0 640567 
643845 643867 643839 643769 643835 643759 643945 643963 644045 644045 644151 644161 644121 644155 644111 644249 644051 644083 644231 644275 644295 644221 644175 644155 644271 644265 644277 644283 644237 644165 644010 644195 644358 644341 644335 644341 644323 644134 644116 643936 644257 644342 644355 644365 644367 644359 644321 644337 644216 644077 644317 644317 644312 644402 644413 644377 644381 644359 644295 644242 644210 644066 644018 643968 643904 644304 644287 644403 644343 644290 644206 644147 644289 644281 644280 644378 644377 644222 644130 644447 644461 644252 644180 644290 644318 644342 644356 644340 644339 644367 644390 644312 644246 644074 643290 643296 644221 644214 644414 644268 643770 643282 644163 644196 644262 644390 644408 644525 644528 644452 644260 644112 643282 643266 643284 643232 643226 644188 644478 644276 643264 643254 643220 643250 644110 644090 644532 644448 
0 639856 639828 639758 639824 0 639934 639952 640034 640034 640140 640150 640110 640144 640100 640225 640040 640072 0 0 0 640210 640164 0 0 0 0 0 640226 640154 640068 640174 0 640205 0 0 640298 640148 640142 640023 640193 0 0 0 0 0 640303 0 640230 640066 640152 0 0 640241 640277 640331 0 0 640284 640256 640236 640148 640105 640055 639991 0 0 640238 640332 0 640264 640114 640124 0 0 640213 640366 640280 640212 640292 640325 0 0 640125 0 0 0 640366 640174 0 0 640370 640328 640161 0 0 0 640051 640440 640350 639857 0 0 0 640105 640225 0 0 0 640459 640347 0 0 0 0 0 0 0 640436 0 0 0 0 0 0 640001 0 640474 
