645116 645138 645131 645074 645097 645114 645091 645065 645083 645118 645072 645061 645075 645024 645043 645028 645085 645063 645086 645031 645025 645041 645029 645038 645016 645014 645004 645008 645017 644982 645043 645057 645021 645042 645030 645044 644997 645003 645019 645007 644984 644972 644998 644974 644985 644995 645007 645035 645041 644987 644975 645000 644976 644977 644979 644970 644950 644928 644972 644958 644948 644937 644989 644983 644989 644983 644981 644979 644951 645004 644933 644927 644933 644969 644945 644957 644955 644910 644944 644938 644906 644928 644910 644909 644949 644931 644947 644942 644972 644966 644926 644903 644931 644937 644909 644905 644929 644905 644937 644897 644917 644913 644937 644937 644916 644954 644918 644922 644928 644871 644863 644869 644881 644853 644859 644877 644863 644889 644869 644889 644859 644890 644892 644876 644884 644870 644853 644849 
0 643885 0 643829 643835 0 643866 0 643833 643849 0 643847 0 643795 0 0 0 643801 643833 0 0 0 0 0 0 0 0 0 0 643737 0 0 0 0 643805 643812 0 0 0 0 0 0 643781 0 643711 0 0 0 0 0 643773 643790 0 0 0 0 0 643735 0 643729 643703 643663 0 0 0 0 0 0 643761 643792 0 0 0 643805 643793 643799 0 0 0 0 0 0 643693 643635 0 0 0 0 643776 643773 0 0 0 0 0 0 0 0 0 0 0 0 0 0 0 643767 0 643751 0 643756 0 0 0 0 0 643603 643601 643639 643643 643699 643717 0 643736 0 643732 0 643743 0 
0 645085 645109 644989 644989 0 645097 0 644968 645108 645084 645086 0 644914 644924 0 0 644938 645013 0 0 0 0 0 0 644899 0 0 0 644851 644908 0 0 0 645005 645026 0 0 0 0 0 0 644875 0 644837 0 0 0 0 0 644806 644960 0 0 0 0 0 644770 0 644815 644800 644765 0 0 0 0 0 0 644770 644966 0 0 0 644948 644912 644930 0 0 0 0 0 0 644743 644707 0 0 0 0 644918 644909 0 0 0 0 0 0 644880 0 0 0 644719 0 0 644749 0 644851 0 644843 0 644801 0 0 644816 0 0 644659 644638 644677 644647 644677 644632 0 644798 0 644786 0 644774 0 
0 0 0 641667 0 0 0 0 0 0 0 0 0 0 0 0 0 0 0 0 0 0 0 0 0 0 0 0 0 0 0 0 0 0 0 0 0 0 0 0 0 0 0 0 0 0 0 0 0 0 0 0 0 0 0 0 0 0 0 0 0 641330 0 0 0 0 0 0 0 0 0 0 0 0 0 0 0 0 0 0 0 0 0 641290 0 0 0 0 0 0 0 0 0 0 0 0 0 0 0 0 0 0 0 0 0 0 0 0 0 0 0 0 0 0 0 0 641235 641360 641430 0 0 0 0 0 0 0 641374 0 
0 643837 0 643811 643846 0 643809 0 643839 643844 0 643794 0 643786 0 0 0 643829 643830 0 0 0 0 0 0 0 0 0 0 643735 0 0 0 0 643802 643807 0 0 0 0 0 0 643773 0 643733 0 0 0 0 0 643785 643785 0 0 0 0 0 643729 0 643723 643701 643685 0 0 0 0 0 0 643773 643789 0 0 0 643748 643736 643742 0 0 0 0 0 0 643687 643681 0 0 0 0 643773 643770 0 0 0 0 0 0 0 0 0 0 0 0 0 0 0 643764 0 643748 0 643699 0 0 0 0 0 643649 643649 643687 643691 643742 643727 0 643733 0 643729 0 643670 0 
645102 645124 645140 645060 645049 645136 645127 645017 645035 645121 645097 645109 645119 645010 645006 645014 645037 645015 645065 645079 645073 645089 645077 645024 645002 645000 644990 644994 644980 644968 644995 645009 644973 645056 645044 645058 645045 645051 645067 645049 644970 644958 644984 644960 644948 644947 644959 644987 644993 644939 644927 645014 645001 645025 645027 644956 644936 644914 644958 644944 644934 644900 644941 644935 644941 644935 644933 644931 644903 645018 644981 644975 644981 645017 644993 645005 644999 644896 644930 644924 644892 644914 644896 644861 644901 644883 644899 644956 644986 644980 644951 644951 644979 644985 644957 644953 644974 644934 644889 644849 644869 644865 644889 644889 644930 644955 644932 644936 644942 644919 644911 644917 644929 644901 644907 644829 644815 644841 644821 644841 644811 644904 644906 644890 644898 644884 644901 644897 
0 643075 0 643043 643028 0 643097 0 643021 643062 0 643060 0 643040 0 0 0 643011 643036 0 0 0 0 0 0 0 0 0 0 642997 0 0 0 0 643018 643025 0 0 0 0 0 0 643027 0 642978 0 0 0 0 0 642967 643003 0 0 0 0 0 642979 0 643007 642980 642954 0 0 0 0 0 0 642955 643005 0 0 0 643036 643011 643005 0 0 0 0 0 0 642983 642934 0 0 0 0 642989 642986 0 0 0 0 0 0 0 0 0 0 0 0 0 0 0 642980 0 642964 0 642987 0 0 0 0 0 642918 642911 642924 642914 642924 642909 0 642949 0 642945 0 642956 0 
644905 644887 644871 644873 644977 644861 644831 644987 644993 644901 644819 644801 644815 644823 644849 644827 644975 644953 644963 644771 644765 644781 644769 644833 644809 644813 644803 644807 644823 644781 644933 644947 644981 644919 644861 644827 644737 644743 644759 644747 644753 644771 644797 644773 644791 644837 644849 644971 644977 644947 644999 644783 644723 644717 644719 644719 644737 644727 644771 644757 644747 644743 644831 644825 644879 644873 644941 644963 644999 644881 644673 644667 644673 644709 644685 644697 644695 644683 644737 644737 644705 644727 644709 644751 644909 644915 644955 644915 644849 644797 644673 644643 644671 644677 644649 644645 644669 644645 644873 644857 644901 644921 644969 644993 644913 644951 644891 644823 644759 644611 644603 644609 644621 644593 644599 644719 644753 644825 644853 644945 644999 644887 644865 644825 644785 644701 644593 644589 
0 641983 0 641958 642012 0 641958 0 642016 641993 0 641943 0 641933 0 0 0 641995 642010 0 0 0 0 0 0 0 0 0 0 641912 0 0 0 0 641970 641956 0 0 0 0 0 0 641920 0 641917 0 0 0 0 0 642011 641934 0 0 0 0 0 641885 0 641900 641895 641893 0 0 0 0 0 0 642011 641969 0 0 0 641897 641885 641891 0 0 0 0 0 0 641876 641897 0 0 0 0 641953 641938 0 0 0 0 0 0 0 0 0 0 0 0 0 0 0 642004 0 641940 0 641848 0 0 0 0 0 641881 641895 641920 641934 641980 642013 0 641961 0 641921 0 641839 0 
0 0 0 642241 0 0 0 0 0 642419 0 0 0 642178 0 0 0 0 0 0 0 0 0 0 0 0 0 0 0 642103 0 0 0 0 0 642398 0 0 0 0 0 0 0 0 642106 0 0 0 0 0 0 0 0 0 0 0 0 642070 0 0 0 642034 0 0 0 0 0 0 0 642386 0 0 0 0 0 0 0 0 0 0 0 0 0 642034 0 0 0 0 642370 642367 0 0 0 0 0 0 0 0 0 0 0 0 0 0 0 642343 0 642345 0 0 0 0 0 0 0 0 641997 642060 642078 0 0 0 642330 0 642326 0 642257 0 
0 642890 0 642826 642868 0 642898 0 642866 642936 642972 642960 0 642776 642790 0 0 642834 642896 0 0 0 0 0 0 0 0 0 0 642734 642814 0 0 0 642960 642972 0 0 0 0 0 0 642750 0 642728 0 0 0 0 0 642806 642972 0 0 0 0 0 642680 0 642710 642686 642656 0 0 0 0 0 0 642794 642948 0 0 0 642912 642864 642838 0 0 0 0 0 0 642653 642632 0 0 0 0 642948 642960 0 0 0 0 0 0 642772 0 0 0 642724 0 0 642780 0 642848 0 642936 0 642936 0 0 642792 0 0 642584 642587 642650 642668 642732 642702 0 642900 0 642936 0 642946 0 
0 641688 0 641656 641677 0 641704 0 641682 641705 0 641726 0 641643 0 0 0 641660 641697 0 0 0 0 0 0 0 0 0 0 641610 0 0 0 0 641726 641726 0 0 0 0 0 0 641630 0 641603 0 0 0 0 0 641676 641726 0 0 0 0 0 641595 0 641610 641593 641579 0 0 0 0 0 0 641676 641726 0 0 0 641714 641690 641675 0 0 0 0 0 0 641586 641571 0 0 0 0 641726 641726 0 0 0 0 0 0 0 0 0 0 0 0 0 0 0 641703 0 641726 0 641726 0 0 0 0 0 641555 641560 641585 641599 641645 641678 0 641726 0 641726 0 641726 0 
643412 643423 643431 643391 643376 643424 643427 643360 643369 643416 643403 643418 643425 643366 643355 643368 643370 643359 643384 643403 643400 643408 643402 643363 643340 643361 643356 643358 643342 643345 643349 643356 643338 643382 643376 643383 643386 643389 643387 643369 643300 643318 643353 643341 643326 643325 643331 643345 643348 643321 643315 643361 643355 643376 643367 643281 643271 643296 643330 643333 643328 643302 643322 643319 643322 643319 643318 643317 643303 643363 643354 643351 643354 643372 643338 643332 643319 643227 643268 643265 643285 643308 643309 643282 643302 643293 643301 643332 643347 643344 643330 643339 643353 643346 643308 643294 643294 643246 643296 643276 643286 643284 643296 643296 643319 643330 643320 643322 643325 643323 643285 643288 643270 643244 643247 643266 643259 643272 643262 643272 643257 643306 643307 643299 643303 643296 643314 643312 
0 0 0 634529 0 0 0 0 0 0 0 0 0 634519 0 0 0 0 0 0 0 0 0 0 0 0 0 0 0 0 0 0 0 0 0 0 0 0 0 0 0 0 0 0 0 0 0 0 0 0 0 0 0 0 0 0 0 0 0 0 0 634347 0 0 0 0 0 0 0 0 0 0 0 0 0 0 0 0 0 0 0 0 0 634303 0 0 0 0 0 0 0 0 0 0 0 0 0 0 0 0 0 0 0 0 0 0 0 0 0 0 0 0 0 0 0 0 634247 634335 634367 0 0 0 0 0 0 0 634286 0 
0 644602 0 644666 644624 0 644546 0 644590 644590 644532 644516 0 644668 644736 0 0 644658 644560 0 0 0 0 0 0 0 0 0 0 644688 644678 0 0 0 644504 644516 0 0 0 0 0 0 644646 0 644689 0 0 0 0 0 644485 644472 0 0 0 0 0 644620 0 644664 644637 644617 0 0 0 0 0 0 644449 644478 0 0 0 644424 644400 644412 0 0 0 0 0 0 644604 644593 0 0 0 0 644446 644440 0 0 0 0 0 0 644384 0 0 0 644643 0 0 644463 0 644395 0 644396 0 644326 0 0 644336 0 0 644545 644538 644589 644583 644511 644301 0 644345 0 644358 0 644308 0 
644239 644228 644220 644260 644239 644203 644212 644231 644234 644211 644168 644174 644204 644265 644254 644255 644245 644256 644219 644144 644138 644187 644178 644218 644205 644254 644255 644242 644234 644216 644266 644259 644253 644197 644162 644152 644146 644152 644176 644170 644173 644227 644252 644232 644202 644224 644236 644258 644255 644268 644240 644108 644072 644114 644140 644156 644166 644217 644239 644216 644182 644154 644218 644212 644242 644236 644265 644262 644240 644160 644046 644064 644070 644118 644118 644142 644144 644115 644169 644172 644200 644210 644180 644138 644249 644252 644266 644194 644128 644098 644022 644040 644080 644098 644094 644102 644131 644096 644214 644198 644242 644255 644259 644247 644192 644213 644170 644102 644060 644008 644048 644054 644090 644063 644069 644106 644116 644166 644194 644267 644238 644166 644144 644104 644064 644002 643966 643986 
645119 645110 645102 645098 645155 645097 645082 645173 645164 645117 645076 645067 645074 645073 645086 645075 645149 645138 645149 645052 645049 645057 645051 645080 645069 645068 645063 645065 645073 645052 645128 645135 645165 645127 645097 645080 645035 645038 645046 645040 645043 645047 645060 645048 645057 645080 645086 645148 645151 645148 645142 645058 645028 645025 645026 645026 645036 645025 645047 645040 645035 645033 645077 645074 645101 645098 645145 645144 645130 645108 645003 645000 645003 645021 645009 645015 645014 645008 645033 645030 645014 645025 645016 645037 645129 645120 645128 645101 645092 645065 645003 644988 645002 645005 644991 644989 645001 644989 645099 645103 645113 645111 645123 645123 645088 645107 645089 645091 645046 644972 644968 644971 644977 644963 644966 645021 645038 645075 645089 645099 645084 645075 645076 645068 645072 645017 644963 644961 
0 643748 0 643748 643771 0 643720 0 643754 643755 0 643705 0 643723 0 0 0 643764 643739 0 0 0 0 0 0 0 0 0 0 643692 0 0 0 0 643711 643718 0 0 0 0 0 0 643710 0 643690 0 0 0 0 0 643712 643696 0 0 0 0 0 643675 0 643680 643658 643642 0 0 0 0 0 0 643700 643698 0 0 0 643659 643647 643653 0 0 0 0 0 0 643644 643638 0 0 0 0 643682 643679 0 0 0 0 0 0 0 0 0 0 0 0 0 0 0 643673 0 643657 0 643595 0 0 0 0 0 643606 643604 643642 643646 643677 643650 0 643642 0 643638 0 643565 0 
0 643869 0 643831 643894 0 643873 0 643889 643908 0 643858 0 643793 0 0 0 643875 643904 0 0 0 0 0 0 0 0 0 0 643739 0 0 0 0 643888 643871 0 0 0 0 0 0 643779 0 643737 0 0 0 0 0 643835 643849 0 0 0 0 0 643733 0 643727 643705 643689 0 0 0 0 0 0 643823 643877 0 0 0 643812 643800 643806 0 0 0 0 0 0 643691 643685 0 0 0 0 643861 643856 0 0 0 0 0 0 0 0 0 0 0 0 0 0 0 643850 0 643836 0 643763 0 0 0 0 0 643653 643675 643715 643719 643775 643777 0 643821 0 643817 0 643754 0 
642849 642860 642868 642828 642815 642875 642852 642799 642808 642855 642896 642903 642860 642791 642794 642805 642809 642798 642823 642902 642899 642841 642847 642774 642751 642774 642781 642795 642781 642782 642788 642795 642777 642845 642875 642884 642861 642860 642816 642786 642711 642729 642766 642766 642765 642764 642770 642784 642787 642760 642754 642862 642856 642863 642836 642692 642682 642707 642741 642758 642765 642741 642761 642758 642761 642758 642757 642756 642742 642864 642853 642838 642841 642847 642811 642775 642740 642638 642679 642676 642696 642719 642722 642721 642741 642732 642740 642799 642848 642845 642831 642826 642828 642819 642781 642765 642717 642657 642735 642715 642725 642723 642735 642735 642788 642769 642811 642823 642826 642810 642758 642761 642741 642717 642716 642705 642698 642711 642701 642711 642696 642801 642808 642800 642804 642797 642813 642799 
643414 643425 643433 643373 643391 643450 643417 643375 643384 643431 643471 643468 643425 643323 643325 643327 643380 643358 643399 643469 643466 643406 643412 643337 643315 643313 643303 643307 643299 643281 643338 643352 643340 643421 643451 643462 643428 643425 643381 643351 643276 643271 643297 643273 643267 643278 643290 643342 643348 643306 643330 643440 643433 643430 643401 643257 643247 643227 643271 643257 643247 643219 643272 643266 643284 643278 643300 643310 643318 643440 643420 643405 643408 643414 643378 643340 643305 643203 643243 643237 643205 643227 643209 643192 643268 643262 643290 643375 643426 643423 643408 643393 643395 643386 643348 643330 643282 643222 643244 643216 643248 643256 643292 643304 643364 643345 643387 643401 643404 643377 643325 643328 643306 643284 643281 643160 643158 643196 643200 643256 643272 643377 643386 643378 643382 643375 643380 643366 
644968 644990 645006 644926 644896 645010 645046 644864 644882 644976 644989 645016 645058 644924 644854 644880 644884 644862 644912 645001 644998 645067 645061 644987 644977 644951 644904 644860 644828 644834 644842 644856 644820 644932 644938 644957 645045 645048 645056 645047 644947 644933 644935 644874 644796 644794 644806 644834 644840 644786 644774 644935 644941 645010 645036 644933 644913 644889 644921 644858 644800 644748 644788 644782 644788 644782 644780 644778 644750 644913 644939 644981 644987 645031 645019 645015 645001 644873 644907 644901 644867 644877 644847 644708 644748 644730 644746 644834 644897 644906 644891 644957 645012 645015 644991 644977 644977 644911 644736 644696 644716 644712 644736 644736 644809 644804 644822 644860 644881 644925 644968 644971 644953 644927 644930 644676 644662 644688 644668 644688 644658 644796 644809 644813 644837 644823 644859 644903 
645042 645064 645080 645000 644970 645084 645120 644938 644956 645050 645073 645103 645131 644998 644928 644954 644958 644936 644986 645073 645067 645146 645149 645046 645024 645022 644978 644934 644902 644908 644916 644930 644894 645018 645019 645033 645121 645127 645121 645091 644992 644980 645006 644948 644870 644868 644880 644908 644914 644860 644848 644989 644977 645067 645103 644978 644958 644936 644980 644932 644874 644822 644862 644856 644862 644856 644854 644852 644824 644993 644975 645017 645023 645093 645069 645077 645045 644918 644952 644946 644914 644936 644918 644782 644822 644804 644820 644923 644961 644955 644927 644993 645055 645061 645033 645029 645022 644956 644810 644770 644790 644786 644810 644810 644899 644878 644907 644911 644917 644961 644987 644993 645005 644977 644983 644750 644736 644762 644742 644762 644732 644879 644881 644865 644873 644859 644895 644939 
645096 645084 645068 645059 645024 645010 645076 644970 645000 645002 644968 644998 645060 645057 644987 645013 645017 644995 644970 644968 644962 645074 645062 645164 645144 645095 645037 644993 644961 644967 644975 644989 644953 644926 644914 644928 645030 645036 645099 645090 645096 645103 645079 645007 644929 644927 644939 644967 644973 644919 644903 644884 644872 644962 645059 645062 645074 645059 645100 644991 644933 644881 644921 644915 644921 644915 644913 644911 644879 644888 644870 644912 644918 645002 645028 645040 645038 645026 645072 645069 645037 645056 644991 644841 644881 644863 644879 644826 644856 644850 644822 644888 644964 645017 644992 644988 645012 644988 644869 644829 644849 644845 644869 644869 644800 644838 644802 644806 644812 644856 644946 644952 644964 644936 644942 644809 644795 644821 644801 644821 644784 644774 644776 644760 644768 644754 644790 644834 
645056 645034 645018 645056 644984 644960 645026 644920 644950 644952 644918 644948 645010 645068 644998 645024 644984 644984 644920 644918 644912 645024 645012 645128 645148 645104 645048 645004 644972 644978 644984 644984 644936 644876 644864 644878 644980 644986 645050 645082 645092 645148 645090 645018 644940 644938 644950 644960 644960 644930 644864 644834 644822 644912 645010 645058 645078 645112 645112 645002 644944 644892 644932 644926 644932 644926 644924 644912 644840 644838 644820 644862 644868 644952 645020 645036 645034 645022 645080 645080 645090 645068 645002 644852 644892 644874 644888 644776 644806 644800 644772 644838 644914 644968 644988 644984 645008 644984 644880 644840 644860 644856 644864 644840 644750 644788 644752 644756 644762 644806 644942 644948 644960 644932 644938 644820 644806 644832 644812 644832 644742 644724 644726 644710 644718 644704 644740 644784 
0 643671 643655 643735 643621 0 643658 0 643587 643589 643555 643585 0 643774 643717 0 0 643655 643557 0 0 0 0 0 0 643754 0 0 0 643697 643675 0 0 0 643501 643515 0 0 0 0 0 0 643762 0 643659 0 0 0 0 0 643503 643471 0 0 0 0 0 643718 0 643716 643659 643593 0 0 0 0 0 0 643479 643475 0 0 0 643548 643544 643544 0 0 0 0 0 0 643680 643545 0 0 0 0 643443 643437 0 0 0 0 0 0 643492 0 0 0 643579 0 0 643493 0 643425 0 643393 0 643438 0 0 643444 0 0 643497 643488 643539 643531 643539 643379 0 643363 0 643355 0 643377 0 
643524 643513 643505 643545 643490 643478 643485 643458 643473 643474 643457 643470 643477 643546 643559 643568 643496 643507 643458 643455 643452 643460 643454 643491 643478 643527 643556 643574 643560 643561 643517 643510 643480 643436 643430 643437 643438 643441 643449 643443 643435 643500 643535 643557 643544 643543 643549 643497 643494 643497 643431 643415 643409 643428 643429 643406 643416 643522 643524 643549 643544 643520 643540 643537 643540 643537 643500 643477 643419 643417 643406 643403 643406 643424 643412 643418 643406 643364 643419 643422 643523 643534 643525 643500 643516 643501 643469 643386 643401 643398 643384 643391 643405 643408 643394 643381 643381 643345 643514 643494 643504 643486 643450 643426 643373 643392 643374 643376 643379 643375 643371 643374 643357 643331 643334 643484 643477 643490 643480 643450 643369 643360 643361 643353 643357 643350 643366 643364 
643432 643421 643413 643453 643396 643384 643401 643364 643379 643380 643363 643378 643393 643462 643465 643476 643402 643413 643364 643363 643360 643376 643370 643407 643394 643443 643472 643486 643478 643494 643423 643416 643386 643342 643336 643343 643354 643357 643365 643359 643362 643416 643451 643487 643478 643470 643465 643403 643400 643403 643337 643321 643315 643344 643345 643345 643355 643438 643440 643490 643470 643430 643470 643470 643450 643453 643406 643383 643325 643323 643314 643319 643322 643340 643328 643334 643333 643327 643358 643361 643449 643462 643464 643402 643422 643407 643375 643292 643307 643304 643290 643307 643321 643324 643310 643308 643320 643308 643446 643426 643414 643392 643356 643332 643279 643298 643280 643282 643285 643291 643287 643290 643296 643282 643285 643370 643368 643406 643410 643356 643275 643266 643267 643259 643263 643256 643274 643280 
642748 642737 642729 642769 642760 642724 642709 642728 642743 642744 642703 642694 642701 642770 642791 642780 642766 642777 642728 642679 642676 642684 642678 642715 642702 642751 642768 642770 642778 642757 642787 642780 642750 642706 642700 642707 642662 642665 642673 642667 642670 642724 642759 642753 642762 642785 642791 642767 642764 642767 642701 642685 642655 642652 642653 642643 642653 642730 642748 642745 642740 642738 642782 642779 642782 642779 642770 642747 642689 642687 642630 642627 642630 642648 642636 642642 642641 642601 642656 642659 642719 642730 642721 642742 642762 642753 642739 642656 642671 642668 642630 642615 642629 642632 642618 642616 642618 642582 642756 642736 642746 642744 642720 642696 642643 642662 642644 642646 642649 642599 642595 642598 642594 642568 642571 642726 642719 642732 642722 642720 642639 642630 642631 642623 642627 642620 642590 642588 
0 0 0 642508 0 0 0 0 0 0 0 0 0 642496 0 0 0 0 0 0 0 0 0 0 0 0 0 0 0 642496 0 0 0 0 0 642437 0 0 0 0 0 0 0 0 642501 0 0 0 0 0 0 0 0 0 0 0 0 642460 0 0 0 642477 0 0 0 0 0 0 0 642441 0 0 0 0 0 0 0 0 0 0 0 0 0 642469 0 0 0 0 642425 642410 0 0 0 0 0 0 0 0 0 0 0 0 0 0 0 642476 0 642412 0 0 0 0 0 0 0 0 642458 642483 642497 0 0 0 642433 0 642393 0 642332 0 
0 643209 0 643269 643279 0 643141 0 643245 643243 643153 643123 0 643233 643283 0 0 643313 643215 0 0 0 0 0 0 0 0 0 0 643193 643317 0 0 0 643159 643169 0 0 0 0 0 0 643195 0 643208 0 0 0 0 0 643137 643125 0 0 0 0 0 643101 0 643157 643142 643136 0 0 0 0 0 0 643101 643133 0 0 0 643007 642959 642959 0 0 0 0 0 0 643085 643144 0 0 0 0 643101 643095 0 0 0 0 0 0 642907 0 0 0 643205 0 0 643115 0 643047 0 643051 0 642921 0 0 642859 0 0 643096 643091 643142 643136 643137 642953 0 642997 0 643013 0 642915 0 
644735 644713 644697 644771 644781 644687 644657 644765 644771 644725 644645 644627 644641 644733 644759 644737 644793 644815 644741 644597 644591 644607 644595 644669 644643 644723 644713 644717 644733 644691 644817 644817 644809 644697 644661 644651 644563 644569 644585 644573 644579 644675 644707 644683 644701 644745 644757 644817 644813 644809 644783 644607 644549 644543 644545 644545 644565 644637 644681 644667 644657 644653 644739 644733 644763 644757 644803 644817 644783 644659 644499 644493 644499 644535 644511 644523 644521 644509 644571 644577 644615 644637 644619 644659 644771 644777 644817 644693 644627 644597 644499 644469 644497 644503 644475 644471 644495 644471 644735 644719 644763 644783 644817 644797 644691 644729 644669 644601 644559 644437 644429 644435 644447 644419 644425 644627 644637 644687 644715 644807 644779 644665 644643 644603 644563 644501 644419 644415 
643939 643928 643920 643960 644011 643927 643888 644027 644030 643959 643906 643885 643880 643939 643976 643953 644017 644028 644015 643870 643867 643851 643845 643870 643845 643918 643929 643943 643963 643930 644038 644031 644049 643993 643951 643922 643829 643832 643828 643810 643789 643867 643914 643914 643947 643982 643988 644054 644051 644062 644007 643900 643858 643831 643808 643760 643770 643855 643889 643906 643913 643923 643979 643976 644015 644012 644059 644053 643995 643974 643821 643806 643809 643815 643779 643773 643760 643718 643773 643776 643844 643867 643870 643939 644043 644041 644045 643962 643958 643919 643833 643794 643796 643787 643749 643735 643735 643699 644025 644017 644034 644032 644026 644002 643949 643968 643950 643945 643900 643778 643726 643729 643711 643685 643688 643923 643952 644001 644010 644020 643945 643936 643937 643929 643926 643871 643781 643767 
0 643783 643791 643751 643808 0 643787 0 643813 643824 643810 643801 0 643726 643731 0 0 643791 643828 0 0 0 0 0 0 643721 0 0 0 643675 643781 0 0 643840 643831 643814 0 0 643768 0 0 0 643713 0 643673 0 0 0 0 0 643794 643792 643762 0 0 0 0 643669 0 643663 643641 643625 0 0 0 0 0 0 643771 643830 643737 0 0 643755 643743 643744 0 643669 0 0 0 643657 643627 643621 0 0 0 643827 643814 643799 643737 643722 0 0 0 0 643720 643688 0 0 643737 0 0 643764 643804 643798 643822 643801 0 643706 0 0 643711 0 0 643589 643611 643661 643689 643740 643677 643797 643809 643801 643782 643751 643697 0 
0 641321 0 641289 641334 0 641325 0 641339 641362 0 641347 0 641264 0 0 0 641317 641354 0 0 0 0 0 0 0 0 0 0 641243 0 0 0 0 641371 641371 0 0 0 0 0 0 641251 0 641248 0 0 0 0 0 641333 641371 0 0 0 0 0 641216 0 641231 641226 641224 0 0 0 0 0 0 641333 641371 0 0 0 641323 641299 641287 0 0 0 0 0 0 641207 641228 0 0 0 0 641371 641371 0 0 0 0 0 0 0 0 0 0 0 0 0 0 0 641360 0 641371 0 641335 0 0 0 0 0 641212 641217 641242 641256 641302 641335 0 641371 0 641371 0 641347 0 
0 0 0 644764 0 0 0 0 0 0 0 0 0 644664 0 0 0 0 0 0 0 0 0 0 0 0 0 0 0 0 0 0 0 0 0 645128 0 0 0 0 0 0 0 0 0 0 0 0 0 0 0 0 0 0 0 0 0 0 0 0 0 644504 0 0 0 0 0 0 0 0 0 0 0 0 0 0 0 0 0 0 0 0 0 644472 0 0 0 0 645012 645000 0 0 0 0 0 0 0 0 0 0 0 0 0 0 0 644676 0 644912 0 0 0 0 0 0 0 0 644392 644444 644404 0 0 0 644852 0 644836 0 644724 0 
644038 644049 644057 644005 644002 644062 644077 643986 643995 644042 644083 644092 644085 643991 643945 643959 643996 643977 644010 644103 644100 644092 644098 644036 644013 644007 643971 643939 643919 643913 643957 643971 643959 644032 644062 644079 644114 644111 644078 644048 643973 643976 643991 643941 643887 643897 643909 643961 643967 643925 643941 644061 644055 644100 644098 643954 643944 643932 643976 643925 643879 643839 643891 643885 643903 643897 643919 643929 643929 644051 644054 644075 644078 644110 644079 644037 644002 643900 643941 643938 643910 643932 643903 643811 643887 643881 643909 643986 644047 644044 644030 644063 644091 644093 644055 644027 643979 643919 643863 643835 643867 643875 643911 643922 643975 643956 643998 644022 644025 644047 644032 644035 644003 643981 643978 643779 643777 643815 643819 643875 643883 643988 644007 643999 644003 643996 644014 644036 
643687 643709 643725 643645 643651 643747 643751 643643 643649 643719 643757 643772 643767 643629 643585 643599 643639 643617 643679 643757 643754 643776 643782 643677 643655 643643 643609 643579 643559 643553 643597 643611 643599 643720 643730 643737 643774 643777 643761 643725 643623 643611 643627 643579 643527 643537 643549 643601 643607 643565 643589 643715 643709 643752 643763 643609 643589 643567 643611 643563 643519 643479 643531 643525 643543 643537 643559 643569 643577 643717 643708 643727 643730 643760 643734 643720 643681 643549 643583 643577 643545 643567 643539 643451 643527 643521 643549 643674 643701 643698 643684 643715 643741 643742 643704 643690 643659 643587 643503 643475 643507 643515 643551 643563 643663 643631 643674 643676 643679 643699 643681 643684 643666 643640 643643 643419 643417 643455 643459 643515 643533 643660 643661 643653 643657 643650 643668 643688 
0 644900 644916 644836 644770 0 644968 0 644744 644862 644864 644909 0 644846 644752 0 0 644736 644774 0 0 0 0 0 0 644873 0 0 0 644726 644716 0 0 644789 644783 644804 0 0 644997 0 0 0 644857 0 644669 0 0 0 0 0 644588 644738 644720 0 0 0 0 644847 0 644762 644675 644597 0 0 0 0 0 0 644552 644744 644717 0 0 644892 644940 644976 0 644817 0 0 0 644814 644739 644537 0 0 0 644643 644696 644687 644645 644744 0 0 0 0 644937 644855 0 0 644549 0 0 644538 644605 644606 644615 644621 0 644696 0 0 644892 0 0 644489 644468 644507 644477 644490 644412 644573 644576 644552 644564 644543 644597 0 
644968 644988 644996 644926 644910 645001 645016 644878 644896 644971 644982 645000 645024 644912 644866 644880 644898 644876 644915 644970 644964 645041 645037 644998 645012 644938 644892 644860 644840 644834 644856 644870 644834 644935 644930 644944 645008 645014 645052 645058 644993 644968 644922 644862 644808 644808 644820 644848 644854 644800 644788 644900 644886 644952 645026 644977 644959 644924 644932 644846 644800 644760 644802 644796 644802 644796 644794 644792 644764 644904 644872 644902 644908 644980 645028 645050 645025 644919 644953 644947 644902 644888 644834 644722 644762 644744 644760 644837 644872 644866 644836 644878 644942 644984 645005 645001 645002 644942 644750 644710 644730 644726 644750 644750 644812 644801 644818 644822 644828 644846 644959 644965 644977 644949 644955 644690 644676 644702 644682 644702 644672 644790 644792 644776 644784 644770 644792 644824 
644921 644926 644918 644900 644850 644878 644922 644810 644831 644862 644857 644883 644914 644899 644853 644877 644844 644833 644822 644856 644850 644921 644915 644954 644967 644918 644889 644861 644830 644835 644823 644830 644788 644800 644803 644817 644894 644900 644934 644952 644999 644945 644910 644863 644798 644796 644808 644807 644810 644771 644729 644773 644761 644838 644912 644975 644971 644923 644921 644847 644801 644750 644790 644784 644790 644784 644768 644755 644705 644777 644758 644788 644794 644866 644914 644951 644974 644927 644968 644965 644903 644889 644835 644710 644750 644731 644727 644702 644745 644739 644711 644764 644828 644870 644914 644946 644950 644914 644738 644698 644718 644710 644710 644698 644677 644696 644690 644695 644701 644732 644868 644874 644923 644895 644901 644678 644664 644690 644670 644674 644611 644663 644665 644649 644657 644643 644678 644710 
643409 643398 643390 643430 643373 643361 643394 643341 643356 643357 643340 643355 643386 643421 643375 643389 643379 643390 643341 643340 643337 643393 643387 643448 643457 643447 643401 643369 643349 643343 643387 643393 643363 643319 643313 643320 643371 643374 643406 643422 643425 643475 643431 643371 643317 643327 643339 643380 643377 643355 643314 643298 643292 643337 643386 643408 643418 643431 643441 643355 643309 643269 643321 643315 643333 643327 643349 643358 643302 643300 643291 643312 643315 643357 643391 643397 643396 643390 643421 643424 643409 643397 643343 643241 643317 643311 643339 643269 643284 643281 643267 643300 643338 643365 643373 643371 643383 643371 643293 643265 643297 643305 643333 643309 643256 643275 643257 643259 643262 643284 643350 643353 643359 643345 643348 643209 643207 643245 643249 643305 643252 643243 643244 643236 643240 643233 643251 643273 
0 643546 0 643546 643510 0 643558 0 643498 643522 0 643546 0 643558 0 0 0 643510 643498 0 0 0 0 0 0 0 0 0 0 643502 0 0 0 0 643510 643522 0 0 0 0 0 0 643568 0 643476 0 0 0 0 0 643450 643522 0 0 0 0 0 643542 0 643514 643468 643428 0 0 0 0 0 0 643438 643498 0 0 0 643568 643544 643532 0 0 0 0 0 0 643500 643400 0 0 0 0 643498 643510 0 0 0 0 0 0 0 0 0 0 0 0 0 0 0 643438 0 643486 0 643558 0 0 0 0 0 643368 643366 643404 643408 643438 643390 0 643450 0 643486 0 643534 0 
644101 644090 644082 644122 644065 644053 644082 644033 644048 644049 644032 644047 644074 644143 644134 644145 644071 644082 644033 644032 644029 644057 644051 644088 644075 644124 644153 644155 644145 644148 644092 644085 644055 644011 644005 644012 644035 644038 644046 644040 644043 644097 644132 644164 644129 644128 644134 644072 644069 644072 644006 643990 643984 644025 644026 644026 644036 644119 644121 644156 644131 644105 644125 644122 644119 644122 644075 644052 643994 643992 643983 644000 644003 644021 644009 644015 644014 644008 644039 644042 644130 644141 644132 644085 644091 644076 644044 643961 643976 643973 643959 643988 644002 644005 643991 643989 644001 643989 644099 644079 644083 644061 644025 644001 643948 643967 643949 643951 643954 643972 643968 643971 643977 643963 643966 644066 644062 644075 644065 644025 643944 643935 643936 643928 643932 643925 643943 643961 
0 0 0 642396 0 0 0 0 0 0 0 0 0 642397 0 0 0 0 0 0 0 0 0 0 0 0 0 0 0 642440 0 0 0 0 0 642319 0 0 0 0 0 0 0 0 642449 0 0 0 0 0 0 0 0 0 0 0 0 642373 0 0 0 642449 0 0 0 0 0 0 0 642323 0 0 0 0 0 0 0 0 0 0 0 0 0 642449 0 0 0 0 642307 642292 0 0 0 0 0 0 0 0 0 0 0 0 0 0 0 642358 0 642294 0 0 0 0 0 0 0 0 642449 642449 642449 0 0 0 642315 0 642275 0 642217 0 
642902 642891 642883 642923 642867 642855 642851 642835 642850 642851 642834 642848 642843 642912 642936 642946 642873 642884 642835 642833 642830 642814 642808 642833 642808 642881 642922 642956 642949 642969 642894 642887 642857 642813 642807 642814 642792 642795 642791 642773 642752 642830 642889 642937 642965 642942 642936 642874 642871 642874 642808 642792 642786 642794 642771 642723 642733 642852 642866 642945 642966 642941 642945 642948 642921 642924 642877 642854 642796 642794 642784 642769 642772 642778 642742 642736 642723 642681 642736 642739 642863 642888 642923 642921 642893 642878 642846 642763 642778 642775 642761 642757 642759 642750 642712 642698 642698 642662 642923 642915 642885 642863 642827 642803 642750 642769 642751 642753 642756 642741 642689 642692 642674 642648 642651 642905 642898 642911 642901 642827 642746 642737 642738 642730 642734 642727 642744 642730 
645111 645100 645092 645132 645135 645087 645072 645103 645118 645107 645066 645057 645064 645133 645156 645145 645141 645152 645103 645042 645039 645047 645041 645078 645065 645114 645133 645135 645143 645122 645162 645155 645125 645081 645075 645070 645025 645028 645036 645030 645033 645087 645122 645118 645127 645150 645156 645142 645139 645142 645076 645048 645018 645015 645016 645016 645026 645095 645111 645110 645105 645103 645147 645144 645159 645156 645145 645122 645064 645062 644993 644990 644993 645011 644999 645005 645004 644998 645029 645032 645084 645095 645086 645107 645139 645130 645114 645031 645046 645043 644993 644978 644992 644995 644981 644979 644991 644979 645133 645113 645123 645121 645095 645071 645018 645037 645019 645021 645024 644962 644958 644961 644967 644953 644956 645091 645096 645109 645099 645095 645014 645005 645006 644998 645002 644995 644953 644951 
643309 643298 643290 643288 643379 643297 643258 643395 643386 643329 643276 643255 643250 643251 643288 643265 643373 643362 643371 643240 643237 643221 643215 643234 643211 643234 643241 643255 643275 643242 643352 643359 643389 643349 643319 643292 643199 643202 643198 643180 643159 643189 643226 643226 643259 643294 643300 643372 643375 643372 643376 643270 643228 643201 643178 643130 643140 643167 643201 643218 643225 643235 643291 643288 643325 643322 643369 643378 643364 643330 643191 643176 643179 643185 643149 643143 643130 643088 643139 643136 643156 643179 643182 643251 643353 643354 643362 643333 643314 643287 643203 643164 643166 643157 643119 643105 643105 643069 643323 643327 643347 643345 643357 643357 643320 643339 643321 643313 643268 643148 643096 643099 643081 643055 643058 643235 643262 643299 643323 643333 643316 643307 643308 643300 643294 643239 643151 643137 
643477 643466 643458 643498 643513 643453 643436 643495 643510 643473 643432 643423 643428 643489 643504 643493 643519 643530 643495 643408 643405 643399 643393 643418 643393 643466 643479 643483 643491 643470 643540 643533 643517 643473 643453 643436 643377 643380 643376 643358 643337 643415 643464 643464 643475 643498 643504 643534 643531 643532 643468 643414 643384 643379 643356 643308 643318 643405 643439 643456 643453 643451 643495 643492 643519 643516 643529 643514 643456 643454 643359 643354 643357 643363 643327 643321 643308 643266 643321 643324 643394 643417 643420 643455 643513 643504 643506 643423 643438 643421 643359 643342 643344 643335 643297 643283 643283 643247 643507 643487 643497 643495 643487 643463 643410 643429 643411 643413 643402 643326 643274 643277 643259 643233 643236 643439 643456 643483 643473 643483 643406 643397 643398 643390 643394 643373 643319 643315 
643920 643909 643901 643941 643992 643908 643869 643989 643999 643940 643887 643866 643861 643930 643989 643964 643998 644009 643984 643851 643848 643832 643826 643851 643826 643899 643940 643958 643978 643945 644019 644012 644011 643962 643932 643903 643810 643813 643809 643791 643770 643848 643907 643929 643962 643997 644003 644023 644020 644028 643962 643881 643839 643812 643789 643741 643751 643870 643884 643921 643928 643938 643994 643991 644030 644027 644031 644008 643950 643943 643802 643787 643790 643796 643760 643754 643741 643699 643754 643757 643859 643882 643885 643954 644039 644030 644000 643917 643927 643900 643814 643775 643777 643768 643730 643716 643716 643680 644028 644013 644023 644017 643981 643957 643904 643923 643905 643907 643881 643759 643707 643710 643692 643666 643669 643932 643966 644004 643999 643981 643900 643891 643892 643884 643888 643852 643762 643748 
0 644602 0 644618 644788 0 644490 0 644818 644630 0 644430 0 644518 0 0 0 644778 644758 0 0 0 0 0 0 0 0 0 0 644434 0 0 0 0 644550 644482 0 0 0 0 0 0 644466 0 644454 0 0 0 0 0 644986 644394 0 0 0 0 0 644326 0 644386 644366 644358 0 0 0 0 0 0 644962 644594 0 0 0 644246 644198 644222 0 0 0 0 0 0 644290 644374 0 0 0 0 644530 644422 0 0 0 0 0 0 0 0 0 0 0 0 0 0 0 644858 0 644526 0 644050 0 0 0 0 0 644310 644378 644526 644678 644890 644862 0 644710 0 644450 0 644014 0 
0 0 0 643696 0 0 0 0 0 644003 0 0 0 643571 0 0 0 0 0 0 0 0 0 0 0 0 0 0 0 643466 0 0 0 0 0 644132 0 0 0 0 0 0 0 0 643481 0 0 0 0 0 0 644154 0 0 0 0 0 643331 0 0 0 643361 0 0 0 0 0 0 0 644102 0 0 0 0 0 0 0 0 0 0 0 0 0 643333 0 0 0 0 644120 644147 0 0 0 0 0 0 0 0 0 0 0 0 0 0 0 643909 0 644121 0 643906 0 0 0 0 0 0 643266 643379 643425 0 0 0 644064 0 644114 0 643861 0 
0 644962 644978 644898 644912 0 644994 0 644898 644992 645054 645048 0 644872 644850 0 0 644878 644928 0 0 0 0 0 0 644862 0 0 0 644806 644858 0 0 644972 645032 645066 0 0 644970 0 0 0 644846 0 644792 0 0 0 0 0 644790 645110 645130 0 0 0 0 644776 0 644806 644772 644744 0 0 0 0 0 0 644766 645010 645116 0 0 645068 644996 644936 0 644758 0 0 0 644776 644758 644724 0 0 0 644880 645042 645096 645092 645110 0 0 0 0 644868 644796 0 0 644732 0 0 644752 644858 644820 644904 645044 0 645078 0 0 644916 0 0 644692 644678 644704 644684 644704 644674 644884 644930 644994 645054 645044 645036 0 
644439 644461 644477 644397 644403 644499 644483 644395 644401 644471 644541 644547 644499 644361 644337 644351 644391 644369 644431 644566 644569 644497 644509 644389 644367 644363 644341 644331 644311 644305 644349 644363 644351 644475 644521 644538 644537 644534 644473 644437 644335 644323 644347 644311 644279 644289 644301 644353 644359 644317 644341 644552 644546 644569 644512 644321 644301 644279 644323 644295 644271 644231 644283 644277 644295 644289 644311 644321 644329 644510 644545 644544 644547 644551 644493 644439 644393 644261 644295 644289 644257 644279 644259 644203 644279 644273 644301 644431 644526 644535 644521 644532 644546 644533 644475 644441 644371 644299 644255 644227 644259 644267 644303 644315 644421 644383 644455 644513 644516 644516 644478 644481 644417 644395 644392 644171 644169 644207 644211 644267 644285 644447 644470 644490 644494 644487 644505 644505 
643968 643979 643987 643937 643932 643992 644007 643916 643925 643972 644013 644022 644015 643923 643877 643891 643926 643909 643940 644025 644022 644032 644038 643997 643986 643949 643903 643871 643851 643845 643889 643903 643891 643962 643992 644005 644054 644051 644039 644021 643969 643951 643933 643873 643819 643829 643841 643893 643899 643857 643871 643983 643977 644022 644059 643950 643940 643907 643939 643857 643811 643771 643823 643817 643835 643829 643851 643861 643859 643981 643976 643997 644000 644042 644050 644022 643998 643896 643937 643934 643885 643895 643845 643743 643819 643813 643841 643916 643969 643966 643952 643985 644023 644046 644032 644023 643975 643915 643795 643767 643799 643807 643843 643852 643905 643886 643928 643944 643947 643969 644009 644012 643999 643977 643974 643711 643709 643747 643751 643807 643813 643918 643929 643921 643925 643918 643936 643958 
644933 644951 644959 644891 644861 644915 644975 644828 644847 644902 644873 644903 644965 644889 644819 644845 644849 644827 644862 644873 644867 644968 644956 644976 644990 644916 644869 644825 644793 644799 644807 644821 644785 644831 644819 644833 644924 644930 644982 645006 645030 644946 644900 644839 644761 644759 644771 644799 644805 644751 644739 644789 644777 644867 644942 645048 645032 644902 644910 644823 644765 644713 644753 644747 644753 644747 644745 644743 644715 644793 644775 644817 644823 644896 644944 644992 645026 645033 645026 645020 644880 644866 644812 644673 644713 644695 644711 644731 644761 644755 644727 644793 644858 644900 644944 644976 645036 645044 644701 644661 644681 644677 644701 644701 644705 644736 644707 644711 644717 644761 644898 644904 644988 644996 645002 644641 644627 644653 644633 644653 644623 644679 644681 644665 644673 644659 644695 644739 
644978 644972 644956 644960 644906 644898 644964 644858 644882 644890 644856 644886 644948 644958 644888 644914 644906 644896 644858 644856 644850 644962 644950 645050 645074 644996 644938 644894 644862 644868 644876 644890 644854 644814 644802 644816 644918 644924 644988 645024 645122 645050 644980 644908 644830 644828 644840 644868 644874 644820 644786 644772 644760 644850 644948 645136 645142 645006 645002 644892 644834 644782 644822 644816 644822 644816 644814 644812 644762 644776 644758 644800 644806 644890 644962 645022 645068 645126 645142 645142 644984 644958 644892 644742 644782 644764 644780 644714 644744 644738 644710 644776 644852 644906 644974 645018 645086 645094 644770 644730 644750 644746 644770 644762 644688 644726 644690 644694 644700 644744 644928 644934 645038 645034 645040 644710 644696 644722 644702 644722 644666 644662 644664 644648 644656 644642 644678 644722 
0 0 0 643415 0 0 0 0 0 0 0 0 0 643455 0 0 0 0 0 0 0 0 0 0 0 0 0 0 0 0 0 0 0 0 0 643113 0 0 0 0 0 0 0 0 0 0 0 0 0 0 0 0 0 0 0 0 0 643523 0 0 0 643262 0 0 0 0 0 0 0 643077 0 0 0 0 0 0 0 0 0 0 0 0 0 643214 0 0 0 0 643029 643008 0 0 0 0 0 0 0 0 0 0 0 0 0 0 0 643062 0 642966 0 0 0 0 0 0 0 0 643157 643208 643202 0 0 0 642957 0 642909 0 642882 0 
644939 644920 644904 644930 644867 644846 644912 644806 644836 644838 644804 644834 644896 644941 644882 644907 644873 644862 644806 644804 644798 644910 644898 644990 644978 644972 644931 644894 644862 644868 644852 644859 644817 644762 644750 644764 644866 644872 644912 644913 644943 644964 644964 644908 644830 644828 644840 644836 644839 644800 644748 644720 644708 644798 644872 644921 644939 644942 644963 644892 644834 644782 644822 644816 644822 644816 644797 644784 644724 644724 644706 644748 644754 644838 644851 644875 644885 644909 644942 644945 644925 644934 644892 644742 644781 644760 644756 644662 644692 644686 644658 644724 644800 644830 644827 644835 644871 644871 644770 644730 644750 644739 644739 644727 644636 644674 644638 644642 644648 644692 644781 644787 644823 644807 644813 644710 644696 644722 644702 644703 644626 644610 644612 644596 644604 644590 644626 644670 
0 643667 0 643699 643642 0 643663 0 643625 643626 0 643624 0 643724 0 0 0 643659 643610 0 0 0 0 0 0 0 0 0 0 643733 0 0 0 0 643582 643589 0 0 0 0 0 0 643715 0 643721 0 0 0 0 0 643583 643567 0 0 0 0 0 643702 0 643745 643731 643691 0 0 0 0 0 0 643571 643569 0 0 0 643604 643592 643598 0 0 0 0 0 0 643735 643663 0 0 0 0 643553 643550 0 0 0 0 0 0 0 0 0 0 0 0 0 0 0 643544 0 643528 0 643553 0 0 0 0 0 643631 643629 643667 643661 643602 643521 0 643513 0 643509 0 643520 0 
0 642108 0 642140 642130 0 642080 0 642125 642102 0 642065 0 642141 0 0 0 642147 642110 0 0 0 0 0 0 0 0 0 0 642156 0 0 0 0 642070 642065 0 0 0 0 0 0 642130 0 642167 0 0 0 0 0 642131 642043 0 0 0 0 0 642108 0 642144 642156 642167 0 0 0 0 0 0 642131 642069 0 0 0 642019 642007 642013 0 0 0 0 0 0 642132 642167 0 0 0 0 642053 642038 0 0 0 0 0 0 0 0 0 0 0 0 0 0 0 642104 0 642040 0 641970 0 0 0 0 0 642167 642167 642167 642167 642162 642129 0 642061 0 642021 0 641961 0 
0 0 0 0 0 0 0 0 0 0 0 0 0 0 0 0 0 0 0 0 0 0 0 0 0 0 0 0 0 0 0 0 0 0 0 0 0 0 0 0 0 0 0 0 0 0 0 0 0 0 0 0 0 0 0 0 0 0 0 0 0 642055 0 0 0 0 0 0 0 0 0 0 0 0 0 0 0 0 0 0 0 0 0 642055 0 0 0 0 0 0 0 0 0 0 0 0 0 0 0 0 0 0 0 0 0 0 0 0 0 0 0 0 0 0 0 0 642052 642055 642055 0 0 0 0 0 0 0 642043 0 
643467 643456 643448 643488 643503 643443 643428 643483 643498 643463 643422 643413 643420 643489 643524 643511 643509 643520 643483 643398 643395 643403 643397 643433 643408 643470 643499 643521 643531 643510 643530 643523 643505 643461 643443 643426 643381 643384 643391 643373 643352 643430 643478 643506 643515 643538 643544 643522 643519 643522 643456 643404 643374 643371 643371 643323 643333 643452 643466 643498 643493 643491 643535 643532 643557 643556 643525 643502 643444 643442 643349 643346 643349 643367 643342 643336 643323 643281 643336 643339 643459 643482 643474 643495 643541 643526 643494 643411 643426 643411 643349 643334 643348 643350 643312 643298 643298 643262 643545 643525 643533 643511 643475 643451 643398 643417 643399 643401 643392 643318 643289 643292 643274 643248 643251 643479 643496 643521 643511 643475 643394 643385 643386 643378 643382 643363 643309 643307 
645099 645088 645080 645120 645075 645063 645060 645043 645058 645059 645042 645045 645052 645121 645144 645143 645081 645092 645043 645030 645027 645035 645029 645066 645053 645102 645131 645153 645157 645166 645102 645095 645065 645021 645015 645022 645013 645016 645024 645018 645021 645075 645110 645146 645173 645150 645144 645082 645079 645082 645016 645000 644994 645003 645004 645004 645014 645097 645099 645154 645165 645151 645153 645156 645129 645132 645085 645062 645004 645002 644981 644978 644981 644999 644987 644993 644992 644986 645017 645020 645108 645121 645146 645131 645101 645086 645054 644971 644986 644983 644969 644966 644980 644983 644969 644967 644979 644967 645131 645125 645093 645071 645035 645011 644958 644977 644959 644961 644964 644950 644946 644949 644955 644941 644944 645115 645108 645121 645111 645035 644954 644945 644946 644938 644942 644935 644941 644939 
643886 643875 643867 643907 643922 643862 643847 643912 643927 643882 643841 643832 643839 643908 643943 643930 643928 643939 643912 643817 643814 643822 643816 643853 643840 643889 643918 643940 643954 643931 643949 643942 643934 643890 643862 643845 643800 643803 643811 643805 643808 643862 643897 643929 643929 643961 643967 643951 643948 643951 643849 643823 643793 643790 643791 643791 643801 643884 643886 643919 643897 643881 643957 643951 643976 643979 643954 643919 643825 643871 643768 643765 643768 643786 643774 643780 643779 643773 643804 643807 643895 643906 643883 643877 643970 643943 643899 643804 643855 643830 643768 643753 643767 643770 643756 643754 643766 643754 643975 643947 643950 643916 643868 643832 643779 643798 643792 643830 643811 643737 643733 643736 643742 643728 643731 643845 643867 643927 643919 643856 643727 643766 643779 643783 643811 643782 643728 643726 
644700 644678 644662 644742 644750 644652 644622 644734 644740 644692 644610 644592 644606 644744 644810 644786 644762 644784 644710 644562 644556 644572 644560 644634 644608 644706 644762 644786 644808 644766 644804 644790 644778 644666 644630 644618 644528 644534 644550 644538 644544 644652 644722 644758 644776 644822 644834 644788 644782 644812 644752 644574 644514 644508 644510 644510 644530 644690 644700 644742 644732 644728 644816 644810 644836 644836 644818 644796 644752 644628 644464 644458 644464 644500 644476 644488 644486 644474 644536 644542 644690 644712 644694 644736 644836 644836 644804 644662 644596 644566 644464 644434 644462 644468 644440 644436 644460 644436 644814 644798 644836 644836 644790 644766 644660 644698 644638 644570 644528 644402 644394 644400 644412 644384 644390 644704 644716 644766 644794 644814 644748 644634 644612 644572 644532 644470 644384 644380 
644730 644708 644692 644772 644802 644682 644652 644786 644792 644722 644640 644622 644636 644774 644834 644812 644814 644836 644762 644592 644586 644602 644590 644664 644638 644736 644788 644792 644808 644766 644856 644842 644830 644718 644682 644648 644558 644564 644580 644568 644574 644682 644752 644758 644776 644822 644834 644840 644834 644864 644804 644604 644544 644538 644540 644540 644560 644712 644730 644742 644732 644728 644816 644810 644864 644858 644870 644848 644804 644680 644494 644488 644494 644530 644506 644518 644516 644504 644566 644572 644690 644712 644694 644736 644872 644878 644856 644714 644648 644618 644494 644464 644492 644498 644470 644466 644490 644466 644836 644820 644864 644884 644842 644818 644712 644750 644690 644622 644580 644432 644424 644430 644442 644414 644420 644704 644738 644788 644816 644866 644800 644686 644664 644624 644584 644522 644414 644410 
643876 643865 643857 643897 643948 643864 643825 643959 643967 643896 643843 643822 643817 643886 643945 643920 643954 643965 643952 643807 643804 643788 643782 643807 643782 643855 643896 643912 643932 643899 643975 643968 643981 643930 643888 643859 643766 643769 643765 643747 643726 643804 643863 643883 643916 643951 643957 643991 643988 643998 643932 643837 643795 643768 643745 643697 643707 643824 643840 643875 643882 643892 643948 643945 643984 643981 644001 643978 643920 643911 643758 643743 643746 643752 643716 643710 643697 643655 643710 643713 643813 643836 643839 643908 644007 643998 643970 643887 643895 643856 643770 643731 643733 643724 643686 643672 643672 643636 643994 643981 643991 643987 643951 643927 643874 643893 643875 643877 643837 643715 643663 643666 643648 643622 643625 643892 643921 643970 643967 643951 643870 643861 643862 643854 643858 643808 643718 643704 
0 644688 0 644582 644810 0 644576 0 644874 644716 0 644516 0 644482 0 0 0 644742 644844 0 0 0 0 0 0 0 0 0 0 644398 0 0 0 0 644636 644568 0 0 0 0 0 0 644430 0 644418 0 0 0 0 0 645000 644480 0 0 0 0 0 644290 0 644350 644330 644322 0 0 0 0 0 0 644976 644680 0 0 0 644332 644284 644308 0 0 0 0 0 0 644254 644338 0 0 0 0 644616 644508 0 0 0 0 0 0 0 0 0 0 0 0 0 0 0 644942 0 644612 0 644136 0 0 0 0 0 644274 644342 644490 644642 644852 644888 0 644794 0 644536 0 644100 0 
0 0 0 641944 0 0 0 0 0 0 0 0 0 641906 0 0 0 0 0 0 0 0 0 0 0 0 0 0 0 0 0 0 0 0 0 642064 0 0 0 0 0 0 0 0 0 0 0 0 0 0 0 0 0 0 0 0 0 641846 0 0 0 641802 0 0 0 0 0 0 0 642088 0 0 0 0 0 0 0 0 0 0 0 0 0 641798 0 0 0 0 642088 642076 0 0 0 0 0 0 0 0 0 0 0 0 0 0 0 642064 0 642096 0 0 0 0 0 0 0 0 641788 641850 641886 0 0 0 642096 0 642096 0 642040 0 
0 644931 644947 644867 644862 0 644963 0 644848 644942 645012 645017 0 644841 644808 0 0 644828 644878 0 0 0 0 0 0 644831 0 0 0 644775 644808 0 0 644922 644982 645016 0 0 644939 0 0 0 644815 0 644750 0 0 0 0 0 644740 645060 645099 0 0 0 0 644745 0 644775 644741 644702 0 0 0 0 0 0 644716 644960 645115 0 0 645037 644965 644905 0 644727 0 0 0 644745 644727 644674 0 0 0 644830 644992 645046 645083 645112 0 0 0 0 644837 644765 0 0 644682 0 0 644702 644808 644770 644854 644994 0 645080 0 0 644885 0 0 644642 644628 644654 644634 644654 644624 644834 644880 644944 645019 645027 645038 0 
644909 644931 644947 644867 644837 644957 644963 644805 644823 644917 644999 645017 644979 644841 644795 644821 644825 644803 644853 645047 645053 644989 645001 644891 644881 644855 644821 644801 644769 644775 644783 644797 644761 644897 644957 644991 645033 645027 644975 644951 644849 644837 644839 644791 644737 644735 644747 644775 644781 644727 644715 645035 645081 645077 645015 644835 644815 644793 644825 644775 644741 644689 644729 644723 644729 644723 644721 644719 644691 644935 645103 645107 645106 645061 645013 644953 644907 644775 644809 644803 644771 644781 644751 644649 644689 644671 644687 644805 644967 645020 645055 645097 645095 645057 645001 644957 644885 644813 644677 644637 644657 644653 644677 644677 644783 644745 644829 644969 645035 645065 645045 645041 644933 644913 644907 644617 644603 644629 644609 644629 644599 644809 644855 644919 644987 644987 645023 645043 
644735 644757 644773 644693 644735 644807 644789 644751 644745 644791 644849 644843 644805 644667 644645 644647 644723 644701 644775 644873 644879 644814 644826 644716 644695 644680 644647 644627 644619 644601 644681 644695 644707 644819 644855 644865 644858 644852 644800 644765 644663 644651 644664 644617 644587 644609 644621 644697 644703 644673 644733 644909 644925 644903 644840 644649 644629 644607 644650 644601 644567 644539 644603 644597 644627 644621 644667 644689 644733 644857 644900 644918 644924 644886 644827 644767 644721 644589 644623 644617 644585 644606 644576 644523 644635 644641 644681 644823 644889 644919 644876 644894 644924 644882 644815 644771 644699 644627 644599 644583 644627 644647 644695 644719 644825 644787 644847 644915 644914 644862 644861 644855 644747 644727 644721 644491 644501 644551 644579 644671 644737 644851 644873 644913 644918 644856 644820 644840 
0 0 0 644757 0 0 0 0 0 644857 0 0 0 644731 0 0 0 0 0 0 0 0 0 0 0 0 0 0 0 644573 0 0 0 0 0 645001 0 0 0 0 0 0 0 0 644497 0 0 0 0 0 0 644983 0 0 0 0 0 644557 0 0 0 644401 0 0 0 0 0 0 0 644893 0 0 0 645097 0 644877 0 0 0 0 0 0 0 644321 0 0 0 0 644907 644915 0 0 0 0 0 0 0 0 0 0 0 0 0 0 0 644513 0 644827 0 644905 0 0 0 0 0 0 644229 644281 644241 0 0 0 644721 0 644751 0 644795 0 
0 643724 0 643692 643677 0 643752 0 643670 643717 0 643767 0 643682 0 0 0 643660 643685 0 0 0 0 0 0 0 0 0 0 643604 0 0 0 0 643737 643754 0 0 0 0 0 0 643692 0 643578 0 0 0 0 0 643616 643737 0 0 0 0 0 643671 0 643616 643570 643530 0 0 0 0 0 0 643604 643726 0 0 0 643796 643802 643784 0 0 0 0 0 0 643604 643502 0 0 0 0 643723 643720 0 0 0 0 0 0 0 0 0 0 0 0 0 0 0 643631 0 643698 0 643723 0 0 0 0 0 643470 643468 643506 643510 643566 643558 0 643682 0 643679 0 643690 0 
0 0 0 644640 0 0 0 0 0 644730 0 0 0 644636 0 0 0 0 0 0 0 0 0 0 0 0 0 0 0 644456 0 0 0 0 0 644712 0 0 0 0 0 0 0 0 644380 0 0 0 0 0 0 644635 0 0 0 0 0 644710 0 0 0 644284 0 0 0 0 0 0 0 644627 0 0 0 644871 0 645011 0 0 0 0 0 0 0 644204 0 0 0 0 644579 644567 0 0 0 0 0 0 0 0 0 0 0 0 0 0 0 644388 0 644479 0 644579 0 0 0 0 0 0 644112 644164 644124 0 0 0 644412 0 644403 0 644447 0 
644876 644898 644914 644834 644804 644920 644954 644772 644790 644884 644903 644930 644967 644832 644762 644788 644792 644770 644820 644915 644912 644992 644986 644942 644958 644870 644812 644768 644736 644742 644750 644764 644728 644846 644852 644871 644970 644973 645017 645027 644998 644914 644854 644782 644704 644702 644714 644742 644748 644694 644682 644849 644855 644924 644997 644992 644972 644870 644876 644766 644708 644656 644696 644690 644696 644690 644688 644686 644658 644827 644866 644899 644902 644956 645006 645036 645053 644932 644966 644960 644848 644832 644766 644616 644656 644638 644654 644748 644811 644820 644818 644884 644937 644976 645012 645034 645038 644970 644644 644604 644624 644620 644644 644644 644723 644712 644736 644774 644801 644852 644989 644992 645018 644992 644995 644584 644570 644596 644576 644596 644566 644710 644723 644727 644755 644750 644786 644830 
0 642880 642872 642880 642880 0 642864 0 642880 642863 642834 642837 0 642880 642880 0 0 642880 642871 0 0 0 0 0 0 642880 0 0 0 642880 642880 0 0 642849 642831 642826 0 0 642852 0 0 0 642880 0 642876 0 0 0 0 0 642880 642804 642786 0 0 0 0 642880 0 642880 642856 642828 0 0 0 0 0 0 642880 642830 642773 0 0 642815 642827 642845 0 642880 0 0 0 642880 642866 642812 0 0 0 642847 642814 642799 642761 642770 0 0 0 0 642855 642867 0 0 642880 0 0 642880 642846 642865 642835 642801 0 642754 0 0 642831 0 0 642780 642790 642840 642868 642880 642880 642833 642822 642802 642782 642751 642733 0 
644166 644177 644181 644145 644130 644152 644185 644114 644123 644148 644125 644143 644177 644133 644087 644101 644124 644113 644132 644113 644107 644184 644178 644199 644212 644159 644113 644081 644061 644055 644099 644110 644092 644110 644095 644097 644151 644157 644197 644215 644244 644189 644143 644083 644029 644039 644051 644099 644102 644067 644069 644053 644029 644095 644169 644260 644250 644145 644153 644067 644021 643981 644033 644027 644045 644039 644061 644071 644057 644081 644015 644045 644051 644123 644171 644214 644237 644230 644247 644244 644123 644109 644055 643953 644029 644023 644051 644060 644049 644031 643979 644021 644085 644127 644171 644203 644247 644235 644005 643977 644009 644017 644050 644050 644047 644066 644043 644011 643993 643989 644125 644131 644214 644210 644216 643921 643919 643957 643961 644017 644011 644027 644017 643989 643973 643935 643935 643967 
644976 644963 644947 644955 644904 644889 644955 644849 644879 644881 644847 644877 644939 644962 644892 644918 644898 644887 644849 644847 644841 644953 644941 645044 645057 644997 644942 644898 644866 644872 644877 644884 644842 644805 644793 644807 644909 644915 644978 645002 645080 645035 644984 644912 644834 644832 644844 644861 644864 644824 644783 644763 644751 644841 644938 645081 645095 644997 645005 644896 644838 644786 644826 644820 644826 644820 644818 644809 644759 644767 644749 644791 644797 644881 644940 644988 645022 645047 645092 645089 644975 644961 644896 644746 644786 644768 644781 644705 644735 644729 644701 644767 644843 644896 644940 644972 645031 645009 644774 644734 644754 644750 644764 644752 644679 644717 644681 644685 644691 644735 644894 644900 644983 644957 644963 644714 644700 644726 644706 644726 644665 644653 644655 644639 644647 644633 644669 644713 
644948 644926 644910 644990 644876 644852 644918 644812 644842 644844 644810 644840 644902 645040 645012 645035 644888 644910 644812 644810 644804 644916 644904 645014 645000 645050 645059 645045 645017 645032 644930 644916 644856 644768 644756 644770 644872 644878 644930 644930 644948 645044 645066 645064 645001 644988 644994 644890 644884 644890 644758 644726 644714 644804 644890 644914 644934 645085 645080 645056 645013 644961 644985 644982 644973 644970 644896 644850 644734 644730 644712 644754 644760 644844 644868 644892 644890 644878 644940 644946 645090 645101 645068 644921 644921 644894 644834 644668 644698 644692 644664 644730 644806 644848 644844 644840 644864 644840 644935 644903 644901 644867 644796 644748 644642 644680 644644 644648 644654 644698 644798 644804 644816 644788 644794 644889 644875 644901 644877 644796 644634 644616 644618 644602 644610 644596 644632 644676 
0 637756 637756 637756 637756 0 637756 0 637756 637756 637756 637756 0 637756 637756 0 0 637756 637756 0 0 0 0 0 0 637756 0 0 0 637756 637756 0 0 637756 637756 637756 0 0 637756 0 0 0 637756 0 637756 0 0 0 0 0 637756 637756 637756 0 0 0 0 637756 0 637756 637736 637708 0 0 0 0 0 0 637756 637756 637756 0 0 637756 637756 637756 0 637756 0 0 0 637756 637746 637692 0 0 0 637756 637756 637756 637756 637756 0 0 0 0 637756 637756 0 0 637756 0 0 637756 637756 637756 637756 637756 0 637756 0 0 637756 0 0 637660 637670 637720 637748 637756 637756 637756 637756 637756 637756 637756 637756 0 
0 643389 0 643390 643354 0 643385 0 643342 643348 0 643346 0 643402 0 0 0 643354 643332 0 0 0 0 0 0 0 0 0 0 643390 0 0 0 0 643304 643311 0 0 0 0 0 0 643407 0 643378 0 0 0 0 0 643294 643289 0 0 0 0 0 643407 0 643402 643390 643378 0 0 0 0 0 0 643282 643291 0 0 0 643341 643353 643364 0 0 0 0 0 0 643407 643366 0 0 0 0 643275 643272 0 0 0 0 0 0 0 0 0 0 0 0 0 0 0 643266 0 643250 0 643275 0 0 0 0 0 643361 643354 643342 643318 643282 643186 0 643235 0 643231 0 643242 0 
0 0 0 0 0 0 0 0 0 0 0 0 0 0 0 0 0 0 0 0 0 0 0 0 0 0 0 0 0 0 0 0 0 0 0 0 0 0 0 0 0 0 0 0 0 0 0 0 0 0 0 0 0 0 0 0 0 0 0 0 0 0 0 0 0 0 0 0 0 0 0 0 0 0 0 0 0 0 0 0 0 0 0 640983 0 0 0 0 0 0 0 0 0 0 0 0 0 0 0 0 0 0 0 0 0 0 0 0 0 0 0 0 0 0 0 0 0 0 0 0 0 0 0 0 0 0 0 0 
643649 643638 643630 643670 643697 643637 643598 643713 643704 643657 643616 643595 643590 643659 643718 643693 643703 643714 643689 643580 643577 643561 643555 643580 643555 643628 643669 643703 643731 643712 643724 643717 643735 643667 643637 643620 643539 643542 643538 643520 643499 643577 643636 643684 643729 643748 643742 643728 643725 643752 643696 643598 643568 643541 643518 643470 643480 643599 643613 643688 643695 643705 643749 643746 643751 643754 643755 643742 643684 643648 643531 643516 643519 643525 643489 643483 643470 643428 643483 643486 643610 643635 643652 643709 643771 643766 643734 643651 643632 643605 643543 643504 643506 643497 643459 643445 643445 643409 643771 643775 643773 643751 643715 643691 643638 643657 643639 643631 643586 643488 643436 643439 643421 643395 643398 643693 643710 643747 643771 643715 643634 643625 643626 643618 643612 643557 643491 643477 
643829 643818 643810 643850 643901 643817 643778 643941 643920 643849 643796 643775 643770 643839 643898 643873 643907 643918 643905 643760 643757 643741 643735 643760 643735 643808 643849 643883 643911 643890 643928 643921 643963 643883 643841 643812 643719 643722 643718 643700 643679 643757 643816 643864 643907 643940 643934 643944 643941 643980 643932 643790 643748 643721 643698 643650 643660 643779 643793 643866 643873 643883 643939 643936 643955 643958 643983 643972 643920 643864 643711 643696 643699 643705 643669 643663 643650 643608 643663 643666 643790 643815 643830 643899 643999 643996 643970 643887 643848 643809 643723 643684 643686 643677 643639 643625 643625 643589 643985 644001 644003 643987 643951 643927 643874 643893 643875 643859 643790 643668 643616 643619 643601 643575 643578 643883 643912 643961 643999 643951 643870 643861 643862 643854 643840 643761 643671 643657 
644854 644832 644816 644848 644926 644806 644776 644958 644940 644846 644764 644746 644760 644798 644824 644802 644938 644928 644910 644716 644710 644726 644714 644788 644762 644788 644778 644782 644798 644756 644908 644922 644982 644866 644806 644772 644682 644688 644704 644692 644698 644746 644772 644748 644766 644812 644824 644948 644954 644948 645002 644728 644668 644662 644664 644664 644684 644702 644746 644732 644722 644718 644806 644800 644854 644848 644942 644988 645002 644828 644618 644612 644618 644654 644630 644642 644640 644628 644690 644696 644680 644702 644684 644726 644910 644940 644982 644912 644796 644742 644618 644588 644616 644622 644594 644590 644614 644590 644850 644858 644926 644948 644996 645012 644910 644948 644888 644794 644704 644556 644548 644554 644566 644538 644544 644694 644728 644802 644878 644972 644998 644884 644862 644822 644756 644646 644538 644534 
0 644774 644798 644678 644849 0 644786 0 644900 644897 644814 644787 0 644603 644642 0 0 644798 644945 0 0 0 0 0 0 644588 0 0 0 644540 644768 0 0 644967 644877 644826 0 0 644724 0 0 0 644564 0 644555 0 0 0 0 0 644964 644760 644670 0 0 0 0 644459 0 644504 644489 644483 0 0 0 0 0 0 644952 644910 644595 0 0 644649 644613 644631 0 644432 0 0 0 644459 644432 644495 0 0 0 645043 644862 644781 644595 644550 0 0 0 0 644581 644489 0 0 644783 0 0 644931 645028 645033 645007 644859 0 644502 0 0 644517 0 0 644447 644498 644609 644711 644859 644910 644989 644968 644898 644802 644637 644475 0 
0 0 0 644581 0 0 0 0 0 0 0 0 0 644481 0 0 0 0 0 0 0 0 0 0 0 0 0 0 0 0 0 0 0 0 0 644997 0 0 0 0 0 0 0 0 0 0 0 0 0 0 0 0 0 0 0 0 0 0 0 0 0 644321 0 0 0 0 0 0 0 0 0 0 0 0 0 0 0 0 0 0 0 0 0 644337 0 0 0 0 645091 645019 0 0 0 0 0 0 0 0 0 0 0 0 0 0 0 644781 0 645081 0 0 0 0 0 0 0 0 644341 644487 644509 0 0 0 644961 0 645017 0 644619 0 
0 0 0 644638 0 0 0 0 0 0 0 0 0 644538 0 0 0 0 0 0 0 0 0 0 0 0 0 0 0 0 0 0 0 0 0 645066 0 0 0 0 0 0 0 0 0 0 0 0 0 0 0 0 0 0 0 0 0 0 0 0 0 644378 0 0 0 0 0 0 0 0 0 0 0 0 0 0 0 0 0 0 0 0 0 644394 0 0 0 0 645082 645084 0 0 0 0 0 0 0 0 0 0 0 0 0 0 0 644696 0 645028 0 0 0 0 0 0 0 0 644376 644452 644424 0 0 0 644896 0 644962 0 644704 0 
0 644921 644937 644857 644839 0 644953 0 644825 644919 645001 645007 0 644831 644797 0 0 644805 644855 0 0 0 0 0 0 644821 0 0 0 644765 644785 0 0 644899 644959 644993 0 0 644929 0 0 0 644805 0 644739 0 0 0 0 0 644717 645037 645097 0 0 0 0 644735 0 644765 644731 644691 0 0 0 0 0 0 644693 644937 645132 0 0 645027 644955 644895 0 644717 0 0 0 644735 644717 644651 0 0 0 644807 644969 645023 645122 645135 0 0 0 0 644827 644755 0 0 644659 0 0 644679 644785 644747 644831 644971 0 645122 0 0 644875 0 0 644619 644605 644631 644611 644631 644601 644811 644857 644921 645009 645056 645080 0 
0 644951 644967 644887 644861 0 644983 0 644847 644941 645023 645037 0 644861 644819 0 0 644827 644877 0 0 0 0 0 0 644851 0 0 0 644795 644807 0 0 644921 644981 645015 0 0 644959 0 0 0 644835 0 644761 0 0 0 0 0 644739 645059 645119 0 0 0 0 644765 0 644795 644761 644713 0 0 0 0 0 0 644715 644959 645163 0 0 645057 644985 644925 0 644747 0 0 0 644765 644747 644673 0 0 0 644829 644991 645045 645123 645161 0 0 0 0 644857 644785 0 0 644681 0 0 644701 644807 644769 644853 644993 0 645129 0 0 644905 0 0 644641 644627 644653 644633 644653 644623 644833 644879 644943 645031 645055 645087 0 
644913 644935 644951 644871 644841 644961 644986 644809 644827 644921 645003 645021 645002 644864 644799 644825 644829 644807 644857 645051 645057 645024 645036 644946 644924 644890 644844 644805 644773 644779 644787 644801 644765 644901 644961 644995 645068 645062 645030 644994 644892 644880 644874 644814 644741 644739 644751 644779 644785 644731 644719 645025 645049 645090 645070 644878 644858 644836 644880 644798 644745 644693 644733 644727 644733 644727 644725 644723 644695 644939 645061 645092 645092 645094 645056 644996 644950 644818 644852 644846 644814 644836 644786 644653 644693 644675 644691 644809 644968 645001 645013 645074 645104 645106 645044 645000 644928 644856 644681 644641 644661 644657 644681 644681 644787 644749 644833 644953 645001 645042 645064 645064 644976 644956 644950 644621 644607 644633 644613 644633 644603 644813 644859 644905 644953 644945 644981 645020 
644925 644947 644963 644883 644853 644973 645003 644821 644839 644933 645015 645033 645019 644881 644811 644837 644841 644819 644869 645053 645056 645053 645065 644991 645016 644919 644861 644817 644785 644791 644799 644813 644777 644913 644972 645001 645094 645091 645075 645086 644985 644972 644903 644831 644753 644751 644763 644791 644797 644743 644731 645001 644989 645079 645115 644971 644951 644928 644925 644815 644757 644705 644745 644739 644745 644739 644737 644735 644707 644949 644987 645029 645035 645108 645143 645089 645043 644911 644945 644939 644906 644881 644815 644665 644705 644687 644703 644821 644965 644967 644939 645005 645081 645133 645126 645092 645021 644949 644693 644653 644673 644669 644693 644693 644799 644761 644845 644923 644929 644973 645109 645115 645068 645046 645043 644633 644619 644645 644625 644645 644615 644825 644861 644877 644885 644871 644907 644951 
643430 643452 643463 643388 643394 643468 643483 643386 643392 643448 643489 643498 643491 643374 643328 643342 643382 643360 643416 643513 643516 643508 643514 643460 643474 643400 643354 643322 643302 643296 643340 643354 643342 643438 643468 643485 643530 643527 643519 643525 643475 643430 643384 643324 643270 643280 643292 643344 643350 643308 643332 643481 643475 643520 643539 643461 643441 643386 643394 643308 643262 643222 643274 643268 643286 643280 643302 643312 643320 643457 643474 643495 643498 643540 643556 643539 643512 643401 643435 643429 643364 643350 643296 643194 643270 643264 643292 643392 643467 643464 643450 643483 643521 643548 643563 643537 643489 643429 643246 643218 643250 643258 643294 643306 643381 643362 643404 643442 643445 643467 643548 643551 643513 643491 643488 643162 643160 643198 643202 643258 643276 643394 643417 643419 643423 643416 643434 643456 
644806 644828 644844 644764 644734 644854 644884 644702 644720 644814 644896 644914 644900 644762 644692 644718 644722 644700 644750 644943 644942 644934 644946 644872 644898 644800 644742 644698 644666 644672 644680 644694 644658 644794 644854 644888 644978 644972 644956 644968 644936 644854 644784 644712 644634 644632 644644 644672 644678 644624 644612 644879 644885 644954 644996 644934 644914 644810 644806 644696 644638 644586 644626 644620 644626 644620 644618 644616 644588 644832 644896 644929 644932 644986 645030 645006 644994 644874 644908 644902 644788 644762 644696 644546 644586 644568 644584 644702 644841 644850 644860 644917 644967 645006 645052 645044 644984 644912 644574 644534 644554 644550 644574 644574 644680 644642 644726 644804 644831 644901 645029 645032 645032 645012 645006 644514 644500 644526 644506 644526 644496 644706 644751 644757 644785 644802 644847 644890 
0 644653 0 644525 644465 0 644761 0 644437 644619 644638 644698 0 644521 644381 0 0 644397 644497 0 0 0 0 0 0 0 0 0 0 644341 644357 0 0 0 644530 644558 0 0 0 0 0 0 644565 0 644265 0 0 0 0 0 644221 644470 0 0 0 0 0 644617 0 644389 644273 644169 0 0 0 0 0 0 644173 644478 0 0 0 644706 644850 644950 0 0 0 0 0 0 644389 644089 0 0 0 0 644414 644402 0 0 0 0 0 0 645014 0 0 0 644105 0 0 644145 0 644279 0 644314 0 644414 0 0 644968 0 0 644025 643997 644049 644009 644049 643989 0 644254 0 644238 0 644282 0 
0 644573 644581 644477 644504 0 644593 0 644507 644556 644481 644502 0 644450 644393 0 0 644453 644534 0 0 0 0 0 0 644483 0 0 0 644339 644423 0 0 644490 644448 644445 0 0 644583 0 0 0 644459 0 644306 0 0 0 0 0 644441 644379 644337 0 0 0 0 644450 0 644351 644288 644234 0 0 0 0 0 0 644429 644433 644310 0 0 644460 644520 644586 0 644663 0 0 0 644402 644327 644198 0 0 0 644436 644385 644352 644262 644313 0 0 0 0 644640 644692 0 0 644306 0 0 644408 644421 644474 644400 644334 0 644265 0 0 644568 0 0 644150 644153 644216 644234 644336 644387 644382 644361 644313 644277 644208 644190 0 
643904 643893 643885 643925 643976 643892 643853 643974 643989 643924 643871 643850 643845 643914 643973 643948 643982 643993 643974 643835 643832 643816 643810 643835 643810 643883 643924 643958 643978 643945 644003 643996 643996 643952 643916 643887 643794 643797 643793 643775 643754 643832 643891 643929 643962 643997 644003 644013 644010 644013 643947 643865 643823 643796 643773 643725 643735 643854 643868 643921 643928 643938 643994 643991 644030 644027 644016 643993 643935 643933 643786 643771 643774 643780 643744 643738 643725 643683 643738 643741 643859 643882 643885 643954 644032 644017 643985 643902 643917 643884 643798 643759 643761 643752 643714 643700 643700 643664 644034 644014 644024 644002 643966 643942 643889 643908 643890 643892 643865 643743 643691 643694 643676 643650 643653 643938 643967 644010 644000 643966 643885 643876 643877 643869 643873 643836 643746 643732 
643756 643745 643737 643777 643828 643744 643705 643845 643836 643776 643723 643702 643697 643766 643825 643800 643834 643845 643821 643687 643684 643668 643662 643687 643662 643735 643776 643810 643838 643823 643855 643848 643867 643799 643768 643739 643646 643649 643645 643627 643606 643684 643743 643791 643854 643867 643861 643860 643857 643884 643828 643717 643675 643648 643625 643577 643587 643706 643720 643799 643840 643850 643870 643873 643882 643885 643887 643874 643816 643780 643638 643623 643626 643632 643596 643590 643577 643535 643590 643593 643717 643742 643787 643866 643903 643898 643866 643783 643764 643736 643650 643611 643613 643604 643566 643552 643552 643516 643909 643929 643905 643883 643847 643823 643770 643789 643771 643763 643717 643595 643543 643546 643528 643502 643505 643850 643879 643917 643929 643847 643766 643757 643758 643750 643744 643688 643598 643584 
0 641215 0 641247 641334 0 641163 0 641365 641270 641195 641165 0 641224 641307 0 0 641351 641350 0 0 0 0 0 0 0 0 0 0 641263 641361 0 0 0 641261 641215 0 0 0 0 0 0 641189 0 641285 0 0 0 0 0 641353 641171 0 0 0 0 0 641128 0 641227 641225 641219 0 0 0 0 0 0 641329 641295 0 0 0 641049 641001 641000 0 0 0 0 0 0 641167 641231 0 0 0 0 641263 641197 0 0 0 0 0 0 640938 0 0 0 641438 0 0 641336 0 641302 0 641261 0 640963 0 0 640901 0 0 641183 641234 641345 641403 641360 641231 0 641261 0 641223 0 640957 0 
644780 644758 644742 644822 644852 644732 644702 644884 644866 644772 644690 644672 644686 644802 644828 644806 644864 644886 644836 644642 644636 644652 644640 644714 644688 644784 644782 644786 644802 644760 644904 644892 644928 644792 644732 644698 644608 644614 644630 644618 644624 644732 644776 644752 644770 644816 644828 644914 644908 644952 644928 644654 644594 644588 644590 644590 644610 644706 644750 644736 644726 644722 644810 644804 644858 644852 644946 644970 644928 644754 644544 644538 644544 644580 644556 644568 644566 644554 644616 644622 644684 644706 644688 644730 644914 644944 644978 644838 644722 644668 644544 644514 644542 644548 644520 644516 644540 644516 644854 644862 644930 644952 644966 644942 644836 644874 644814 644720 644630 644482 644474 644480 644492 644464 644470 644698 644732 644806 644882 644976 644924 644810 644788 644748 644682 644572 644464 644460 
644876 644856 644840 644848 644948 644830 644800 644982 644964 644870 644788 644770 644784 644798 644824 644802 644948 644928 644934 644740 644734 644750 644738 644804 644780 644788 644778 644782 644798 644756 644908 644922 644982 644890 644830 644796 644706 644712 644728 644716 644722 644746 644772 644748 644766 644812 644824 644948 644954 644948 645022 644752 644692 644686 644688 644688 644708 644702 644746 644732 644722 644718 644806 644800 644854 644848 644942 644988 645022 644852 644642 644636 644642 644678 644654 644666 644664 644652 644708 644708 644680 644702 644684 644726 644910 644940 644982 644936 644820 644766 644642 644612 644640 644646 644618 644614 644638 644614 644850 644858 644926 644948 644996 645020 644934 644972 644912 644818 644728 644580 644572 644578 644590 644562 644568 644694 644728 644802 644878 644972 645022 644908 644886 644846 644780 644670 644562 644558 
0 641003 0 641002 641126 0 640934 0 641161 641060 640966 640928 0 640928 640998 0 0 641126 641146 0 0 0 0 0 0 0 0 0 0 640910 641106 0 0 0 641031 640980 0 0 0 0 0 0 640878 0 640940 0 0 0 0 0 641260 640914 0 0 0 0 0 640760 0 640862 640876 640892 0 0 0 0 0 0 641260 641064 0 0 0 640771 640711 640704 0 0 0 0 0 0 640790 640912 0 0 0 0 641016 640935 0 0 0 0 0 0 640628 0 0 0 641160 0 0 641260 0 641234 0 641013 0 640636 0 0 640579 0 0 640880 640926 641012 641112 641230 641236 0 641138 0 640956 0 640621 0 
0 644739 644763 644643 644814 0 644751 0 644865 644862 644775 644748 0 644568 644607 0 0 644763 644910 0 0 0 0 0 0 644553 0 0 0 644505 644733 0 0 644924 644838 644787 0 0 644675 0 0 0 644529 0 644520 0 0 0 0 0 644977 644721 644631 0 0 0 0 644424 0 644469 644454 644448 0 0 0 0 0 0 644967 644871 644556 0 0 644610 644574 644592 0 644397 0 0 0 644424 644397 644460 0 0 0 645052 644823 644742 644556 644511 0 0 0 0 644534 644454 0 0 644760 0 0 644946 645039 645048 645016 644820 0 644463 0 0 644478 0 0 644412 644463 644574 644688 644874 644925 645000 644977 644895 644763 644598 644436 0 
0 0 0 642109 0 0 0 0 0 0 0 0 0 642072 0 0 0 0 0 0 0 0 0 0 0 0 0 0 0 0 0 0 0 0 0 642185 0 0 0 0 0 0 0 0 0 0 0 0 0 0 0 0 0 0 0 0 0 0 0 0 0 642056 0 0 0 0 0 0 0 0 0 0 0 0 0 0 0 0 0 0 0 0 0 642072 0 0 0 0 642233 642209 0 0 0 0 0 0 0 0 0 0 0 0 0 0 0 642289 0 642249 0 0 0 0 0 0 0 0 642085 642134 642176 0 0 0 642285 0 642249 0 642137 0 
0 644668 644692 644572 644743 0 644680 0 644794 644791 644836 644797 0 644497 644536 0 0 644692 644839 0 0 0 0 0 0 644482 0 0 0 644434 644662 0 0 644905 644905 644860 0 0 644644 0 0 0 644458 0 644449 0 0 0 0 0 644906 644794 644704 0 0 0 0 644353 0 644398 644383 644377 0 0 0 0 0 0 644918 644940 644629 0 0 644683 644647 644593 0 644326 0 0 0 644353 644326 644389 0 0 0 645041 644896 644815 644629 644584 0 0 0 0 644491 644383 0 0 644689 0 0 644897 645056 644999 645075 644893 0 644536 0 0 644545 0 0 644341 644392 644503 644617 644825 644878 645085 645050 644968 644836 644671 644509 0 
0 0 0 644481 0 0 0 0 0 0 0 0 0 644381 0 0 0 0 0 0 0 0 0 0 0 0 0 0 0 0 0 0 0 0 0 644889 0 0 0 0 0 0 0 0 0 0 0 0 0 0 0 0 0 0 0 0 0 0 0 0 0 644221 0 0 0 0 0 0 0 0 0 0 0 0 0 0 0 0 0 0 0 0 0 644237 0 0 0 0 644995 644929 0 0 0 0 0 0 0 0 0 0 0 0 0 0 0 644751 0 645027 0 0 0 0 0 0 0 0 644241 644389 644479 0 0 0 644931 0 644989 0 644649 0 
643728 643750 643766 643686 643742 643812 643770 643734 643740 643808 643854 643836 643786 643648 643650 643640 643730 643708 643770 643866 643872 643784 643796 643686 643666 643650 643628 643620 643624 643594 643688 643702 643690 643814 643862 643882 643828 643822 643770 643736 643634 643622 643634 643598 643592 643626 643638 643692 643698 643656 643680 643926 643945 643884 643810 643620 643600 643578 643620 643582 643560 643544 643620 643614 643634 643628 643650 643660 643668 643852 643920 643917 643920 643856 643798 643738 643692 643560 643594 643588 643556 643576 643546 643540 643618 643612 643640 643770 643884 643926 643920 643905 643894 643852 643786 643742 643670 643598 643594 643566 643598 643606 643642 643654 643760 643722 643794 643898 643941 643889 643832 643826 643718 643698 643692 643508 643508 643546 643550 643606 643624 643786 643820 643872 643919 643912 643880 643878 
0 0 0 643935 0 0 0 0 0 644118 0 0 0 643856 0 0 0 0 0 0 0 0 0 0 0 0 0 0 0 643705 0 0 0 0 0 644303 0 0 0 0 0 0 0 0 643644 0 0 0 0 0 0 644413 0 0 0 0 0 643642 0 0 0 643524 0 0 0 0 0 0 0 644211 0 0 0 0 0 0 0 0 0 0 0 0 0 643448 0 0 0 0 644291 644402 0 0 0 0 0 0 0 0 0 0 0 0 0 0 0 643856 0 644320 0 644633 0 0 0 0 0 0 643357 643446 643444 0 0 0 644107 0 644415 0 644562 0 
644845 644867 644883 644803 644773 644884 644923 644741 644759 644852 644905 644926 644931 644801 644731 644757 644761 644739 644789 644941 644944 644960 644966 644911 644937 644839 644781 644737 644705 644711 644719 644733 644697 644818 644860 644889 644982 644979 644983 645001 644953 644893 644823 644751 644673 644671 644683 644711 644717 644663 644651 644911 644933 644980 645003 644941 644921 644849 644845 644735 644677 644625 644665 644659 644665 644659 644657 644655 644627 644837 644932 644974 644980 644996 645032 645026 645003 644881 644915 644909 644827 644801 644735 644585 644625 644607 644623 644724 644853 644892 644884 644950 645015 645024 645050 645028 644982 644919 644613 644573 644593 644589 644613 644613 644701 644681 644736 644842 644874 644918 645073 645070 645006 644984 644981 644553 644539 644565 644545 644565 644535 644714 644749 644793 644830 644816 644852 644896 
644907 644929 644945 644865 644835 644955 644985 644803 644821 644915 644997 645015 645001 644863 644793 644819 644823 644801 644851 645043 645043 645035 645047 644973 644999 644901 644843 644799 644767 644773 644781 644795 644759 644895 644955 644989 645079 645073 645057 645069 645013 644955 644885 644813 644735 644733 644745 644773 644779 644725 644713 644993 644981 645067 645097 644999 644979 644911 644907 644797 644739 644687 644727 644721 644727 644721 644719 644717 644689 644933 644979 645021 645027 645091 645131 645095 645071 644939 644973 644967 644889 644863 644797 644647 644687 644669 644685 644803 644947 644959 644931 644997 645073 645115 645139 645121 645049 644977 644675 644635 644655 644651 644675 644675 644781 644743 644827 644915 644921 644965 645125 645131 645097 645077 645071 644615 644601 644627 644607 644627 644597 644807 644851 644869 644877 644863 644899 644943 
0 644630 0 644517 644453 0 644726 0 644420 644585 644678 644726 0 644513 644373 0 0 644389 644465 0 0 0 0 0 0 0 0 0 0 644333 644349 0 0 0 644582 644630 0 0 0 0 0 0 644557 0 644257 0 0 0 0 0 644210 644552 0 0 0 0 0 644609 0 644381 644265 644161 0 0 0 0 0 0 644162 644534 0 0 0 644788 644918 644965 0 0 0 0 0 0 644381 644081 0 0 0 0 644496 644484 0 0 0 0 0 0 645016 0 0 0 644097 0 0 644137 0 644243 0 644396 0 644496 0 0 645037 0 0 644017 643989 644041 644001 644041 643976 0 644336 0 644320 0 644364 0 
644824 644846 644862 644782 644752 644872 644902 644720 644738 644832 644914 644932 644918 644780 644710 644736 644740 644718 644768 644954 644957 644952 644964 644890 644916 644818 644760 644716 644684 644690 644698 644712 644676 644812 644872 644902 644995 644990 644974 644986 644967 644872 644802 644730 644652 644650 644662 644690 644696 644642 644630 644896 644902 644971 645014 644965 644945 644828 644824 644714 644656 644604 644644 644638 644644 644638 644636 644634 644606 644850 644911 644946 644949 645003 645045 645036 645025 644917 644939 644933 644806 644780 644714 644564 644604 644586 644602 644720 644858 644867 644863 644929 644984 645023 645075 645075 645015 644955 644592 644552 644572 644568 644592 644592 644698 644660 644744 644821 644848 644897 645058 645061 645063 645054 645049 644532 644518 644544 644524 644544 644514 644724 644762 644774 644802 644795 644831 644875 
644189 644189 644189 644189 644189 644189 644189 644189 644189 644189 644189 644189 644189 644189 644189 644189 644189 644189 644189 644189 644187 644189 644189 644189 644189 644189 644189 644189 644189 644189 644189 644189 644189 644189 644189 644189 644189 644189 644189 644189 644189 644189 644189 644189 644189 644189 644189 644189 644189 644189 644189 644165 644129 644171 644189 644189 644189 644189 644189 644189 644189 644189 644189 644189 644189 644189 644189 644189 644189 644189 644103 644121 644127 644183 644189 644189 644189 644171 644189 644189 644189 644189 644189 644189 644189 644189 644189 644189 644182 644155 644079 644097 644149 644179 644189 644189 644189 644171 644189 644189 644189 644189 644189 644189 644189 644189 644189 644159 644117 644065 644153 644159 644189 644189 644189 644189 644189 644189 644189 644189 644189 644189 644189 644161 644121 644059 644023 644043 
0 641466 0 641466 641485 0 641454 0 641485 641485 0 641466 0 641454 0 0 0 641485 641485 0 0 0 0 0 0 0 0 0 0 641466 0 0 0 0 641485 641485 0 0 0 0 0 0 641442 0 641478 0 0 0 0 0 641485 641485 0 0 0 0 0 641418 0 641454 641466 641478 0 0 0 0 0 0 641485 641485 0 0 0 641442 641418 641403 0 0 0 0 0 0 641442 641485 0 0 0 0 641485 641485 0 0 0 0 0 0 0 0 0 0 0 0 0 0 0 641485 0 641485 0 641454 0 0 0 0 0 641485 641485 641485 641485 641485 641485 0 641485 0 641485 0 641466 0 
0 0 0 0 0 0 0 0 0 0 0 0 0 0 0 0 0 0 0 0 0 0 0 0 0 0 0 0 0 0 0 0 0 0 0 0 0 0 0 0 0 0 0 0 0 0 0 0 0 0 0 0 0 0 0 0 0 0 0 0 0 0 0 0 0 0 0 0 0 0 0 0 0 0 0 0 0 0 0 0 0 0 0 644714 0 0 0 0 0 0 0 0 0 0 0 0 0 0 0 0 0 0 0 0 0 0 0 0 0 0 0 0 0 0 0 0 644760 0 0 0 0 0 0 0 0 0 0 0 
0 0 0 0 0 0 0 0 0 0 0 0 0 0 0 0 0 0 0 0 0 0 0 0 0 0 0 0 0 0 0 0 0 0 0 0 0 0 0 0 0 0 0 0 0 0 0 0 0 0 0 0 0 0 0 0 0 0 0 0 0 644100 0 0 0 0 0 0 0 0 0 0 0 0 0 0 0 0 0 0 0 0 0 644124 0 0 0 0 0 0 0 0 0 0 0 0 0 0 0 0 0 0 0 0 0 0 0 0 0 0 0 0 0 0 0 0 644148 644172 644162 0 0 0 0 0 0 0 644076 0 
0 0 0 0 0 0 0 0 0 0 0 0 0 0 0 0 0 0 0 0 0 0 0 0 0 0 0 0 0 0 0 0 0 0 0 0 0 0 0 0 0 0 0 0 0 0 0 0 0 0 0 0 0 0 0 0 0 0 0 0 0 642367 0 0 0 0 0 0 0 0 0 0 0 0 0 0 0 0 0 0 0 0 0 642371 0 0 0 0 0 0 0 0 0 0 0 0 0 0 0 0 0 0 0 0 0 0 0 0 0 0 0 0 0 0 0 0 642372 642409 642439 0 0 0 0 0 0 0 642367 0 
0 641796 0 641828 641915 0 641744 0 641946 641851 0 641753 0 641803 0 0 0 641932 641931 0 0 0 0 0 0 0 0 0 0 641806 0 0 0 0 641855 641814 0 0 0 0 0 0 641766 0 641835 0 0 0 0 0 642054 641792 0 0 0 0 0 641683 0 641770 641783 641791 0 0 0 0 0 0 642046 641890 0 0 0 641659 641599 641581 0 0 0 0 0 0 641721 641811 0 0 0 0 641874 641823 0 0 0 0 0 0 0 0 0 0 0 0 0 0 0 642019 0 641897 0 641634 0 0 0 0 0 641775 641825 641911 642006 642077 641996 0 641984 0 641878 0 641649 0 
0 0 0 643468 0 0 0 0 0 643590 0 0 0 643403 0 0 0 0 0 0 0 0 0 0 0 0 0 0 0 643340 0 0 0 0 0 643516 0 0 0 0 0 0 0 0 643355 0 0 0 0 0 0 643472 0 0 0 0 0 643259 0 0 0 643283 0 0 0 0 0 0 0 643596 0 0 0 643350 0 643302 0 0 0 0 0 0 0 643295 0 0 0 0 643564 643498 0 0 0 0 0 0 0 0 0 0 0 0 0 0 0 643798 0 643574 0 643264 0 0 0 0 0 0 643298 643409 643523 0 643824 0 643700 0 643536 0 643258 0 
0 644650 644674 644554 644725 0 644662 0 644776 644773 644824 644779 0 644479 644518 0 0 644674 644821 0 0 0 0 0 0 644464 0 0 0 644416 644644 0 0 644887 644905 644884 0 0 644626 0 0 0 644440 0 644431 0 0 0 0 0 644888 644858 644768 0 0 0 0 644335 0 644380 644365 644359 0 0 0 0 0 0 644878 644944 644693 0 0 644741 644665 644575 0 644308 0 0 0 644335 644308 644371 0 0 0 645023 644956 644879 644693 644648 0 0 0 0 644473 644365 0 0 644671 0 0 644857 645016 644959 645059 644957 0 644600 0 0 644545 0 0 644323 644374 644485 644599 644785 644836 645055 645094 645032 644900 644735 644573 0 
0 0 0 644476 0 0 0 0 0 0 0 0 0 644376 0 0 0 0 0 0 0 0 0 0 0 0 0 0 0 0 0 0 0 0 0 644874 0 0 0 0 0 0 0 0 0 0 0 0 0 0 0 0 0 0 0 0 0 0 0 0 0 644216 0 0 0 0 0 0 0 0 0 0 0 0 0 0 0 0 0 0 0 0 0 644232 0 0 0 0 644964 644858 0 0 0 0 0 0 0 0 0 0 0 0 0 0 0 644950 0 644962 0 0 0 0 0 0 0 0 644236 644384 644536 0 0 0 645088 0 644886 0 644450 0 
0 644527 644551 644431 644602 0 644539 0 644653 644650 644701 644656 0 644356 644395 0 0 644551 644698 0 0 0 0 0 0 644341 0 0 0 644293 644521 0 0 644764 644782 644761 0 0 644503 0 0 0 644317 0 644308 0 0 0 0 0 644741 644827 644845 0 0 0 0 644212 0 644257 644242 644236 0 0 0 0 0 0 644731 644821 644818 0 0 644650 644542 644452 0 644185 0 0 0 644212 644185 644248 0 0 0 644876 644869 644878 644818 644773 0 0 0 0 644350 644242 0 0 644548 0 0 644710 644869 644812 644912 644944 0 644725 0 0 644422 0 0 644200 644251 644362 644476 644638 644689 644908 644951 644999 645001 644860 644698 0 
0 0 0 644464 0 0 0 0 0 0 0 0 0 644364 0 0 0 0 0 0 0 0 0 0 0 0 0 0 0 0 0 0 0 0 0 644878 0 0 0 0 0 0 0 0 0 0 0 0 0 0 0 0 0 0 0 0 0 0 0 0 0 644204 0 0 0 0 0 0 0 0 0 0 0 0 0 0 0 0 0 0 0 0 0 644220 0 0 0 0 644996 644980 0 0 0 0 0 0 0 0 0 0 0 0 0 0 0 644678 0 645032 0 0 0 0 0 0 0 0 644224 644370 644406 0 0 0 644864 0 645052 0 644722 0 
0 643100 643124 643004 643132 0 643112 0 643127 643216 643274 643229 0 642929 642968 0 0 643081 643172 0 0 0 0 0 0 642914 0 0 0 642866 643051 0 0 643238 643312 643327 0 0 643076 0 0 0 642890 0 642881 0 0 0 0 0 643013 643393 643409 0 0 0 0 642785 0 642830 642815 642809 0 0 0 0 0 0 642989 643295 643399 0 0 643223 643115 643025 0 642758 0 0 0 642785 642758 642814 0 0 0 643148 643343 643408 643459 643369 0 0 0 0 642923 642815 0 0 642902 0 0 642968 643127 643070 643184 643358 0 643401 0 0 642995 0 0 642766 642781 642836 642830 642896 642899 643166 643223 643307 643402 643508 643439 0 
0 0 0 0 0 0 0 0 0 0 0 0 0 0 0 0 0 0 0 0 0 0 0 0 0 0 0 0 0 0 0 0 0 0 0 0 0 0 0 0 0 0 0 0 0 0 0 0 0 0 0 0 0 0 0 0 0 0 0 0 0 642421 0 0 0 0 0 0 0 0 0 0 0 0 0 0 0 0 0 0 0 0 0 642413 0 0 0 0 0 0 0 0 0 0 0 0 0 0 0 0 0 0 0 0 0 0 0 0 0 0 0 0 0 0 0 0 642402 642427 642441 0 0 0 0 0 0 0 642676 0 
643649 643671 643687 643607 643613 643709 643691 643605 643611 643681 643751 643757 643707 643569 643547 643561 643601 643579 643641 643787 643793 643705 643717 643607 643597 643571 643549 643541 643521 643515 643559 643573 643561 643685 643733 643755 643749 643743 643691 643667 643577 643553 643555 643519 643489 643499 643511 643563 643569 643527 643551 643796 643826 643805 643731 643563 643543 643509 643541 643503 643481 643441 643493 643487 643505 643499 643521 643531 643539 643723 643851 643830 643827 643777 643729 643681 643635 643503 643537 643531 643487 643497 643467 643413 643489 643483 643511 643641 643755 643789 643851 643842 643804 643773 643729 643685 643613 643541 643465 643437 643469 643477 643513 643525 643631 643593 643665 643763 643808 643858 643766 643763 643661 643641 643635 643381 643379 643417 643421 643477 643495 643657 643691 643738 643782 643837 643859 643857 
