644069 644058 644069 644043 644046 644069 644069 644058 644053 644018 644012 644009 644022 644034 643987 644035 644000 643962 643970 644015 644033 643927 643946 643959 643970 643954 644051 644041 644025 643995 643922 643986 643926 643938 643954 643950 643926 643891 643986 643920 643934 643927 644019 643987 643983 643919 643929 643853 643993 644009 643987 643913 643868 643906 643914 643892 643888 643955 643889 643779 643902 643859 643889 643873 644069 643939 643917 643875 643739 643874 643890 643870 643863 644069 644069 644045 644039 643816 643890 643838 643756 643712 644069 643985 643821 643769 643788 643854 643825 643844 643796 643704 643690 643684 644054 644041 643959 643679 643643 643659 643792 643790 643814 643838 643813 643812 643816 643712 643668 644040 643989 643773 643701 643621 643780 643816 643822 643818 643792 643800 643800 643738 643718 643613 644027 643993 644041 643705 
0 644368 644361 0 0 644386 644395 0 0 0 644206 0 0 644351 644157 0 0 0 644106 0 644343 0 0 644073 644106 644058 0 0 0 0 644319 0 644001 644029 644058 644046 0 644306 0 0 643998 0 0 0 0 0 0 644287 0 0 0 0 0 644163 0 643872 0 0 644259 0 0 0 643863 0 0 644236 0 0 0 644027 643901 0 643785 0 0 0 0 0 643918 643710 0 643711 0 0 0 644211 644014 643867 643671 643728 0 0 0 643669 0 0 0 644190 0 0 643986 0 0 0 643635 0 0 0 643651 0 0 644189 644189 0 0 0 0 643650 0 643596 643596 0 0 643548 644078 0 0 644155 
0 0 644627 0 0 0 644639 0 0 0 0 0 0 644535 0 0 0 0 0 0 0 0 0 0 0 0 0 0 0 0 0 0 0 0 0 0 0 0 0 0 0 0 0 0 0 0 0 0 0 0 0 0 0 0 0 0 0 0 0 0 0 0 0 0 0 0 0 0 0 0 0 0 0 0 0 0 0 0 0 0 0 0 0 0 0 0 0 0 0 643934 0 0 0 0 0 0 0 644426 0 0 0 0 0 0 0 0 0 0 0 0 0 0 0 0 0 0 0 0 0 0 0 0 0 0 0 0 0 644343 
643853 643864 643861 643893 643885 643812 643819 643856 643811 643878 643848 643869 643813 643835 643816 643766 643802 643738 643823 643744 643741 643736 643775 643764 643787 643807 643726 643733 643725 643722 643781 643747 643650 643682 643771 643779 643771 643706 643742 643689 643727 643744 643698 643694 643704 643696 643701 643687 643685 643693 643682 643681 643717 643700 643628 643637 643716 643666 643657 643662 643606 643568 643596 643618 643656 643634 643647 643650 643642 643612 643570 643639 643620 643630 643632 643639 643636 643655 643551 643535 643686 643683 643620 643609 643623 643609 643587 643512 643522 643577 643616 643678 643690 643669 643631 643611 643596 643588 643594 643602 643571 643552 643546 643540 643498 643534 643537 643628 643679 643617 643587 643587 643587 643583 643529 643529 643478 643479 643441 643485 643497 643551 643541 643604 643616 643576 643576 643553 
0 643925 643925 0 643912 643876 643883 643917 643875 0 643905 643897 0 643850 643825 643830 0 643748 643823 0 643805 0 0 643777 643801 643791 0 643797 643789 0 643808 643757 643660 643692 643791 643783 643743 643770 0 0 643751 643737 0 0 0 0 0 643751 0 0 0 0 0 643710 643638 643657 643681 643730 643721 643726 0 0 643606 0 0 643698 643711 0 643706 643622 643580 0 643609 0 0 0 0 0 643561 643559 0 643575 0 643673 643687 643673 643597 643522 643533 643571 0 0 0 643547 0 0 0 643652 643658 643666 643581 0 0 643550 643509 0 0 0 643521 0 0 643651 643651 0 0 0 0 643489 0 643483 643483 643471 0 643444 643682 0 0 643617 
0 0 644365 0 0 644414 644380 0 0 0 0 0 0 644316 0 0 0 0 0 0 0 0 0 0 0 0 0 0 0 0 644208 0 0 0 644086 644062 0 0 0 0 0 0 0 0 0 0 0 0 0 0 0 0 0 644132 0 0 0 0 0 0 0 0 0 0 0 644076 0 0 0 644017 0 0 643826 0 0 0 0 0 0 0 0 0 0 0 0 0 643955 0 0 643769 0 0 0 0 0 0 0 643984 0 0 0 0 0 0 0 0 0 0 643621 0 0 0 0 0 0 0 0 643691 0 0 0 0 0 643574 0 0 0 643914 
0 0 0 0 0 0 639265 0 0 0 0 0 0 0 0 0 0 0 0 0 0 0 0 0 0 0 0 0 0 0 0 0 0 0 0 0 0 0 0 0 0 0 0 0 0 0 0 0 0 0 0 0 0 0 0 0 0 0 0 0 0 0 0 0 0 0 0 0 0 0 0 0 0 0 0 0 0 0 0 0 0 0 0 0 0 0 0 0 0 638479 0 0 0 0 0 0 0 0 0 0 0 0 0 0 0 0 0 0 0 0 0 0 0 0 0 0 0 0 0 0 0 0 0 0 0 0 0 0 
0 643062 643062 0 643062 643062 643062 643062 643062 0 643020 643048 0 643062 643062 643062 0 643062 643008 0 643062 0 0 643058 643057 642976 0 643062 643062 0 643062 643062 643004 643028 643041 643016 642952 643062 0 0 643045 642994 0 0 0 0 0 643062 0 0 0 0 0 643062 642980 642969 642938 643062 643062 643062 0 0 642932 0 0 643062 643062 0 643062 643028 642932 0 642928 0 0 0 0 0 642932 642867 0 642690 0 643062 643062 643062 643052 642908 642852 642890 0 0 0 642662 0 0 0 643062 643062 643062 643028 0 0 642956 642828 0 0 0 642658 0 0 643062 643062 0 0 0 0 642811 0 642802 642802 642790 0 642580 643015 0 0 643062 
0 644898 644908 0 644814 644984 645060 644930 645079 0 644658 644646 0 644906 644558 645041 0 644462 644490 0 644943 0 0 644446 644490 644426 0 644899 644887 0 644825 644705 644382 644398 644426 644410 644330 644787 0 0 644346 644318 0 0 0 0 0 644711 0 0 0 0 0 644673 644326 644178 644206 644651 644615 644587 0 0 644166 0 0 644523 644575 0 644507 644513 644270 0 644062 0 0 0 0 0 644333 643962 0 643998 0 644423 644479 644423 644365 644321 643910 643986 0 0 0 643942 0 0 0 644339 644315 644347 644349 0 0 644369 643862 0 0 0 643886 0 0 644335 644335 0 0 0 0 643882 0 643810 643810 643786 0 643824 643920 0 0 644199 
644977 644997 644993 645043 645027 644895 644909 644981 644893 645093 645095 645098 644895 644962 644998 644803 644873 644902 645088 644759 644753 644743 644819 644958 644984 645069 644723 644737 644721 644715 644819 644872 644798 644838 645016 645044 645021 644683 644862 644892 644960 645009 644667 644659 644679 644663 644673 644645 644641 644657 644635 644633 644764 644778 644778 644852 644959 644603 644585 644595 644758 644774 644762 644883 644583 644539 644565 644571 644555 644698 644710 644901 644885 644531 644535 644549 644543 644688 644672 644768 644851 644784 644511 644489 644517 644489 644624 644618 644787 644842 644831 644811 644786 644756 644545 644493 644463 644447 644459 644475 644616 644602 644614 644626 644763 644787 644793 644783 644764 644573 644445 644445 644445 644437 644580 644604 644574 644664 644668 644750 644761 644749 644729 644628 644527 644423 644423 644377 
0 0 641067 0 0 640900 640906 0 0 0 641135 0 0 640905 0 0 0 0 0 0 0 0 0 641042 641055 641050 0 0 0 0 640653 0 640901 640942 641068 641078 0 640476 0 0 641043 0 0 0 0 0 0 640400 0 0 0 0 0 640681 0 640989 0 0 0 0 0 0 640924 0 0 640188 0 0 0 640665 640833 0 640974 0 0 0 0 0 640757 0 0 640509 0 0 0 640088 640481 640685 640948 640962 0 0 0 640453 0 0 0 640004 0 0 640501 0 0 0 0 0 0 0 640438 0 0 640000 640000 0 0 0 0 640895 0 0 640902 0 0 640261 640132 0 0 639864 
0 643530 643539 0 643539 643512 643497 643522 643489 0 643570 643569 0 643501 643519 643454 0 643471 643552 0 643405 0 0 643499 643512 643536 0 643385 643377 0 643435 643456 643419 643439 643528 643532 643512 643406 0 0 643500 643509 0 0 0 0 0 643387 0 0 0 0 0 643409 643409 643446 643481 643294 643309 643352 0 0 643401 0 0 643238 643275 0 643332 643369 643375 0 643445 0 0 0 0 0 643356 643404 0 643405 0 643165 643275 643273 643332 643329 643407 643426 0 0 0 643391 0 0 0 643276 643284 643292 643328 0 0 643333 643395 0 0 0 643389 0 0 643227 643263 0 0 0 0 643352 0 643382 643382 643376 0 643350 643100 0 0 643193 
0 639681 639662 0 639663 639675 639743 639697 639751 0 639561 639603 639762 639739 639631 639699 0 639655 639549 639684 639652 639756 639770 639623 639621 639517 639595 639624 639632 639660 639770 639733 639687 639671 639589 639557 639493 639732 639742 0 639597 639535 639587 639612 0 639684 639684 639732 639588 639588 0 639660 639770 639770 639683 639609 639479 639588 639636 639756 0 639615 639651 639571 0 639540 639588 639636 639756 639770 639703 639517 639527 0 639267 0 0 0 639741 639597 639323 639231 0 639444 639636 639660 639770 639756 639571 639537 639423 639259 0 639203 0 0 639444 639708 639756 639756 639770 639770 0 639770 639571 639499 0 639303 639199 0 639396 639612 639684 639756 0 0 0 639629 639601 639545 639521 639389 0 639107 639131 0 0 639612 
0 0 644544 0 0 0 644670 0 0 0 0 0 0 644654 0 0 0 0 0 0 0 0 0 0 0 0 0 0 0 0 0 0 0 0 0 0 0 0 0 0 0 0 0 0 0 0 0 0 0 0 0 0 0 0 0 0 0 0 0 0 0 0 0 0 0 0 0 0 0 0 0 0 0 0 0 0 0 0 0 0 0 0 0 0 0 0 0 0 0 643995 0 0 0 0 0 0 0 644459 0 0 0 0 0 0 0 0 0 0 0 0 0 0 0 0 0 0 0 0 0 0 0 0 0 0 0 0 0 644382 
0 643047 643044 0 0 642995 643002 0 0 0 643024 0 0 643042 643096 0 0 0 643054 0 642924 0 0 643092 643091 643038 0 0 0 0 642964 0 643081 643089 643075 643059 0 642889 0 0 643079 0 0 0 0 0 0 642870 0 0 0 0 0 643011 0 643085 0 0 642840 0 0 0 643095 0 0 642817 0 0 0 643019 643069 0 643044 0 0 0 0 0 643050 643051 0 642859 0 0 0 642792 642970 643023 643038 643049 0 0 0 642845 0 0 0 642771 0 0 642978 0 0 0 643026 0 0 0 642855 0 0 642770 642770 0 0 0 0 643031 0 643013 643013 0 0 642780 642703 0 0 642736 
0 644041 644051 0 643987 644149 644129 644057 644125 0 643875 643866 0 644027 643800 644186 0 643727 643749 0 644137 0 0 643716 643749 643701 0 644117 644105 0 643923 643877 643651 643671 643701 643689 643629 643954 0 0 643641 643620 0 0 0 0 0 643897 0 0 0 0 0 643809 643611 643515 643536 643952 643901 643762 0 0 643506 0 0 643880 643895 0 643702 643689 643559 0 643428 0 0 0 0 0 643597 643353 0 643380 0 643853 643799 643745 643578 643553 643314 643371 0 0 0 643338 0 0 0 643658 643558 643582 643566 0 0 643581 643278 0 0 0 643296 0 0 643703 643667 0 0 0 0 643293 0 643239 643239 643221 0 643267 643637 0 0 643601 
644222 644272 644242 644250 644266 644266 644326 644288 644342 644200 644152 644218 644371 644354 644209 644308 644374 644161 644152 644290 644261 644308 644347 644153 644175 644120 644198 644232 644241 644256 644353 644287 644121 644129 644143 644135 644084 644276 644297 644075 644103 644089 644196 644204 644226 644242 644247 644257 644183 644191 644180 644215 644332 644326 644093 644019 644033 644164 644179 644234 644065 643953 644013 643981 643906 644108 644145 644172 644214 644238 644065 643975 643961 643814 643858 644036 644042 644281 644103 643911 643914 643822 643930 644035 644145 644143 644213 644109 643885 643923 643905 643862 643824 643794 643752 643756 644022 644146 644166 644174 644197 644178 644172 644166 643861 643861 643867 643857 643802 643724 643989 644097 644133 644155 644155 644155 644098 643871 643819 643835 643835 643823 643803 643688 643722 643730 643826 644063 
0 641064 641052 0 641148 640856 640884 641032 640852 0 641064 641202 0 641044 641374 640672 0 641426 641196 0 640572 0 0 641436 641412 641164 0 640540 640508 0 640732 641248 641362 641394 641380 641300 641188 640432 0 0 641410 641326 0 0 0 0 0 640356 0 0 0 0 0 641060 641370 641422 641270 640272 640236 640256 0 0 641434 0 0 640144 640196 0 640176 641114 641330 0 641340 0 0 0 0 0 641254 641406 0 640734 0 640044 640100 640044 640918 641194 641380 641350 0 0 0 640706 0 0 0 639960 639984 640016 640950 0 0 641114 641356 0 0 0 640750 0 0 639956 639956 0 0 0 0 641366 0 641330 641330 641202 0 640528 640072 0 0 639820 
0 643371 643347 0 0 643299 643347 0 0 0 643371 0 0 643419 643449 0 0 0 643443 0 643227 0 0 643449 643449 643443 0 0 0 0 643395 0 643449 643449 643449 643449 0 643299 0 0 643449 0 0 0 0 0 0 643299 0 0 0 0 0 643449 0 643449 0 0 643203 0 0 0 643449 0 0 643107 0 0 0 643449 643449 0 643449 0 0 0 0 0 643449 643449 0 643145 0 0 0 643227 643449 643449 643449 643449 0 0 0 643117 0 0 0 643275 0 0 643449 0 0 0 643449 0 0 0 643137 0 0 643179 643251 0 0 0 0 643449 0 643449 643449 0 0 642987 642843 0 0 643179 
0 643502 643520 0 643448 643642 643604 643518 643620 0 643382 643352 643604 643488 643272 643744 0 643188 643262 643754 643732 643603 643561 643192 643226 643230 643648 643694 643710 643727 643513 643338 643112 643132 643194 643198 643170 643588 643348 0 643130 643140 643642 643653 0 643662 643673 643531 643623 643637 0 643641 643387 643377 643072 642998 643084 643585 643575 643384 0 642896 642968 642960 0 643497 643545 643554 643324 643249 643020 642978 642952 0 643176 0 0 0 643058 642842 643000 643052 0 643399 643473 643425 643180 643052 642816 642890 642920 642972 0 643024 0 0 643373 643304 643180 643204 643167 643141 0 643141 642780 642816 0 642908 642984 0 643331 643365 643335 643147 0 0 0 642766 642702 642754 642766 642814 0 643014 643004 0 0 643263 
0 641825 641819 0 0 641893 641873 0 0 0 641705 0 0 641837 641715 0 0 0 641657 0 641933 0 0 641683 641693 641625 0 0 0 0 641819 0 641699 641695 641661 641641 0 641840 0 0 641645 0 0 0 0 0 0 641821 0 0 0 0 0 641781 0 641609 0 0 641871 0 0 0 641627 0 0 641848 0 0 0 641741 641679 0 641539 0 0 0 0 0 641693 641549 0 641375 0 0 0 641815 641704 641681 641523 641525 0 0 0 641347 0 0 0 641746 0 0 641700 0 0 0 641511 0 0 0 641331 0 0 641801 641769 0 0 0 0 641545 0 641485 641473 0 0 641289 641657 0 0 641767 
0 637505 637487 0 637487 637537 637571 637521 637587 0 637385 637427 637607 637563 637455 637605 0 637479 637373 637613 637573 637653 637653 637447 637445 637341 637507 637541 637557 637611 637653 637557 637511 637495 637413 637381 637317 637653 637567 0 637421 637359 637515 637570 0 637641 637641 637653 637541 637525 0 637619 637653 637651 637507 637433 637303 637547 637595 637653 0 637439 637475 637395 0 637499 637547 637595 637653 637635 637527 637341 637351 0 637167 0 0 0 637565 637421 637147 637055 0 637403 637595 637619 637653 637595 637395 637361 637247 637083 0 637027 0 0 637403 637653 637653 637653 637653 637653 0 637635 637395 637323 0 637127 637023 0 637353 637571 637641 637653 0 0 0 637453 637425 637369 637345 637213 0 636945 637031 0 0 637571 
0 643409 643403 0 643379 643420 643487 643425 643503 0 643289 643295 0 643431 643251 643464 0 643203 643217 0 643418 0 643587 643195 643217 643185 0 643386 643402 0 643587 643329 643163 643171 643185 643177 643137 643557 0 0 643145 643131 0 0 0 0 0 643500 0 0 0 0 0 643423 643135 643061 643075 643424 643458 643412 0 0 643055 643023 0 643392 643450 643437 643352 643311 643107 0 643003 0 642965 0 0 0 643145 642931 0 642959 0 643250 643356 643302 643398 643141 642905 642965 0 0 0 642931 0 0 0 643215 643208 643232 643389 0 0 643239 642869 642903 0 642899 642915 0 643175 643260 643224 0 0 0 0 642855 0 642843 642855 642865 0 642851 642793 0 0 643158 
0 0 639794 0 0 639648 639710 0 0 0 0 0 0 639862 0 0 0 0 0 0 0 0 0 640146 0 0 0 0 0 0 639682 0 640118 640134 640100 640020 0 639436 0 0 640120 0 0 0 0 0 0 639398 0 0 0 0 0 639966 0 640130 0 0 0 0 0 0 640100 0 0 639100 0 0 0 639994 640052 0 640050 0 0 0 0 0 640014 0 0 0 0 0 0 639170 639896 639960 639996 640034 0 0 0 639426 0 0 0 639176 0 0 0 0 0 0 0 0 0 0 639470 0 0 639078 639150 0 0 0 0 639980 0 0 639946 0 0 639248 638792 0 0 639010 
0 0 641869 0 0 641687 641715 0 0 0 0 0 0 641875 0 0 0 0 0 0 0 0 0 642159 642159 0 0 0 0 0 641563 0 642091 642117 642131 642099 0 641263 0 0 642139 0 0 0 0 0 0 641187 0 0 0 0 0 641811 0 642151 0 0 0 0 0 0 642109 0 0 640975 0 0 0 641843 642031 0 642069 0 0 0 0 0 641955 0 0 0 0 0 0 640875 641647 641871 642037 642075 0 0 0 641537 0 0 0 640791 0 0 0 0 0 0 0 0 0 0 641581 0 0 640787 640787 0 0 0 0 642011 0 0 641987 0 0 641359 640895 0 0 640651 
0 0 638464 0 0 638416 638464 0 0 0 0 0 0 638512 0 0 0 0 0 0 0 0 0 638512 638512 638512 0 0 0 0 638512 0 638512 638512 638512 638512 0 638416 0 0 638512 0 0 0 0 0 0 638416 0 0 0 0 0 638512 0 638512 0 0 0 0 0 0 638512 0 0 638224 0 0 0 638512 638512 0 638512 0 0 0 0 0 638512 0 0 0 0 0 0 638344 638512 638512 638512 638512 0 0 0 638290 0 0 0 638392 0 0 0 0 0 0 0 0 0 0 638310 0 0 638296 638368 0 0 0 0 638512 0 0 638512 0 0 638160 637960 0 0 638296 
0 644727 644736 0 644664 644883 644862 644751 644872 0 644547 644538 644838 644742 644472 644983 0 644400 644421 645009 645054 644811 644784 644388 644421 644373 645108 645094 645086 645035 644730 644589 644340 644352 644373 644361 644301 644793 644604 0 644313 644292 645077 645086 0 644907 644922 644736 645064 645072 0 644934 644595 644600 644298 644187 644208 645027 644934 644589 0 644088 644178 644130 0 644931 644970 644913 644529 644464 644256 644121 644100 0 644625 0 0 0 644313 644025 644046 644052 0 644844 644832 644718 644385 644300 643986 644043 644016 643986 0 644010 0 0 644817 644511 644385 644409 644373 644352 0 644356 643950 643950 0 643944 643968 0 644774 644779 644580 644352 0 0 0 643965 643887 643911 643911 643893 0 643959 644421 0 0 644677 
0 643707 643698 0 643698 643723 643740 643715 643748 0 643647 643668 0 643736 643682 643752 0 643694 643639 0 643752 0 0 643678 643677 643607 0 643751 643751 0 643731 643733 643700 643702 643661 643645 643583 643704 0 0 643665 643625 0 0 0 0 0 643685 0 0 0 0 0 643752 643686 643649 643569 643711 643702 643648 0 0 643646 0 0 643679 643692 0 643628 643752 643672 0 643607 0 0 0 0 0 643691 643595 0 643321 0 643654 643668 643643 643712 643694 643582 643593 0 0 0 643293 0 0 0 643598 643580 643588 643720 0 0 643718 643570 0 0 0 643289 0 0 643632 643609 0 0 0 0 643575 0 643553 643541 643469 0 643211 643498 0 0 643598 
0 643171 643177 0 643129 643275 643261 643187 643276 0 643051 643045 0 643181 643001 643349 0 642953 642967 0 643373 0 0 642945 642967 642935 0 643373 643373 0 643229 643079 642913 642921 642935 642927 642887 643325 0 0 642895 642881 0 0 0 0 0 643325 0 0 0 0 0 643109 642885 642811 642825 643339 643373 643301 0 0 642805 0 0 643291 643339 0 643301 643013 642857 0 642753 0 0 0 0 0 642895 642703 0 642721 0 643195 643373 643373 643037 642893 642677 642715 0 0 0 642693 0 0 0 643349 643301 643301 643013 0 0 642941 642653 0 0 0 642665 0 0 643361 643373 0 0 0 0 642663 0 642627 642627 642615 0 642659 642889 0 0 643361 
0 644701 644710 0 644638 644857 644836 644725 644860 0 644521 644512 644854 644716 644446 644995 0 644374 644395 645055 645069 644921 644892 644362 644395 644347 645016 645067 645091 645100 644840 644563 644314 644326 644347 644335 644275 644903 644578 0 644287 644266 645026 645078 0 645017 645032 644846 645039 645031 0 645043 644705 644672 644272 644161 644182 645043 645017 644699 0 644062 644152 644104 0 644948 644987 644996 644639 644520 644230 644095 644074 0 644506 0 0 0 644287 643999 644020 644026 0 644827 644915 644827 644495 644296 643960 644017 643990 643960 0 643984 0 0 644831 644621 644495 644519 644483 644462 0 644412 643924 643924 0 643918 643942 0 644753 644807 644690 644462 0 0 0 643939 643861 643885 643885 643867 0 643933 644302 0 0 644705 
0 0 642495 0 0 642522 642579 0 0 0 0 0 0 642558 0 0 0 0 0 0 0 0 0 0 0 0 0 0 0 0 642661 0 0 0 642360 642340 0 0 0 0 0 0 0 0 0 0 0 0 0 0 0 0 0 642598 0 0 0 0 0 0 0 0 0 0 0 642543 0 0 0 642534 0 0 642238 0 0 0 0 0 0 0 0 0 0 0 0 0 642565 0 0 642224 0 0 0 0 0 0 0 642627 0 0 0 0 0 0 0 0 0 0 642030 0 0 0 0 0 0 0 0 642244 0 0 0 0 0 641942 0 0 0 642579 
0 644314 644272 0 644320 644265 644315 644329 644315 0 644194 644284 0 644387 644381 644238 0 644370 644254 0 644189 0 0 644350 644360 644222 0 644169 644157 0 644269 644445 644366 644362 644328 644307 644222 644119 0 0 644312 644274 0 0 0 0 0 644081 0 0 0 0 0 644395 644350 644276 644218 644039 644021 644031 0 0 644294 0 0 643975 644001 0 643991 644363 644342 0 644206 0 0 0 0 0 644349 644216 0 643864 0 643925 643953 643925 644277 644337 644190 644192 0 0 0 643836 0 0 0 643883 643895 643911 644281 0 0 644327 644178 0 0 0 643856 0 0 643881 643881 0 0 0 0 644212 0 644152 644140 644068 0 643706 643730 0 0 643813 
0 0 640358 0 0 640284 640346 0 0 0 0 0 0 640470 0 0 0 0 0 0 0 0 0 640554 0 0 0 0 0 0 640314 0 640686 640670 640496 640440 0 640072 0 0 640552 0 0 0 0 0 0 640034 0 0 0 0 0 640478 0 640592 0 0 0 0 0 0 640586 0 0 639736 0 0 0 640586 640626 0 640526 0 0 0 0 0 640592 0 0 0 0 0 0 639806 640468 640538 640458 640496 0 0 0 639946 0 0 0 639812 0 0 0 0 0 0 0 0 0 0 639986 0 0 639714 639786 0 0 0 0 640444 0 0 640408 0 0 639768 639312 0 0 639646 
0 0 640222 0 0 640092 640154 0 0 0 0 0 0 640300 0 0 0 0 0 0 0 0 0 640454 0 0 0 0 0 0 640126 0 640542 640550 640396 640340 0 639880 0 0 640452 0 0 0 0 0 0 639842 0 0 0 0 0 640308 0 640510 0 0 0 0 0 0 640550 0 0 639544 0 0 0 640418 640526 0 640428 0 0 0 0 0 640488 0 0 0 0 0 0 639614 640298 640458 640472 640438 0 0 0 639824 0 0 0 639620 0 0 0 0 0 0 0 0 0 0 639868 0 0 639522 639594 0 0 0 0 640530 0 0 640422 0 0 639646 639190 0 0 639454 
0 0 629497 0 0 0 629375 0 0 0 0 0 0 629459 0 0 0 0 0 0 0 0 0 0 0 0 0 0 0 0 0 0 0 0 629618 0 0 0 0 0 0 0 0 0 0 0 0 0 0 0 0 0 0 629309 0 0 0 0 0 0 0 0 0 0 0 0 0 0 0 0 0 0 0 0 0 0 0 0 0 0 0 0 0 0 0 0 0 0 0 629427 0 0 0 0 0 0 0 628199 0 0 0 0 0 0 0 0 0 0 0 0 0 0 0 0 0 0 0 629255 0 0 0 0 0 629030 0 0 0 628181 
0 0 641816 0 0 0 641676 0 0 0 0 0 0 641836 0 0 0 0 0 0 0 0 0 0 0 0 0 0 0 0 0 0 0 0 642072 642040 0 0 0 0 0 0 0 0 0 0 0 0 0 0 0 0 0 641754 0 0 0 0 0 0 0 0 0 0 0 640936 0 0 0 0 0 0 641998 0 0 0 0 0 0 0 0 0 0 0 0 0 641590 0 0 641960 0 0 0 0 0 0 0 640752 0 0 0 0 0 0 0 0 0 0 641540 0 0 0 0 0 0 0 0 641876 0 0 0 0 0 641318 0 0 0 640612 
0 644264 644258 0 644306 644160 644174 644248 644158 0 644384 644390 0 644254 644380 644068 0 644356 644462 0 644018 0 0 644388 644390 644494 0 644002 643986 0 644098 644278 644324 644340 644422 644454 644518 643948 0 0 644414 644476 0 0 0 0 0 643910 0 0 0 0 0 644184 644328 644402 644532 643868 643850 643860 0 0 644360 0 0 643804 643830 0 643820 644200 644308 0 644484 0 0 0 0 0 644270 644414 0 644224 0 643754 643782 643754 644102 644240 644440 644474 0 0 0 644196 0 0 0 643712 643724 643740 644118 0 0 644200 644440 0 0 0 644216 0 0 643710 643710 0 0 0 0 644382 0 644466 644490 644448 0 644066 643792 0 0 643642 
0 0 643039 0 0 643052 643081 0 0 0 0 0 0 643041 0 0 0 0 0 0 0 0 0 642918 0 0 0 0 0 0 643119 0 642907 642911 642896 642876 0 643158 0 0 642880 0 0 0 0 0 0 643157 0 0 0 0 0 643037 0 642844 0 0 0 0 0 0 642853 0 0 643038 0 0 0 642981 642879 0 642774 0 0 0 0 0 642898 0 0 0 0 0 0 643079 643042 642901 642758 642760 0 0 0 642582 0 0 0 643058 0 0 0 0 0 0 0 0 0 0 642566 0 0 643057 643057 0 0 0 0 642780 0 0 642708 0 0 642512 642776 0 0 643023 
0 643176 643146 0 643170 643170 643207 643192 643199 0 643056 643122 643201 643243 643186 643154 0 643176 643080 643132 643129 643124 643163 643156 643166 643048 643114 643121 643113 643110 643169 643266 643172 643168 643134 643112 643036 643094 643271 0 643118 643080 643086 643082 0 643084 643089 643075 643073 643081 0 643069 643196 643229 643156 643082 643024 643054 643045 643050 0 643052 643100 643044 0 643022 643035 643038 643030 643189 643152 643014 643012 0 642956 0 0 0 643174 643022 642866 642726 0 642997 643011 642997 643152 643149 642996 642998 642932 642790 0 642698 0 0 642984 642976 642982 642990 643148 643141 0 643153 642984 642948 0 642848 642706 0 642975 642975 642975 642971 0 0 0 643018 642978 642958 642946 642874 0 642592 642856 0 0 642941 
644945 644919 644937 644953 644937 644887 644853 644903 644837 644981 644963 644981 644817 644861 644969 644817 644795 644945 644951 644773 644767 644711 644741 644977 644979 644919 644737 644751 644735 644729 644729 644867 644913 644929 644981 644959 644895 644675 644857 644981 644981 644937 644681 644673 644693 644677 644687 644637 644655 644671 644649 644647 644711 644773 644893 644957 644881 644617 644599 644563 644873 644885 644877 644949 644597 644553 644579 644585 644523 644789 644825 644919 644929 644545 644549 644563 644557 644683 644787 644861 644725 644633 644525 644503 644531 644503 644691 644733 644853 644891 644825 644661 644623 644605 644559 644507 644477 644461 644427 644443 644707 644717 644729 644741 644829 644829 644835 644705 644601 644571 644459 644459 644459 644405 644695 644719 644689 644779 644765 644803 644803 644791 644771 644523 644541 644437 644437 644391 
0 0 641954 0 0 641895 641885 0 0 0 0 0 0 641929 0 0 0 0 0 0 0 0 0 642070 0 0 0 0 0 0 641785 0 642054 642062 642074 642062 0 641683 0 0 642095 0 0 0 0 0 0 641645 0 0 0 0 0 641889 0 642093 0 0 0 0 0 0 642072 0 0 641635 0 0 0 641933 642041 0 642102 0 0 0 0 0 642003 0 0 0 0 0 0 641525 641835 641973 642102 642102 0 0 0 641969 0 0 0 641459 0 0 0 0 0 0 0 0 0 0 641979 0 0 641505 641469 0 0 0 0 642083 0 0 642102 0 0 641904 641721 0 0 641437 
0 644594 644588 0 644636 644490 644504 644578 644488 0 644714 644720 0 644584 644758 644398 0 644734 644798 0 644348 0 0 644766 644768 644814 0 644332 644316 0 644428 644656 644702 644718 644800 644832 644828 644278 0 0 644792 644854 0 0 0 0 0 644240 0 0 0 0 0 644562 644706 644780 644832 644198 644180 644190 0 0 644738 0 0 644134 644160 0 644150 644578 644686 0 644856 0 0 0 0 0 644648 644792 0 644470 0 644084 644112 644084 644480 644618 644818 644852 0 0 0 644442 0 0 0 644042 644054 644070 644496 0 0 644578 644818 0 0 0 644462 0 0 644040 644040 0 0 0 0 644760 0 644844 644856 644742 0 644312 644122 0 0 643972 
0 639522 639519 0 639471 639642 639645 639546 639667 0 639342 639357 639663 639561 639327 639757 0 639291 639252 639790 639807 639640 639622 639267 639288 639204 639813 639811 639825 639804 639586 639456 639267 639267 639240 639216 639144 639628 639471 0 639204 639159 639840 639820 0 639704 639714 639590 639826 639835 0 639722 639496 639510 639237 639126 639075 639788 639710 639492 0 639063 639141 639069 0 639748 639750 639696 639452 639425 639219 639036 639027 0 639546 0 0 0 639276 639012 638889 638847 0 639746 639642 639578 639356 639291 638973 638994 638919 638817 0 638805 0 0 639720 639440 639356 639372 639348 639334 0 639353 638949 638913 0 638811 638775 0 639714 639606 639486 639334 0 0 0 638988 638922 638910 638898 638820 0 638730 639354 0 0 639538 
0 644445 644463 0 644391 644585 644547 644461 644563 0 644288 644279 644547 644431 644213 644689 0 644131 644162 644745 644763 644576 644549 644129 644162 644114 644791 644789 644805 644790 644495 644281 644055 644075 644114 644102 644042 644558 644291 0 644054 644033 644835 644832 0 644672 644687 644501 644847 644845 0 644699 644360 644355 644015 643928 643949 644820 644697 644354 0 643829 643911 643871 0 644774 644763 644676 644294 644215 643963 643862 643841 0 644587 0 0 0 644001 643766 643787 643793 0 644773 644595 644483 644150 643995 643727 643784 643757 643727 0 643751 0 0 644756 644276 644150 644174 644138 644117 0 644107 643691 643691 0 643685 643709 0 644751 644535 644345 644117 0 0 0 643706 643628 643652 643652 643634 0 643700 644446 0 0 644433 
643896 643898 643892 643852 643868 643966 643976 643914 643992 643802 643778 643796 644000 643932 643788 644046 644022 643776 643730 644078 644072 644035 644026 643756 643766 643698 644049 644076 644092 644109 644008 643878 643772 643768 643734 643714 643662 644029 643888 643714 643718 643680 644057 644108 644123 644067 644072 644010 644081 644067 644084 644076 643963 643968 643756 643682 643624 644068 644076 643961 643740 643652 643700 643644 643757 644012 644049 644069 643941 643908 643752 643614 643612 643665 643709 643887 643893 643925 643790 643622 643492 643448 643781 643939 644042 644004 643893 643808 643596 643598 643532 643440 643426 643420 643603 643607 643926 643935 643893 643901 643889 643882 643888 643872 643584 643548 643554 643448 643404 643575 643891 644001 643958 643882 643871 643883 643816 643618 643578 643558 643546 643474 643454 643362 643573 643581 643677 643967 
0 643249 643255 0 643207 643353 643339 643265 643355 0 643129 643123 643351 643259 643079 643444 0 643031 643045 643476 643445 643455 643407 643023 643045 643013 643379 643413 643429 643483 643383 643157 642991 642999 643013 643005 642965 643479 643167 0 642973 642959 643387 643443 0 643514 643514 643479 643413 643397 0 643501 643311 643251 642963 642889 642903 643429 643477 643455 0 642823 642883 642851 0 643381 643429 643477 643455 643139 642935 642845 642831 0 643039 0 0 0 642973 642781 642795 642799 0 643277 643477 643501 643191 642979 642755 642793 642775 642755 0 642771 0 0 643285 643502 643455 643455 643167 643143 0 643067 642731 642731 0 642727 642743 0 643225 643453 643514 643455 0 0 0 642741 642689 642705 642705 642693 0 642737 642903 0 0 643453 
0 642357 642372 0 642324 642445 642414 642365 642422 0 642297 642270 642408 642338 642212 642503 0 642152 642219 642530 642509 642485 642446 642160 642183 642203 642476 642493 642501 642528 642422 642239 642096 642112 642167 642175 642167 642491 642244 0 642123 642140 642480 642508 0 642546 642551 642472 642493 642485 0 642531 642341 642286 642070 642033 642112 642512 642507 642411 0 641964 642006 642014 0 642484 642497 642500 642391 642182 642032 642035 642016 0 642269 0 0 0 642051 641931 642082 642132 0 642425 642473 642459 642211 642042 641918 641973 642012 642074 0 642118 0 0 642438 642409 642343 642351 642195 642176 0 642110 641894 641930 0 642024 642092 0 642386 642437 642437 642332 0 0 0 641875 641837 641881 641893 641947 0 642125 642165 0 0 642403 
0 0 643483 0 0 643532 643525 0 0 0 0 0 0 643485 0 0 0 0 0 0 0 0 0 643367 0 0 0 0 0 0 643563 0 643351 643355 643362 643358 0 643634 0 0 643342 0 0 0 0 0 0 643615 0 0 0 0 0 643481 0 643300 0 0 0 0 0 0 643297 0 0 643488 0 0 0 643425 643323 0 643271 0 0 0 0 0 643342 0 0 0 0 0 0 643567 643486 643345 643233 643252 0 0 0 643241 0 0 0 643540 0 0 0 0 0 0 0 0 0 0 643227 0 0 643521 643551 0 0 0 0 643226 0 0 643208 0 0 643224 643098 0 0 643487 
0 643850 643859 0 643787 644006 643985 643874 644009 0 643670 643661 644003 643865 643595 644144 0 643523 643544 644210 644219 644073 644046 643511 643544 643496 644253 644243 644267 644276 643992 643712 643463 643475 643496 643484 643424 644055 643727 0 643436 643415 644323 644345 0 644169 644184 643998 644362 644338 0 644196 643857 643852 643421 643310 643331 644342 644196 643851 0 643211 643301 643253 0 644292 644285 644175 643791 643685 643379 643244 643223 0 643943 0 0 0 643436 643148 643169 643175 0 644245 644094 643980 643647 643445 643109 643166 643139 643109 0 643133 0 0 644226 643773 643647 643671 643635 643614 0 643577 643073 643073 0 643067 643091 0 644197 644047 643842 643614 0 0 0 643088 643010 643034 643034 643016 0 643082 643775 0 0 643945 
0 644636 644645 0 644573 644792 644771 644660 644795 0 644456 644447 644789 644651 644381 644930 0 644309 644330 644996 645005 644846 644819 644297 644330 644282 645038 645029 645053 645060 644765 644498 644249 644261 644282 644270 644210 644828 644513 0 644222 644201 645098 645124 0 644942 644957 644771 645133 645113 0 644969 644630 644631 644207 644096 644117 645104 644969 644624 0 643997 644087 644039 0 645034 645047 644948 644564 644471 644165 644030 644009 0 644602 0 0 0 644222 643934 643955 643961 0 644947 644867 644753 644420 644231 643895 643952 643925 643895 0 643919 0 0 644920 644546 644420 644444 644408 644387 0 644363 643859 643859 0 643853 643877 0 644873 644819 644615 644387 0 0 0 643874 643796 643820 643820 643802 0 643868 644398 0 0 644717 
644683 644660 644667 644603 644619 644748 644717 644668 644725 644553 644541 644535 644711 644641 644491 644806 644722 644443 644457 644840 644843 644765 644735 644435 644457 644425 644858 644851 644859 644862 644705 644542 644399 644411 644425 644417 644377 644753 644547 644357 644385 644371 644886 644890 644880 644829 644839 644715 644899 644891 644902 644835 644621 644589 644373 644301 644315 644902 644823 644617 644347 644235 644295 644263 644736 644870 644875 644809 644577 644485 644335 644257 644243 644673 644712 644801 644804 644545 644354 644193 644207 644211 644748 644831 644755 644691 644481 644345 644167 644205 644187 644167 644177 644183 644611 644615 644832 644565 644481 644497 644473 644459 644453 644413 644143 644143 644149 644139 644155 644583 644805 644719 644611 644459 644436 644424 644331 644153 644101 644117 644117 644105 644085 644149 644581 644588 644660 644651 
0 644805 644811 0 644763 644909 644895 644821 644911 0 644685 644679 644907 644815 644635 645001 0 644587 644601 645045 645049 645029 644981 644579 644601 644569 645027 645041 645057 645087 644957 644713 644547 644555 644569 644561 644521 645053 644723 0 644529 644515 645035 645091 0 645101 645101 645015 645061 645045 0 645123 644885 644807 644519 644445 644459 645095 645121 644917 0 644379 644439 644407 0 645047 645095 645107 644877 644695 644491 644401 644387 0 644687 0 0 0 644529 644337 644351 644355 0 644925 645053 645001 644765 644535 644311 644349 644331 644311 0 644327 0 0 644951 644865 644781 644797 644741 644717 0 644623 644287 644287 0 644283 644299 0 644873 645001 644911 644759 0 0 0 644297 644245 644261 644261 644249 0 644293 644551 0 0 644933 
644776 644850 644808 644840 644856 644810 644892 644866 644908 644790 644730 644820 644952 644956 644849 644854 644974 644812 644768 644850 644808 644996 645028 644804 644826 644736 644742 644776 644792 644846 645059 644938 644772 644780 644794 644775 644712 644962 644948 644726 644754 644740 644750 644806 644834 644928 644923 644928 644776 644760 644782 644901 645094 645032 644744 644670 644684 644814 644865 644878 644716 644604 644664 644632 644450 644774 644831 644854 644838 644920 644716 644626 644612 644358 644402 644580 644586 645074 644754 644562 644542 644400 644474 644640 644800 644772 645006 644760 644536 644574 644556 644478 644414 644372 644296 644300 644666 644730 644742 644758 644986 644957 644908 644848 644512 644512 644518 644508 644392 644268 644588 644728 644728 644720 644932 644870 644756 644522 644470 644486 644486 644474 644454 644242 644266 644274 644370 644660 
0 0 630956 0 0 0 631042 0 0 0 0 0 0 631142 0 0 0 0 0 0 0 0 0 0 0 0 0 0 0 0 0 0 0 0 0 0 0 0 0 0 0 0 0 0 0 0 0 0 0 0 0 0 0 631354 0 0 0 0 0 0 0 0 0 0 0 0 0 0 0 0 0 0 0 0 0 0 0 0 0 0 0 0 0 0 0 0 0 0 0 630776 0 0 0 0 0 0 0 630766 0 0 0 0 0 0 0 0 0 0 0 0 0 0 0 0 0 0 0 630698 0 0 0 0 0 630107 0 0 0 630620 
0 643547 643502 0 0 643429 643484 0 0 0 643487 0 0 643596 643652 0 0 0 643587 0 643286 0 0 643672 643659 643571 0 0 0 0 643494 0 643752 643732 643643 643615 0 643323 0 0 643671 0 0 0 0 0 0 643304 0 0 0 0 0 643622 643762 643725 0 0 643178 0 0 0 643734 0 0 643059 643120 0 0 643678 643744 0 643672 0 0 0 0 0 643725 643683 0 643168 0 0 0 643154 643617 643698 643670 643689 0 0 0 643126 0 0 0 643181 0 0 643637 0 0 0 643658 0 0 0 643156 0 0 643084 643156 0 0 0 0 643663 0 643645 643645 643603 0 642931 642727 0 0 643050 
0 0 643988 0 0 643915 643946 0 0 0 0 0 0 644022 0 0 0 0 0 0 0 0 0 644200 0 0 0 0 0 0 643932 0 644251 644248 644179 644126 0 643809 0 0 644231 0 0 0 0 0 0 643790 0 0 0 0 0 644074 0 644278 0 0 0 0 0 0 644233 0 0 643641 0 0 0 644178 644207 0 644227 0 0 0 0 0 644188 0 0 0 0 0 0 643676 644105 644161 644211 644213 0 0 0 643652 0 0 0 643679 0 0 0 0 0 0 0 0 0 0 643672 0 0 643630 643666 0 0 0 0 644184 0 0 644161 0 0 643522 643503 0 0 643596 
0 644830 644824 0 644872 644726 644740 644814 644724 0 644950 644956 0 644820 645000 644634 0 644920 645034 0 644584 0 0 644976 645002 645066 0 644568 644552 0 644664 644890 644816 644856 645034 645074 645114 644514 0 0 644978 645088 0 0 0 0 0 644476 0 0 0 0 0 644796 644796 644870 645144 644434 644416 644426 0 0 644780 0 0 644370 644396 0 644386 644716 644728 0 644976 0 0 0 0 0 644690 644786 0 644824 0 644320 644348 644320 644642 644636 644812 644918 0 0 0 644796 0 0 0 644278 644290 644306 644634 0 0 644644 644788 0 0 0 644816 0 0 644276 644276 0 0 0 0 644682 0 644814 644862 644974 0 644666 644358 0 0 644208 
0 644245 644230 0 0 644329 644356 0 0 0 644065 0 0 644308 644110 0 0 0 644011 0 644470 0 0 644074 644083 643963 0 0 0 0 644484 0 644058 644070 644035 643999 0 644537 0 0 644023 0 0 0 0 0 0 644518 0 0 0 0 0 644392 644016 643905 0 644599 644584 0 0 0 643896 0 0 644617 644618 0 0 644280 643974 0 643818 0 0 0 0 0 644031 643743 0 643570 0 0 0 644512 644385 644040 643704 643761 0 0 0 643528 0 0 0 644443 0 0 644347 0 0 0 643668 0 0 0 643510 0 0 644538 644466 0 0 0 0 643683 0 643629 643629 643611 0 643429 643921 0 0 644504 
0 642071 642062 0 0 642087 642104 0 0 0 642011 0 0 642100 642046 0 0 0 642005 0 642122 0 0 642042 642041 641989 0 0 0 0 642166 0 642074 642066 642025 642009 0 642193 0 0 642029 0 0 0 0 0 0 642197 0 0 0 0 0 642144 0 642035 0 0 642194 0 0 0 642056 0 0 642149 0 0 0 642136 642082 0 641994 0 0 0 0 0 642101 642024 0 641846 0 0 0 642157 642185 642116 642011 641999 0 0 0 641832 0 0 0 642112 0 0 642177 0 0 0 641999 0 0 0 641830 0 0 642159 642123 0 0 0 0 642004 0 641986 641986 0 0 641791 641891 0 0 642125 
0 642998 642992 0 642968 643030 643076 643014 643092 0 642878 642896 0 643032 642888 643086 0 642876 642830 0 643064 0 0 642856 642866 642798 0 643044 643060 0 643176 642978 642872 642868 642834 642814 642762 643242 0 0 642818 642780 0 0 0 0 0 643280 0 0 0 0 0 643072 642856 642782 642724 643106 643196 643342 0 0 642800 0 0 643098 643144 0 643322 643008 642852 0 642712 0 0 0 0 0 642890 642722 0 642548 0 643004 643264 643289 643118 642908 642696 642698 0 0 0 642520 0 0 0 643268 643274 643282 643090 0 0 642972 642684 0 0 0 642504 0 0 643267 643267 0 0 0 0 642706 0 642658 642646 642574 0 642450 642714 0 0 643233 
643501 643514 643511 643533 643535 643462 643469 643506 643461 643483 643435 643501 643463 643509 643565 643416 643452 643621 643459 643383 643368 643386 643425 643581 643567 643427 643329 643348 643340 643349 643431 643560 643643 643639 643535 643491 643415 643356 643555 643611 643567 643481 643289 643297 643319 643335 643340 643337 643276 643284 643273 643308 643458 643513 643657 643627 643425 643257 643272 643312 643661 643611 643657 643589 643151 643201 643238 643265 643292 643569 643637 643511 643533 643089 643103 643158 643155 643468 643618 643581 643245 643105 643103 643128 643238 643236 643508 643591 643555 643557 643405 643169 643107 643077 643050 643046 643115 643238 643244 643252 643528 643545 643575 643595 643543 643507 643513 643249 643085 643022 643082 643190 643226 643233 643558 643584 643569 643577 643537 643517 643505 643395 643375 642971 643020 642987 643011 643156 
0 644503 644494 0 644566 644347 644368 644479 644344 0 644539 644666 644350 644488 644758 644209 0 644830 644629 644143 644134 644119 644236 644836 644801 644581 644089 644110 644086 644077 644254 644641 644890 644878 644797 644713 644581 644029 644626 0 644879 644716 644005 643993 0 643999 644014 643972 643966 643990 0 643954 644335 644500 644932 645023 644632 643909 643882 643897 0 645102 645050 644986 0 643813 643852 643861 643837 644668 644972 644833 644884 0 643807 0 0 0 644915 645117 644326 644044 0 643738 643780 643738 644485 644882 645080 644971 644656 644194 0 644002 0 0 643699 643675 643693 643717 644545 644596 0 644776 645078 644948 0 644368 644032 0 643672 643672 643672 643660 0 0 0 645035 645011 645039 645005 644677 0 643807 643791 0 0 643570 
0 0 640266 0 0 640120 640182 0 0 0 0 0 0 640304 0 0 0 0 0 0 0 0 0 640504 0 0 0 0 0 0 640148 0 640572 640564 640476 640420 0 639908 0 0 640528 0 0 0 0 0 0 639870 0 0 0 0 0 640312 0 640624 0 0 0 0 0 0 640670 0 0 639572 0 0 0 640424 640626 0 640534 0 0 0 0 0 640588 0 0 0 0 0 0 639642 640302 640558 640632 640592 0 0 0 639928 0 0 0 639648 0 0 0 0 0 0 0 0 0 0 639966 0 0 639550 639622 0 0 0 0 640582 0 0 640582 0 0 639750 639262 0 0 639482 
0 642119 642092 0 642164 641995 642050 642111 642042 0 642157 642230 0 642162 642324 641924 0 642420 642259 0 641850 0 641990 642400 642365 642243 0 641820 641806 0 642014 642309 642484 642468 642381 642335 642267 641816 0 0 642449 642360 0 0 0 0 0 641778 0 0 0 0 0 642238 642483 642520 642332 641664 641670 641740 0 0 642475 642527 0 641576 641626 641656 641700 642382 642449 0 642508 0 641431 0 0 0 642430 642462 0 641923 0 641478 641602 641586 642260 642399 642463 642498 0 0 0 641895 0 0 0 641568 641604 641620 642300 0 0 642391 642439 642467 0 642211 641927 0 641410 641518 641554 0 0 0 0 642374 0 642426 642438 642439 0 641741 641355 0 0 641450 
644627 644587 644607 644551 644559 644631 644549 644575 644533 644526 644532 644505 644489 644485 644447 644587 644467 644387 644454 644591 644633 644431 644413 644395 644418 644438 644676 644654 644638 644595 644377 644395 644321 644347 644402 644410 644402 644419 644385 644320 644358 644375 644656 644612 644596 644495 644505 644381 644630 644646 644624 644513 644287 644301 644299 644268 644347 644592 644502 644283 644275 644199 644241 644249 644858 644600 644554 644488 644243 644221 644233 644270 644251 644825 644834 644754 644748 644211 644195 644166 644256 644260 644798 644694 644434 644369 644147 644141 644153 644208 644236 644216 644226 644232 644794 644796 644668 644231 644147 644163 644139 644125 644137 644149 644129 644165 644168 644188 644204 644780 644720 644398 644277 644125 644103 644127 644097 644110 644072 644116 644128 644154 644134 644198 644779 644760 644758 644330 
0 0 644227 0 0 0 644353 0 0 0 0 0 0 644279 0 0 0 0 0 0 0 0 0 0 0 0 0 0 0 0 0 0 0 0 643910 0 0 0 0 0 0 0 0 0 0 0 0 0 0 0 0 0 0 644265 0 0 0 0 0 0 0 0 0 0 0 644586 0 0 0 0 0 0 643637 0 0 0 0 0 0 0 0 0 0 0 0 0 644172 0 0 643580 0 0 0 0 0 0 0 644408 0 0 0 0 0 0 0 0 0 0 0 0 0 0 0 0 0 0 0 643502 0 0 0 0 0 643426 0 0 0 644469 
0 640159 640156 0 0 640279 640282 0 0 0 639979 0 0 640198 639964 0 0 0 639889 0 640456 0 0 639904 639925 639841 0 0 0 0 640420 0 639904 639904 639877 639853 0 640530 0 0 639841 0 0 0 0 0 0 640500 0 0 0 0 0 640234 0 639763 0 0 640625 0 0 0 639778 0 0 640607 640669 0 0 640114 639856 0 639664 0 0 0 0 0 639913 639649 0 639484 0 0 0 640488 640250 639934 639610 639631 0 0 0 639442 0 0 0 640350 0 0 640224 0 0 0 639586 0 0 0 639412 0 0 640540 640396 0 0 0 0 639625 0 639547 639535 0 0 639367 639968 0 0 640472 
0 639426 639435 0 639363 639582 639561 639450 639585 0 639246 639237 0 639441 639171 639720 0 639099 639120 0 639757 0 0 639087 639120 639072 0 639747 639771 0 639675 639288 639039 639051 639072 639060 639000 639900 0 0 639012 638991 0 0 0 0 0 639913 0 0 0 0 0 639429 638997 638886 638907 639853 639975 639877 0 0 638877 0 0 639829 639910 639985 639877 639261 638955 0 638799 0 0 0 0 0 639012 638724 0 638751 0 639664 639985 639983 639444 639021 638685 638742 0 0 0 638709 0 0 0 639949 639877 639877 639384 0 0 639153 638649 638649 0 638643 638667 0 0 639975 639971 0 0 0 0 638664 0 638610 638610 638592 0 638658 639071 0 0 639975 
0 644355 644347 0 644304 644446 644473 644379 644497 0 644175 644190 0 644394 644141 644549 0 644069 644085 0 644506 0 0 644057 644090 644037 0 644470 644494 0 644616 644258 644009 644021 644042 644030 643970 644764 0 0 643982 643961 0 0 0 0 0 644821 0 0 0 0 0 644399 643967 643856 643877 644528 644698 644920 0 0 643847 0 0 644480 644585 0 644958 644231 643925 0 643769 0 0 0 0 0 643982 643694 0 643680 0 644267 644800 644899 644414 643991 643655 643712 0 0 0 643638 0 0 0 644903 644836 644860 644354 0 0 644123 643619 0 0 0 643608 0 0 644836 644914 0 0 0 0 643634 0 643580 643580 643562 0 643546 643706 0 0 644837 
0 0 643666 0 0 643671 643876 0 0 0 0 0 0 644036 0 0 0 0 0 0 0 0 0 0 0 0 0 0 0 0 643974 0 0 0 643875 643759 0 0 0 0 0 0 0 0 0 0 0 0 0 0 0 0 0 644314 0 0 0 0 0 0 0 0 0 0 0 643245 0 0 0 644432 0 0 643834 0 0 0 0 0 0 0 0 0 0 0 0 0 644281 0 0 643843 0 0 0 0 0 0 0 643275 0 0 0 0 0 0 0 0 0 0 642626 0 0 0 0 0 0 0 0 643973 0 0 0 0 0 642251 0 0 0 643074 
0 0 640271 0 0 640225 640315 0 0 0 0 0 0 640437 0 0 0 0 0 0 0 0 0 640465 0 0 0 0 0 0 640281 0 640625 640585 640407 640351 0 640041 0 0 640463 0 0 0 0 0 0 640003 0 0 0 0 0 640445 0 640571 0 0 0 0 0 0 640635 0 0 639705 0 0 0 640557 640687 0 640465 0 0 0 0 0 640697 0 0 0 0 0 0 639775 640435 640667 640539 640521 0 0 0 639859 0 0 0 639781 0 0 0 0 0 0 0 0 0 0 639897 0 0 639683 639755 0 0 0 0 640525 0 0 640489 0 0 639681 639225 0 0 639615 
0 644466 644457 0 644529 644310 644331 644442 644307 0 644646 644655 644313 644451 644721 644172 0 644793 644769 644106 644097 644082 644199 644805 644772 644777 644052 644073 644049 644040 644217 644604 644772 644808 644820 644832 644813 643992 644589 0 644880 644884 643968 643956 0 643962 643977 643935 643929 643953 0 643917 644298 644463 644765 644876 644880 643872 643845 643860 0 644784 644765 644933 0 643776 643815 643824 643800 644598 644687 644996 644984 0 643770 0 0 0 644630 644775 644591 644309 0 643701 643743 643701 644447 644550 644814 644945 644920 644459 0 644267 0 0 643662 643638 643656 643680 644475 644478 0 644549 644778 644923 0 644633 644297 0 643635 643635 643635 643623 0 0 0 644619 644625 644810 644852 644861 0 644072 643758 0 0 643533 
0 0 629919 0 0 0 629751 0 0 0 0 0 0 629875 0 0 0 0 0 0 0 0 0 0 0 0 0 0 0 0 0 0 0 0 630312 0 0 0 0 0 0 0 0 0 0 0 0 0 0 0 0 0 0 629808 0 0 0 0 0 0 0 0 0 0 0 0 0 0 0 0 0 0 630519 0 0 0 0 0 0 0 0 0 0 0 0 0 629711 0 0 630536 0 0 0 0 0 0 0 628587 0 0 0 0 0 0 0 0 0 0 0 0 0 0 0 0 0 0 0 630361 0 0 0 0 0 629562 0 0 0 628521 
644697 644629 644669 644629 644621 644669 644587 644613 644571 644606 644594 644588 644527 644523 644531 644625 644505 644457 644510 644629 644671 644469 644451 644479 644502 644478 644737 644703 644687 644633 644415 644433 644359 644399 644478 644470 644430 644457 644423 644404 644438 644424 644729 644673 644645 644533 644543 644419 644703 644719 644697 644551 644325 644339 644339 644352 644368 644665 644551 644321 644319 644283 644315 644316 645028 644697 644627 644537 644281 644259 644271 644310 644296 645084 645052 644899 644893 644249 644233 644246 644260 644264 644992 644839 644483 644407 644185 644179 644220 644258 644240 644220 644230 644236 645084 645056 644813 644269 644185 644201 644177 644163 644175 644187 644196 644196 644202 644192 644208 645069 644890 644459 644315 644163 644141 644165 644135 644194 644154 644170 644170 644158 644138 644202 645057 644990 644990 644391 
0 643750 643774 0 643702 643845 643722 643750 643698 0 643636 643606 0 643626 643526 643779 0 643442 643516 0 643848 0 643518 643446 643480 643484 0 643896 643872 0 643464 643491 643354 643386 643448 643452 643424 643527 0 0 643384 643394 0 0 0 0 0 643470 0 0 0 0 0 643350 643318 643252 643338 643839 643668 643323 0 0 643222 643214 0 643887 643782 643647 643263 643230 643244 0 643206 0 644418 0 0 0 643191 643096 0 643306 0 644100 643566 643452 643119 643110 643070 643144 0 0 0 643278 0 0 0 643245 643119 643143 643107 0 0 643122 643034 643070 0 643162 643238 0 644178 643530 643314 0 0 0 0 643020 0 643008 643020 643068 0 643268 644320 0 0 643428 
644734 644712 644718 644654 644670 644800 644763 644720 644749 644604 644592 644586 644705 644693 644542 644803 644683 644494 644508 644807 644849 644647 644629 644486 644508 644476 644915 644881 644865 644811 644593 644594 644451 644462 644476 644468 644428 644635 644597 644408 644436 644422 644895 644851 644823 644711 644721 644597 644869 644885 644863 644729 644503 644517 644425 644352 644366 644831 644729 644499 644398 644286 644346 644314 644944 644839 644793 644715 644459 644437 644387 644308 644294 644887 644920 644969 644963 644427 644406 644244 644258 644262 644956 644909 644661 644585 644363 644357 644218 644256 644238 644218 644228 644234 644825 644829 644883 644447 644363 644379 644355 644341 644353 644365 644194 644194 644200 644190 644206 644797 644889 644637 644493 644341 644319 644343 644313 644204 644152 644168 644168 644156 644136 644200 644795 644803 644875 644569 
644147 644112 644127 644071 644079 644200 644169 644120 644171 644046 644052 644025 644137 644093 643967 644234 644126 643907 643974 644248 644281 644132 644099 643915 643938 643958 644338 644309 644301 644262 644069 643994 643851 643867 643922 643930 643922 644138 643999 643840 643878 643895 644346 644306 644280 644200 644205 644108 644333 644341 644330 644221 643988 643971 643825 643788 643867 644314 644233 644010 643799 643719 643761 643769 644445 644354 644295 644226 643970 643883 643787 643790 643771 644399 644421 644460 644457 643926 643806 643686 643837 643887 644457 644430 644172 644096 643858 643783 643673 643728 643767 643829 643858 643869 644368 644370 644417 643958 643874 643890 643842 643823 643817 643811 643649 643685 643688 643779 643841 644354 644444 644148 644004 643852 643800 643800 643749 643630 643592 643636 643648 643702 643692 643835 644353 644357 644405 644080 
644153 644191 644170 644181 644194 644171 644212 644199 644220 644131 644083 644149 644242 644244 644211 644193 644253 644199 644107 644191 644170 644271 644280 644179 644189 644075 644137 644154 644162 644189 644298 644263 644144 644160 644157 644137 644063 644241 644268 644113 644141 644103 644141 644169 644183 644231 644234 644222 644154 644146 644157 644216 644343 644310 644118 644057 644047 644173 644192 644197 644092 643991 644051 644019 643991 644157 644182 644185 644177 644230 644080 644013 643999 643945 643967 644056 644059 644327 644099 643949 643893 643753 644003 644086 644158 644144 644283 644090 643923 643961 643943 643817 643755 643725 643901 643916 644099 644123 644129 644137 644267 644242 644200 644158 643899 643899 643905 643871 643733 643873 644060 644122 644122 644118 644217 644169 644076 643909 643857 643873 643873 643861 643841 643619 643883 643903 643951 644088 
0 0 640196 0 0 640126 640222 0 0 0 0 0 0 640342 0 0 0 0 0 0 0 0 0 640396 0 0 0 0 0 0 640196 0 640556 640516 640338 640282 0 639950 0 0 640394 0 0 0 0 0 0 639912 0 0 0 0 0 640360 0 640502 0 0 0 0 0 0 640592 0 0 639614 0 0 0 640472 640630 0 640396 0 0 0 0 0 640630 0 0 0 0 0 0 639684 640350 640596 640476 640454 0 0 0 639784 0 0 0 639690 0 0 0 0 0 0 0 0 0 0 639828 0 0 639592 639664 0 0 0 0 640462 0 0 640426 0 0 639606 639150 0 0 639524 
0 642727 642712 0 0 642639 642670 0 0 0 642771 0 0 642746 642872 0 0 0 642837 0 642532 0 0 642924 642901 642821 0 0 0 0 642656 0 642982 642972 642917 642889 0 642533 0 0 642961 0 0 0 0 0 0 642514 0 0 0 0 0 642798 0 643033 0 0 642436 0 0 0 643036 0 0 642365 0 0 0 642902 643010 0 643012 0 0 0 0 0 642991 643085 0 642606 0 0 0 642400 642829 642988 643092 643041 0 0 0 642592 0 0 0 642403 0 0 642861 0 0 0 643092 0 0 0 642614 0 0 642354 642390 0 0 0 0 643069 0 643079 643067 0 0 642503 642227 0 0 642320 
0 644462 644453 0 644525 644306 644327 644438 644303 0 644642 644651 644309 644447 644641 644168 0 644498 644763 644102 644093 644078 644195 644582 644621 644811 644048 644069 644045 644036 644213 644453 644342 644402 644669 644752 644850 643988 644438 0 644585 644750 643964 643952 0 643958 643973 643931 643925 643949 0 643913 644256 644312 644312 644423 644834 643868 643841 643856 0 644306 644288 644480 0 643772 643811 643820 643796 644192 644210 644633 644582 0 643766 0 0 0 644153 644297 645050 644836 0 643697 643739 643697 644081 644072 644336 644495 644810 644981 0 644794 0 0 643658 643634 643652 643676 644069 644048 0 644084 644300 644516 0 645001 644824 0 643631 643631 643631 643619 0 0 0 644141 644147 644339 644411 644784 0 644599 643754 0 0 643529 
0 0 644326 0 0 644130 644158 0 0 0 644570 0 0 644118 0 0 0 0 0 0 0 0 0 644110 644162 644514 0 0 0 0 643902 0 643790 643870 644226 644338 0 643706 0 0 644114 0 0 0 0 0 0 643630 0 0 0 0 0 643750 0 643898 0 0 0 0 0 0 643718 0 0 643418 0 0 0 643590 643614 0 644110 0 0 0 0 0 643538 0 0 645122 0 0 0 643318 643442 643430 643782 643994 0 0 0 645066 0 0 0 643234 0 0 643426 0 0 0 0 0 0 0 645010 0 0 643230 643230 0 0 0 0 643522 0 0 643882 0 0 644814 643394 0 0 643094 
644705 644683 644689 644625 644641 644779 644731 644699 644729 644575 644563 644557 644685 644659 644513 644783 644663 644465 644479 644787 644829 644627 644609 644457 644479 644447 644895 644861 644845 644791 644573 644563 644425 644433 644447 644439 644399 644615 644563 644379 644407 644393 644887 644831 644803 644691 644701 644577 644861 644877 644855 644709 644483 644497 644397 644323 644337 644823 644709 644479 644369 644257 644317 644285 645099 644855 644785 644695 644439 644417 644369 644279 644265 645081 645125 645057 645051 644407 644371 644215 644229 644233 645139 644997 644641 644565 644343 644337 644189 644227 644209 644189 644199 644205 645019 645023 644971 644427 644343 644359 644335 644321 644333 644345 644165 644165 644171 644161 644177 644991 645049 644617 644473 644321 644299 644323 644293 644175 644123 644139 644139 644127 644107 644171 644989 644997 645069 644549 
0 643850 643865 0 643745 644110 644075 643890 644115 0 643550 643535 0 643875 643425 644340 0 643305 643340 0 644465 0 0 643285 643340 643260 0 644505 644545 0 644143 643620 643205 643225 643260 643240 643140 644272 0 0 643160 643125 0 0 0 0 0 644177 0 0 0 0 0 643855 643135 642950 642985 644753 644507 643932 0 0 642935 0 0 644856 644696 0 643832 643575 643065 0 642805 0 0 0 0 0 643160 642680 0 642725 0 644990 644337 644147 643592 643175 642615 642710 0 0 0 642655 0 0 0 643802 643592 643632 643568 0 0 643395 642555 0 0 0 642585 0 0 644277 643917 0 0 0 0 642580 0 642490 642490 642460 0 642570 644063 0 0 644107 
0 643148 643154 0 643106 643252 643238 643164 643254 0 643028 643022 0 643158 642978 643344 0 642930 642944 0 643394 0 0 642922 642944 642912 0 643410 643426 0 643314 643056 642890 642898 642912 642904 642864 643464 0 0 642872 642858 0 0 0 0 0 643488 0 0 0 0 0 643150 642862 642788 642802 643506 643562 643449 0 0 642782 0 0 643522 643544 0 643429 643038 642834 0 642730 0 0 0 0 0 642872 642680 0 642698 0 643476 643590 643540 643160 642878 642654 642692 0 0 0 642670 0 0 0 643447 643381 643389 643120 0 0 642966 642630 0 0 0 642642 0 0 643576 643482 0 0 0 0 642640 0 642604 642604 642592 0 642636 643270 0 0 643542 
0 0 642629 0 0 642678 642671 0 0 0 0 0 0 642631 0 0 0 0 0 0 0 0 0 642513 0 0 0 0 0 0 642709 0 642497 642501 642508 642504 0 642784 0 0 642488 0 0 0 0 0 0 642803 0 0 0 0 0 642627 0 642446 0 0 0 0 0 0 642443 0 0 642795 0 0 0 642571 642469 0 642417 0 0 0 0 0 642488 0 0 0 0 0 0 642880 642632 642491 642379 642398 0 0 0 642387 0 0 0 642816 0 0 0 0 0 0 0 0 0 0 642373 0 0 642878 642839 0 0 0 0 642372 0 0 642354 0 0 642370 642669 0 0 642852 
0 0 631262 0 0 0 631430 0 0 0 0 0 0 631527 0 0 0 0 0 0 0 0 0 0 0 0 0 0 0 0 0 0 0 0 631335 0 0 0 0 0 0 0 0 0 0 0 0 0 0 0 0 0 0 631811 0 0 0 0 0 0 0 0 0 0 0 0 0 0 0 0 0 0 631262 0 0 0 0 0 0 0 0 0 0 0 0 0 632007 0 0 631234 0 0 0 0 0 0 0 631417 0 0 0 0 0 0 0 0 0 0 0 0 0 0 0 0 0 0 0 631231 0 0 0 0 0 630130 0 0 0 631264 
0 0 640193 0 0 640147 640277 0 0 0 0 0 0 640365 0 0 0 0 0 0 0 0 0 640369 0 0 0 0 0 0 640277 0 640529 640489 640311 640255 0 640055 0 0 640367 0 0 0 0 0 0 640017 0 0 0 0 0 640441 0 640475 0 0 0 0 0 0 640565 0 0 639719 0 0 0 640553 640617 0 640369 0 0 0 0 0 640655 0 0 0 0 0 0 639789 640431 640687 640473 640427 0 0 0 639781 0 0 0 639795 0 0 0 0 0 0 0 0 0 0 639801 0 0 639697 639769 0 0 0 0 640459 0 0 640423 0 0 639603 639147 0 0 639629 
0 0 640335 0 0 640189 640251 0 0 0 0 0 0 640403 0 0 0 0 0 0 0 0 0 640639 0 0 0 0 0 0 640223 0 640671 640663 640637 640613 0 639977 0 0 640685 0 0 0 0 0 0 639939 0 0 0 0 0 640411 0 640773 0 0 0 0 0 0 640779 0 0 639641 0 0 0 640523 640727 0 640757 0 0 0 0 0 640689 0 0 0 0 0 0 639711 640401 640661 640819 640805 0 0 0 640055 0 0 0 639717 0 0 0 0 0 0 0 0 0 0 640095 0 0 639619 639691 0 0 0 0 640719 0 0 640819 0 0 639795 639365 0 0 639551 
0 0 0 0 0 0 0 0 0 0 0 0 0 0 0 0 0 0 0 0 0 0 0 0 0 0 0 0 0 0 0 0 0 0 0 0 0 0 0 0 0 0 0 0 0 0 0 0 0 0 0 0 0 0 0 0 0 0 0 0 0 0 0 0 0 0 0 0 0 0 0 0 0 0 0 0 0 0 0 0 0 0 0 0 0 0 0 0 0 644340 0 0 0 0 0 0 0 0 0 0 0 0 0 0 0 0 0 0 0 0 0 0 0 0 0 0 0 0 0 0 0 0 0 0 0 0 0 0 
0 644388 644379 0 644451 644232 644253 644364 644229 0 644568 644577 644235 644373 644643 644094 0 644687 644694 644028 644019 644004 644121 644722 644694 644742 643974 643995 643971 643962 644139 644526 644605 644653 644742 644754 644814 643914 644511 0 644774 644823 643890 643878 0 643884 643899 643857 643851 643875 0 643839 644220 644385 644587 644698 644907 643794 643767 643782 0 644593 644575 644755 0 643698 643737 643746 643722 644443 644497 644884 644845 0 643692 0 0 0 644440 644584 644759 644477 0 643623 643665 643623 644318 644359 644623 644782 644989 644627 0 644435 0 0 643584 643560 643578 643602 644320 644311 0 644371 644587 644803 0 644801 644465 0 643557 643557 643557 643545 0 0 0 644428 644434 644626 644698 644917 0 644240 643680 0 0 643455 
0 644412 644403 0 644475 644256 644277 644388 644253 0 644592 644588 644259 644384 644498 644118 0 644354 644679 644052 644043 644028 644145 644438 644477 644727 643998 644019 643995 643986 644163 644309 644198 644258 644525 644609 644741 643938 644294 0 644441 644606 643914 643902 0 643908 643923 643881 643875 643899 0 643863 644147 644168 644168 644279 644690 643818 643791 643806 0 644162 644144 644336 0 643722 643761 643770 643746 644048 644066 644489 644438 0 643716 0 0 0 644009 644153 644961 644909 0 643647 643689 643647 643937 643928 644192 644351 644666 644985 0 644885 0 0 643608 643584 643602 643626 643925 643904 0 643940 644156 644372 0 644891 644915 0 643581 643581 643581 643569 0 0 0 643997 644003 644195 644267 644645 0 644690 643704 0 0 643479 
644898 644909 644906 644938 644930 644857 644864 644901 644856 644963 644969 644972 644858 644904 644924 644811 644847 644876 644989 644789 644786 644781 644820 644904 644917 645005 644771 644778 644770 644767 644826 644861 644824 644844 644933 644961 645005 644751 644856 644871 644905 644960 644743 644739 644749 644741 644746 644732 644730 644738 644727 644726 644807 644814 644814 644851 644988 644711 644702 644707 644804 644812 644806 644870 644701 644679 644692 644695 644687 644774 644780 644921 644904 644675 644677 644684 644681 644769 644761 644809 645090 645134 644665 644654 644668 644654 644737 644734 644822 644875 644980 645134 645151 645148 644682 644656 644641 644633 644639 644647 644733 644726 644732 644738 644810 644882 644879 645076 645162 644696 644632 644632 644632 644628 644715 644727 644712 644757 644759 644823 644847 644973 644983 645097 644673 644621 644621 644598 
0 0 643822 0 0 643724 643738 0 0 0 0 0 0 643735 0 0 0 0 0 0 0 0 0 643791 0 0 0 0 0 0 643615 0 643679 643707 643837 643881 0 643512 0 0 643805 0 0 0 0 0 0 643474 0 0 0 0 0 643599 0 643745 0 0 0 0 0 0 643679 0 0 643368 0 0 0 643567 643627 0 643839 0 0 0 0 0 643589 0 0 0 0 0 0 643318 643481 643547 643735 643805 0 0 0 644141 0 0 0 643276 0 0 0 0 0 0 0 0 0 0 644128 0 0 643274 643274 0 0 0 0 643641 0 0 643785 0 0 644064 643356 0 0 643206 
644566 644505 644538 644498 644490 644561 644496 644497 644488 644473 644466 644452 644454 644428 644394 644551 644443 644326 644382 644565 644598 644428 644410 644342 644365 644350 644655 644626 644618 644579 644374 644335 644238 644270 644349 644342 644302 644416 644330 644267 644305 644296 644663 644623 644597 644492 644502 644378 644650 644658 644647 644510 644284 644288 644216 644215 644240 644624 644510 644280 644194 644146 644184 644188 644909 644656 644586 644496 644240 644200 644158 644182 644168 644979 644957 644820 644817 644208 644139 644113 644132 644136 644909 644790 644442 644366 644144 644100 644092 644130 644112 644092 644102 644108 644992 644982 644772 644228 644144 644160 644136 644122 644134 644128 644068 644068 644074 644064 644080 644978 644840 644418 644274 644122 644100 644117 644066 644057 644019 644042 644042 644030 644010 644074 644977 644936 644947 644350 
644634 644573 644606 644560 644558 644629 644557 644565 644541 644510 644498 644492 644497 644493 644448 644595 644475 644394 644414 644599 644641 644439 644421 644392 644414 644382 644707 644673 644657 644603 644385 644403 644306 644338 644382 644374 644334 644427 644393 644314 644342 644328 644699 644643 644615 644503 644513 644389 644673 644689 644667 644521 644295 644309 644284 644258 644272 644635 644521 644291 644262 644192 644250 644220 644977 644667 644597 644507 644251 644229 644226 644214 644200 645047 645025 644869 644863 644219 644203 644150 644164 644168 644975 644809 644453 644377 644155 644149 644124 644162 644144 644124 644134 644140 645048 645076 644783 644239 644155 644171 644147 644133 644145 644157 644100 644100 644106 644096 644112 645020 644861 644429 644285 644133 644111 644135 644105 644110 644058 644074 644074 644062 644042 644106 645054 645041 645041 644361 
0 644130 644148 0 644076 644270 644232 644146 644248 0 644010 643980 644232 644116 643900 644374 0 643816 643890 644430 644448 644372 644306 643820 643854 643858 644502 644476 644492 644486 644270 643966 643740 643760 643822 643826 643798 644372 643976 0 643758 643768 644570 644566 0 644472 644482 644334 644596 644580 0 644502 644156 644060 643700 643626 643712 644630 644514 644224 0 643524 643596 643588 0 644702 644614 644500 644169 643900 643648 643606 643580 0 644544 0 0 0 643686 643470 643563 643569 0 644780 644446 644358 643956 643680 643444 643518 643533 643503 0 643527 0 0 644806 644151 644025 644049 643936 643910 0 643792 643408 643444 0 643461 643485 0 644752 644434 644220 643992 0 0 0 643394 643330 643382 643394 643410 0 643476 644372 0 0 644334 
0 0 0 0 0 0 622170 0 0 0 0 0 0 0 0 0 0 0 0 0 0 0 0 0 0 0 0 0 0 0 0 0 0 0 0 0 0 0 0 0 0 0 0 0 0 0 0 0 0 0 0 0 0 0 0 0 0 0 0 0 0 0 0 0 0 0 0 0 0 0 0 0 0 0 0 0 0 0 0 0 0 0 0 0 0 0 0 0 0 621311 0 0 0 0 0 0 0 622839 0 0 0 0 0 0 0 0 0 0 0 0 0 0 0 0 0 0 0 0 0 0 0 0 0 0 0 0 0 622721 
0 642411 642405 0 642381 642433 642489 642427 642505 0 642291 642309 0 642445 642301 642489 0 642289 642243 0 642467 0 0 642269 642279 642211 0 642447 642463 0 642589 642391 642285 642281 642247 642227 642175 642645 0 0 642231 642193 0 0 0 0 0 642683 0 0 0 0 0 642485 642269 642195 642137 642509 642599 642769 0 0 642213 0 0 642501 642547 0 642809 642421 642265 0 642125 0 0 0 0 0 642303 642135 0 641961 0 642407 642667 642731 642531 642321 642109 642111 0 0 0 641933 0 0 0 642833 642839 642847 642503 0 0 642385 642097 0 0 0 641917 0 0 642703 642811 0 0 0 0 642131 0 642071 642059 641987 0 641853 642117 0 0 642771 
0 643204 643198 0 643174 643272 643282 643220 643298 0 643084 643102 0 643238 643094 643330 0 643082 643036 0 643308 0 0 643062 643072 643004 0 643288 643304 0 643382 643184 643078 643074 643040 643020 642968 643484 0 0 643024 642986 0 0 0 0 0 643522 0 0 0 0 0 643278 643062 642988 642930 643350 643440 643584 0 0 643006 0 0 643342 643388 0 643624 643214 643058 0 642918 0 0 0 0 0 643096 642928 0 642754 0 643248 643508 643572 643324 643114 642902 642904 0 0 0 642726 0 0 0 643680 643677 643678 643296 0 0 643178 642890 0 0 0 642710 0 0 643544 643652 0 0 0 0 642924 0 642864 642852 642780 0 642668 642958 0 0 643612 
0 0 637896 0 0 637826 637980 0 0 0 637849 0 0 638085 0 0 0 0 0 0 0 0 0 638085 638063 637887 0 0 0 0 638189 0 638141 638137 638031 637975 0 637979 0 0 638071 0 0 0 0 0 0 637949 0 0 0 0 0 638269 0 638051 0 0 0 0 0 0 638069 0 0 637467 0 0 0 638277 638121 0 637981 0 0 0 0 0 638159 0 0 637519 0 0 0 637685 638352 638177 637965 637967 0 0 0 637491 0 0 0 637715 0 0 638344 0 0 0 0 0 0 0 637521 0 0 637569 637677 0 0 0 0 637959 0 0 637915 0 0 637294 636430 0 0 637501 
0 639858 639816 0 639864 639818 639900 639874 639916 0 639738 639828 639960 639964 639928 639862 0 640024 639798 639858 639816 639970 640018 639968 639942 639766 639750 639784 639800 639854 640042 640054 640106 640088 639910 639854 639766 639946 640064 0 639966 639856 639758 639814 0 639898 639898 639946 639784 639768 0 639874 640114 640148 640091 640017 639800 639802 639850 639970 0 639987 640035 639979 0 639754 639802 639850 639970 640228 640087 639934 639946 0 639410 0 0 0 640125 639957 639596 639408 0 639648 639850 639874 640234 640143 639931 639933 639816 639508 0 639380 0 0 639658 639922 639970 639970 640258 640260 0 640207 639919 639883 0 639624 639400 0 639596 639826 639898 639970 0 0 0 639953 639913 639893 639881 639808 0 639250 639274 0 0 639826 
643238 643299 643266 643306 643314 643243 643308 643307 643316 643281 643239 643308 643350 643376 643394 643253 643361 643466 643305 643239 643206 643317 643380 643438 643413 643289 643149 643178 643186 643225 643398 643469 643518 643498 643397 643357 643301 643260 643474 643471 643437 643370 643141 643181 643207 643240 643246 643222 643154 643146 643157 643210 643461 643516 643504 643467 643342 643163 643162 643172 643490 643434 643464 643448 642895 643107 643142 643148 643132 643568 643490 643421 643438 642813 642847 642984 642987 643484 643509 643413 643216 643074 642895 643014 643094 643066 643540 643512 643400 643419 643362 643160 643093 643060 642770 642760 643021 643024 643036 643052 643567 643584 643586 643556 643388 643388 643391 643254 643082 642756 642964 643022 643022 643014 643573 643567 643510 643393 643367 643375 643375 643369 643359 642971 642743 642723 642795 642954 
0 644607 644565 0 644613 644567 644649 644623 644665 0 644487 644577 0 644713 644677 644611 0 644773 644547 0 644565 0 0 644717 644691 644515 0 644533 644549 0 644765 644803 644877 644837 644659 644603 644515 644669 0 0 644715 644605 0 0 0 0 0 644669 0 0 0 0 0 644885 644897 644823 644549 644525 644573 644693 0 0 644825 0 0 644477 644525 0 644693 644977 644877 0 644717 0 0 0 0 0 644915 644723 0 644157 0 644381 644573 644597 644957 644921 644697 644735 0 0 0 644129 0 0 0 644617 644629 644645 644981 0 0 645009 644673 0 0 0 644149 0 0 644549 644615 0 0 0 0 644683 0 644647 644647 644579 0 643999 644023 0 0 644547 
0 643615 643591 0 0 643543 643591 0 0 0 643615 0 0 643663 643735 0 0 0 643687 0 643471 0 0 643783 643759 643671 0 0 0 0 643639 0 643879 643855 643759 643735 0 643543 0 0 643807 0 0 0 0 0 0 643543 0 0 0 0 0 643759 0 643903 0 0 643447 0 0 0 643951 0 0 643351 0 0 0 643855 643951 0 643873 0 0 0 0 0 643951 643979 0 643313 0 0 0 643471 643831 643975 643979 643927 0 0 0 643285 0 0 0 643519 0 0 643855 0 0 0 643979 0 0 0 643305 0 0 643423 643495 0 0 0 0 643979 0 643979 643967 0 0 643155 643087 0 0 643423 
0 643550 643538 0 643634 643342 643370 643518 643338 0 643764 643797 0 643530 643890 643158 0 643986 643921 0 643058 0 0 644002 643958 643942 0 643026 642994 0 643218 643734 644066 644050 644010 644009 643980 642918 0 0 644094 644079 0 0 0 0 0 642842 0 0 0 0 0 643546 644122 644268 644069 642758 642722 642742 0 0 644203 0 0 642630 642682 642694 642662 643770 644099 0 644325 0 0 0 0 0 644023 644279 0 643354 0 642530 642586 642530 643526 643951 644318 644387 0 0 0 643298 0 0 0 642446 642470 642502 643606 0 0 643888 644306 644384 0 643786 643338 0 0 642442 642442 0 0 0 0 644187 0 644338 644367 644198 0 643038 642606 0 0 642306 
637355 637366 637363 637395 637387 637314 637321 637358 637313 637420 637426 637429 637315 637361 637451 637268 637304 637475 637468 637246 637243 637238 637277 637479 637468 637484 637228 637235 637227 637224 637283 637412 637495 637491 637484 637488 637490 637208 637407 637518 637504 637511 637200 637196 637206 637198 637203 637189 637187 637195 637184 637183 637310 637365 637509 637546 637507 637168 637159 637164 637511 637519 637513 637565 637158 637136 637149 637152 637144 637421 637487 637568 637575 637132 637134 637141 637138 637320 637468 637516 637405 637311 637122 637111 637125 637111 637360 637441 637529 637582 637515 637361 637318 637297 637139 637113 637098 637090 637096 637104 637380 637397 637427 637445 637517 637577 637580 637419 637307 637153 637089 637089 637089 637085 637410 637434 637419 637464 637466 637530 637554 637522 637512 637232 637130 637078 637078 637055 
0 643205 643193 0 643289 642997 643025 643173 642993 0 643445 643457 0 643185 643527 642813 0 643457 643613 0 642713 0 0 643533 643549 643677 0 642681 642649 0 642873 643325 643357 643401 643613 643675 643773 642573 0 0 643573 643721 0 0 0 0 0 642497 0 0 0 0 0 643137 643353 643501 643833 642413 642377 642397 0 0 643393 0 0 642285 642337 642349 642317 643121 643289 0 643677 0 0 0 0 0 643213 643477 0 643809 0 642185 642241 642185 642937 643141 643529 643633 0 0 0 643769 0 0 0 642101 642125 642157 642957 0 0 643085 643517 643697 0 644059 643811 0 0 642097 642097 0 0 0 0 643361 0 643569 643629 643934 0 643521 642261 0 0 641961 
0 0 643457 0 0 0 643415 0 0 0 0 0 0 643483 0 0 0 0 0 0 0 0 0 0 0 0 0 0 0 0 0 0 0 0 643517 0 0 0 0 0 0 0 0 0 0 0 0 0 0 0 0 0 0 643398 0 0 0 0 0 0 0 0 0 0 0 643110 0 0 0 0 0 0 643488 0 0 0 0 0 0 0 0 0 0 0 0 0 643321 0 0 643459 0 0 0 0 0 0 0 643148 0 0 0 0 0 0 0 0 0 0 643725 0 0 0 0 0 0 0 0 643341 0 0 0 0 0 643608 0 0 0 643065 
644697 644623 644665 644633 644617 644663 644581 644607 644565 644621 644609 644603 644521 644517 644547 644619 644499 644457 644525 644623 644665 644463 644445 644499 644523 644493 644731 644697 644681 644627 644409 644427 644353 644393 644493 644485 644445 644451 644417 644425 644453 644439 644723 644667 644639 644527 644537 644413 644697 644713 644691 644545 644319 644333 644333 644369 644383 644659 644545 644315 644313 644303 644317 644331 645023 644691 644621 644531 644275 644253 644265 644325 644311 645115 645071 644893 644887 644243 644227 644261 644275 644279 644999 644833 644477 644401 644179 644173 644235 644273 644255 644235 644245 644251 645171 645125 644807 644263 644179 644195 644171 644157 644169 644181 644211 644211 644217 644207 644223 645155 644885 644453 644309 644157 644135 644159 644129 644211 644169 644185 644185 644173 644153 644217 645147 645055 645055 644385 
0 643634 643619 0 643584 643718 643745 643658 643769 0 643454 643470 0 643674 643416 643832 0 643344 643365 0 643859 0 643842 643332 643365 643317 0 643859 643883 0 643813 643533 643284 643296 643317 643305 643245 643845 0 0 643257 643236 0 0 0 0 0 643826 0 0 0 0 0 643663 643242 643131 643152 643949 643892 643777 0 0 643122 643074 0 643965 643930 643885 643757 643506 643200 0 643044 0 643825 0 0 0 643257 642969 0 642959 0 644024 643858 643820 643530 643266 642930 642987 0 0 0 642917 0 0 0 643751 643709 643717 643502 0 0 643398 642894 642894 0 642888 642888 0 644046 643846 643774 0 0 0 0 642909 0 642855 642855 642837 0 642818 643626 0 0 643812 
0 0 642433 0 0 642482 642475 0 0 0 0 0 0 642435 0 0 0 0 0 0 0 0 0 642317 0 0 0 0 0 0 642513 0 642301 642305 642312 642308 0 642588 0 0 642292 0 0 0 0 0 0 642607 0 0 0 0 0 642431 0 642250 0 0 0 0 0 0 642247 0 0 642601 0 0 0 642375 642273 0 642221 0 0 0 0 0 642292 0 0 0 0 0 0 642685 642436 642295 642183 642202 0 0 0 642191 0 0 0 642622 0 0 0 0 0 0 0 0 0 0 642177 0 0 642684 642645 0 0 0 0 642176 0 0 642158 0 0 642174 642475 0 0 642660 
0 0 642054 0 0 642103 642096 0 0 0 0 0 0 642056 0 0 0 0 0 0 0 0 0 641938 0 0 0 0 0 0 642134 0 641922 641926 641933 641929 0 642209 0 0 641913 0 0 0 0 0 0 642228 0 0 0 0 0 642052 0 641871 0 0 0 0 0 0 641868 0 0 642117 0 0 0 641996 641894 0 641842 0 0 0 0 0 641913 0 0 0 0 0 0 642290 642057 641916 641804 641823 0 0 0 641812 0 0 0 642307 0 0 0 0 0 0 0 0 0 0 641798 0 0 642264 642319 0 0 0 0 641797 0 0 641779 0 0 641795 641727 0 0 642291 
0 643454 643448 0 643424 643476 643532 643470 643548 0 643334 643352 643556 643488 643344 643532 0 643332 643286 643540 643510 643664 643632 643312 643322 643254 643468 643490 643506 643548 643632 643434 643328 643324 643290 643270 643218 643688 643444 0 643274 643236 643488 643532 0 643636 643626 643726 643514 643498 0 643630 643614 643528 643312 643238 643180 643552 643642 643812 0 643208 643256 643200 0 643544 643590 643656 643852 643464 643308 643170 643168 0 643219 0 0 0 643346 643178 643048 643004 0 643450 643710 643774 643574 643364 643152 643154 643088 642996 0 642976 0 0 643476 643888 643932 643932 643546 643524 0 643428 643140 643104 0 643004 642960 0 643405 643746 643854 643932 0 0 0 643174 643134 643114 643102 643030 0 642896 643083 0 0 643814 
644140 644210 644172 644204 644220 644154 644219 644218 644227 644154 644094 644184 644261 644287 644284 644164 644272 644380 644154 644150 644117 644250 644299 644324 644298 644122 644060 644089 644097 644136 644329 644380 644471 644444 644266 644210 644122 644201 644385 644390 644322 644212 644052 644092 644118 644174 644179 644163 644065 644057 644068 644147 644394 644427 644457 644388 644156 644084 644103 644113 644443 644358 644406 644350 643806 644040 644077 644089 644073 644515 644443 644290 644318 643722 643758 643895 643898 644425 644462 644328 643952 643764 643806 643925 644035 644007 644504 644465 644302 644304 644172 643864 643778 643736 643660 643664 643938 643965 643977 643993 644536 644559 644539 644509 644290 644254 644260 643980 643756 643632 643875 643963 643963 643955 644548 644520 644463 644324 644284 644264 644252 644180 644160 643606 643630 643634 643706 643895 
644131 644205 644163 644195 644211 644164 644229 644221 644237 644145 644085 644175 644271 644297 644275 644174 644282 644371 644145 644160 644127 644237 644309 644315 644289 644113 644070 644099 644107 644146 644327 644390 644475 644435 644257 644201 644113 644177 644395 644381 644313 644203 644062 644102 644128 644157 644167 644139 644075 644067 644078 644127 644381 644437 644495 644421 644147 644092 644079 644089 644482 644394 644442 644383 643805 644033 644059 644065 644049 644525 644494 644281 644315 643713 643757 643905 643908 644401 644517 644364 643943 643755 643816 643935 644011 643983 644481 644520 644338 644340 644163 643855 643769 643727 643651 643655 643948 643941 643953 643969 644521 644555 644591 644564 644326 644290 644296 643971 643747 643623 643885 643939 643939 643931 644581 644575 644518 644360 644320 644300 644288 644177 644157 643597 643621 643629 643716 643871 
644488 644562 644520 644552 644568 644522 644604 644578 644620 644502 644442 644532 644638 644668 644632 644544 644616 644728 644502 644500 644494 644484 644562 644672 644646 644470 644454 644478 644462 644456 644574 644758 644832 644792 644614 644558 644470 644424 644768 644738 644670 644560 644408 644400 644420 644404 644414 644386 644382 644398 644376 644374 644628 644738 644852 644778 644504 644344 644326 644336 644872 644856 644868 644740 644162 644280 644306 644312 644296 644850 644920 644638 644672 644070 644114 644286 644284 644648 644958 644840 644300 644112 644186 644230 644258 644230 644728 645006 644814 644730 644520 644212 644126 644084 644008 644012 644204 644188 644200 644216 644768 644802 644862 644922 644814 644716 644722 644328 644104 643980 644186 644186 644186 644178 644828 644900 644992 644872 644844 644788 644764 644534 644514 643954 643978 643986 644082 644118 
0 0 642527 0 0 0 642443 0 0 0 0 0 0 642631 0 0 0 0 0 0 0 0 0 0 0 0 0 0 0 0 0 0 0 0 0 0 0 0 0 0 0 0 0 0 0 0 0 0 0 0 0 0 0 0 0 0 0 0 0 0 0 0 0 0 0 0 0 0 0 0 0 0 0 0 0 0 0 0 0 0 0 0 0 0 0 0 0 0 0 643355 0 0 0 0 0 0 0 641687 0 0 0 0 0 0 0 0 0 0 0 0 0 0 0 0 0 0 0 643520 0 0 0 0 0 641893 0 0 0 641512 
0 642263 642248 0 642296 642175 642206 642255 642198 0 642323 642350 642212 642282 642408 642117 0 642468 642393 642083 642068 642111 642174 642460 642437 642377 642029 642048 642040 642049 642192 642381 642500 642496 642453 642445 642389 642069 642376 0 642497 642458 641989 641997 0 642035 642040 642050 641976 641984 0 642008 642255 642334 642514 642551 642430 641957 641972 642037 0 642584 642554 642570 0 641901 641938 641965 642017 642426 642528 642533 642550 0 641803 0 0 0 642509 642605 642304 642162 0 641828 641938 641936 642365 642506 642618 642579 642474 642248 0 642148 0 0 641815 641939 641969 641977 642385 642402 0 642462 642630 642572 0 642342 642170 0 641782 641890 641926 641958 0 0 0 642625 642627 642631 642607 642481 0 642059 641763 0 0 641856 
0 642633 642609 0 0 642561 642609 0 0 0 642633 0 0 642681 642753 0 0 0 642705 0 642489 0 0 642801 642777 642705 0 0 0 0 642636 0 642850 642838 642777 642753 0 642513 0 0 642814 0 0 0 0 0 0 642494 0 0 0 0 0 642777 0 642862 0 0 642416 0 0 0 642886 0 0 642345 0 0 0 642838 642886 0 642850 0 0 0 0 0 642886 642910 0 642508 0 0 0 642380 642786 642898 642910 642874 0 0 0 642494 0 0 0 642383 0 0 642806 0 0 0 642921 0 0 0 642516 0 0 642334 642370 0 0 0 0 642921 0 642921 642910 0 0 642405 642105 0 0 642300 
0 0 643375 0 0 643229 643291 0 0 0 0 0 0 643443 0 0 0 0 0 0 0 0 0 643701 0 0 0 0 0 0 643263 0 643733 643725 643711 643719 0 643017 0 0 643751 0 0 0 0 0 0 642979 0 0 0 0 0 643473 0 643835 0 0 0 0 0 0 643809 0 0 642681 0 0 0 643585 643757 0 643893 0 0 0 0 0 643719 0 0 0 0 0 0 642751 643463 643689 643881 643923 0 0 0 643167 0 0 0 642757 0 0 0 0 0 0 0 0 0 0 643207 0 0 642659 642731 0 0 0 0 643751 0 0 643929 0 0 642907 642405 0 0 642591 
0 643422 643395 0 0 643298 643353 0 0 0 643482 0 0 643465 643567 0 0 0 643584 0 643155 0 0 643595 643584 643600 0 0 0 0 643363 0 643611 643607 643600 643604 0 643192 0 0 643620 0 0 0 0 0 0 643173 0 0 0 0 0 643481 643623 643660 0 0 643047 0 0 0 643615 0 0 642928 642989 0 0 643537 643589 0 643691 0 0 0 0 0 643570 643618 0 643361 0 0 0 643023 643476 643543 643631 643684 0 0 0 643319 0 0 0 643050 0 0 643496 0 0 0 643619 0 0 0 643349 0 0 642953 643025 0 0 0 0 643566 0 643632 643656 643760 0 643124 642658 0 0 642919 
643949 643971 643965 644029 644013 643867 643881 643955 643865 644079 644091 644097 643869 643961 644141 643775 643847 644189 644175 643731 643725 643715 643793 644197 644175 644207 643695 643709 643693 643687 643805 644063 644180 644207 644207 644215 644255 643655 644053 644261 644247 644261 643639 643631 643651 643635 643645 643617 643613 643629 643607 643605 643859 643969 644171 644245 644317 643575 643557 643567 644151 644167 644155 644283 643555 643511 643537 643543 643527 644067 644103 644361 644340 643503 643507 643521 643515 643879 644065 644161 644389 644247 643483 643461 643489 643461 643959 644011 644187 644293 644445 644333 644266 644233 643517 643465 643435 643419 643431 643447 643985 643984 644007 644019 644163 644307 644301 644427 644255 643545 643417 643417 643417 643409 643973 643997 643967 644057 644061 644189 644237 644477 644487 644144 643499 643395 643395 643349 
0 0 643558 0 0 0 643348 0 0 0 0 0 0 643188 0 0 0 0 0 0 0 0 0 0 0 0 0 0 0 0 0 0 0 0 0 0 0 0 0 0 0 0 0 0 0 0 0 0 0 0 0 0 0 0 0 0 0 0 0 0 0 0 0 0 0 0 0 0 0 0 0 0 0 0 0 0 0 0 0 0 0 0 0 0 0 0 0 0 0 643033 0 0 0 0 0 0 0 642427 0 0 0 0 0 0 0 0 0 0 0 0 0 0 0 0 0 0 0 642443 0 0 0 0 0 644899 0 0 0 642252 
0 0 643781 0 0 643756 643697 0 0 0 0 0 0 643633 0 0 0 0 0 0 0 0 0 643617 0 0 0 0 0 0 643525 0 643469 643509 643641 643660 0 643544 0 0 643593 0 0 0 0 0 0 643506 0 0 0 0 0 643449 0 643497 0 0 0 0 0 0 643433 0 0 643619 0 0 0 643369 643381 0 643501 0 0 0 0 0 643343 0 0 0 0 0 0 643449 643295 643289 643401 643458 0 0 0 643603 0 0 0 643344 0 0 0 0 0 0 0 0 0 0 643577 0 0 643453 643378 0 0 0 0 643329 0 0 643378 0 0 643599 643861 0 0 643385 
642923 642908 642915 642883 642891 642928 642887 642900 642879 642858 642839 642849 642857 642855 642827 642906 642846 642803 642791 642908 642929 642828 642819 642799 642810 642759 642962 642945 642937 642910 642801 642810 642773 642787 642794 642775 642723 642822 642805 642760 642774 642741 642958 642930 642916 642860 642865 642803 642945 642953 642942 642869 642756 642763 642763 642732 642685 642926 642869 642754 642753 642699 642729 642705 643108 642942 642907 642862 642734 642723 642729 642675 642673 643146 643132 643043 643040 642718 642710 642678 642553 642509 643096 643013 642835 642797 642686 642683 642657 642659 642593 642501 642487 642481 643139 643165 643000 642728 642686 642694 642682 642675 642681 642687 642645 642609 642615 642509 642465 643125 643039 642823 642751 642675 642664 642676 642661 642658 642632 642619 642607 642535 642515 642423 643148 643194 643148 642789 
643987 643965 643971 643907 643923 644060 644013 643980 643998 643857 643845 643839 643954 643945 643795 644052 643932 643747 643761 644056 644098 643896 643878 643739 643761 643729 644164 644130 644114 644060 643842 643852 643707 643715 643729 643721 643681 643884 643847 643661 643689 643675 644156 644100 644072 643960 643970 643846 644130 644146 644124 643978 643752 643766 643679 643605 643619 644092 643978 643748 643651 643539 643599 643567 644381 644124 644054 643964 643708 643686 643647 643561 643547 644433 644429 644326 644320 643676 643656 643497 643511 643515 644426 644266 643910 643834 643612 643606 643471 643509 643491 643471 643481 643487 644419 644471 644240 643696 643612 643628 643604 643590 643602 643614 643447 643447 643453 643443 643459 644391 644318 643886 643742 643590 643568 643592 643562 643457 643405 643421 643421 643409 643389 643453 644437 644524 644524 643818 
0 0 0 0 0 0 619380 0 0 0 0 0 0 0 0 0 0 0 0 0 0 0 0 0 0 0 0 0 0 0 0 0 0 0 0 0 0 0 0 0 0 0 0 0 0 0 0 0 0 0 0 0 0 0 0 0 0 0 0 0 0 0 0 0 0 0 0 0 0 0 0 0 0 0 0 0 0 0 0 0 0 0 0 0 0 0 0 0 0 618635 0 0 0 0 0 0 0 620017 0 0 0 0 0 0 0 0 0 0 0 0 0 0 0 0 0 0 0 0 0 0 0 0 0 0 0 0 0 620074 
