645101 645070 645092 645088 645081 645074 645090 645054 645093 645035 645044 645016 645022 645040 644984 645012 645006 644990 645030 645028 645074 645060 644956 644956 645042 645026 645030 645036 644982 644984 645006 644980 644955 644930 645000 645000 645004 644946 644952 644956 644933 644940 644892 644886 644902 644936 644928 644914 644928 644974 644958 644910 644890 644896 644900 644942 644912 644930 644925 644852 644866 644876 644886 644874 644860 644950 644904 644910 644868 644890 644892 644826 644848 644838 644846 644874 644904 644860 644856 644874 644874 644855 644792 644796 644804 644798 644842 644820 644844 644828 644830 644814 644796 644838 644786 644796 644786 644766 644798 644798 644842 644852 644844 644828 644786 644818 644793 644751 644748 644738 644776 644756 644750 644750 644748 644804 644818 644750 644768 644756 644720 644746 644724 644706 644722 644708 644764 644784 
0 642744 642734 0 642744 0 0 0 642722 0 0 642744 0 642744 642744 0 0 0 0 642734 642722 0 642744 0 0 0 0 0 0 0 0 642744 0 0 0 642722 0 0 0 642744 0 642744 642744 0 0 0 0 0 0 642722 0 0 0 0 0 0 0 0 0 0 0 0 0 0 0 0 0 0 0 0 642744 642744 0 0 0 0 0 0 642744 0 0 642744 642744 642744 0 0 0 0 0 0 0 0 0 642744 642744 0 0 0 0 0 0 0 0 0 0 0 0 0 0 642744 0 0 0 0 0 642722 0 0 0 0 0 0 0 0 0 0 642730 0 
0 0 643354 0 0 0 0 0 643354 0 0 643334 0 0 643354 0 0 0 0 643324 643354 0 643354 0 0 0 0 0 0 0 0 0 0 0 0 0 0 0 0 0 0 643354 643354 0 0 0 0 0 0 0 0 0 0 0 0 0 0 0 0 0 0 0 0 0 0 0 0 0 0 0 643354 0 0 0 0 0 0 0 0 0 0 0 643354 0 0 0 0 0 0 0 0 0 0 0 643354 0 0 0 0 0 0 0 0 0 0 0 0 0 0 643296 0 0 0 0 0 643114 0 0 0 0 0 0 0 0 0 0 0 0 
644957 644911 644925 644983 644937 644903 644919 644895 644931 644885 644885 644857 644961 644947 644825 644859 644847 644831 644859 644861 644969 644983 644797 644797 644877 644861 644963 644966 644941 644942 644953 644916 644883 644771 644833 644835 644955 644923 644880 644892 644861 644787 644733 644727 644743 644777 644769 644755 644757 644809 644793 644905 644895 644898 644888 644897 644858 644879 644853 644693 644707 644717 644727 644715 644701 644923 644902 644905 644872 644823 644811 644667 644689 644679 644687 644703 644739 644880 644854 644851 644815 644783 644633 644637 644645 644639 644675 644860 644872 644864 644841 644833 644800 644797 644627 644637 644627 644607 644639 644639 644677 644687 644875 644867 644831 644823 644719 644661 644589 644579 644617 644597 644591 644591 644589 644639 644862 644802 644774 644768 644561 644587 644565 644547 644563 644549 644597 644619 
0 640561 640533 0 640554 0 0 0 640506 0 0 640534 0 640549 640552 0 0 0 0 640501 640487 0 640542 0 0 0 0 0 0 0 0 640523 0 0 0 640470 0 0 0 640511 0 640523 640510 0 0 0 0 0 0 640457 0 0 0 0 0 0 0 0 0 0 0 0 0 0 0 0 0 0 0 0 640487 640477 0 0 0 0 0 0 640461 0 0 640462 640460 640462 0 0 0 0 0 0 0 0 0 640452 640457 0 0 0 0 0 0 0 0 0 0 0 0 0 0 640433 0 0 0 0 0 640372 0 0 0 0 0 0 0 0 0 0 640369 0 
0 639457 639457 0 639457 639457 639457 639457 639457 639457 0 639457 0 639457 639457 0 639457 639457 0 639457 639457 0 639457 0 639457 639457 0 0 0 0 0 639457 0 639457 0 639457 0 0 639457 639457 639457 639457 639457 639457 0 0 0 0 0 639457 639457 0 0 0 0 639457 0 0 639457 639457 0 0 0 0 0 0 0 0 0 639457 639457 639457 0 0 0 0 0 639457 639457 639457 639457 639457 639457 639457 0 0 639457 639457 639457 639457 639457 0 0 639457 639457 0 0 0 0 0 0 639457 639457 0 639457 639457 639457 0 639457 639457 0 0 639457 0 0 639457 639457 639457 0 0 639457 0 0 0 639457 639457 639457 639457 
0 639339 639339 0 639339 639339 639339 639339 639315 639339 0 639339 0 639339 639339 0 639339 639339 0 639339 639315 0 639339 0 639315 639315 0 0 0 0 0 639339 0 639339 0 639315 0 0 639339 639339 639339 639339 639339 639339 0 0 0 0 0 639315 639315 0 0 0 0 639339 0 0 639339 639339 0 0 0 0 0 0 0 0 0 639339 639339 639339 0 0 0 0 0 639339 639339 639339 639339 639339 639339 639339 0 0 639339 639339 639339 639339 639339 0 0 639339 639339 0 0 0 0 0 0 639315 639339 0 639339 639339 639339 0 639339 639339 0 0 639339 0 0 639315 639339 639339 0 0 639339 0 0 0 639339 639339 639339 639315 
0 639768 639744 0 639768 639768 639768 639768 639720 639768 0 639768 0 639768 639768 0 639768 639768 0 639744 639720 0 639768 0 639720 639720 0 0 0 0 0 639768 0 639768 0 639720 0 0 639768 639768 639768 639768 639768 639768 0 0 0 0 0 639720 639720 0 0 0 0 639768 0 0 639768 639768 0 0 0 0 0 0 0 0 0 639768 639768 639768 0 0 0 0 0 639768 639768 639768 639768 639768 639768 639768 0 0 639744 639768 639768 639768 639768 0 0 639768 639768 0 0 0 0 0 0 639720 639744 0 639768 639768 639768 0 639768 639768 0 0 639768 0 0 639720 639744 639768 0 0 639768 0 0 0 639768 639768 639744 639720 
0 0 644453 0 0 0 0 0 644465 0 0 644405 0 0 644309 0 0 0 0 644453 644463 0 644285 0 0 0 0 0 0 0 0 0 0 0 0 0 0 0 0 0 0 644261 644261 0 0 0 0 0 0 0 0 0 0 0 0 0 0 0 0 0 0 0 0 0 0 0 0 0 0 0 644223 0 0 0 0 0 0 0 0 0 0 0 644141 0 0 0 0 0 0 0 0 0 0 0 644117 0 0 0 0 0 0 0 0 0 0 0 0 0 0 644165 0 0 0 0 0 644465 0 0 0 0 0 0 0 0 0 0 0 0 
0 641713 641674 0 641726 641688 641696 641705 641659 641748 0 641686 0 641755 641744 0 641705 641697 0 641642 641678 0 641730 0 641632 641624 0 0 0 0 0 641749 0 641717 0 641611 0 0 641763 641761 641756 641725 641698 641695 0 0 0 0 0 641598 641590 0 0 0 0 641730 0 0 641748 641678 0 0 0 0 0 0 0 0 0 641730 641737 641665 0 0 0 0 0 641614 641687 641720 641722 641714 641648 641650 0 0 641549 641621 641606 641598 641674 0 0 641704 641645 0 0 0 0 0 0 641537 641583 0 641628 641692 641688 0 641626 641621 0 0 641625 0 0 641513 641570 641586 0 0 641612 0 0 0 641611 641580 641510 641503 
0 644987 644939 0 644983 644970 644975 644986 644903 644965 644989 644931 644887 644951 644917 644941 644954 644930 0 644868 644869 644855 644885 0 644874 644850 644803 0 0 644849 644835 644871 0 644849 0 644811 0 0 644847 644847 644825 644849 644823 644814 0 0 0 644828 644751 644772 644748 644749 0 0 0 644833 644803 644821 644809 644763 0 0 644786 0 644697 0 0 0 0 644761 644767 644724 0 644738 0 0 644667 644626 644718 644757 644745 644705 644669 644679 644687 644642 644589 644614 644602 644578 644679 0 0 644709 644633 0 0 644630 0 0 0 644589 644569 0 644601 644673 644617 0 644597 644592 0 644619 644594 0 0 644517 644530 644509 0 0 644565 0 0 0 644552 644519 644472 644487 
0 0 643314 0 0 0 0 0 643290 0 0 643348 0 0 643342 0 0 0 0 643314 643290 0 643324 0 0 0 0 0 0 0 0 0 0 0 0 0 0 0 0 0 0 643300 643300 0 0 0 0 0 0 0 0 0 0 0 0 0 0 0 0 0 0 0 0 0 0 0 0 0 0 0 643276 0 0 0 0 0 0 0 0 0 0 0 643180 0 0 0 0 0 0 0 0 0 0 0 643156 0 0 0 0 0 0 0 0 0 0 0 0 0 0 643184 0 0 0 0 0 643088 0 0 0 0 0 0 0 0 0 0 0 0 
0 644834 644783 0 644886 644791 644823 644802 644771 644807 0 644726 645041 644931 644687 0 644731 644699 0 644655 644847 644981 644631 0 644663 644631 0 0 0 645032 645027 644967 0 644579 0 644579 0 0 644851 644919 644783 644611 644503 644491 0 0 0 644547 644499 644527 644495 644930 0 0 0 644967 0 0 644809 644423 0 0 644491 0 644414 0 0 0 0 644772 644659 644371 0 644395 0 0 644387 644779 644847 644875 644779 644661 644303 644311 644327 644315 644283 644750 644747 644715 644795 0 0 644767 644291 0 0 644251 0 0 0 644283 644703 0 644707 644771 644479 0 644215 644195 0 644231 644219 0 0 644187 644651 644610 0 0 644159 0 0 0 644163 644135 644127 644147 
0 640858 640834 0 640871 0 0 0 640821 0 0 640831 0 640884 640827 0 0 0 0 640802 640840 0 640813 0 0 0 0 0 0 0 0 640844 0 0 0 640773 0 0 0 640832 0 640808 640781 0 0 0 0 0 0 640760 0 0 0 0 0 0 0 0 0 0 0 0 0 0 0 0 0 0 0 0 640808 640748 0 0 0 0 0 0 640782 0 0 640783 640731 640733 0 0 0 0 0 0 0 0 0 640773 640728 0 0 0 0 0 0 0 0 0 0 0 0 0 0 640704 0 0 0 0 0 640675 0 0 0 0 0 0 0 0 0 0 640670 0 
0 0 644942 0 0 0 0 0 644920 0 0 644936 0 0 645027 0 0 0 0 644878 644911 0 645027 0 0 0 0 0 0 0 0 0 0 0 0 0 0 0 0 0 0 645027 644991 0 0 0 0 0 0 0 0 0 0 0 0 0 0 0 0 0 0 0 0 0 0 0 0 0 0 0 645002 0 0 0 0 0 0 0 0 0 0 0 644905 0 0 0 0 0 0 0 0 0 0 0 644897 0 0 0 0 0 0 0 0 0 0 0 0 0 0 644851 0 0 0 0 0 644644 0 0 0 0 0 0 0 0 0 0 0 0 
0 645056 644984 0 645081 644990 645014 645032 644969 645145 645089 644975 644955 645084 645093 645132 645032 645008 0 644888 644946 644907 645051 0 644894 644870 644847 0 0 644898 644859 645030 0 645012 0 644831 0 0 645022 645018 645001 645028 644955 644946 0 0 0 644960 644771 644792 644768 644787 0 0 0 644973 644956 644979 644977 644895 0 0 644918 0 644741 0 0 0 0 644923 644950 644856 0 644874 0 0 644687 644640 644844 644895 644899 644875 644805 644811 644823 644720 644609 644652 644616 644592 644805 0 0 644845 644796 0 0 644766 0 0 0 644609 644583 0 644673 644811 644797 0 644739 644724 0 644751 644738 0 0 644537 644544 644547 0 0 644697 0 0 0 644696 644651 644492 644507 
0 639815 639791 0 639815 639815 639815 639815 639767 639815 0 639815 0 639815 639815 0 639815 639815 0 639791 639767 0 639815 0 639767 639767 0 0 0 0 0 639815 0 639815 0 639767 0 0 639815 639815 639815 639815 639815 639815 0 0 0 0 0 639767 639767 0 0 0 0 639815 0 0 639815 639815 0 0 0 0 0 0 0 0 0 639815 639815 639815 0 0 0 0 0 639815 639815 639815 639815 639815 639815 639815 0 0 639791 639815 639815 639815 639815 0 0 639815 639815 0 0 0 0 0 0 639767 639791 0 639815 639815 639815 0 639815 639815 0 0 639815 0 0 639767 639791 639815 0 0 639815 0 0 0 639815 639815 639791 639767 
0 639725 639725 0 639725 639725 639725 639725 639703 639725 0 639725 0 639725 639725 0 639725 639725 0 639725 639703 0 639725 0 639703 639703 0 0 0 0 0 639725 0 639725 0 639703 0 0 639725 639725 639725 639725 639725 639725 0 0 0 0 0 639703 639703 0 0 0 0 639725 0 0 639725 639725 0 0 0 0 0 0 0 0 0 639725 639725 639725 0 0 0 0 0 639725 639725 639725 639725 639725 639725 639725 0 0 639725 639725 639725 639725 639725 0 0 639725 639725 0 0 0 0 0 0 639703 639725 0 639725 639725 639725 0 639725 639725 0 0 639725 0 0 639703 639725 639725 0 0 639725 0 0 0 639725 639725 639725 639703 
644737 644754 644742 644724 644741 644764 644756 644762 644720 644719 644743 644781 644693 644712 644689 644708 644762 644770 644786 644774 644701 644689 644667 644769 644747 644755 644668 644671 644661 644674 644673 644672 644651 644644 644768 644762 644661 644655 644648 644660 644629 644636 644663 644702 644694 644749 644755 644748 644743 644749 644741 644637 644627 644630 644632 644653 644626 644647 644621 644611 644712 644729 644734 644728 644721 644628 644622 644625 644616 644591 644588 644668 644691 644698 644714 644716 644714 644586 644610 644619 644583 644551 644533 644603 644681 644690 644689 644570 644570 644554 644597 644588 644568 644565 644500 644641 644636 644662 644690 644690 644683 644688 644560 644544 644548 644591 644489 644447 644483 644576 644631 644633 644666 644654 644665 644664 644534 644500 644542 644536 644497 644616 644605 644632 644652 644645 644650 644654 
0 0 642764 0 0 0 0 0 642734 0 0 642798 0 0 642696 0 0 0 0 642808 642696 0 642688 0 0 0 0 0 0 0 0 0 0 0 0 0 0 0 0 0 0 642662 642716 0 0 0 0 0 0 0 0 0 0 0 0 0 0 0 0 0 0 0 0 0 0 0 0 0 0 0 642602 0 0 0 0 0 0 0 0 0 0 0 642636 0 0 0 0 0 0 0 0 0 0 0 642606 0 0 0 0 0 0 0 0 0 0 0 0 0 0 642678 0 0 0 0 0 642796 0 0 0 0 0 0 0 0 0 0 0 0 
0 0 626880 0 0 0 0 0 626877 0 0 626836 0 0 626890 0 0 0 0 626821 626879 0 626888 0 0 0 0 0 0 0 0 0 0 0 0 0 0 0 0 0 0 626895 626856 0 0 0 0 0 0 0 0 0 0 0 0 0 0 0 0 0 0 0 0 0 0 0 0 0 0 0 626896 0 0 0 0 0 0 0 0 0 0 0 626876 0 0 0 0 0 0 0 0 0 0 0 626887 0 0 0 0 0 0 0 0 0 0 0 0 0 0 626798 0 0 0 0 0 626599 0 0 0 0 0 0 0 0 0 0 0 0 
0 644854 644854 0 644906 644837 644869 644822 644843 644812 0 644746 645010 644934 644692 0 644736 644704 0 644726 644919 645019 644636 0 644735 644703 0 0 0 644944 644963 644929 0 644584 0 644651 0 0 644836 644881 644775 644616 644508 644496 0 0 0 644552 644545 644599 644567 644796 0 0 0 644870 0 0 644789 644428 0 0 644496 0 644434 0 0 0 0 644740 644658 644376 0 644400 0 0 644459 644671 644698 644734 644728 644645 644308 644316 644332 644320 644354 644616 644639 644607 644646 0 0 644662 644296 0 0 644256 0 0 0 644355 644620 0 644558 644622 644475 0 644220 644200 0 644236 644224 0 0 644259 644568 644476 0 0 644164 0 0 0 644168 644140 644198 644219 
0 0 642871 0 0 0 0 0 642859 0 0 642895 0 0 642943 0 0 0 0 642871 642859 0 642943 0 0 0 0 0 0 0 0 0 0 0 0 0 0 0 0 0 0 642931 642931 0 0 0 0 0 0 0 0 0 0 0 0 0 0 0 0 0 0 0 0 0 0 0 0 0 0 0 642909 0 0 0 0 0 0 0 0 0 0 0 642871 0 0 0 0 0 0 0 0 0 0 0 642859 0 0 0 0 0 0 0 0 0 0 0 0 0 0 642883 0 0 0 0 0 642859 0 0 0 0 0 0 0 0 0 0 0 0 
644746 644761 644751 644733 644748 644773 644765 644769 644730 644726 644750 644788 644700 644719 644695 644714 644769 644777 644795 644783 644711 644698 644673 644818 644757 644765 644678 644681 644670 644681 644682 644679 644657 644650 644797 644778 644670 644662 644654 644666 644635 644642 644669 644708 644700 644755 644784 644791 644796 644791 644795 644644 644634 644637 644639 644660 644632 644653 644627 644617 644754 644780 644785 644779 644772 644638 644631 644634 644623 644597 644594 644702 644727 644748 644765 644769 644768 644597 644617 644625 644589 644557 644539 644609 644731 644741 644742 644579 644581 644565 644604 644596 644574 644571 644506 644681 644686 644712 644740 644741 644737 644742 644571 644555 644557 644597 644495 644453 644489 644602 644681 644683 644716 644704 644706 644718 644545 644509 644548 644542 644503 644666 644655 644682 644702 644678 644678 644700 
0 645110 645158 0 645084 645140 645138 645116 645122 645040 0 645094 0 645026 645004 0 645084 645068 0 645132 645084 0 644984 0 645142 645126 0 0 0 0 0 644946 0 644962 0 645100 0 0 644922 644922 644908 644946 644970 644964 0 0 0 0 0 645074 645058 0 0 0 0 644908 0 0 644892 644924 0 0 0 0 0 0 0 0 0 644856 644874 644904 0 0 0 0 0 644826 644822 644840 644840 644824 644852 644874 0 0 644946 644786 644810 644794 644796 0 0 644804 644818 0 0 0 0 0 0 644952 644836 0 644752 644784 644772 0 644804 644816 0 0 644828 0 0 644904 644810 644716 0 0 644798 0 0 0 644800 644786 644868 644884 
0 635150 635150 0 635150 635150 635150 635150 635150 635150 0 635150 0 635150 635150 0 635150 635150 0 635148 635150 0 635150 0 635150 635150 0 0 0 0 0 635150 0 635150 0 635141 0 0 635150 635150 635150 635150 635150 635148 0 0 0 0 0 635128 635120 0 0 0 0 635150 0 0 635150 635150 0 0 0 0 0 0 0 0 0 635150 635150 635130 0 0 0 0 0 635150 635150 635150 635150 635150 635150 635150 0 0 635055 635150 635150 635150 635150 0 0 635150 635150 0 0 0 0 0 0 635067 635150 0 635150 635150 635150 0 635150 635134 0 0 635056 0 0 635043 635150 635150 0 0 635150 0 0 0 635042 635023 635016 635033 
0 638021 638021 0 638047 638001 638017 638005 638039 638043 638019 637967 638101 638081 638031 638041 637981 637965 0 637957 638077 638101 638027 0 637985 637969 638101 0 0 638101 638101 638101 0 638025 0 637943 0 0 638099 638101 638094 638041 637987 637957 0 0 0 637913 637855 637917 637901 638101 0 0 0 638101 638101 638101 638101 637995 0 0 637885 0 637811 0 0 0 0 638101 638087 637921 0 637885 0 0 637847 638101 638101 638101 638101 638100 638007 637963 637851 637773 637771 638101 638101 638101 638101 0 0 638101 638025 0 0 637813 0 0 0 637795 638101 0 638101 638101 638090 0 638011 637929 0 637851 637773 0 0 637747 638101 638101 0 0 637983 0 0 0 637745 637707 637693 637727 
644944 644886 644928 644970 644912 644890 644906 644870 644945 644860 644860 644832 644992 644922 644800 644834 644822 644806 644846 644864 644983 645026 644772 644772 644891 644875 645033 645030 644988 644977 645000 644941 644876 644746 644836 644849 645018 644958 644881 644917 644848 644762 644708 644702 644718 644752 644744 644730 644744 644823 644807 644940 644930 644933 644923 644932 644893 644914 644860 644668 644682 644692 644702 644690 644676 644997 644949 644952 644907 644842 644786 644642 644664 644654 644662 644690 644753 644927 644889 644886 644850 644786 644608 644612 644620 644614 644678 644895 644919 644907 644876 644868 644835 644832 644602 644612 644602 644582 644614 644614 644691 644701 644938 644927 644865 644858 644696 644636 644564 644554 644592 644572 644566 644566 644564 644653 644917 644829 644809 644803 644536 644562 644540 644522 644538 644524 644600 644633 
0 644764 644751 0 644803 644733 644757 644740 644755 644762 644759 644683 644947 644852 644672 644723 644702 644678 0 644655 644812 644910 644630 0 644674 644650 644911 0 644985 644983 644983 644903 0 644591 0 644611 0 644978 644795 644867 644744 644615 644534 644525 644549 0 644588 644567 644514 644572 644548 644942 0 0 0 644945 644861 644903 644768 644474 644495 644510 644525 644470 644449 0 0 0 0 644750 644651 644435 0 644453 644465 644433 644467 644832 644900 644907 644774 644654 644384 644390 644402 644390 644376 644809 644808 644784 644861 0 0 644805 644375 644390 644375 644345 0 0 644374 644389 644799 644775 644792 644843 644516 0 644318 644303 644360 644330 644321 0 644315 644317 644760 644704 0 0 644276 644315 644282 0 644279 644258 644259 644287 
0 644745 644739 0 644797 644713 644745 644713 644741 644715 0 644637 644967 644839 644595 0 644639 644607 0 644611 644817 644937 644539 0 644633 644601 0 0 0 645006 645014 644884 0 644487 0 644549 0 0 644752 644836 644689 644519 644411 644399 0 0 0 644455 644421 644497 644465 644893 0 0 0 644931 0 0 644713 644331 0 0 644399 0 644325 0 0 0 0 644683 644567 644279 0 644303 0 0 644357 644753 644807 644843 644707 644563 644211 644219 644235 644223 644239 644713 644721 644689 644755 0 0 644740 644199 0 0 644159 0 0 0 644253 644711 0 644667 644731 644387 0 644123 644103 0 644139 644127 0 0 644157 644659 644573 0 0 644067 0 0 0 644071 644043 644083 644117 
0 644773 644740 0 644825 644733 644765 644741 644730 644723 0 644665 645017 644847 644603 0 644647 644615 0 644612 644806 644952 644547 0 644622 644590 0 0 0 645042 645042 644911 0 644495 0 644538 0 0 644767 644863 644699 644527 644419 644407 0 0 0 644463 644441 644486 644454 644967 0 0 0 644948 0 0 644731 644339 0 0 644407 0 644353 0 0 0 0 644707 644575 644287 0 644311 0 0 644346 644819 644861 644886 644739 644579 644219 644227 644243 644231 644240 644787 644787 644755 644809 0 0 644756 644207 0 0 644167 0 0 0 644242 644758 0 644721 644785 644395 0 644131 644111 0 644147 644135 0 0 644146 644706 644647 0 0 644075 0 0 0 644079 644051 644084 644106 
0 640886 640862 0 640899 0 0 0 640859 0 0 640859 0 640928 640903 0 0 0 0 640830 640878 0 640889 0 0 0 0 0 0 0 0 640964 0 0 0 640811 0 0 0 640964 0 640884 640857 0 0 0 0 0 0 640798 0 0 0 0 0 0 0 0 0 0 0 0 0 0 0 0 0 0 0 0 640896 640824 0 0 0 0 0 0 640902 0 0 640897 640807 640809 0 0 0 0 0 0 0 0 0 640905 640804 0 0 0 0 0 0 0 0 0 0 0 0 0 0 640780 0 0 0 0 0 640713 0 0 0 0 0 0 0 0 0 0 640698 0 
644689 644696 644648 644702 644709 644662 644670 644688 644633 644731 644707 644669 644695 644738 644739 644742 644688 644680 644640 644616 644652 644655 644725 644639 644606 644598 644623 644626 644639 644676 644651 644722 644751 644701 644602 644585 644627 644657 644748 644734 644741 644709 644682 644690 644698 644701 644673 644666 644589 644572 644564 644639 644629 644632 644658 644703 644726 644721 644733 644638 644680 644647 644652 644598 644591 644583 644600 644603 644642 644704 644701 644649 644671 644666 644632 644562 644537 644578 644660 644693 644696 644664 644572 644598 644649 644584 644523 644594 644570 644562 644647 644639 644668 644678 644557 644622 644617 644630 644632 644608 644506 644511 644547 644539 644601 644665 644602 644560 644526 644557 644612 644614 644608 644622 644559 644487 644534 644555 644654 644648 644512 644597 644586 644600 644594 644563 644477 644477 
0 639327 639279 0 639316 639293 639301 639319 639248 639366 0 639300 0 639323 639396 0 639331 639323 0 639247 639229 0 639410 0 639237 639229 0 0 0 0 0 639319 0 639399 0 639216 0 0 639355 639331 639372 639391 639382 639379 0 0 0 0 0 639203 639195 0 0 0 0 639300 0 0 639364 639346 0 0 0 0 0 0 0 0 0 639346 639351 639349 0 0 0 0 0 639151 639257 639290 639338 639314 639280 639306 0 0 639154 639167 639143 639135 639244 0 0 639320 639263 0 0 0 0 0 0 639142 639120 0 639186 639262 639252 0 639234 639265 0 0 639263 0 0 639118 639107 639132 0 0 639220 0 0 0 639249 639218 639115 639108 
644722 644727 644751 644709 644714 644749 644741 644735 644736 644692 644716 644754 644666 644685 644650 644669 644735 644743 644771 644783 644717 644698 644628 644752 644763 644771 644684 644687 644646 644647 644658 644645 644612 644605 644787 644784 644670 644628 644609 644621 644590 644597 644624 644663 644655 644710 644738 644731 644738 644775 644767 644610 644600 644603 644605 644626 644587 644608 644582 644572 644683 644712 644717 644711 644704 644644 644607 644610 644589 644552 644549 644639 644662 644669 644697 644711 644740 644585 644583 644580 644544 644512 644494 644564 644652 644673 644708 644564 644576 644560 644570 644562 644529 644526 644461 644612 644607 644633 644661 644673 644709 644714 644590 644574 644542 644552 644450 644408 644444 644547 644602 644604 644637 644625 644648 644690 644564 644494 644503 644497 644458 644587 644576 644603 644623 644628 644669 644680 
0 643366 643366 0 643366 0 0 0 643366 0 0 643366 0 643366 643366 0 0 0 0 643366 643366 0 643366 0 0 0 0 0 0 0 0 643366 0 0 0 643366 0 0 0 643366 0 643366 643366 0 0 0 0 0 0 643366 0 0 0 0 0 0 0 0 0 0 0 0 0 0 0 0 0 0 0 0 643366 643366 0 0 0 0 0 0 643366 0 0 643366 643366 643366 0 0 0 0 0 0 0 0 0 643366 643366 0 0 0 0 0 0 0 0 0 0 0 0 0 0 643366 0 0 0 0 0 643366 0 0 0 0 0 0 0 0 0 0 643359 0 
644930 644872 644920 644956 644898 644876 644892 644856 644938 644846 644846 644818 644994 644908 644786 644820 644808 644792 644832 644856 644976 645026 644758 644758 644884 644868 645042 645036 645045 645028 645053 644940 644862 644732 644828 644842 645077 645015 644868 644916 644834 644748 644694 644688 644704 644738 644730 644716 644730 644816 644800 644997 644987 644990 644980 644977 644912 644942 644850 644654 644668 644678 644688 644676 644662 645061 645006 645009 644964 644838 644772 644628 644650 644640 644648 644676 644746 644984 644946 644943 644854 644774 644594 644598 644606 644600 644670 644948 644972 644956 644933 644925 644892 644885 644588 644598 644588 644568 644600 644600 644684 644694 644998 644982 644914 644915 644682 644622 644550 644540 644578 644558 644552 644552 644550 644646 644972 644878 644866 644860 644522 644548 644526 644508 644524 644510 644592 644626 
0 644752 644703 0 644791 644709 644733 644728 644694 644736 644736 644671 644930 644829 644646 644697 644679 644655 0 644607 644751 644862 644604 0 644613 644589 644845 0 644960 644960 644948 644875 0 644565 0 644550 0 644977 644769 644839 644718 644589 644508 644499 644523 0 644562 644541 644490 644511 644487 644960 0 0 0 644908 644823 644865 644742 644448 644469 644484 644499 644458 644437 0 0 0 0 644724 644625 644409 0 644427 644439 644409 644406 644887 644908 644892 644741 644628 644358 644364 644376 644367 644328 644876 644863 644839 644895 0 0 644768 644349 644364 644349 644319 0 0 644313 644328 644830 644806 644848 644865 644490 0 644292 644277 644334 644304 644295 0 644292 644256 644791 644771 0 0 644250 644289 644256 0 644253 644232 644211 644226 
0 644953 644881 0 644992 0 0 0 644872 0 0 644872 0 645075 645042 0 0 0 0 644785 644929 0 645006 0 0 0 0 0 0 0 0 645059 0 0 0 644728 0 0 645103 645071 0 644991 644910 0 0 0 0 0 0 644689 0 0 0 0 0 645002 0 0 0 0 0 0 0 0 0 0 0 0 0 0 645013 644811 0 0 0 0 0 0 644873 0 0 644964 644760 644766 0 0 0 0 0 0 0 0 0 644948 644751 0 0 0 0 0 0 0 0 0 0 0 644866 0 644694 644679 0 0 644643 0 0 644434 0 0 0 0 0 0 0 0 0 644532 644389 644404 
0 641673 641649 0 641686 0 0 0 641645 0 0 641646 0 641715 641688 0 0 0 0 641617 641664 0 641674 0 0 0 0 0 0 0 0 641732 0 0 0 641597 0 0 0 641732 0 641669 641642 0 0 0 0 0 0 641584 0 0 0 0 0 0 0 0 0 0 0 0 0 0 0 0 0 0 0 0 641681 641609 0 0 0 0 0 0 641670 0 0 641679 641592 641594 0 0 0 0 0 0 0 0 0 641678 641589 0 0 0 0 0 0 0 0 0 0 0 0 0 0 641565 0 0 0 0 0 641499 0 0 0 0 0 0 0 0 0 0 641485 0 
0 644276 644228 0 644289 644242 644250 644268 644213 644335 0 644249 0 644330 644361 0 644280 644272 0 644196 644232 0 644348 0 644186 644178 0 0 0 0 0 644354 0 644335 0 644165 0 0 644387 644378 644376 644343 644316 644313 0 0 0 0 0 644152 644144 0 0 0 0 644335 0 0 644376 644296 0 0 0 0 0 0 0 0 0 644364 644352 644283 0 0 0 0 0 644125 644265 644331 644358 644340 644266 644268 0 0 644103 644133 644109 644093 644239 0 0 644340 644263 0 0 0 0 0 0 644091 644087 0 644147 644275 644304 0 644244 644239 0 0 644224 0 0 644067 644061 644063 0 0 644230 0 0 0 644210 644167 644064 644057 
0 0 0 0 0 0 0 0 0 0 0 0 0 0 0 0 0 0 0 0 0 0 0 0 0 0 0 0 0 0 0 0 0 0 0 0 0 0 0 0 0 640935 0 0 0 0 0 0 0 0 0 0 0 0 0 0 0 0 0 0 0 0 0 0 0 0 0 0 0 0 0 0 0 0 0 0 0 0 0 0 0 0 0 0 0 0 0 0 0 0 0 0 0 0 0 0 0 0 0 0 0 0 0 0 0 0 0 0 0 0 0 0 0 0 0 0 0 0 0 0 0 0 0 0 0 0 0 0 
0 0 644871 0 0 0 0 0 644838 0 0 644910 0 0 644985 0 0 0 0 644852 644819 0 644992 0 0 0 0 0 0 0 0 0 0 0 0 0 0 0 0 0 0 644985 645002 0 0 0 0 0 0 0 0 0 0 0 0 0 0 0 0 0 0 0 0 0 0 0 0 0 0 0 644961 0 0 0 0 0 0 0 0 0 0 0 644990 0 0 0 0 0 0 0 0 0 0 0 644957 0 0 0 0 0 0 0 0 0 0 0 0 0 0 644948 0 0 0 0 0 644618 0 0 0 0 0 0 0 0 0 0 0 0 
0 643798 643774 0 643785 643796 643788 643806 643753 643811 0 643816 0 643780 643817 0 643828 643828 0 643792 643734 0 643819 0 643780 643780 0 0 0 0 0 643761 0 643820 0 643780 0 0 643776 643761 643781 643812 643839 643840 0 0 0 0 0 643776 643768 0 0 0 0 643723 0 0 643773 643835 0 0 0 0 0 0 0 0 0 643767 643788 643838 0 0 0 0 0 643533 643637 643679 643751 643775 643793 643828 0 0 643715 643529 643517 643501 643611 0 0 643715 643772 0 0 0 0 0 0 643715 643507 0 643531 643623 643749 0 643767 643816 0 0 643764 0 0 643691 643481 643459 0 0 643780 0 0 0 643750 643731 643676 643681 
0 639305 639281 0 639292 639303 639295 639313 639260 639318 639318 639304 639244 639287 639348 639331 639323 639315 0 639275 639241 639228 639352 0 639277 639269 639208 0 639200 639225 639212 639271 0 639329 0 639256 0 639206 639307 639283 639314 639321 639340 639349 639357 0 639308 639301 639236 639243 639235 639188 0 0 0 639252 639285 639270 639306 639296 639325 639282 639287 639233 639226 0 0 0 0 639276 639273 639307 0 639311 639267 639209 639208 639139 639209 639242 639268 639236 639218 639256 639294 639219 639182 639143 639131 639123 639196 0 0 639250 639185 639280 639275 639275 0 0 639177 639182 639120 639112 639150 639214 639174 0 639168 639215 639270 639272 639243 0 639194 639158 639107 639108 0 0 639170 639255 639244 0 639229 639198 639143 639148 
644703 644739 644696 644690 644726 644730 644722 644747 644663 644752 644752 644760 644678 644721 644746 644753 644771 644771 644736 644712 644644 644643 644725 644730 644690 644694 644611 644614 644627 644659 644639 644705 644708 644702 644698 644681 644615 644640 644705 644705 644687 644694 644721 644744 644752 644780 644764 644757 644685 644668 644660 644622 644612 644615 644641 644686 644683 644692 644679 644669 644745 644738 644743 644689 644682 644571 644588 644591 644625 644649 644646 644702 644725 644731 644723 644658 644633 644566 644643 644664 644641 644609 644591 644651 644714 644675 644619 644572 644553 644537 644630 644622 644625 644623 644558 644675 644670 644695 644711 644699 644602 644607 644531 644515 644574 644636 644547 644505 644541 644610 644665 644667 644687 644687 644650 644583 644505 644502 644600 644594 644555 644650 644639 644665 644673 644654 644580 644573 
0 644963 644891 0 644924 644957 644933 644987 644828 644986 645002 645044 644780 644909 644933 644954 645059 645083 0 644987 644771 644732 644903 0 644909 644933 644672 0 644648 644723 644684 644845 0 644870 0 644961 0 644666 644810 644810 644789 644846 644927 645008 644984 0 645124 645117 644954 644955 644947 644612 0 0 0 644788 644744 644771 644765 644843 645046 645076 645091 644945 644924 0 0 0 0 644711 644738 644978 0 645020 645031 644873 644870 644465 644659 644687 644687 644663 644717 644855 644969 644903 644792 644477 644441 644417 644620 0 0 644633 644654 644939 644934 644912 0 0 644777 644792 644408 644384 644498 644603 644585 0 644639 644838 644927 644897 644888 0 644828 644720 644369 644372 0 0 644681 644882 644849 0 644846 644824 644675 644690 
0 644877 644781 0 644825 644869 644837 644909 644697 644872 0 644983 644633 644799 644811 0 644999 645028 0 644902 644621 644569 644771 0 644805 644836 0 0 0 644557 644505 644684 0 644727 0 644875 0 0 644647 644647 644619 644695 644803 644904 0 0 0 645062 644917 644883 644867 644409 0 0 0 644608 0 0 644587 644691 0 0 645034 0 644883 0 0 0 0 644515 644551 644889 0 644949 0 0 644811 644213 644436 644483 644483 644451 644523 644703 644915 644849 644707 644229 644181 644149 644384 0 0 644411 644439 0 0 644841 0 0 0 644707 644137 0 644251 644371 644347 0 644419 644702 0 644819 644809 0 0 644611 644085 644089 0 0 644475 0 0 0 644753 644714 644551 644571 
0 644773 644838 0 644721 644861 644829 644805 644756 644633 0 644881 644529 644605 644561 0 644805 644837 0 644966 644680 644626 644521 0 644864 644896 0 0 0 644453 644497 644445 0 644477 0 644948 0 0 644397 644397 644369 644445 644553 644661 0 0 0 644893 645095 645000 645032 644305 0 0 0 644369 0 0 644337 644441 0 0 644937 0 644975 0 0 0 0 644265 644301 644685 0 644841 0 0 645056 644205 644197 644233 644233 644201 644273 644457 644851 644851 644960 644125 644173 644141 644145 0 0 644161 644189 0 0 644787 0 0 0 644962 644194 0 644057 644121 644097 0 644169 644477 0 644755 644755 0 0 644866 644142 643985 0 0 644225 0 0 0 644699 644671 644804 644826 
0 642767 642767 0 642767 0 0 0 642767 0 0 642767 0 642767 642767 0 0 0 0 642767 642767 0 642767 0 0 0 0 0 0 0 0 642767 0 0 0 642767 0 0 0 642767 0 642767 642767 0 0 0 0 0 0 642767 0 0 0 0 0 0 0 0 0 0 0 0 0 0 0 0 0 0 0 0 642767 642767 0 0 0 0 0 0 642767 0 0 642767 642767 642767 0 0 0 0 0 0 0 0 0 642767 642767 0 0 0 0 0 0 0 0 0 0 0 0 0 0 642767 0 0 0 0 0 642767 0 0 0 0 0 0 0 0 0 0 642757 0 
0 643605 643605 0 643592 643615 643607 643613 643596 643594 0 643632 0 643575 643600 0 643625 643633 0 643637 643577 0 643602 0 643623 643631 0 0 0 0 0 643542 0 643603 0 643644 0 0 643559 643542 643564 643595 643622 643637 0 0 0 0 0 643645 643645 0 0 0 0 643504 0 0 643556 643618 0 0 0 0 0 0 0 0 0 643548 643571 643645 0 0 0 0 0 643350 643418 643460 643532 643558 643612 643634 0 0 643645 643334 643334 643318 643392 0 0 643496 643597 0 0 0 0 0 0 643645 643336 0 643324 643404 643568 0 643592 643645 0 0 643645 0 0 643645 643310 643264 0 0 643606 0 0 0 643645 643645 643645 643645 
0 644684 644643 0 644736 644641 644673 644652 644631 644667 0 644576 644928 644791 644547 0 644591 644559 0 644515 644707 644855 644491 0 644523 644491 0 0 0 645004 645005 644855 0 644439 0 644439 0 0 644711 644807 644643 644471 644363 644351 0 0 0 644407 644349 644387 644355 645028 0 0 0 644931 0 0 644675 644283 0 0 644351 0 644264 0 0 0 0 644651 644519 644231 0 644255 0 0 644247 644897 644961 644929 644683 644523 644163 644171 644187 644175 644143 644868 644865 644833 644923 0 0 644755 644151 0 0 644111 0 0 0 644143 644831 0 644835 644899 644339 0 644075 644055 0 644091 644079 0 0 644047 644779 644728 0 0 644019 0 0 0 644023 643995 643987 644007 
644911 644889 644865 644937 644915 644857 644873 644873 644870 644888 644887 644835 645011 644949 644828 644862 644849 644833 644813 644801 644908 644971 644800 644775 644816 644800 644974 644968 645063 645049 645039 644982 644904 644774 644773 644774 645027 645087 644910 644958 644876 644790 644736 644730 644746 644780 644772 644758 644711 644748 644732 645112 645096 645102 645107 645020 644954 644984 644892 644696 644710 644720 644730 644693 644679 645054 645074 645080 645098 644880 644814 644670 644692 644682 644690 644657 644678 645030 645086 645040 644896 644816 644636 644640 644648 644641 644615 645026 645014 644998 645061 645045 645027 644932 644630 644640 644630 644610 644642 644642 644616 644626 645004 644988 645016 645049 644724 644664 644592 644582 644620 644600 644594 644594 644591 644578 644978 644956 644999 644987 644564 644590 644568 644550 644566 644552 644537 644558 
644914 644880 644868 644940 644906 644860 644876 644864 644874 644877 644866 644826 645002 644928 644817 644851 644828 644812 644816 644804 644912 644974 644789 644766 644820 644804 644978 644972 645066 645040 645042 644971 644893 644763 644776 644778 645030 645074 644899 644947 644865 644779 644725 644719 644735 644769 644761 644747 644714 644752 644736 645090 645071 645077 645073 645009 644943 644973 644881 644685 644699 644709 644719 644684 644670 645052 645061 645067 645061 644869 644803 644659 644681 644671 644679 644660 644682 645017 645060 645025 644885 644805 644625 644629 644637 644620 644618 645001 645001 644985 645034 645018 645000 644921 644619 644629 644619 644599 644631 644631 644620 644630 644991 644975 644979 645022 644713 644653 644581 644571 644609 644589 644583 644583 644570 644582 644965 644931 644972 644960 644553 644579 644557 644539 644555 644541 644540 644562 
642291 642281 642233 642317 642307 642237 642253 642265 642227 642305 642293 642227 642403 642355 642269 642291 642255 642239 642193 642169 642265 642339 642253 642167 642173 642157 642331 642325 642443 642441 642419 642399 642345 642239 642141 642131 642395 642474 642351 642387 642329 642255 642201 642183 642199 642209 642189 642175 642091 642105 642089 642484 642474 642477 642499 642437 642395 642413 642345 642185 642151 642137 642147 642085 642071 642404 642445 642448 642489 642345 642291 642135 642145 642123 642107 642037 642035 642423 642483 642464 642361 642305 642161 642141 642089 642047 641983 642439 642415 642407 642470 642462 642453 642397 642167 642117 642107 642051 642071 642059 641973 641983 642392 642384 642448 642464 642249 642213 642141 642095 642097 642065 642023 642035 641997 641935 642379 642404 642439 642433 642113 642067 642045 641991 641995 641969 641905 641915 
0 644850 644778 0 644889 0 0 0 644769 0 0 644769 0 644944 644809 0 0 0 0 644682 644826 0 644767 0 0 0 0 0 0 0 0 645018 0 0 0 644625 0 0 644932 645004 0 644752 644671 0 0 0 0 0 0 644586 0 0 0 0 0 645063 0 0 0 0 0 0 0 0 0 0 0 0 0 0 644788 644572 0 0 0 0 0 0 645019 0 0 644791 644521 644527 0 0 0 0 0 0 0 0 0 644945 644512 0 0 0 0 0 0 0 0 0 0 0 644653 0 644455 644440 0 0 644458 0 0 644331 0 0 0 0 0 0 0 0 0 644373 644286 644301 
0 644845 644773 0 644884 644779 644803 644821 644764 644950 644878 644764 645020 644971 644966 644975 644821 644797 0 644677 644821 644932 644928 0 644683 644659 644912 0 0 645021 644982 645089 0 644889 0 644620 0 0 645089 645117 645042 644913 644832 644823 0 0 0 644755 644560 644581 644557 644910 0 0 0 645098 645133 645130 645066 644772 0 0 644713 0 644530 0 0 0 0 645048 644949 644733 0 644747 0 0 644476 644763 644973 645064 645060 644952 644682 644688 644696 644509 644398 644775 644739 644715 644934 0 0 645056 644673 0 0 644639 0 0 0 644398 644706 0 644796 644980 644814 0 644616 644601 0 644628 644573 0 0 644326 644667 644670 0 0 644574 0 0 0 644531 644446 644281 644296 
0 644826 644754 0 644865 644760 644784 644802 644745 644931 644859 644745 645009 644952 644941 644948 644802 644778 0 644658 644802 644913 644903 0 644664 644640 644901 0 0 645018 644981 645072 0 644864 0 644601 0 0 645064 645092 645017 644888 644807 644798 0 0 0 644736 644541 644562 644538 644935 0 0 0 645093 645120 645115 645041 644747 0 0 644694 0 644511 0 0 0 0 645023 644924 644708 0 644722 0 0 644457 644788 644998 645081 645047 644927 644657 644663 644671 644490 644379 644800 644764 644740 644959 0 0 645049 644648 0 0 644614 0 0 0 644379 644731 0 644821 644997 644789 0 644591 644576 0 644603 644546 0 0 644307 644692 644695 0 0 644549 0 0 0 644504 644427 644262 644277 
0 642619 642571 0 642619 642595 642595 642619 642547 642667 0 642619 0 642643 642715 0 642643 642643 0 642571 642547 0 642728 0 642547 642547 0 0 0 0 0 642667 0 642729 0 642547 0 0 642715 642691 642728 642729 642729 642728 0 0 0 0 0 642547 642547 0 0 0 0 642667 0 0 642728 642729 0 0 0 0 0 0 0 0 0 642729 642729 642729 0 0 0 0 0 642595 642667 642691 642729 642729 642729 642729 0 0 642571 642619 642595 642595 642667 0 0 642729 642729 0 0 0 0 0 0 642547 642571 0 642643 642691 642729 0 642729 642729 0 0 642691 0 0 642547 642571 642619 0 0 642729 0 0 0 642691 642662 642559 642547 
0 642809 642761 0 642783 642801 642789 642825 642719 642835 0 642825 0 642773 642895 0 642849 642849 0 642777 642681 0 642923 0 642753 642753 0 0 0 0 0 642741 0 642925 0 642753 0 0 642813 642765 642847 642909 642945 642945 0 0 0 0 0 642753 642753 0 0 0 0 642703 0 0 642831 642945 0 0 0 0 0 0 0 0 0 642819 642861 642945 0 0 0 0 0 642477 642617 642683 642803 642835 642943 642945 0 0 642777 642485 642461 642445 642591 0 0 642767 642925 0 0 0 0 0 0 642753 642439 0 642499 642627 642855 0 642939 642945 0 0 642897 0 0 642753 642413 642415 0 0 642945 0 0 0 642897 642873 642777 642753 
0 644877 644806 0 644838 644872 644848 644901 644743 644890 644904 644952 644694 644811 644905 644905 644961 644978 0 644888 644686 644647 644875 0 644824 644843 644587 0 644563 644637 644599 644749 0 644842 0 644859 0 644580 644782 644761 644761 644818 644899 644966 644953 0 645020 645019 644878 644868 644860 644526 0 0 0 644692 644716 644722 644737 644815 645016 644989 644999 644868 644847 0 0 0 0 644683 644710 644947 0 644996 644944 644797 644794 644380 644563 644638 644659 644635 644689 644819 644950 644814 644716 644391 644356 644332 644524 0 0 644605 644626 644909 644904 644893 0 0 644701 644716 644323 644299 644400 644554 644557 0 644611 644800 644898 644878 644848 0 644739 644644 644284 644286 0 0 644653 644863 644830 0 644806 644737 644599 644614 
0 644800 644741 0 644761 644806 644782 644824 644678 644781 644815 644881 644617 644722 644776 644784 644872 644896 0 644837 644621 644582 644758 0 644759 644783 644522 0 644497 644560 644533 644640 0 644725 0 644822 0 644503 644653 644640 644644 644701 644782 644863 644839 0 644955 644969 644923 644857 644866 644449 0 0 0 644583 644587 644601 644620 644698 644946 644976 644980 644906 644885 0 0 0 0 644566 644593 644879 0 644957 644950 644846 644844 644314 644454 644517 644542 644518 644572 644710 644934 644840 644766 644314 644290 644266 644415 0 0 644488 644509 644849 644854 644879 0 0 644751 644766 644258 644234 644311 644433 644440 0 644494 644725 644859 644874 644842 0 644765 644694 644219 644209 0 0 644536 644852 644828 0 644800 644743 644649 644664 
0 644838 644742 0 644786 644830 644798 644870 644658 644853 0 644946 644594 644766 644797 0 644966 644998 0 644868 644582 644530 644757 0 644766 644798 0 0 0 644518 644466 644665 0 644713 0 644841 0 0 644633 644631 644605 644681 644789 644895 0 0 0 645077 644919 644870 644884 644370 0 0 0 644589 0 0 644573 644677 0 0 645078 0 644879 0 0 0 0 644501 644537 644893 0 644998 0 0 644807 644174 644417 644467 644469 644437 644509 644693 644938 644851 644703 644190 644142 644110 644365 0 0 644397 644425 0 0 644862 0 0 0 644703 644098 0 644218 644355 644333 0 644405 644693 0 644842 644828 0 0 644607 644046 644050 0 0 644461 0 0 0 644772 644730 644547 644567 
0 644740 644728 0 644701 644770 644746 644764 644678 644683 644742 644821 644557 644649 644629 644650 644799 644823 0 644824 644621 644569 644599 0 644759 644783 644522 0 644461 644500 644497 644542 0 644566 0 644822 0 644443 644506 644506 644485 644542 644623 644704 644680 0 644857 644874 644943 644859 644875 644389 0 0 0 644485 644440 644467 644461 644539 644802 644909 644902 644958 644960 0 0 0 0 644407 644434 644722 0 644830 644924 644960 644912 644278 644356 644383 644383 644359 644413 644551 644849 644941 644927 644254 644254 644230 644317 0 0 644329 644350 644692 644702 644864 0 0 644922 644925 644245 644221 644238 644299 644281 0 644335 644566 644712 644777 644882 0 644866 644868 644206 644149 0 0 644377 644734 644745 0 644840 644819 644810 644838 
0 644656 644600 0 644604 644687 644655 644688 644516 644549 0 644764 644412 644520 644477 0 644720 644752 0 644728 644440 644388 644437 0 644624 644656 0 0 0 644336 644323 644361 0 644393 0 644708 0 0 644313 644313 644285 644361 644469 644577 0 0 0 644809 644978 644760 644792 644188 0 0 0 644285 0 0 644253 644357 0 0 644865 0 645035 0 0 0 0 644181 644217 644601 0 644769 0 0 644895 644031 644113 644149 644149 644117 644189 644373 644834 645006 644963 644008 643999 643967 644061 0 0 644077 644105 0 0 644874 0 0 0 644938 643956 0 643972 644037 644013 0 644085 644393 0 644738 644911 0 0 644868 643904 643868 0 0 644141 0 0 0 644857 644829 644808 644828 
644929 644871 644917 644955 644897 644875 644891 644855 644947 644845 644845 644817 644993 644907 644785 644819 644807 644791 644831 644853 644985 645023 644757 644757 644893 644877 645051 645045 645076 645031 645057 644939 644861 644731 644825 644851 645079 645052 644867 644915 644833 644747 644693 644687 644703 644737 644729 644715 644729 644825 644809 645034 645024 645027 645017 644977 644911 644941 644849 644653 644667 644677 644687 644675 644661 645108 645042 645046 645001 644837 644771 644627 644649 644639 644647 644675 644755 644998 644983 644980 644853 644773 644593 644597 644605 644599 644667 644958 644982 644966 644968 644952 644929 644889 644587 644597 644587 644567 644599 644599 644693 644703 645006 644990 644924 644952 644681 644621 644549 644539 644577 644557 644551 644551 644549 644655 644980 644888 644903 644894 644521 644547 644525 644507 644523 644509 644589 644635 
644876 644844 644828 644902 644870 644822 644838 644828 644822 644830 644830 644790 644966 644892 644770 644804 644792 644776 644778 644764 644860 644934 644742 644730 644768 644752 644926 644920 645028 645004 645004 644924 644846 644716 644736 644726 644990 645042 644852 644900 644818 644732 644678 644672 644688 644722 644714 644700 644676 644700 644684 645078 645098 645092 645052 644962 644896 644926 644834 644638 644652 644662 644672 644648 644634 645006 645106 645100 645084 644822 644756 644612 644634 644624 644632 644622 644630 645120 645048 644982 644838 644758 644578 644582 644590 644584 644578 645106 645104 645088 645074 645089 645012 644874 644572 644582 644572 644552 644584 644584 644568 644578 645092 645076 645084 645038 644666 644606 644534 644524 644562 644542 644536 644536 644534 644530 645066 645036 644992 645004 644506 644532 644510 644492 644508 644494 644500 644510 
644891 644869 644845 644917 644895 644837 644853 644853 644840 644864 644864 644815 644991 644926 644804 644838 644826 644810 644793 644781 644878 644951 644776 644755 644786 644770 644944 644938 645043 645029 645019 644958 644880 644750 644753 644744 645007 645067 644886 644934 644852 644766 644712 644706 644722 644756 644748 644734 644691 644718 644702 645103 645121 645117 645086 644996 644930 644960 644868 644672 644686 644696 644706 644673 644659 645024 645114 645111 645117 644856 644790 644646 644668 644658 644666 644637 644648 645078 645082 645016 644872 644792 644612 644616 644624 644618 644595 645074 645062 645046 645098 645089 645045 644908 644606 644616 644606 644586 644618 644618 644586 644596 645052 645036 645061 645070 644700 644640 644568 644558 644596 644576 644570 644570 644568 644548 645026 645004 645023 645025 644540 644566 644544 644526 644542 644528 644517 644528 
643774 643764 643745 643787 643777 643747 643755 643756 643742 643775 643763 643737 643825 643794 643769 643774 643744 643736 643725 643713 643761 643798 643767 643707 643715 643707 643794 643791 643850 643844 643838 643822 643807 643766 643699 643694 643826 643863 643810 643822 643805 643774 643747 643732 643740 643733 643717 643710 643674 643681 643673 643875 643875 643875 643874 643841 643832 643835 643813 643751 643710 643691 643696 643666 643659 643834 643868 643868 643875 643819 643798 643714 643713 643696 643676 643647 643646 643868 643875 643863 643827 643811 643757 643735 643679 643640 643620 643875 643868 643868 643875 643875 643875 643845 643766 643711 643706 643660 643664 643652 643615 643620 643856 643856 643875 643875 643801 643795 643759 643718 643701 643679 643640 643652 643615 643596 643856 643875 643875 643875 643745 643686 643675 643630 643626 643607 643581 643586 
0 643606 643558 0 643619 643572 643580 643598 643543 643665 0 643579 0 643660 643706 0 643610 643602 0 643526 643562 0 643716 0 643516 643508 0 0 0 0 0 643692 0 643727 0 643495 0 0 643739 643716 643751 643735 643708 643681 0 0 0 0 0 643477 643461 0 0 0 0 643692 0 0 643751 643712 0 0 0 0 0 0 0 0 0 643763 643759 643672 0 0 0 0 0 643620 643692 643716 643763 643763 643718 643696 0 0 643355 643644 643620 643612 643692 0 0 643763 643727 0 0 0 0 0 0 643355 643596 0 643666 643716 643762 0 643720 643679 0 0 643477 0 0 643307 643580 643582 0 0 643706 0 0 0 643449 643387 643277 643287 
0 0 0 0 0 0 0 0 0 0 0 0 0 0 0 0 0 0 0 0 0 0 0 0 0 0 0 0 0 0 0 0 0 0 0 0 0 0 0 0 0 642815 0 0 0 0 0 0 0 0 0 0 0 0 0 0 0 0 0 0 0 0 0 0 0 0 0 0 0 0 642829 0 0 0 0 0 0 0 0 0 0 0 642773 0 0 0 0 0 0 0 0 0 0 0 642770 0 0 0 0 0 0 0 0 0 0 0 0 0 0 642746 0 0 0 0 0 0 0 0 0 0 0 0 0 0 0 0 0 0 
0 0 644749 0 0 0 0 0 644686 0 0 644898 0 0 644930 0 0 0 0 644836 644629 0 644960 0 0 0 0 0 0 0 0 0 0 0 0 0 0 0 0 0 0 644935 645016 0 0 0 0 0 0 0 0 0 0 0 0 0 0 0 0 0 0 0 0 0 0 0 0 0 0 0 644827 645072 0 0 0 0 0 0 0 0 0 0 644806 0 0 0 0 0 0 0 0 0 0 0 644743 0 0 0 0 0 0 0 0 0 0 0 0 0 0 644928 0 0 0 0 0 644590 0 0 0 0 0 0 0 0 0 0 644545 0 
644451 644480 644456 644438 644467 644478 644470 644488 644435 644493 644493 644507 644419 644462 644523 644506 644512 644520 644500 644488 644416 644403 644537 644537 644462 644470 644383 644386 644375 644400 644387 644446 644485 644514 644502 644483 644375 644381 644482 644458 644499 644506 644533 644572 644564 644547 644551 644558 644499 644496 644498 644363 644353 644356 644382 644427 644460 644445 644491 644481 644582 644545 644550 644496 644489 644343 644336 644339 644366 644461 644458 644566 644591 644574 644530 644472 644471 644299 644384 644417 644453 644421 644403 644473 644557 644482 644445 644295 644283 644267 644371 644361 644402 644435 644370 644545 644548 644538 644530 644506 644440 644445 644273 644257 644297 644389 644359 644317 644353 644466 644543 644545 644506 644530 644457 644421 644247 644225 644412 644406 644367 644528 644517 644508 644492 644461 644406 644411 
0 644672 644576 0 644620 644664 644632 644704 644492 644701 0 644780 644428 644589 644761 0 644789 644821 0 644704 644416 644364 644737 0 644600 644632 0 0 0 644352 644300 644513 0 644693 0 644678 0 0 644597 644547 644585 644661 644769 644877 0 0 0 644931 644818 644710 644726 644204 0 0 0 644437 0 0 644553 644657 0 0 644950 0 644793 0 0 0 0 644481 644517 644879 0 644986 0 0 644711 644008 644265 644383 644449 644417 644489 644673 644970 644754 644617 644024 643976 643944 644213 0 0 644377 644405 0 0 644906 0 0 0 644617 643932 0 644041 644271 644313 0 644385 644679 0 644890 644824 0 0 644521 643880 643884 0 0 644441 0 0 0 644768 644658 644461 644481 
0 644754 644682 0 644715 644748 644724 644778 644619 644782 644793 644835 644571 644700 644778 644785 644850 644874 0 644778 644562 644523 644760 0 644700 644724 644463 0 644439 644514 644475 644641 0 644730 0 644763 0 644457 644655 644641 644646 644706 644787 644865 644841 0 644956 644977 644946 644802 644826 644403 0 0 0 644584 644589 644602 644622 644703 644955 645026 645016 644982 644974 0 0 0 0 644571 644598 644886 0 644994 645045 644925 644876 644256 644455 644518 644547 644523 644577 644715 645023 644955 644844 644268 644232 644208 644416 0 0 644493 644514 644859 644874 645015 0 0 644829 644844 644199 644175 644289 644434 644445 0 644499 644730 644889 644966 644980 0 644880 644772 644160 644163 0 0 644541 644921 644930 0 644938 644881 644727 644742 
0 644709 644742 0 644670 644762 644738 644733 644693 644628 644688 644790 644526 644595 644575 644596 644745 644769 0 644838 644636 644583 644545 0 644774 644798 644537 0 644453 644469 644489 644487 0 644512 0 644837 0 644412 644452 644452 644431 644488 644569 644650 644626 0 644802 644823 644957 644876 644899 644358 0 0 0 644430 644386 644413 644407 644485 644752 644866 644856 644949 644950 0 0 0 0 644353 644380 644668 0 644785 644891 644968 644949 644270 644301 644329 644329 644305 644359 644497 644817 644903 644958 644223 644246 644222 644262 0 0 644275 644296 644641 644656 644831 0 0 644948 644953 644259 644235 644184 644245 644227 0 644281 644512 644667 644745 644844 0 644839 644910 644220 644118 0 0 644323 644697 644713 0 644813 644791 644851 644880 
0 644628 644702 0 644576 644706 644674 644660 644649 644488 0 644736 644384 644460 644416 0 644660 644692 0 644830 644573 644490 644376 0 644757 644789 0 0 0 644308 644342 644300 0 644332 0 644841 0 0 644252 644252 644224 644300 644408 644516 0 0 0 644748 644998 644893 644925 644160 0 0 0 644224 0 0 644192 644296 0 0 644804 0 644970 0 0 0 0 644120 644156 644540 0 644708 0 0 645025 644050 644052 644088 644088 644056 644128 644312 644772 644869 644988 643980 644018 643986 644000 0 0 644016 644044 0 0 644780 0 0 0 645007 644058 0 643912 643976 643952 0 644024 644332 0 644676 644773 0 0 644935 644006 643840 0 0 644080 0 0 0 644731 644722 644869 644905 
0 639503 639501 0 639503 639503 639503 639503 639477 639503 0 639503 0 639503 639503 0 639503 639503 0 639501 639477 0 639503 0 639477 639477 0 0 0 0 0 639503 0 639503 0 639477 0 0 639503 639503 639503 639503 639503 639503 0 0 0 0 0 639477 639477 0 0 0 0 639503 0 0 639503 639503 0 0 0 0 0 0 0 0 0 639503 639503 639503 0 0 0 0 0 639503 639503 639503 639503 639503 639503 639503 0 0 639501 639503 639503 639503 639503 0 0 639503 639503 0 0 0 0 0 0 639477 639501 0 639503 639503 639503 0 639503 639503 0 0 639503 0 0 639477 639501 639503 0 0 639503 0 0 0 639503 639503 639501 639477 
0 641713 641668 0 641726 0 0 0 641653 0 0 641686 0 641755 641708 0 0 0 0 641636 641672 0 641694 0 0 0 0 0 0 0 0 641785 0 0 0 641605 0 0 0 641773 0 641689 641662 0 0 0 0 0 0 641592 0 0 0 0 0 0 0 0 0 0 0 0 0 0 0 0 0 0 0 0 641701 641629 0 0 0 0 0 0 641843 0 0 641702 641612 641614 0 0 0 0 0 0 0 0 0 641760 641609 0 0 0 0 0 0 0 0 0 0 0 0 0 0 641585 0 0 0 0 0 641507 0 0 0 0 0 0 0 0 0 0 641504 0 
0 641439 641415 0 641452 641417 641425 641431 641400 641472 0 641412 0 641481 641466 0 641431 641423 0 641383 641419 0 641464 0 641373 641365 0 0 0 0 0 641519 0 641463 0 641352 0 0 641507 641519 641502 641471 641444 641429 0 0 0 0 0 641339 641331 0 0 0 0 641538 0 0 641510 641448 0 0 0 0 0 0 0 0 0 641516 641495 641411 0 0 0 0 0 641472 641540 641555 641524 641508 641454 641432 0 0 641290 641476 641464 641456 641527 0 0 641542 641463 0 0 0 0 0 0 641278 641453 0 641483 641533 641498 0 641456 641415 0 0 641337 0 0 641254 641440 641441 0 0 641442 0 0 0 641323 641304 641251 641244 
0 643701 643653 0 643727 643657 643673 643685 643647 643771 0 643647 0 643785 643796 0 643685 643669 0 643589 643685 0 643793 0 643593 643577 0 0 0 0 0 643842 0 643791 0 643551 0 0 643867 643866 643863 643807 643753 643723 0 0 0 0 0 643525 643509 0 0 0 0 643845 0 0 643871 643761 0 0 0 0 0 0 0 0 0 643877 643855 643687 0 0 0 0 0 643773 643845 643869 643883 643869 643773 643729 0 0 643403 643797 643773 643773 643845 0 0 643883 643791 0 0 0 0 0 0 643403 643749 0 643821 643869 643859 0 643777 643695 0 0 643525 0 0 643355 643749 643777 0 0 643749 0 0 0 643497 643435 643325 643335 
0 641514 641466 0 641527 0 0 0 641451 0 0 641487 0 641568 641607 0 0 0 0 641434 641470 0 641617 0 0 0 0 0 0 0 0 641592 0 0 0 641403 0 0 0 641616 0 641636 641609 0 0 0 0 0 0 641390 0 0 0 0 0 0 0 0 0 0 0 0 0 0 0 0 0 0 0 0 641672 641576 0 0 0 0 0 0 641530 0 0 641679 641595 641597 0 0 0 0 0 0 0 0 0 641633 641592 0 0 0 0 0 0 0 0 0 0 0 0 0 0 641568 0 0 0 0 0 641305 0 0 0 0 0 0 0 0 0 0 641302 0 
0 0 0 0 0 0 0 0 0 0 0 0 0 0 0 0 0 0 0 0 0 0 0 0 0 0 0 0 0 0 0 0 0 0 0 0 0 0 0 0 0 642120 0 0 0 0 0 0 0 0 0 0 0 0 0 0 0 0 0 0 0 0 0 0 0 0 0 0 0 0 0 0 0 0 0 0 0 0 0 0 0 0 642175 0 0 0 0 0 0 0 0 0 0 0 642175 0 0 0 0 0 0 0 0 0 0 0 0 0 0 642175 0 0 0 0 0 0 0 0 0 0 0 0 0 0 0 0 0 0 
0 644625 644529 0 644573 0 0 0 644445 0 0 644731 0 644553 644797 0 0 0 0 644645 644369 0 644853 0 0 0 0 0 0 0 0 644489 0 0 0 644611 0 0 644633 644537 0 644873 644981 0 0 0 0 0 0 644587 0 0 0 0 0 644413 0 0 0 0 0 0 0 0 0 0 0 0 0 0 644825 645025 0 0 0 0 0 0 644241 0 0 644791 644921 645085 0 0 0 0 0 0 0 0 0 644589 644837 0 0 0 0 0 0 0 0 0 0 0 644745 0 644817 645061 0 0 644587 0 0 644247 0 0 0 0 0 0 0 0 0 644407 644187 644207 
0 644585 644489 0 644533 644577 644545 644617 644405 644637 0 644693 644341 644513 644746 0 644713 644745 0 644617 644329 644277 644740 0 644513 644545 0 0 0 644265 644213 644449 0 644698 0 644597 0 0 644582 644497 644588 644666 644774 644880 0 0 0 644890 644814 644644 644668 644117 0 0 0 644373 0 0 644556 644662 0 0 644932 0 644826 0 0 0 0 644486 644522 644903 0 645017 0 0 644718 643921 644201 644333 644454 644422 644494 644678 645043 644836 644690 643937 643889 643857 644149 0 0 644382 644410 0 0 645009 0 0 0 644666 643845 0 643965 644221 644318 0 644390 644698 0 644983 644932 0 0 644618 643793 643797 0 0 644446 0 0 0 644904 644790 644570 644590 
0 644602 644506 0 644550 644594 644562 644634 644422 644549 0 644710 644358 644506 644478 0 644706 644738 0 644634 644346 644294 644438 0 644530 644562 0 0 0 644282 644230 644361 0 644394 0 644614 0 0 644314 644314 644286 644362 644470 644578 0 0 0 644809 644886 644666 644698 644134 0 0 0 644285 0 0 644254 644358 0 0 644865 0 645022 0 0 0 0 644182 644218 644602 0 644770 0 0 644806 643938 644113 644150 644150 644118 644190 644374 644838 645073 644953 643954 643906 643874 644061 0 0 644078 644106 0 0 644914 0 0 0 644898 643862 0 643958 644038 644014 0 644086 644394 0 644742 644993 0 0 644899 643810 643814 0 0 644142 0 0 0 644986 644978 644863 644883 
0 641440 641440 0 641427 641450 641442 641448 641431 641429 0 641467 0 641410 641411 0 641460 641468 0 641472 641412 0 641401 0 641458 641466 0 0 0 0 0 641382 0 641390 0 641479 0 0 641370 641370 641363 641382 641409 641436 0 0 0 0 0 641492 641500 0 0 0 0 641363 0 0 641355 641381 0 0 0 0 0 0 0 0 0 641337 641346 641442 0 0 0 0 0 641286 641320 641329 641329 641321 641339 641385 0 0 641505 641278 641278 641270 641307 0 0 641311 641318 0 0 0 0 0 0 641505 641279 0 641273 641301 641295 0 641313 641390 0 0 641493 0 0 641505 641266 641243 0 0 641327 0 0 0 641493 641505 641505 641505 
0 641274 641250 0 641274 641274 641274 641274 641226 641274 0 641274 0 641274 641274 0 641274 641274 0 641250 641226 0 641274 0 641226 641226 0 0 0 0 0 641274 0 641274 0 641226 0 0 641274 641274 641274 641274 641274 641274 0 0 0 0 0 641226 641226 0 0 0 0 641274 0 0 641274 641274 0 0 0 0 0 0 0 0 0 641274 641274 641274 0 0 0 0 0 641274 641274 641274 641274 641274 641274 641274 0 0 641250 641274 641274 641274 641274 0 0 641274 641274 0 0 0 0 0 0 641226 641250 0 641274 641274 641274 0 641274 641274 0 0 641274 0 0 641226 641250 641274 0 0 641274 0 0 0 641274 641274 641250 641226 
0 639535 639535 0 639535 639535 639535 639535 639535 639535 0 639535 0 639535 639535 0 639535 639535 0 639535 639535 0 639535 0 639535 639535 0 0 0 0 0 639535 0 639535 0 639535 0 0 639535 639535 639535 639535 639535 639535 0 0 0 0 0 639535 639535 0 0 0 0 639535 0 0 639535 639535 0 0 0 0 0 0 0 0 0 639535 639535 639535 0 0 0 0 0 639535 639535 639535 639535 639535 639535 639535 0 0 639535 639535 639535 639535 639535 0 0 639535 639535 0 0 0 0 0 0 639535 639535 0 639535 639535 639535 0 639535 639535 0 0 639535 0 0 639535 639535 639531 0 0 639535 0 0 0 639535 639535 639535 639535 
0 639368 639368 0 639368 639368 639368 639368 639368 639368 0 639368 0 639368 639368 0 639368 639368 0 639368 639368 0 639368 0 639368 639368 0 0 0 0 0 639368 0 639368 0 639368 0 0 639368 639368 639368 639368 639368 639368 0 0 0 0 0 639368 639368 0 0 0 0 639368 0 0 639368 639368 0 0 0 0 0 0 0 0 0 639368 639368 639368 0 0 0 0 0 639368 639368 639368 639368 639368 639368 639368 0 0 639368 639368 639368 639368 639368 0 0 639368 639368 0 0 0 0 0 0 639368 639368 0 639368 639368 639368 0 639368 639368 0 0 639368 0 0 639368 639368 639368 0 0 639368 0 0 0 639368 639368 639368 639368 
0 641290 641242 0 641290 641266 641266 641290 641218 641316 0 641290 0 641314 641316 0 641314 641314 0 641242 641218 0 641316 0 641218 641218 0 0 0 0 0 641316 0 641316 0 641218 0 0 641316 641316 641316 641316 641316 641316 0 0 0 0 0 641218 641218 0 0 0 0 641316 0 0 641316 641316 0 0 0 0 0 0 0 0 0 641316 641316 641316 0 0 0 0 0 641266 641316 641316 641316 641316 641316 641316 0 0 641242 641290 641266 641266 641316 0 0 641316 641316 0 0 0 0 0 0 641218 641242 0 641314 641316 641316 0 641316 641316 0 0 641316 0 0 641218 641242 641290 0 0 641316 0 0 0 641316 641316 641242 641218 
643456 643434 643410 643482 643460 643402 643418 643418 643416 643478 643444 643380 643556 643506 643442 643464 643406 643390 643358 643346 643454 643516 643426 643320 643362 643346 643520 643514 643608 643594 643584 643572 643518 643412 643318 643320 643572 643632 643524 643560 643502 643428 643374 643356 643372 643382 643362 643348 643256 643294 643278 643668 643688 643682 643666 643610 643568 643586 643518 643358 643324 643310 643320 643238 643224 643600 643686 643680 643698 643518 643464 643308 643318 643296 643280 643202 643224 643689 643696 643642 643534 643478 643334 643314 643262 643198 643160 643685 643673 643657 643722 643725 643684 643570 643340 643290 643280 643224 643244 643232 643162 643172 643663 643647 643687 643698 643422 643386 643314 643268 643270 643238 643196 643208 643148 643124 643637 643615 643676 643687 643286 643240 643218 643164 643168 643142 643082 643104 
643920 643927 643879 643933 643940 643893 643901 643919 643864 643986 643950 643900 643988 643981 643992 644009 643931 643923 643871 643847 643883 643932 643978 643870 643837 643829 643916 643913 643996 644007 643984 644033 644030 643965 643833 643816 643960 644026 644033 644057 644016 643973 643946 643943 643951 643968 643928 643921 643820 643803 643795 644042 644032 644035 644061 644052 644055 644070 644024 643926 643933 643902 643907 643829 643822 643956 644003 644006 644057 644018 643985 643913 643924 643919 643887 643793 643768 643981 644087 644098 644026 643986 643896 643898 643902 643827 643754 643997 643973 643965 644074 644066 644093 644044 643893 643898 643893 643883 643899 643863 643737 643742 643950 643942 644016 644104 643940 643910 643874 643869 643888 643878 643875 643875 643802 643718 643937 643962 644079 644073 643860 643873 643862 643853 643861 643815 643705 643708 
0 641578 641554 0 641591 0 0 0 641551 0 0 641551 0 641620 641631 0 0 0 0 641522 641570 0 641641 0 0 0 0 0 0 0 0 641660 0 0 0 641503 0 0 0 641672 0 641648 641621 0 0 0 0 0 0 641490 0 0 0 0 0 0 0 0 0 0 0 0 0 0 0 0 0 0 0 0 641660 641588 0 0 0 0 0 0 641658 0 0 641661 641571 641573 0 0 0 0 0 0 0 0 0 641719 641568 0 0 0 0 0 0 0 0 0 0 0 0 0 0 641544 0 0 0 0 0 641405 0 0 0 0 0 0 0 0 0 0 641390 0 
0 0 0 0 0 0 0 0 0 0 0 0 0 0 0 0 0 0 0 0 0 0 0 0 0 0 0 0 0 0 0 0 0 0 0 0 0 0 0 0 0 642110 0 0 0 0 0 0 0 0 0 0 0 0 0 0 0 0 0 0 0 0 0 0 0 0 0 0 0 0 0 0 0 0 0 0 0 0 0 0 0 0 642132 0 0 0 0 0 0 0 0 0 0 0 642134 0 0 0 0 0 0 0 0 0 0 0 0 0 0 642093 0 0 0 0 0 0 0 0 0 0 0 0 0 0 0 0 0 0 
0 644894 644846 0 644868 644890 644874 644910 644804 644920 644920 644948 644772 644858 644980 644946 644958 644974 0 644910 644766 644740 645008 0 644858 644874 644700 0 644684 644734 644708 644826 0 645034 0 644900 0 644696 644898 644850 644932 645018 645072 645078 645062 0 645036 645044 644914 644926 644912 644660 0 0 0 644788 644854 644824 644916 645066 645092 645006 645016 644908 644894 0 0 0 0 644928 644972 645138 0 645064 644976 644860 644858 644562 644702 644768 644912 644946 645006 645098 645030 644880 644806 644570 644546 644530 644676 0 0 644876 644964 645144 645134 644992 0 0 644796 644806 644524 644508 644584 644712 644918 0 644954 645108 645124 645078 644928 0 644830 644758 644498 644500 0 0 644982 645094 645072 0 644900 644838 644728 644738 
0 644867 644819 0 644841 644863 644847 644883 644777 644893 644893 644921 644745 644831 644953 644919 644931 644947 0 644883 644739 644713 644981 0 644831 644847 644673 0 644657 644707 644681 644799 0 645007 0 644873 0 644669 644871 644823 644905 644991 645045 645051 645035 0 645009 645023 644919 644899 644913 644633 0 0 0 644761 644827 644797 644889 645037 645071 645011 645021 644913 644899 0 0 0 0 644901 644943 645111 0 645069 644981 644865 644863 644535 644675 644741 644885 644917 645001 645069 645035 644885 644811 644543 644519 644503 644649 0 0 644849 644959 645117 645127 644997 0 0 644801 644811 644497 644481 644557 644685 644913 0 644949 645103 645127 645083 644933 0 644835 644763 644471 644473 0 0 644977 645097 645075 0 644905 644843 644733 644743 
0 644592 644496 0 644540 644584 644552 644624 644412 644644 0 644700 644348 644520 644732 0 644720 644752 0 644624 644336 644284 644694 0 644520 644552 0 0 0 644272 644220 644456 0 644650 0 644604 0 0 644568 644499 644542 644618 644726 644834 0 0 0 644904 644876 644656 644688 644124 0 0 0 644380 0 0 644510 644614 0 0 644960 0 644955 0 0 0 0 644438 644474 644858 0 645024 0 0 644793 643928 644208 644335 644406 644374 644446 644630 645091 644948 644800 643944 643896 643864 644156 0 0 644334 644362 0 0 645116 0 0 0 644798 643852 0 643972 644223 644270 0 644342 644650 0 644997 645039 0 0 644704 643800 643804 0 0 644398 0 0 0 644983 644864 644644 644664 
644718 644747 644723 644705 644734 644745 644737 644755 644691 644760 644760 644774 644686 644729 644756 644763 644779 644787 644767 644755 644672 644670 644734 644804 644718 644726 644639 644642 644642 644667 644654 644713 644718 644711 644769 644739 644642 644648 644715 644715 644696 644703 644730 644769 644761 644804 644818 644825 644818 644752 644760 644630 644613 644619 644649 644694 644693 644702 644688 644678 644815 644844 644839 644845 644838 644599 644591 644597 644627 644658 644655 644763 644788 644829 644859 644821 644787 644547 644651 644674 644650 644618 644600 644670 644846 644818 644780 644543 644531 644515 644625 644609 644629 644632 644567 644742 644747 644853 644869 644854 644771 644781 644521 644505 644545 644639 644556 644514 644550 644663 644752 644798 644832 644844 644768 644733 644495 644473 644601 644589 644564 644767 644778 644800 644804 644764 644702 644713 
644737 644766 644742 644724 644753 644764 644756 644774 644714 644777 644779 644793 644705 644748 644748 644766 644798 644806 644786 644774 644695 644689 644726 644823 644741 644749 644662 644665 644661 644686 644673 644730 644710 644703 644788 644762 644661 644667 644707 644718 644688 644695 644722 644761 644753 644807 644835 644842 644837 644775 644783 644649 644634 644640 644668 644711 644685 644705 644680 644670 644807 644861 644856 644859 644859 644622 644612 644618 644648 644650 644647 644755 644780 644821 644876 644847 644810 644568 644668 644677 644642 644610 644592 644662 644838 644843 644805 644564 644552 644536 644644 644628 644623 644624 644559 644734 644739 644846 644869 644877 644800 644810 644542 644526 644566 644644 644548 644506 644542 644655 644744 644790 644841 644842 644793 644762 644516 644494 644595 644583 644556 644759 644770 644798 644813 644787 644727 644742 
0 643593 643617 0 643567 643625 643609 643609 643611 643524 643572 643647 643471 643510 643488 643502 643610 643626 0 643681 643573 643511 643468 0 643665 643681 643507 0 643419 643433 643443 643430 0 643446 0 643707 0 643395 643406 643406 643392 643430 643484 643538 643522 0 643640 643654 643771 643733 643749 643359 0 0 0 643392 643362 643380 643376 643428 643606 643692 643682 643789 643803 0 0 0 0 643340 643358 643550 0 643634 643722 643825 643803 643297 643306 643324 643324 643308 643344 643436 643668 643818 643867 643269 643281 643265 643280 0 0 643288 643302 643532 643542 643706 0 0 643865 643855 643295 643279 643236 643268 643256 0 643292 643446 643552 643620 643770 0 643860 643903 643269 643199 0 0 643320 643582 643604 0 643798 643833 643883 643919 
0 640634 640634 0 640621 640644 640636 640642 640625 640623 0 640661 0 640604 640629 0 640654 640662 0 640666 640606 0 640620 0 640652 640660 0 0 0 0 0 640576 0 640609 0 640673 0 0 640588 640576 640582 640601 640628 640655 0 0 0 0 0 640686 640694 0 0 0 0 640557 0 0 640574 640600 0 0 0 0 0 0 0 0 0 640556 640565 640661 0 0 0 0 0 640480 640514 640535 640548 640540 640558 640604 0 0 640742 640472 640472 640464 640501 0 0 640530 640537 0 0 0 0 0 0 640742 640473 0 640467 640507 640514 0 640532 640609 0 0 640742 0 0 640742 640460 640437 0 0 640546 0 0 0 640742 640742 640742 640742 
0 639411 639411 0 639411 639411 639411 639411 639389 639411 0 639411 0 639411 639411 0 639411 639411 0 639411 639389 0 639411 0 639389 639389 0 0 0 0 0 639411 0 639411 0 639389 0 0 639411 639411 639411 639411 639411 639411 0 0 0 0 0 639389 639389 0 0 0 0 639411 0 0 639411 639411 0 0 0 0 0 0 0 0 0 639411 639411 639411 0 0 0 0 0 639411 639411 639411 639411 639411 639411 639411 0 0 639411 639411 639411 639411 639411 0 0 639411 639411 0 0 0 0 0 0 639389 639411 0 639411 639411 639411 0 639411 639411 0 0 639411 0 0 639389 639411 639411 0 0 639411 0 0 0 639411 639411 639411 639389 
0 643617 643639 0 643617 643629 643629 643617 643627 643593 643605 643617 643617 643605 643569 643581 643605 643605 0 643639 643627 643639 643557 0 643627 643627 643627 0 643629 643617 643629 643593 0 643545 0 643627 0 643617 643569 643581 643557 643545 643545 643557 643557 0 643593 643593 643629 643627 643627 643617 0 0 0 643593 643569 643581 643557 643521 643569 643593 643593 643617 643617 0 0 0 0 643545 643533 643545 0 643569 643593 643629 643627 643629 643593 643581 643545 643521 643485 643509 643569 643605 643639 643617 643629 643629 643593 0 0 643545 643473 643533 643533 643569 0 0 643627 643627 643639 643639 643605 643581 643485 0 643450 643497 643533 643545 643581 0 643605 643627 643639 643617 0 0 643450 643533 643533 0 643581 643593 643639 643627 
0 639865 639819 0 639865 639843 639843 639865 639795 639865 0 639865 0 639865 639865 0 639865 639865 0 639819 639795 0 639865 0 639795 639795 0 0 0 0 0 639865 0 639865 0 639795 0 0 639865 639865 639865 639865 639865 639865 0 0 0 0 0 639795 639795 0 0 0 0 639865 0 0 639865 639865 0 0 0 0 0 0 0 0 0 639865 639865 639865 0 0 0 0 0 639843 639865 639865 639865 639865 639865 639865 0 0 639819 639865 639843 639843 639865 0 0 639865 639865 0 0 0 0 0 0 639795 639819 0 639865 639865 639865 0 639865 639865 0 0 639865 0 0 639795 639819 639865 0 0 639865 0 0 0 639865 639865 639819 639795 
0 639903 639855 0 639903 639879 639879 639903 639831 639927 0 639903 0 639927 639927 0 639927 639927 0 639855 639831 0 639927 0 639831 639831 0 0 0 0 0 639927 0 639927 0 639831 0 0 639927 639927 639927 639927 639927 639927 0 0 0 0 0 639831 639831 0 0 0 0 639927 0 0 639927 639927 0 0 0 0 0 0 0 0 0 639927 639927 639927 0 0 0 0 0 639879 639927 639927 639927 639927 639927 639927 0 0 639855 639903 639879 639879 639927 0 0 639927 639927 0 0 0 0 0 0 639831 639855 0 639927 639927 639927 0 639927 639927 0 0 639927 0 0 639831 639855 639903 0 0 639927 0 0 0 639927 639927 639855 639831 
0 643906 643786 0 643958 0 0 0 643762 0 0 643798 0 644070 644166 0 0 0 0 643656 643824 0 644218 0 0 0 0 0 0 0 0 644115 0 0 0 643561 0 0 644278 644175 0 644306 644198 0 0 0 0 0 0 643496 0 0 0 0 0 644039 0 0 0 0 0 0 0 0 0 0 0 0 0 0 644430 644046 0 0 0 0 0 0 643867 0 0 644493 644478 644294 0 0 0 0 0 0 0 0 0 644263 644539 0 0 0 0 0 0 0 0 0 0 0 644631 0 644475 644258 0 0 643496 0 0 643071 0 0 0 0 0 0 0 0 0 643271 642996 643021 
644865 644855 644807 644867 644881 644811 644827 644839 644801 644925 644877 644801 644829 644915 644961 644947 644839 644823 644767 644743 644823 644797 644981 644741 644747 644731 644757 644763 644741 644791 644765 644883 644961 645003 644715 644705 644741 644753 644955 644907 644989 645019 644965 644911 644927 644865 644809 644795 644665 644679 644663 644717 644697 644703 644755 644845 644911 644881 644973 645021 644843 644757 644767 644659 644645 644677 644663 644669 644723 644985 645051 644899 644873 644815 644727 644611 644609 644619 644759 644825 644969 645049 645105 645013 644781 644631 644557 644627 644603 644587 644733 644717 644795 644933 645125 644917 644907 644743 644727 644679 644547 644557 644581 644565 644641 644769 645141 645131 645087 645003 644897 644829 644679 644727 644581 644509 644555 644557 644815 644803 645059 644867 644845 644683 644651 644589 644479 644489 
0 643751 643631 0 643712 0 0 0 643544 0 0 643692 0 643710 643976 0 0 0 0 643552 643478 0 644042 0 0 0 0 0 0 0 0 643658 0 0 0 643464 0 0 643826 643718 0 644081 644092 0 0 0 0 0 0 643412 0 0 0 0 0 643582 0 0 0 0 0 0 0 0 0 0 0 0 0 0 644054 643960 0 0 0 0 0 0 643410 0 0 644062 644424 644224 0 0 0 0 0 0 0 0 0 643806 644465 0 0 0 0 0 0 0 0 0 0 0 644282 0 644492 644216 0 0 643445 0 0 643020 0 0 0 0 0 0 0 0 0 643220 642945 642970 
0 0 0 0 0 0 0 0 0 0 0 0 0 0 0 0 0 0 0 0 0 0 0 0 0 0 0 0 0 0 0 0 0 0 0 0 0 0 0 0 0 644753 0 0 0 0 0 0 0 0 0 0 0 0 0 0 0 0 0 0 0 0 0 0 0 0 0 0 0 0 0 0 0 0 0 0 0 0 0 0 0 0 644893 0 0 0 0 0 0 0 0 0 0 0 644875 0 0 0 0 0 0 0 0 0 0 0 0 0 0 644929 0 0 0 0 0 0 0 0 0 0 0 0 0 0 0 0 0 0 
0 644884 644836 0 644858 644880 644864 644900 644794 644910 644910 644938 644762 644848 644970 644936 644948 644964 0 644900 644756 644730 644998 0 644848 644864 644690 0 644674 644724 644698 644816 0 645024 0 644890 0 644686 644888 644840 644922 645008 645062 645068 645052 0 645026 645040 644976 644916 644932 644650 0 0 0 644778 644844 644814 644906 645028 645088 645064 645064 644970 644956 0 0 0 0 644918 644958 645128 0 645112 645038 644922 644920 644552 644692 644758 644902 644908 644944 645036 645092 644942 644868 644560 644536 644520 644666 0 0 644866 644902 645132 645142 645054 0 0 644858 644868 644514 644498 644574 644702 644856 0 644892 645046 645152 645140 644990 0 644892 644820 644488 644490 0 0 644920 645152 645130 0 644962 644900 644790 644800 
0 644654 644558 0 644602 644646 644614 644686 644474 644706 0 644762 644410 644582 644804 0 644782 644814 0 644686 644398 644346 644807 0 644582 644614 0 0 0 644334 644282 644518 0 644765 0 644666 0 0 644640 644566 644655 644733 644841 644947 0 0 0 644966 644865 644718 644746 644186 0 0 0 644442 0 0 644623 644729 0 0 645009 0 644857 0 0 0 0 644553 644589 644973 0 645083 0 0 644761 643990 644270 644402 644521 644489 644561 644745 645079 644829 644681 644006 643958 643926 644218 0 0 644449 644477 0 0 645031 0 0 0 644681 643914 0 644034 644290 644385 0 644457 644765 0 645028 644925 0 0 644585 643862 643866 0 0 644513 0 0 0 644869 644745 644525 644545 
0 644741 644669 0 644702 0 0 0 644606 0 0 644822 0 644687 644819 0 0 0 0 644765 644549 0 644803 0 0 0 0 0 0 0 0 644639 0 0 0 644750 0 0 644696 644651 0 644746 644827 0 0 0 0 0 0 644789 0 0 0 0 0 644582 0 0 0 0 0 0 0 0 0 0 0 0 0 0 644638 644926 0 0 0 0 0 0 644453 0 0 644563 644617 644755 0 0 0 0 0 0 0 0 0 644533 644554 0 0 0 0 0 0 0 0 0 0 0 644485 0 644539 644770 0 0 645050 0 0 644830 0 0 0 0 0 0 0 0 0 644950 644785 644800 
644616 644645 644615 644603 644632 644643 644635 644653 644582 644658 644658 644672 644584 644627 644688 644671 644677 644685 644665 644647 644563 644562 644700 644702 644609 644617 644530 644533 644540 644565 644552 644611 644650 644689 644661 644630 644534 644546 644647 644623 644662 644681 644708 644735 644727 644712 644716 644723 644716 644643 644651 644528 644518 644521 644547 644592 644625 644610 644654 644656 644747 644742 644737 644743 644750 644490 644501 644504 644531 644636 644633 644741 644754 644761 644757 644743 644678 644478 644549 644582 644628 644596 644578 644648 644778 644758 644714 644474 644462 644446 644536 644528 644567 644610 644545 644720 644725 644797 644781 644781 644704 644704 644446 644430 644476 644554 644534 644492 644528 644641 644730 644776 644782 644805 644708 644666 644420 644404 644575 644569 644542 644745 644756 644774 644754 644704 644636 644646 
0 644701 644709 0 644662 644741 644717 644725 644649 644610 644681 644782 644518 644588 644556 644577 644738 644762 0 644805 644592 644550 644526 0 644730 644754 644493 0 644432 644461 644468 644469 0 644493 0 644793 0 644404 644433 644433 644412 644469 644550 644631 644607 0 644784 644805 644960 644832 644856 644350 0 0 0 644412 644367 644394 644388 644466 644733 644862 644847 644995 645014 0 0 0 0 644334 644361 644649 0 644775 644907 645034 644937 644249 644283 644310 644310 644286 644340 644478 644826 645007 645038 644215 644225 644201 644244 0 0 644256 644277 644622 644637 644882 0 0 645005 645002 644226 644202 644177 644226 644208 0 644262 644493 644652 644754 644936 0 644994 645004 644187 644110 0 0 644304 644697 644730 0 644934 644943 644992 644994 
0 0 644275 0 0 0 0 0 644257 0 0 644319 0 0 644159 0 0 0 0 644339 644219 0 644139 0 0 0 0 0 0 0 0 0 0 0 0 0 0 0 0 0 0 644101 644155 0 0 0 0 0 0 0 0 0 0 0 0 0 0 0 0 0 0 0 0 0 0 0 0 0 0 0 644029 0 0 0 0 0 0 0 0 0 0 0 644015 0 0 0 0 0 0 0 0 0 0 0 643973 0 0 0 0 0 0 0 0 0 0 0 0 0 0 644117 0 0 0 0 0 644549 0 0 0 0 0 0 0 0 0 0 0 0 
0 639600 639576 0 639600 639600 639600 639600 639552 639600 0 639600 0 639600 639600 0 639600 639600 0 639576 639552 0 639600 0 639552 639552 0 0 0 0 0 639600 0 639600 0 639552 0 0 639600 639600 639600 639600 639600 639600 0 0 0 0 0 639552 639552 0 0 0 0 639600 0 0 639600 639600 0 0 0 0 0 0 0 0 0 639600 639600 639600 0 0 0 0 0 639600 639600 639600 639600 639600 639600 639600 0 0 639576 639600 639600 639600 639600 0 0 639600 639600 0 0 0 0 0 0 639552 639576 0 639600 639600 639600 0 639600 639600 0 0 639600 0 0 639552 639576 639600 0 0 639600 0 0 0 639600 639600 639576 639552 
0 641736 641712 0 641762 641704 641720 641720 641718 641766 0 641682 0 641804 641754 0 641704 641688 0 641648 641756 0 641750 0 641664 641648 0 0 0 0 0 641860 0 641748 0 641622 0 0 641836 641860 641826 641764 641710 641680 0 0 0 0 0 641596 641580 0 0 0 0 641898 0 0 641842 641718 0 0 0 0 0 0 0 0 0 641854 641812 641644 0 0 0 0 0 642032 641984 641942 641870 641838 641730 641686 0 0 641462 642060 642048 642064 642010 0 0 641906 641748 0 0 0 0 0 0 641474 642034 0 642078 641998 641818 0 641734 641652 0 0 641496 0 0 641426 642060 642127 0 0 641706 0 0 0 641468 641430 641384 641406 
643971 643978 643930 643984 643991 643944 643952 643970 643915 644037 644001 643951 644039 644032 644059 644060 643982 643974 643922 643898 643934 643983 644045 643921 643888 643880 643967 643964 644047 644058 644035 644084 644097 644032 643884 643867 644011 644077 644100 644108 644083 644040 644013 644010 644018 644019 643979 643972 643871 643854 643846 644095 644105 644102 644112 644103 644122 644121 644091 643993 644000 643953 643958 643880 643873 644007 644086 644083 644128 644085 644052 643980 643991 643986 643938 643844 643819 644064 644146 644149 644093 644053 643963 643965 643969 643865 643791 644080 644056 644048 644157 644149 644180 644111 643960 643965 643960 643950 643950 643913 643781 643791 644033 644025 644099 644177 644007 643977 643941 643936 643955 643945 643913 643941 643815 643743 644020 644043 644170 644172 643927 643940 643929 643897 643885 643823 643713 643723 
644104 644094 644046 644130 644120 644050 644066 644078 644040 644164 644116 644040 644187 644178 644199 644186 644078 644062 644006 643982 644078 644131 644185 643980 643986 643970 644115 644112 644195 644206 644183 644232 644264 644171 643954 643944 644159 644225 644267 644256 644252 644187 644133 644115 644131 644104 644048 644034 643904 643918 643902 644243 644253 644250 644260 644251 644289 644269 644260 644117 644081 643996 644006 643898 643884 644155 644234 644231 644276 644254 644221 644067 644077 644053 643966 643850 643848 644218 644294 644297 644262 644222 644093 644073 644019 643870 643796 644234 644210 644202 644307 644303 644347 644280 644099 644049 644039 643981 643966 643918 643786 643796 644187 644179 644253 644325 644176 644145 644073 644027 644029 643997 643918 643965 643820 643748 644174 644196 644339 644345 644045 643999 643977 643921 643890 643828 643718 643728 
0 643725 643677 0 643725 643701 643701 643725 643653 643759 0 643723 0 643747 643783 0 643747 643744 0 643670 643653 0 643795 0 643653 643652 0 0 0 0 0 643759 0 643807 0 643639 0 0 643783 643771 643795 643807 643807 643788 0 0 0 0 0 643626 643618 0 0 0 0 643759 0 0 643795 643831 0 0 0 0 0 0 0 0 0 643807 643819 643782 0 0 0 0 0 643685 643759 643771 643807 643831 643867 643839 0 0 643562 643701 643677 643669 643759 0 0 643807 643879 0 0 0 0 0 0 643562 643654 0 643718 643771 643867 0 643890 643834 0 0 643658 0 0 643514 643641 643666 0 0 643890 0 0 0 643630 643580 643484 643494 
0 644835 644787 0 644809 644831 644815 644851 644745 644861 644861 644889 644713 644799 644921 644887 644899 644915 0 644851 644707 644681 644949 0 644799 644815 644641 0 644625 644675 644649 644767 0 644973 0 644841 0 644637 644839 644791 644873 644957 645011 645019 645003 0 644977 644991 644957 644867 644883 644601 0 0 0 644729 644795 644765 644857 645003 645039 645029 645019 644969 644955 0 0 0 0 644867 644909 645077 0 645067 645029 644921 644909 644503 644643 644709 644851 644883 644945 645035 645077 644941 644867 644511 644487 644471 644617 0 0 644815 644903 645083 645093 645053 0 0 644857 644867 644465 644449 644525 644653 644857 0 644893 645047 645103 645123 644989 0 644891 644819 644439 644441 0 0 644921 645123 645123 0 644961 644899 644789 644799 
0 644771 644723 0 644745 644767 644751 644787 644681 644797 644797 644825 644649 644735 644857 644823 644835 644851 0 644787 644643 644617 644885 0 644735 644751 644577 0 644561 644611 644585 644703 0 644911 0 644777 0 644573 644775 644727 644809 644895 644949 644955 644939 0 644913 644927 644913 644803 644819 644537 0 0 0 644665 644731 644701 644793 644941 644975 644965 644955 644959 644949 0 0 0 0 644805 644847 645015 0 645003 644995 644915 644873 644439 644579 644645 644789 644821 644929 644973 645037 644935 644861 644447 644423 644407 644553 0 0 644753 644909 645021 645031 645047 0 0 644851 644861 644401 644385 644461 644589 644841 0 644899 645007 645041 645085 644983 0 644885 644813 644375 644377 0 0 644927 645071 645093 0 644955 644893 644783 644793 
644608 644649 644601 644595 644636 644635 644627 644657 644568 644672 644672 644676 644588 644641 644702 644685 644691 644699 644657 644633 644549 644548 644702 644706 644595 644603 644516 644519 644532 644569 644544 644625 644664 644690 644647 644616 644520 644550 644661 644637 644664 644682 644709 644737 644729 644726 644730 644737 644708 644629 644637 644532 644522 644525 644561 644606 644639 644624 644656 644657 644761 644756 644751 644747 644754 644476 644493 644496 644545 644637 644634 644742 644756 644775 644771 644735 644664 644465 644563 644596 644629 644597 644579 644649 644792 644795 644726 644473 644449 644433 644550 644542 644581 644611 644546 644721 644726 644811 644795 644795 644695 644690 644427 644411 644485 644568 644535 644493 644529 644642 644731 644777 644819 644819 644764 644694 644401 644403 644577 644571 644543 644746 644757 644830 644810 644760 644664 644674 
0 639675 639627 0 639675 639651 639651 639675 639603 639699 0 639675 0 639699 639699 0 639699 639699 0 639627 639603 0 639699 0 639603 639603 0 0 0 0 0 639699 0 639699 0 639603 0 0 639699 639699 639699 639699 639699 639699 0 0 0 0 0 639603 639603 0 0 0 0 639699 0 0 639699 639699 0 0 0 0 0 0 0 0 0 639699 639699 639699 0 0 0 0 0 639651 639699 639699 639699 639699 639699 639699 0 0 639627 639675 639651 639651 639699 0 0 639699 639699 0 0 0 0 0 0 639603 639627 0 639699 639699 639699 0 639699 639699 0 0 639699 0 0 639603 639627 639675 0 0 639699 0 0 0 639699 639699 639627 639603 
0 644631 644559 0 644592 0 0 0 644496 0 0 644712 0 644575 644618 0 0 0 0 644655 644439 0 644588 0 0 0 0 0 0 0 0 644503 0 0 0 644640 0 0 644495 644495 0 644531 644612 0 0 0 0 0 0 644679 0 0 0 0 0 644446 0 0 0 0 0 0 0 0 0 0 0 0 0 0 644423 644711 0 0 0 0 0 0 644317 0 0 644348 644402 644540 0 0 0 0 0 0 0 0 0 644318 644339 0 0 0 0 0 0 0 0 0 0 0 644270 0 644324 644555 0 0 645041 0 0 644928 0 0 0 0 0 0 0 0 0 645094 644969 644938 
0 0 643413 0 0 0 0 0 643401 0 0 643435 0 0 643115 0 0 0 0 643541 643325 0 643075 0 0 0 0 0 0 0 0 0 0 0 0 0 0 0 0 0 0 642999 643107 0 0 0 0 0 0 0 0 0 0 0 0 0 0 0 0 0 0 0 0 0 0 0 0 0 0 0 642855 643239 0 0 0 0 0 0 0 0 0 0 642827 0 0 0 0 0 0 0 0 0 0 0 642743 0 0 0 0 0 0 0 0 0 0 0 0 0 0 643031 0 0 0 0 0 643985 0 0 0 0 0 0 0 0 0 0 644011 0 
0 644238 644310 0 644199 0 0 0 644319 0 0 644319 0 644112 644079 0 0 0 0 644406 644262 0 644049 0 0 0 0 0 0 0 0 643992 0 0 0 644463 0 0 643956 643956 0 643992 644073 0 0 0 0 0 0 644502 0 0 0 0 0 643935 0 0 0 0 0 0 0 0 0 0 0 0 0 0 643884 644172 0 0 0 0 0 0 643806 0 0 643809 643863 644001 0 0 0 0 0 0 0 0 0 643779 643800 0 0 0 0 0 0 0 0 0 0 0 643731 0 643785 644016 0 0 644502 0 0 644757 0 0 0 0 0 0 0 0 0 644622 644754 644787 
