642878 642881 642872 642869 642867 642836 642854 642849 642827 642846 642842 642861 642867 642863 642837 642807 642819 642834 642842 642826 642856 642860 642853 642841 642843 642810 642817 642817 642792 642814 642810 642821 642813 642832 642827 642792 642790 642806 642799 642786 642794 642789 642796 642795 642799 642789 642795 642816 642824 642825 642813 642816 642814 642808 642816 642791 642785 642779 642787 642786 642792 642779 642779 642773 642811 642803 642799 642810 642805 642787 642759 642764 642761 642762 642765 642776 642754 642767 642763 642763 642792 642793 642780 642779 642776 642767 642782 642779 642775 642784 642778 642750 642746 642755 642743 642745 642752 642754 642760 642751 642748 642745 642772 642772 642786 642755 642755 642744 642734 642722 642742 642743 642746 642727 642738 642745 642755 642756 642746 642759 642751 642757 642752 642758 642750 642730 642733 642738 
0 645022 0 645016 0 644984 0 0 0 0 0 644976 0 0 0 0 644936 0 0 0 644959 644979 0 0 0 644922 0 644946 0 0 0 0 0 0 0 0 0 0 0 0 0 0 0 0 0 0 0 0 0 0 0 0 0 0 0 0 0 0 0 0 0 0 0 0 0 0 0 0 0 0 0 0 644834 0 0 644864 0 644816 0 0 0 0 0 0 0 0 0 0 0 0 0 0 0 0 0 0 0 0 0 0 0 0 0 0 0 0 0 0 0 0 0 0 0 0 0 0 644757 0 0 0 0 0 0 0 0 644833 0 0 
644480 644483 644504 644501 644469 644474 644456 644487 644465 644490 644474 644469 644463 644453 644439 644445 644457 644432 644448 644416 644452 644456 644445 644437 644433 644436 644455 644455 644430 644458 644454 644406 644426 644428 644417 644418 644428 644444 644437 644424 644432 644433 644428 644414 644362 644378 644390 644396 644420 644421 644409 644406 644404 644398 644406 644393 644423 644417 644425 644430 644432 644406 644394 644346 644398 644382 644395 644406 644395 644377 644372 644402 644399 644400 644403 644414 644398 644405 644290 644326 644336 644386 644360 644375 644366 644357 644372 644369 644365 644374 644362 644354 644384 644393 644381 644389 644364 644272 644284 644266 644260 644290 644308 644344 644382 644345 644345 644306 644372 644360 644386 644346 644352 644290 644300 644254 644262 644276 644292 644318 644302 644338 644340 644348 644340 644320 644308 644294 
0 641550 0 641565 0 641538 0 0 0 0 0 641565 0 0 0 0 641548 0 0 0 641565 641556 0 0 0 641438 0 641500 0 0 0 0 0 0 0 0 0 0 0 0 0 0 0 0 0 0 0 0 0 0 0 0 0 0 0 0 0 0 0 0 0 0 0 0 0 0 0 0 0 0 0 0 641412 0 0 641466 0 641509 0 0 0 0 0 0 0 0 0 0 0 0 0 0 0 0 0 0 0 0 0 0 0 0 0 0 0 0 0 0 0 0 0 0 0 0 0 0 641565 0 0 0 0 0 0 0 0 641347 0 0 
0 643454 0 643454 643443 643430 643430 0 643421 643448 643454 643454 0 643431 0 643400 643412 643454 643454 0 643454 643443 0 643419 0 643398 643411 643411 643386 643424 643436 0 643454 0 0 643380 643384 643400 643393 643376 643376 0 0 0 0 0 0 643443 643431 0 0 643383 0 0 643393 0 643379 0 0 0 643424 643424 643436 643454 643431 0 0 643395 0 0 0 643343 643355 0 0 643370 0 643352 0 643454 643454 643407 643407 0 643353 0 0 0 643352 643361 0 0 643340 0 0 0 0 0 0 0 0 0 643443 643407 643383 643332 0 643261 643328 0 0 643412 0 0 0 643454 643454 643443 0 643407 0 0 0 643323 0 643307 643276 0 
0 643383 0 643395 0 643405 0 0 0 0 0 643383 0 0 0 0 643381 0 0 0 643371 643359 0 0 0 643327 0 643399 0 0 0 0 0 0 0 0 0 0 0 0 0 0 0 0 0 0 0 0 0 0 0 0 0 0 0 0 0 0 0 0 0 0 0 0 0 0 0 0 0 0 0 0 643299 0 0 643341 0 643274 0 0 0 0 0 0 0 0 0 0 0 0 0 0 0 0 0 0 0 0 0 0 0 0 0 0 0 0 0 0 0 0 0 0 0 0 0 0 643371 0 0 0 0 0 0 0 0 643190 0 0 
0 643315 0 643297 643329 643300 643342 0 643285 643274 643270 643277 0 643291 0 643257 643269 643250 643258 0 643272 643282 0 643263 0 643316 643323 643319 643248 643242 643238 0 643241 0 0 643298 643296 643306 643265 643230 643222 0 0 0 0 0 0 643238 643246 0 0 643242 0 0 643316 0 643291 0 0 0 643220 643207 643207 643201 643233 0 0 643232 0 0 0 643270 643267 0 0 643282 0 643201 0 643191 643208 643215 643202 0 643234 0 0 0 643275 643284 0 0 643252 0 0 0 0 0 0 0 0 0 643194 643194 643208 643231 0 643232 643240 0 0 643171 0 0 0 643161 643171 643178 0 643181 0 0 0 643180 0 643230 643233 0 
0 644646 0 644634 644666 644677 644640 644686 644659 644612 644580 644570 0 644562 0 644627 644639 644516 644532 644500 644536 644544 644530 644506 644594 644600 644638 644651 644621 644573 644553 0 644522 0 644538 644564 644584 644641 644643 644597 644581 0 0 644510 0 0 0 644456 644472 644474 0 644464 644516 644524 644540 644514 644587 644575 644631 0 644529 644503 644491 644442 644446 644430 644422 644444 0 644482 644498 644532 644551 0 0 644593 0 644563 0 644422 644408 644410 644384 644382 644448 0 0 0 644458 644476 0 644480 644545 644587 0 0 0 0 0 0 0 0 644368 644368 644396 644418 644418 644420 644533 644545 0 644443 0 0 644396 644338 644334 644336 644316 644342 644326 644338 644328 644340 644404 644368 644374 644384 
0 644526 0 644538 644519 644560 644506 0 644574 644550 644538 644526 0 644490 0 644569 644580 644526 644526 0 644514 644502 0 644478 0 644475 644517 644541 644557 644574 644562 0 644538 0 0 644439 644471 644554 644566 644534 644534 0 0 0 0 0 0 644502 644490 0 0 644442 0 0 644456 0 644497 0 0 0 644574 644574 644562 644538 644490 0 0 644454 0 0 0 644419 644485 0 0 644542 0 644486 0 644538 644514 644466 644466 0 644416 0 0 0 644405 644399 0 0 644498 0 0 0 0 0 0 0 0 0 644502 644466 644442 644395 0 644307 644486 0 0 644580 0 0 0 644515 644513 644502 0 644466 0 0 0 644362 0 644370 644309 0 
0 643486 0 643512 643472 643487 643459 0 643478 643522 643512 643500 0 643456 0 643458 643470 643491 643499 0 643488 643476 0 643452 0 643439 643468 643468 643443 643498 643510 0 643494 0 0 643403 643433 643457 643450 643437 643445 0 0 0 0 0 0 643461 643464 0 0 643409 0 0 643409 0 643435 0 0 0 643495 643482 643482 643454 643456 0 0 643428 0 0 0 643381 643399 0 0 643427 0 643407 0 643444 643437 643438 643425 0 643369 0 0 0 643368 643363 0 0 643393 0 0 0 0 0 0 0 0 0 643417 643417 643416 643348 0 643271 643381 0 0 643446 0 0 0 643402 643400 643401 0 643404 0 0 0 643351 0 643323 643273 0 
0 638529 0 638547 0 638520 0 0 0 0 638565 638565 0 0 0 0 638527 0 0 0 638565 638556 0 0 0 638470 0 638501 0 0 0 0 638551 0 0 0 0 0 0 0 0 0 0 0 0 0 0 0 638565 0 0 0 0 0 638488 0 638469 0 0 0 0 0 0 0 0 0 0 0 0 0 0 638436 638457 0 0 638484 0 638535 0 0 638518 638565 0 0 0 0 0 0 0 0 0 0 638466 0 0 0 0 0 0 0 0 0 0 638546 638565 0 0 0 0 0 0 0 0 0 0 0 638481 0 0 0 0 0 0 638518 0 638486 0 0 
0 639996 0 640002 0 639951 0 0 0 0 0 640010 0 0 0 0 639934 0 0 0 640005 640009 0 0 0 639925 0 639932 0 0 0 0 0 0 0 0 0 0 0 0 0 0 0 0 0 0 0 0 0 0 0 0 0 0 0 0 0 0 0 0 0 0 0 0 0 0 0 0 0 0 0 0 639876 0 0 639891 0 639882 0 0 0 0 0 0 0 0 0 0 0 0 0 0 0 0 0 0 0 0 0 0 0 0 0 0 0 0 0 0 0 0 0 0 0 0 0 0 639904 0 0 0 0 0 0 0 0 639828 0 0 
642841 642844 642847 642850 642830 642799 642817 642812 642790 642829 642825 642844 642862 642850 642800 642770 642782 642817 642825 642809 642851 642867 642842 642848 642830 642773 642780 642780 642755 642797 642793 642804 642796 642839 642814 642755 642753 642769 642762 642749 642757 642772 642779 642778 642782 642772 642778 642823 642831 642832 642820 642803 642801 642795 642803 642754 642748 642742 642750 642765 642775 642762 642762 642756 642818 642810 642806 642817 642792 642774 642722 642727 642724 642725 642728 642739 642737 642730 642746 642746 642787 642800 642787 642786 642763 642754 642769 642766 642762 642771 642753 642713 642709 642718 642706 642728 642735 642737 642743 642734 642731 642728 642779 642779 642793 642742 642742 642707 642697 642685 642725 642726 642729 642710 642721 642728 642750 642763 642753 642766 642758 642764 642759 642745 642737 642717 642720 642725 
0 644934 0 644880 0 644833 0 0 0 0 644817 644874 0 645007 0 0 644756 0 0 0 644893 644956 0 0 0 644761 0 644782 0 0 0 0 644730 0 0 0 0 0 0 0 0 0 0 0 0 0 0 0 644914 0 0 0 0 0 644930 0 644686 0 0 0 0 0 0 0 0 0 0 0 0 0 0 644623 644614 0 0 644659 0 644568 0 0 644701 644891 0 0 0 0 0 0 0 0 0 0 644569 0 0 0 0 0 0 0 0 0 0 644828 644918 0 0 0 0 0 0 0 0 0 0 0 644590 0 0 0 0 0 0 644850 0 644842 0 0 
645001 644998 644980 644974 645012 644983 645025 645006 644956 644940 644920 644922 644922 644939 645034 644904 644928 644868 644884 644852 644900 644920 644907 644883 644965 645031 645038 645002 644883 644876 644868 644842 644862 644865 644909 645013 645011 644977 644912 644852 644836 644826 644840 644838 644798 644814 644826 644832 644849 644851 644827 644841 644886 644928 644990 644979 644994 644988 644888 644820 644832 644806 644806 644782 644823 644807 644799 644821 644859 644971 644951 644973 644958 644935 644938 644961 644756 644794 644726 644762 644772 644787 644761 644759 644816 644861 644918 644917 644925 644958 644941 644933 644919 644812 644746 644738 644752 644708 644720 644702 644696 644726 644744 644745 644773 644801 644869 644885 644895 644737 644732 644734 644740 644702 644724 644690 644698 644712 644693 644719 644703 644715 644705 644717 644770 644820 644864 644873 
0 644520 0 644532 644511 644552 644498 0 644567 644544 644532 644520 0 644484 0 644590 644580 644520 644520 0 644508 644496 0 644472 0 644460 644509 644533 644583 644568 644556 0 644532 0 0 644424 644456 644546 644585 644571 644571 0 0 0 0 0 0 644496 644484 0 0 644436 0 0 644448 0 644482 0 0 0 644568 644568 644553 644499 644484 0 0 644448 0 0 0 644404 644470 0 0 644536 0 644547 0 644489 644482 644460 644460 0 644397 0 0 0 644390 644384 0 0 644510 0 0 0 0 0 0 0 0 0 644462 644460 644436 644364 0 644292 644503 0 0 644565 0 0 0 644447 644445 644446 0 644449 0 0 0 644329 0 644337 644294 0 
0 645012 0 645036 0 645050 0 0 0 0 0 645012 0 0 0 0 645050 0 0 0 644988 644964 0 0 0 644952 0 645028 0 0 0 0 0 0 0 0 0 0 0 0 0 0 0 0 0 0 0 0 0 0 0 0 0 0 0 0 0 0 0 0 0 0 0 0 0 0 0 0 0 0 0 0 644940 0 0 644994 0 644966 0 0 0 0 0 0 0 0 0 0 0 0 0 0 0 0 0 0 0 0 0 0 0 0 0 0 0 0 0 0 0 0 0 0 0 0 0 0 644808 0 0 0 0 0 0 0 0 644720 0 0 
0 644046 0 644081 644018 644017 643992 0 644011 644092 644108 644101 0 644044 0 643995 644007 644116 644120 0 644106 644088 0 644059 0 643928 643966 643979 643977 644077 644105 0 644107 0 0 643892 643912 643969 643979 643977 643993 0 0 0 0 0 0 644108 644100 0 0 643998 0 0 643950 0 643915 0 0 0 644097 644086 644086 644067 644103 0 0 644042 0 0 0 643860 643879 0 0 643921 0 643939 0 644057 644074 644082 644072 0 643942 0 0 0 643892 643886 0 0 643873 0 0 0 0 0 0 0 0 0 644064 644064 644042 643905 0 643772 643861 0 0 644050 0 0 0 644027 644037 644048 0 644051 0 0 0 643911 0 643855 643796 0 
0 638467 0 638485 638453 638458 638440 0 638461 638496 638512 638505 0 638473 0 638465 638465 638519 638519 0 638510 638494 0 638489 0 638408 638427 638439 638462 638504 638519 0 638519 0 0 638390 638400 638440 638457 638468 638476 0 0 0 0 0 0 638519 638518 0 0 638455 0 0 638426 0 638407 0 0 0 638519 638519 638519 638519 638519 0 0 638489 0 0 0 638374 638395 0 0 638422 0 638473 0 638519 638519 638519 638519 0 638415 0 0 0 638409 638394 0 0 638404 0 0 0 0 0 0 0 0 0 638519 638519 638489 638394 0 638330 638404 0 0 638519 0 0 0 638519 638519 638519 0 638519 0 0 0 638390 0 638369 638355 0 
0 641758 0 641806 641730 641716 641704 641742 641698 641816 641860 641834 0 641734 0 641658 641682 641888 641872 641904 641832 641788 641730 641754 641694 641652 641678 641678 641628 641784 641840 0 641918 0 641686 641616 641624 641656 641642 641616 641632 0 0 641918 0 0 0 641876 641824 641750 0 641683 641672 641648 641640 641578 641614 641602 641618 0 641828 641854 641902 641921 641850 641866 641802 641744 0 641570 641550 641572 641566 0 0 641596 0 641578 0 641911 641904 641814 641840 641669 641603 0 0 0 641582 641576 0 641532 641536 641554 0 0 0 0 0 0 0 0 641884 641856 641751 641561 641561 641484 641512 641488 0 641855 0 0 641886 641869 641867 641868 641858 641871 641863 641809 641771 641567 641551 641511 641486 641472 
0 640271 0 640267 0 640234 0 0 0 0 0 640271 0 0 0 0 640217 0 0 0 640271 640271 0 0 0 640208 0 640215 0 0 0 0 0 0 0 0 0 0 0 0 0 0 0 0 0 0 0 0 0 0 0 0 0 0 0 0 0 0 0 0 0 0 0 0 0 0 0 0 0 0 0 0 640159 0 0 640174 0 640159 0 0 0 0 0 0 0 0 0 0 0 0 0 0 0 0 0 0 0 0 0 0 0 0 0 0 0 0 0 0 0 0 0 0 0 0 0 0 640192 0 0 0 0 0 0 0 0 640180 0 0 
0 644543 0 644546 0 644489 0 0 0 0 0 644538 0 0 0 0 644479 0 0 0 644545 644572 0 0 0 644413 0 644451 0 0 0 0 0 0 0 0 0 0 0 0 0 0 0 0 0 0 0 0 0 0 0 0 0 0 0 0 0 0 0 0 0 0 0 0 0 0 0 0 0 0 0 0 644351 0 0 644393 0 644435 0 0 0 0 0 0 0 0 0 0 0 0 0 0 0 0 0 0 0 0 0 0 0 0 0 0 0 0 0 0 0 0 0 0 0 0 0 0 644444 0 0 0 0 0 0 0 0 644444 0 0 
0 644899 0 644860 644845 644721 644793 0 644685 644780 644764 644840 0 645031 0 644605 644653 644732 644764 0 644867 644967 645053 645036 644961 644617 644645 644645 644545 644652 644636 0 644648 0 0 644545 644537 644601 644573 644518 644534 0 0 0 0 0 0 644791 644904 645024 0 644967 644972 644937 644853 0 644517 0 0 0 644564 644512 644512 644488 644852 0 0 644975 0 0 0 644433 644421 0 0 644481 0 644435 0 644448 644611 644896 644844 0 644820 0 0 0 644805 644725 0 0 644361 0 0 0 0 0 0 0 0 0 644615 644812 644879 644736 0 644353 644313 0 0 644368 0 0 0 644376 644463 644551 0 644760 0 0 0 644729 0 644636 644589 644460 
0 644978 0 644976 0 644849 0 0 0 0 644907 644964 0 645087 0 0 644794 0 0 0 644985 645069 0 645100 0 644771 0 644792 0 644823 0 0 644820 0 0 0 0 0 0 0 0 0 0 0 0 0 0 0 645022 0 0 644998 0 0 644958 0 644696 0 0 0 644757 0 0 644700 0 0 0 645033 0 0 0 644633 644624 0 0 644669 0 644630 0 0 644793 644982 0 0 0 0 0 0 0 644862 0 0 644579 0 0 0 0 0 0 0 0 0 0 644919 644961 0 0 0 644543 0 0 0 0 0 0 644616 644682 644757 0 0 0 0 0 644822 0 644753 0 0 
0 644919 0 644801 644935 644786 644920 0 644735 644709 644693 644769 0 645037 0 644635 644683 644661 644693 0 644797 644909 645031 644983 645075 644744 644772 644772 644590 644581 644565 0 644577 0 0 644672 644664 644728 644643 644532 644501 0 0 0 0 0 0 644733 644857 644930 0 644910 644993 645039 645004 0 644644 0 0 0 644493 644441 644441 644417 644805 0 0 644870 0 0 0 644560 644548 0 0 644608 0 644417 0 644377 644541 644802 644750 0 644851 0 0 0 644909 644876 0 0 644488 0 0 0 0 0 0 0 0 0 644557 644718 644774 644812 0 644480 644440 0 0 644297 0 0 0 644305 644393 644493 0 644666 0 0 0 644662 0 644729 644730 644600 
0 641207 0 641207 0 641207 0 0 0 0 0 641207 0 0 0 0 641207 0 0 0 641207 641207 0 0 0 641207 0 641207 0 0 0 0 0 0 0 0 0 0 0 0 0 0 0 0 0 0 0 0 0 0 0 0 0 0 0 0 0 0 0 0 0 0 0 0 0 0 0 0 0 0 0 0 641207 0 0 641207 0 641207 0 0 0 0 0 0 0 0 0 0 0 0 0 0 0 0 0 0 0 0 0 0 0 0 0 0 0 0 0 0 0 0 0 0 0 0 0 0 641143 0 0 0 0 0 0 0 0 641207 0 0 
0 644157 0 644133 644185 644179 644211 0 644161 644115 644079 644081 0 644109 0 644119 644141 644027 644043 0 644059 644079 0 644065 0 644231 644243 644217 644101 644075 644055 0 644021 0 0 644213 644227 644203 644135 644065 644049 0 0 0 0 0 0 643991 644019 0 0 644059 0 0 644191 0 644222 0 0 0 644031 644005 643993 643941 643993 0 0 644027 0 0 0 644201 644198 0 0 644207 0 644007 0 643921 643931 643981 643955 0 644067 0 0 0 644160 644169 0 0 644173 0 0 0 0 0 0 0 0 0 643903 643939 643991 644073 0 644141 644149 0 0 643945 0 0 0 643849 643857 643871 0 643913 0 0 0 643995 0 644107 644118 0 
0 639255 0 639237 0 639264 0 0 0 0 0 639217 0 0 0 0 639257 0 0 0 639212 639228 0 0 0 639241 0 639265 0 0 0 0 0 0 0 0 0 0 0 0 0 0 0 0 0 0 0 0 0 0 0 0 0 0 0 0 0 0 0 0 0 0 0 0 0 0 0 0 0 0 0 0 639228 0 0 639255 0 639249 0 0 0 0 0 0 0 0 0 0 0 0 0 0 0 0 0 0 0 0 0 0 0 0 0 0 0 0 0 0 0 0 0 0 0 0 0 0 639111 0 0 0 0 0 0 0 0 639257 0 0 
0 644260 0 644272 644260 644296 644247 0 644308 644284 644272 644260 0 644224 0 644332 644320 644260 644260 0 644248 644236 0 644212 0 644227 644258 644282 644342 644308 644296 0 644272 0 0 644209 644231 644295 644332 644342 644342 0 0 0 0 0 0 644236 644224 0 0 644176 0 0 644197 0 644250 0 0 0 644308 644308 644296 644272 644224 0 0 644188 0 0 0 644205 644250 0 0 644289 0 644342 0 644272 644248 644200 644200 0 644152 0 0 0 644156 644165 0 0 644283 0 0 0 0 0 0 0 0 0 644236 644200 644176 644136 0 644137 644293 0 0 644320 0 0 0 644260 644248 644236 0 644200 0 0 0 644100 0 644111 644114 0 
0 644699 0 644849 0 644834 0 0 0 0 644930 644869 0 644549 0 0 644912 0 0 0 644812 644711 0 644569 0 644464 0 644739 0 645097 0 0 644801 0 0 0 0 0 0 0 0 0 0 0 0 0 0 0 644676 0 0 644314 0 0 644314 0 644579 0 0 0 645047 0 0 644601 0 0 0 644479 0 0 0 644354 644570 0 0 644697 0 644654 0 0 644516 644521 0 0 0 0 0 0 0 644154 0 0 644549 0 0 0 0 0 0 0 0 0 0 644416 644454 0 0 0 644489 0 0 0 0 0 0 644341 644331 644336 0 0 0 0 0 644024 0 643884 0 0 
0 642719 0 642749 642705 642743 642692 0 642745 642771 642759 642747 0 642689 0 642725 642737 642747 642747 0 642735 642722 0 642693 0 642672 642703 642724 642710 642779 642780 0 642754 0 0 642654 642676 642724 642717 642704 642712 0 0 0 0 0 0 642721 642711 0 0 642642 0 0 642642 0 642692 0 0 0 642779 642776 642765 642714 642711 0 0 642675 0 0 0 642650 642679 0 0 642694 0 642685 0 642704 642697 642687 642685 0 642602 0 0 0 642601 642610 0 0 642664 0 0 0 0 0 0 0 0 0 642677 642677 642663 642581 0 642582 642652 0 0 642740 0 0 0 642662 642660 642661 0 642664 0 0 0 642584 0 642556 642559 0 
644582 644585 644600 644603 644568 644532 644542 644557 644511 644594 644630 644623 644617 644591 644508 644467 644491 644646 644642 644646 644628 644612 644595 644607 644568 644478 644496 644496 644440 644554 644594 644646 644646 644628 644579 644442 644442 644474 644459 644422 644430 644471 644602 644626 644646 644646 644646 644646 644636 644611 644611 644592 644578 644546 644514 644416 644432 644420 644435 644438 644576 644578 644602 644632 644646 644646 644637 644614 644581 644432 644376 644390 644384 644386 644392 644414 644398 644379 644588 644612 644646 644643 644646 644609 644576 644536 644518 644512 644480 644450 644390 644358 644354 644367 644331 644407 644554 644570 644582 644564 644558 644576 644630 644646 644626 644560 644512 644322 644330 644298 644446 644554 644554 644544 644566 644552 644572 644598 644646 644646 644646 644646 644646 644594 644574 644510 644372 644334 
0 644361 0 644379 0 644334 0 0 0 0 644406 644399 0 0 0 0 644317 0 0 0 644399 644371 0 0 0 644302 0 644315 0 0 0 0 644423 0 0 0 0 0 0 0 0 0 0 0 0 0 0 0 644383 0 0 0 0 0 644291 0 644283 0 0 0 0 0 0 0 0 0 0 0 0 0 0 644262 644259 0 0 644274 0 644218 0 0 644418 644366 0 0 0 0 0 0 0 0 0 0 644244 0 0 0 0 0 0 0 0 0 0 644370 644325 0 0 0 0 0 0 0 0 0 0 0 644418 0 0 0 0 0 0 644183 0 644179 0 0 
644094 644100 644118 644124 644072 644046 644046 644060 644040 644134 644166 644171 644176 644148 644012 644024 644036 644162 644170 644154 644188 644178 644168 644192 644108 643970 643996 644008 644006 644122 644138 644149 644141 644212 644138 643934 643942 643998 644008 644006 644022 644068 644124 644123 644127 644117 644123 644180 644212 644202 644180 644118 644114 644100 644054 643920 643944 643932 643996 644038 644120 644107 644107 644101 644199 644191 644225 644186 644096 643960 643868 643890 643908 643934 643940 643950 644030 643992 644091 644091 644132 644219 644206 644104 644038 644020 644050 644044 644034 643990 643906 643850 643902 643968 643968 644047 644080 644082 644088 644079 644076 644073 644136 644198 644178 643996 643996 643826 643890 643938 644070 644071 644074 644055 644066 644073 644095 644120 644172 644185 644177 644161 644144 644002 643986 643946 643924 643862 
0 644902 0 644820 644905 644797 644901 644833 644761 644751 644739 644796 0 644996 0 644688 644724 644715 644739 644691 644817 644901 645009 644973 645011 644789 644809 644792 644653 644655 644643 0 644652 0 645046 644735 644729 644757 644689 644612 644595 0 0 644598 0 0 0 644769 644863 644973 0 644993 645034 645044 644985 644732 644714 644696 644653 0 644589 644550 644550 644532 644824 644800 644895 644952 0 644828 644636 644651 644642 0 0 644687 0 644530 0 644502 644625 644877 644838 644872 644939 0 0 0 644969 644889 0 644609 644597 644545 0 0 0 0 0 0 0 0 644637 644814 644892 644903 644946 644591 644561 644437 0 644442 0 0 644427 644448 644514 644589 644736 644775 644751 644805 644791 644809 644867 644871 644795 644681 
0 643885 0 643885 643885 643885 643885 0 643885 643885 643885 643885 0 643860 0 643885 643885 643885 643885 0 643884 643872 0 643848 0 643885 643885 643885 643885 643885 643885 0 643885 0 0 643885 643885 643885 643885 643885 643885 0 0 0 0 0 0 643872 643860 0 0 643812 0 0 643860 0 643885 0 0 0 643885 643885 643885 643885 643860 0 0 643824 0 0 0 643885 643885 0 0 643885 0 643885 0 643885 643884 643836 643836 0 643788 0 0 0 643836 643860 0 0 643885 0 0 0 0 0 0 0 0 0 643872 643836 643812 643776 0 643842 643885 0 0 643885 0 0 0 643885 643884 643872 0 643836 0 0 0 643752 0 643776 643830 0 
0 644490 0 644466 644518 644534 644544 0 644516 644456 644412 644414 0 644442 0 644484 644496 644360 644376 0 644392 644412 0 644398 0 644620 644594 644572 644478 644430 644410 0 644354 0 0 644626 644638 644558 644500 644454 644438 0 0 0 0 0 0 644324 644352 0 0 644392 0 0 644536 0 644636 0 0 0 644386 644360 644348 644274 644326 0 0 644360 0 0 0 644621 644628 0 0 644582 0 644420 0 644254 644264 644314 644288 0 644400 0 0 0 644546 644578 0 0 644604 0 0 0 0 0 0 0 0 0 644236 644272 644324 644406 0 644509 644592 0 0 644300 0 0 0 644182 644190 644204 0 644246 0 0 0 644310 0 644456 644511 0 
0 644138 0 644150 644138 644163 644138 0 644163 644162 644150 644138 0 644102 0 644133 644157 644138 644138 0 644126 644114 0 644090 0 644144 644162 644163 644109 644163 644163 0 644150 0 0 644112 644144 644163 644133 644085 644085 0 0 0 0 0 0 644114 644102 0 0 644054 0 0 644102 0 644156 0 0 0 644163 644163 644163 644150 644102 0 0 644066 0 0 0 644092 644135 0 0 644157 0 644037 0 644150 644126 644078 644078 0 644030 0 0 0 644073 644072 0 0 644123 0 0 0 0 0 0 0 0 0 644114 644078 644054 644018 0 643980 644099 0 0 644157 0 0 0 644138 644126 644114 0 644078 0 0 0 643974 0 644018 643982 0 
0 644607 0 644631 644607 644679 644607 0 644703 644655 644631 644607 0 644535 0 644724 644725 644607 644607 0 644583 644559 0 644511 0 644631 644655 644679 644712 644703 644679 0 644631 0 0 644631 644655 644703 644724 644700 644700 0 0 0 0 0 0 644559 644535 0 0 644439 0 0 644535 0 644679 0 0 0 644703 644703 644679 644613 644535 0 0 644463 0 0 0 644649 644703 0 0 644725 0 644676 0 644593 644579 644487 644487 0 644391 0 0 0 644487 644535 0 0 644724 0 0 0 0 0 0 0 0 0 644539 644487 644439 644367 0 644557 644712 0 0 644725 0 0 0 644509 644505 644507 0 644487 0 0 0 644319 0 644367 644486 0 
0 644220 0 644232 644220 644256 644216 0 644268 644244 644232 644220 0 644184 0 644292 644280 644220 644220 0 644208 644196 0 644172 0 644196 644227 644251 644304 644268 644256 0 644232 0 0 644178 644200 644264 644292 644304 644304 0 0 0 0 0 0 644196 644184 0 0 644136 0 0 644166 0 644219 0 0 0 644268 644268 644256 644229 644184 0 0 644148 0 0 0 644174 644219 0 0 644258 0 644304 0 644219 644208 644160 644160 0 644112 0 0 0 644125 644134 0 0 644252 0 0 0 0 0 0 0 0 0 644192 644160 644136 644100 0 644106 644264 0 0 644280 0 0 0 644177 644175 644176 0 644160 0 0 0 644076 0 644080 644083 0 
0 643942 0 643958 643928 643969 643915 0 643984 643970 643958 643946 0 643910 0 644012 644000 643946 643946 0 643934 643922 0 643898 0 643866 643916 643950 644021 643994 643982 0 643958 0 0 643830 643862 643963 644004 644039 644042 0 0 0 0 0 0 643922 643910 0 0 643862 0 0 643854 0 643888 0 0 0 643994 643994 643980 643926 643910 0 0 643874 0 0 0 643810 643876 0 0 643942 0 644038 0 643916 643909 643886 643886 0 643825 0 0 0 643796 643790 0 0 643918 0 0 0 0 0 0 0 0 0 643889 643886 643862 643804 0 643698 643930 0 0 643992 0 0 0 643874 643872 643873 0 643876 0 0 0 643802 0 643766 643700 0 
644961 644967 645021 645027 644939 645021 644913 644999 645051 645073 645053 645031 645007 644907 644879 645085 645083 644989 645005 644973 645007 644973 644891 644915 644867 644873 644935 644983 645063 645127 645085 644963 644995 644959 644835 644837 644881 645009 645069 645051 645067 645125 645057 645007 644919 644947 644959 644929 644945 644899 644875 644813 644809 644797 644813 644787 644919 644907 645053 645083 645097 645071 645023 644915 644919 644903 644895 644881 644791 644755 644771 644829 644919 644995 645001 644997 645051 645013 644847 644895 644881 644883 644857 644799 644733 644715 644745 644739 644731 644749 644737 644753 644963 644989 644965 645065 645065 644829 644841 644823 644817 644859 644841 644841 644863 644691 644691 644693 644947 644923 645079 645047 645053 644919 644893 644811 644807 644809 644789 644815 644799 644811 644801 644697 644681 644641 644647 644657 
644639 644639 644639 644639 644639 644639 644639 644639 644639 644639 644639 644639 644639 644639 644639 644593 644617 644639 644639 644639 644639 644639 644639 644639 644639 644639 644639 644639 644569 644639 644639 644639 644639 644639 644639 644639 644639 644639 644593 644545 644545 644569 644639 644639 644603 644607 644619 644639 644639 644639 644639 644639 644639 644639 644639 644637 644639 644639 644569 644545 644639 644639 644635 644575 644639 644639 644639 644639 644639 644639 644617 644634 644639 644593 644593 644617 644497 644497 644531 644555 644589 644639 644639 644639 644639 644639 644639 644639 644639 644639 644624 644608 644593 644497 644449 644497 644607 644513 644525 644507 644501 644519 644573 644639 644639 644639 644639 644590 644569 644425 644521 644589 644595 644531 644529 644495 644515 644541 644593 644619 644603 644639 644639 644617 644629 644639 644615 644596 
0 641487 0 641505 641473 641478 641460 641479 641481 641516 641532 641525 0 641482 0 641485 641485 641552 641544 641560 641530 641514 641474 641486 641462 641428 641447 641459 641471 641524 641540 0 641561 0 641446 641410 641420 641460 641477 641465 641473 0 0 641567 0 0 0 641558 641527 641478 0 641435 641433 641427 641435 641397 641427 641421 641466 0 641546 641559 641571 641553 641540 641548 641504 641469 0 641405 641377 641394 641415 0 0 641442 0 641446 0 641543 641560 641510 641523 641427 641394 0 0 0 641394 641403 0 641364 641424 641434 0 0 0 0 0 0 0 0 641552 641531 641469 641361 641374 641328 641413 641401 0 641571 0 0 641530 641513 641523 641536 641527 641540 641532 641498 641479 641340 641344 641336 641352 641340 
644021 644027 644061 644067 643999 643989 643973 644003 643983 644077 644121 644103 644079 644003 643939 643967 643979 644157 644141 644173 644101 644057 643999 644023 643963 643913 643939 643951 643949 644069 644113 644183 644179 644077 643955 643877 643885 643941 643951 643949 643965 644011 644141 644179 644227 644227 644215 644145 644093 644019 644007 643957 643941 643917 643909 643847 643887 643875 643939 643981 644113 644139 644175 644225 644119 644135 644071 644013 643935 643839 643811 643833 643851 643877 643883 643893 643973 643935 644199 644215 644216 644083 644109 643967 643901 643871 643877 643871 643851 643845 643809 643793 643845 643911 643911 643991 644157 644190 644196 644187 644184 644197 644196 644125 644025 643871 643847 643753 643833 643881 644033 644175 644169 644179 644190 644181 644179 644180 644170 644151 644167 644083 644057 643901 643873 643821 643755 643741 
640374 640380 640422 640428 640352 640352 640326 640366 640346 640440 640482 640456 640432 640356 640292 640330 640342 640510 640494 640526 640454 640410 640352 640376 640316 640274 640302 640314 640312 640432 640476 640536 640540 640430 640308 640238 640248 640304 640314 640312 640328 640374 640504 640542 640567 640577 640571 640498 640446 640372 640360 640310 640294 640270 640262 640200 640250 640238 640302 640344 640476 640502 640538 640571 640472 640488 640424 640366 640288 640192 640172 640196 640214 640240 640246 640256 640336 640298 640537 640561 640554 640436 640462 640303 640237 640219 640230 640224 640204 640198 640162 640154 640208 640274 640274 640354 640520 640528 640534 640525 640522 640543 640534 640478 640378 640195 640195 640106 640196 640244 640396 640529 640526 640527 640538 640519 640517 640518 640508 640499 640507 640436 640405 640201 640185 640145 640108 640094 
642825 642828 642855 642858 642814 642831 642801 642844 642812 642881 642885 642866 642848 642798 642784 642768 642792 642893 642885 642901 642859 642831 642790 642802 642778 642781 642812 642812 642741 642855 642893 642906 642914 642835 642762 642763 642785 642791 642760 642723 642731 642772 642907 642932 642898 642912 642918 642875 642843 642794 642782 642751 642749 642743 642751 642738 642780 642774 642736 642739 642877 642890 642924 642896 642856 642864 642820 642785 642740 642722 642730 642759 642746 642723 642726 642749 642699 642680 642862 642886 642879 642826 642839 642744 642711 642702 642717 642714 642710 642719 642713 642721 642707 642668 642632 642708 642877 642853 642859 642850 642847 642868 642859 642847 642785 642690 642690 642691 642683 642599 642747 642868 642871 642874 642885 642844 642842 642843 642833 642846 642838 642814 642795 642693 642685 642665 642668 642673 
0 638578 0 638602 638550 638524 638524 0 638518 638612 638650 638654 0 638595 0 638502 638514 638666 638666 0 638665 638637 0 638627 0 638448 638474 638486 638484 638604 638630 0 638654 0 0 638412 638420 638476 638486 638484 638500 0 0 0 0 0 0 638671 638671 0 0 638578 0 0 638501 0 638422 0 0 0 638618 638618 638630 638654 638671 0 0 638634 0 0 0 638368 638386 0 0 638428 0 638470 0 638654 638671 638671 638671 0 638522 0 0 0 638467 638437 0 0 638380 0 0 0 0 0 0 0 0 0 638671 638671 638644 638492 0 638304 638368 0 0 638606 0 0 0 638666 638671 638671 0 638671 0 0 0 638511 0 638442 638359 0 
0 641404 0 641410 0 641359 0 0 0 0 641437 641442 0 0 0 0 641342 0 0 0 641459 641455 0 0 0 641333 0 641340 0 0 0 0 641446 0 0 0 0 0 0 0 0 0 0 0 0 0 0 0 641477 0 0 0 0 0 641385 0 641308 0 0 0 0 0 0 0 0 0 0 0 0 0 0 641287 641284 0 0 641299 0 641290 0 0 641437 641460 0 0 0 0 0 0 0 0 0 0 641269 0 0 0 0 0 0 0 0 0 0 641451 641419 0 0 0 0 0 0 0 0 0 0 0 641400 0 0 0 0 0 0 641327 0 641299 0 0 
0 644872 0 644874 644816 644692 644764 0 644656 644803 644787 644863 0 645040 0 644576 644624 644755 644787 0 644891 645001 645078 645081 644960 644588 644616 644616 644516 644675 644659 0 644671 0 0 644516 644508 644572 644544 644492 644524 0 0 0 0 0 0 644827 644955 645082 0 645022 645014 644947 644852 0 644488 0 0 0 644587 644535 644535 644511 644903 0 0 645069 0 0 0 644404 644392 0 0 644452 0 644416 0 644471 644635 644958 644906 0 644862 0 0 0 644815 644724 0 0 644332 0 0 0 0 0 0 0 0 0 644651 644874 644973 644778 0 644324 644284 0 0 644391 0 0 0 644399 644487 644587 0 644822 0 0 0 644790 0 644678 644590 644444 
642962 642965 642968 642971 642951 642920 642938 642933 642911 642968 642964 642983 643001 643007 642921 642891 642903 642956 642964 642948 642990 643016 643023 643035 642987 642894 642901 642901 642876 642936 642932 642943 642935 643014 643019 642876 642874 642890 642883 642870 642878 642907 642918 642917 642921 642911 642917 642974 643006 643051 643063 643044 643030 643000 642960 642875 642869 642863 642871 642886 642914 642901 642901 642895 642993 642985 643029 643064 643033 642907 642837 642848 642845 642846 642849 642860 642870 642851 642885 642885 642926 643023 643010 643037 643004 642995 642998 642995 642967 642928 642874 642819 642830 642839 642827 642867 642874 642876 642882 642873 642870 642867 642930 643002 643052 642983 642983 642795 642818 642806 642864 642865 642868 642849 642860 642867 642889 642914 642976 642989 642981 643023 643018 642986 642978 642958 642893 642831 
0 644894 0 644860 0 644768 0 0 0 0 644779 644836 0 645014 0 0 644710 0 0 0 644857 644941 0 645028 0 644719 0 644730 0 644695 0 0 644692 0 0 0 0 0 0 0 0 0 0 0 0 0 0 0 644905 0 0 645076 0 0 644917 0 644644 0 0 0 644629 0 0 644572 0 0 0 645046 0 0 0 644581 644572 0 0 644617 0 644546 0 0 644665 644945 0 0 0 0 0 0 0 644821 0 0 644527 0 0 0 0 0 0 0 0 0 0 644882 644996 0 0 0 644491 0 0 0 0 0 0 644488 644554 644629 0 0 0 0 0 644898 0 644864 0 0 
0 644682 0 644599 644668 644529 644644 0 644484 644518 644509 644585 0 644824 0 644392 644440 644477 644509 0 644613 644716 644863 644827 644812 644491 644519 644498 644341 644397 644381 0 644393 0 0 644419 644411 644452 644384 644298 644290 0 0 0 0 0 0 644549 644677 644860 0 644935 644934 644885 644755 0 644391 0 0 0 644309 644257 644257 644233 644625 0 0 644873 0 0 0 644307 644295 0 0 644355 0 644200 0 644193 644357 644742 644690 0 644855 0 0 0 644780 644627 0 0 644235 0 0 0 0 0 0 0 0 0 644373 644658 644830 644796 0 644227 644187 0 0 644113 0 0 0 644121 644209 644309 0 644606 0 0 0 644712 0 644737 644519 644347 
0 644796 0 644676 644838 644682 644837 0 644625 644584 644568 644644 0 644916 0 644516 644564 644536 644568 0 644672 644784 644947 644899 644982 644664 644692 644690 644478 644456 644440 0 644452 0 0 644592 644584 644645 644541 644408 644376 0 0 0 0 0 0 644608 644736 644907 0 644937 645024 645055 644928 0 644564 0 0 0 644368 644316 644316 644292 644684 0 0 644884 0 0 0 644480 644468 0 0 644528 0 644292 0 644252 644416 644779 644727 0 644913 0 0 0 644931 644800 0 0 644408 0 0 0 0 0 0 0 0 0 644432 644695 644801 644884 0 644400 644360 0 0 644172 0 0 0 644180 644268 644368 0 644643 0 0 0 644703 0 644815 644691 644520 
0 643693 0 643652 0 643631 0 0 0 0 643625 643655 0 0 0 0 643576 0 0 0 643662 643690 0 0 0 643699 0 643650 0 0 0 0 643596 0 0 0 0 0 0 0 0 0 0 0 0 0 0 0 643668 0 0 0 0 0 643760 0 643650 0 0 0 0 0 0 0 0 0 0 0 0 0 0 643641 643614 0 0 643617 0 643448 0 0 643598 643637 0 0 0 0 0 0 0 0 0 0 643575 0 0 0 0 0 0 0 0 0 0 643616 643630 0 0 0 0 0 0 0 0 0 0 0 643561 0 0 0 0 0 0 643602 0 643678 0 0 
0 644852 0 644767 644894 644776 644933 644809 644731 644698 644686 644738 0 644793 0 644647 644683 644657 644681 644633 644730 644754 644757 644721 644853 644996 644905 644833 644620 644602 644590 0 644599 0 644771 645032 644976 644794 644671 644566 644542 0 0 644545 0 0 0 644622 644658 644675 0 644660 644738 644828 644934 645052 644926 644938 644635 0 644536 644497 644497 644479 644619 644595 644597 644630 0 645043 644973 644981 644914 0 0 644812 0 644479 0 644449 644538 644579 644540 644537 644636 0 0 0 644926 645014 0 644946 644824 644515 0 0 0 0 0 0 0 0 644490 644516 644558 644627 644771 644923 644788 644398 0 644389 0 0 644374 644390 644427 644442 644438 644477 644453 644471 644456 644474 644570 644702 644933 644924 
0 644416 0 644428 0 644452 0 0 0 0 644415 644410 0 0 0 0 644430 0 0 0 644393 644392 0 0 0 644428 0 644452 0 0 0 0 644386 0 0 0 0 0 0 0 0 0 0 0 0 0 0 0 644361 0 0 0 0 0 644380 0 644452 0 0 0 0 0 0 0 0 0 0 0 0 0 0 644404 644451 0 0 644430 0 644310 0 0 644329 644330 0 0 0 0 0 0 0 0 0 0 644406 0 0 0 0 0 0 0 0 0 0 644309 644323 0 0 0 0 0 0 0 0 0 0 0 644292 0 0 0 0 0 0 644222 0 644270 0 0 
0 644681 0 644663 644723 644812 644762 0 644791 644666 644582 644567 0 644555 0 644755 644767 644486 644510 0 644516 644528 644507 644471 644615 644852 644869 644869 644752 644662 644626 0 644495 0 0 644851 644896 644854 644779 644722 644698 0 0 0 0 0 0 644396 644420 644423 0 644408 644486 644576 644690 0 644921 644927 0 0 644596 644557 644533 644375 644381 0 644345 644378 0 0 0 644844 644915 0 0 644882 0 644683 0 644345 644324 644327 644288 644285 644384 0 0 0 644635 644714 0 644730 644888 644719 0 0 0 0 0 0 0 0 644264 644264 644306 644375 644511 644640 644876 644674 0 644473 0 0 0 644219 644213 644216 0 644225 0 644219 0 644222 644318 644440 644571 644586 
0 644951 0 644941 644950 645023 644937 644999 645047 644943 644887 644877 0 644869 0 645095 645071 644823 644839 644807 644843 644851 644837 644813 644878 644907 644969 645008 645111 644975 644919 0 644829 0 644831 644871 644915 645033 645095 645099 645083 0 0 644841 0 0 0 644763 644779 644781 0 644771 644807 644819 644847 644821 644953 644941 645111 0 644931 644905 644857 644749 644753 644737 644729 644751 0 644789 644805 644863 644953 0 0 645031 0 645053 0 644729 644715 644717 644691 644689 644735 0 0 0 644765 644783 0 644787 645019 645063 0 0 0 0 0 0 0 0 644675 644675 644703 644706 644725 644727 645035 644991 0 644881 0 0 644727 644645 644641 644643 644623 644649 644633 644645 644635 644647 644687 644675 644681 644691 
644745 644748 644787 644787 644734 644802 644721 644788 644817 644789 644733 644723 644711 644682 644704 644845 644833 644669 644685 644653 644689 644697 644662 644659 644662 644713 644756 644783 644854 644800 644756 644643 644675 644641 644622 644695 644729 644796 644837 644848 644856 644858 644728 644687 644599 644627 644639 644609 644625 644627 644603 644587 644597 644603 644635 644658 644751 644745 644849 644862 644756 644730 644694 644595 644599 644583 644575 644597 644576 644618 644662 644703 644751 644800 644803 644790 644824 644829 644527 644575 644561 644563 644537 644535 644523 644526 644565 644562 644570 644603 644621 644646 644784 644817 644805 644806 644712 644509 644521 644503 644497 644539 644521 644521 644549 644490 644514 644586 644796 644784 644788 644694 644700 644590 644573 644491 644487 644489 644469 644495 644479 644491 644481 644469 644473 644465 644540 644550 
0 644551 0 644701 0 644677 0 0 0 0 644836 644741 0 644401 0 0 644662 0 0 0 644706 644566 0 644421 0 644316 0 644582 0 644903 0 0 644868 0 0 0 0 0 0 0 0 0 0 0 0 0 0 0 644626 0 0 644166 0 0 644166 0 644422 0 0 0 645007 0 0 644682 0 0 0 644336 0 0 0 644206 644358 0 0 644447 0 644462 0 0 644597 644537 0 0 0 0 0 0 0 644006 0 0 644309 0 0 0 0 0 0 0 0 0 0 644488 644336 0 0 0 644261 0 0 0 0 0 0 644422 644412 644417 0 0 0 0 0 643876 0 643736 0 0 
0 638351 0 638387 638323 638333 638297 0 638339 638405 638421 638414 0 638363 0 638347 638347 638424 638424 0 638419 638403 0 638395 0 638233 638271 638295 638341 638413 638424 0 638424 0 0 638197 638217 638297 638331 638342 638358 0 0 0 0 0 0 638424 638424 0 0 638365 0 0 638269 0 638231 0 0 0 638424 638424 638424 638424 638424 0 0 638405 0 0 0 638165 638207 0 0 638261 0 638328 0 638424 638424 638424 638424 0 638333 0 0 0 638235 638205 0 0 638225 0 0 0 0 0 0 0 0 0 638424 638424 638417 638315 0 638077 638225 0 0 638424 0 0 0 638424 638424 638424 0 638424 0 0 0 638369 0 638265 638127 0 
0 643760 0 643796 643732 643765 643706 0 643759 643819 643823 643804 0 643736 0 643743 643755 643831 643823 0 643797 643769 0 643740 0 643654 643704 643727 643725 643814 643842 0 643852 0 0 643618 643650 643717 643727 643725 643738 0 0 0 0 0 0 643813 643781 0 0 643689 0 0 643642 0 643663 0 0 0 643836 643849 643871 643855 643794 0 0 643723 0 0 0 643598 643627 0 0 643669 0 643711 0 643845 643836 643764 643777 0 643634 0 0 0 643584 643578 0 0 643621 0 0 0 0 0 0 0 0 0 643818 643785 643723 643604 0 643486 643609 0 0 643847 0 0 0 643803 643801 643802 0 643788 0 0 0 643631 0 643554 643488 0 
0 644524 0 644674 0 644543 0 0 0 0 644809 644714 0 644374 0 0 644458 0 0 0 644679 644539 0 644394 0 644289 0 644448 0 644713 0 0 644954 0 0 0 0 0 0 0 0 0 0 0 0 0 0 0 644599 0 0 644139 0 0 644139 0 644288 0 0 0 644823 0 0 645082 0 0 0 644309 0 0 0 644173 644168 0 0 644243 0 644198 0 0 644985 644514 0 0 0 0 0 0 0 643979 0 0 644093 0 0 0 0 0 0 0 0 0 0 644619 644309 0 0 0 644033 0 0 0 0 0 0 644822 644812 644817 0 0 0 0 0 643849 0 643709 0 0 
0 643808 0 643814 643794 643751 643781 0 643730 643813 643841 643846 0 643843 0 643686 643710 643873 643865 0 643863 643859 0 643859 0 643737 643744 643732 643659 643773 643813 0 643862 0 0 643719 643717 643709 643678 643641 643649 0 0 0 0 0 0 643898 643888 0 0 643844 0 0 643796 0 643700 0 0 0 643795 643802 643826 643862 643901 0 0 643866 0 0 0 643679 643664 0 0 643667 0 643598 0 643862 643886 643895 643903 0 643828 0 0 0 643779 643764 0 0 643625 0 0 0 0 0 0 0 0 0 643898 643903 643878 643819 0 643615 643601 0 0 643778 0 0 0 643874 643886 643898 0 643903 0 0 0 643822 0 643794 643694 0 
0 641881 0 641905 641853 641827 641827 641841 641821 641915 641959 641957 0 641900 0 641805 641817 642011 641995 642027 641974 641942 641908 641932 641860 641751 641777 641789 641787 641907 641951 0 642017 0 641852 641715 641723 641779 641789 641787 641803 0 0 642007 0 0 0 642030 641990 641916 0 641830 641826 641814 641806 641701 641725 641713 641777 0 641951 641977 641995 641990 642016 642032 641968 641898 0 641724 641649 641671 641689 0 0 641731 0 641773 0 641980 642016 641980 642006 641816 641750 0 0 0 641748 641742 0 641631 641683 641749 0 0 0 0 0 0 0 0 642008 642014 641898 641708 641708 641607 641671 641719 0 641960 0 0 641955 641962 641979 641992 641994 642007 641999 641956 641918 641714 641698 641658 641664 641626 
0 644811 0 644825 644769 644676 644730 0 644649 644811 644856 644899 0 644937 0 644589 644625 644842 644866 0 644930 644951 644979 645007 644877 644598 644619 644619 644544 644754 644770 0 644779 0 0 644544 644538 644586 644565 644526 644550 0 0 0 0 0 0 644896 644992 645017 0 644928 644910 644876 644796 0 644523 644505 0 0 644716 644677 644677 644659 644953 0 645021 645003 0 0 0 644460 644451 0 0 644496 0 644469 0 644629 644752 645003 644964 644921 644832 0 0 0 644777 644700 0 644418 644406 644433 0 0 0 0 0 0 0 0 644764 644940 644992 644781 644757 644400 644370 644334 0 644569 0 0 0 644575 644641 644716 0 644901 0 644923 0 644804 644778 644706 644613 644490 
0 644860 0 644878 0 644725 0 0 0 0 644847 644904 0 644986 0 0 644674 0 0 0 644925 645001 0 645070 0 644647 0 644668 0 644763 0 0 644760 0 0 0 0 0 0 0 0 0 0 0 0 0 0 0 644973 0 0 645107 0 0 644845 0 644572 0 0 0 644697 0 0 644640 0 0 0 645143 0 0 0 644509 644500 0 0 644545 0 644518 0 0 644733 645024 0 0 0 0 0 0 0 644749 0 0 644455 0 0 0 0 0 0 0 0 0 0 644961 645121 0 0 0 644419 0 0 0 0 0 0 644556 644622 644697 0 0 0 0 0 644937 0 644853 0 0 
642350 642347 642320 642317 642351 642320 642338 642331 642305 642294 642290 642309 642327 642377 642321 642277 642289 642282 642290 642274 642316 642344 642385 642373 642387 642294 642301 642301 642268 642262 642258 642269 642261 642340 642413 642276 642274 642290 642283 642250 642242 642237 642244 642243 642247 642237 642243 642300 642332 642381 642393 642412 642426 642400 642360 642275 642269 642263 642271 642234 642240 642227 642227 642221 642319 642311 642355 642390 642423 642307 642243 642248 642245 642246 642249 642260 642202 642221 642211 642211 642252 642349 642336 642371 642404 642395 642398 642395 642367 642328 642274 642234 642230 642233 642197 642193 642200 642202 642208 642199 642196 642193 642256 642328 642378 642383 642383 642228 642218 642194 642190 642191 642194 642175 642186 642193 642215 642240 642302 642315 642307 642349 642344 642350 642378 642358 642301 642258 
0 644833 0 644743 644875 644752 644914 644785 644707 644674 644662 644719 0 644825 0 644623 644659 644638 644662 644614 644740 644786 644789 644753 644885 644974 644881 644809 644596 644578 644566 0 644575 0 644804 645007 644955 644770 644647 644542 644518 0 0 644521 0 0 0 644654 644690 644708 0 644693 644771 644861 644966 645036 644905 644917 644611 0 644512 644473 644473 644455 644651 644627 644630 644663 0 645077 644950 644958 644893 0 0 644788 0 644455 0 644425 644548 644612 644573 644570 644669 0 0 0 644960 645049 0 644923 644803 644491 0 0 0 0 0 0 0 0 644522 644549 644591 644660 644804 644905 644767 644374 0 644365 0 0 644350 644371 644437 644474 644471 644510 644486 644504 644489 644507 644603 644735 644966 644957 
0 643744 0 643728 643772 643772 643798 643782 643742 643695 643647 643646 0 643660 0 643686 643710 643565 643589 643541 643607 643631 643628 643598 643700 643884 643846 643810 643668 643635 643611 0 643560 0 643636 643920 643900 643784 643702 643632 643616 0 0 643542 0 0 0 643499 643535 643562 0 643562 643614 643674 643754 643924 643874 643886 643678 0 643569 643530 643518 643440 643496 643472 643484 643529 0 643860 643960 643952 643874 0 0 643796 0 643574 0 643410 643415 643466 643427 643472 643546 0 0 0 643740 643818 0 643943 643808 643598 0 0 0 0 0 0 0 0 643367 643403 643469 643540 643636 643885 643784 643520 0 643434 0 0 643371 643298 643304 643319 643325 643364 643340 643382 643379 643438 643502 643590 643839 643849 
0 644410 0 644422 0 644421 0 0 0 0 644422 644410 0 0 0 0 644397 0 0 0 644398 644386 0 0 0 644422 0 644421 0 0 0 0 644422 0 0 0 0 0 0 0 0 0 0 0 0 0 0 0 644374 0 0 0 0 0 644374 0 644421 0 0 0 0 0 0 0 0 0 0 0 0 0 0 644427 644409 0 0 644397 0 644290 0 0 644398 644350 0 0 0 0 0 0 0 0 0 0 644385 0 0 0 0 0 0 0 0 0 0 644350 644326 0 0 0 0 0 0 0 0 0 0 0 644369 0 0 0 0 0 0 644216 0 644264 0 0 
0 644945 0 644933 0 645035 0 0 0 0 0 644869 0 0 0 0 644999 0 0 0 644835 644843 0 0 0 645077 0 645073 0 0 0 0 0 0 0 0 0 0 0 0 0 0 0 0 0 0 0 0 0 0 0 0 0 0 0 0 0 0 0 0 0 0 0 0 0 0 0 0 0 0 0 0 645127 0 0 645085 0 644863 0 0 0 0 0 0 0 0 0 0 0 0 0 0 0 0 0 0 0 0 0 0 0 0 0 0 0 0 0 0 0 0 0 0 0 0 0 0 644633 0 0 0 0 0 0 0 0 644791 0 0 
644834 644828 644822 644816 644856 644918 644882 644892 644936 644818 644762 644752 644740 644744 644903 644953 644941 644698 644714 644682 644718 644726 644712 644688 644784 644912 644952 644956 644963 644850 644794 644672 644704 644670 644720 644894 644928 644978 644969 644939 644923 644901 644766 644716 644628 644656 644668 644638 644654 644656 644632 644646 644698 644758 644832 644857 644959 644953 644973 644907 644806 644780 644732 644624 644628 644612 644604 644626 644668 644817 644861 644902 644971 645021 645024 645011 644860 644898 644556 644604 644590 644592 644566 644564 644630 644696 644760 644760 644769 644802 644820 644852 645005 644922 644850 644842 644763 644538 644550 644532 644526 644568 644550 644550 644578 644624 644712 644794 645009 644844 644831 644745 644751 644628 644602 644520 644516 644518 644498 644524 644508 644520 644510 644522 644586 644664 644739 644758 
644836 644830 644824 644818 644858 644920 644881 644894 644938 644820 644764 644754 644742 644746 644882 644977 644954 644700 644716 644684 644720 644728 644714 644690 644786 644891 644934 644954 644987 644852 644796 644674 644706 644672 644722 644873 644907 644977 644993 644963 644947 644925 644768 644718 644630 644658 644670 644640 644656 644658 644634 644648 644700 644759 644813 644836 644938 644932 644997 644931 644808 644782 644734 644626 644630 644614 644606 644628 644670 644796 644840 644881 644950 645022 645025 645001 644878 644916 644558 644606 644592 644594 644568 644566 644632 644692 644743 644740 644748 644781 644799 644831 645006 644940 644868 644860 644776 644540 644552 644534 644528 644570 644552 644552 644580 644626 644692 644779 645010 644862 644854 644758 644764 644630 644604 644522 644518 644520 644500 644526 644510 644522 644512 644524 644588 644643 644718 644743 
0 643127 0 643139 0 643163 0 0 0 0 0 643127 0 0 0 0 643173 0 0 0 643115 643103 0 0 0 643139 0 643163 0 0 0 0 0 0 0 0 0 0 0 0 0 0 0 0 0 0 0 0 0 0 0 0 0 0 0 0 0 0 0 0 0 0 0 0 0 0 0 0 0 0 0 0 643175 0 0 643173 0 643107 0 0 0 0 0 0 0 0 0 0 0 0 0 0 0 0 0 0 0 0 0 0 0 0 0 0 0 0 0 0 0 0 0 0 0 0 0 0 643115 0 0 0 0 0 0 0 0 642971 0 0 
644870 644876 644930 644936 644848 644930 644822 644908 644960 644980 644948 644932 644908 644816 644788 645016 644992 644884 644900 644868 644904 644882 644800 644824 644776 644782 644844 644892 645034 645028 644980 644858 644890 644856 644744 644746 644790 644918 645000 645070 645086 645096 644952 644902 644814 644842 644854 644824 644840 644808 644784 644722 644718 644706 644722 644696 644828 644816 645024 645102 644992 644966 644918 644810 644814 644798 644790 644788 644700 644664 644680 644738 644828 644926 644932 644906 645140 645102 644742 644790 644776 644778 644752 644708 644642 644624 644654 644648 644640 644658 644646 644662 644894 645078 645070 645146 644960 644724 644736 644718 644712 644754 644736 644736 644764 644600 644600 644602 644918 645028 645130 644942 644948 644814 644788 644706 644702 644704 644684 644710 644694 644706 644696 644606 644590 644550 644556 644566 
0 642893 0 642917 0 642965 0 0 0 0 0 642893 0 0 0 0 643013 0 0 0 642869 642845 0 0 0 642838 0 642948 0 0 0 0 0 0 0 0 0 0 0 0 0 0 0 0 0 0 0 0 0 0 0 0 0 0 0 0 0 0 0 0 0 0 0 0 0 0 0 0 0 0 0 0 642884 0 0 642962 0 643109 0 0 0 0 0 0 0 0 0 0 0 0 0 0 0 0 0 0 0 0 0 0 0 0 0 0 0 0 0 0 0 0 0 0 0 0 0 0 642869 0 0 0 0 0 0 0 0 642606 0 0 
644035 644038 644041 644044 644024 643993 644011 644006 643984 644043 644071 644076 644058 643984 643994 643964 643976 644103 644095 644111 644069 644029 643964 643976 643964 643967 643974 643974 643949 644027 644055 644116 644100 644021 643924 643949 643947 643963 643956 643943 643951 643980 644069 644094 644138 644124 644118 644073 644029 643956 643932 643889 643899 643905 643937 643948 643942 643936 643944 643959 644049 644062 644086 644140 644042 644050 643982 643935 643878 643920 643916 643921 643918 643919 643922 643933 643943 643924 644146 644146 644133 643988 644001 643858 643825 643828 643867 643864 643872 643905 643923 643907 643903 643912 643900 643952 644065 644137 644143 644134 644131 644128 644117 644009 643923 643792 643816 643901 643891 643879 643979 644074 644071 644110 644121 644128 644126 644115 644035 644022 644030 643952 643921 643771 643775 643767 643842 643871 
0 642421 0 642447 642393 642369 642367 0 642363 642457 642501 642497 0 642397 0 642325 642349 642551 642535 0 642495 642451 0 642417 0 642293 642319 642331 642295 642449 642493 0 642559 0 0 642257 642265 642321 642309 642283 642299 0 0 0 0 0 0 642539 642487 0 0 642351 0 0 642303 0 642267 0 0 0 642493 642519 642554 642608 642513 0 0 642407 0 0 0 642213 642231 0 0 642263 0 642245 0 642612 642599 642477 642503 0 642276 0 0 0 642245 642239 0 0 642203 0 0 0 0 0 0 0 0 0 642595 642519 642419 642234 0 642147 642179 0 0 642532 0 0 0 642592 642590 642591 0 642536 0 0 0 642240 0 642184 642149 0 
0 643395 0 643431 0 643377 0 0 0 0 643485 643471 0 0 0 0 643373 0 0 0 643481 643449 0 0 0 643277 0 643339 0 0 0 0 643543 0 0 0 0 0 0 0 0 0 0 0 0 0 0 0 643473 0 0 0 0 0 643289 0 643275 0 0 0 0 0 0 0 0 0 0 0 0 0 0 643209 643251 0 0 643287 0 643269 0 0 643581 643439 0 0 0 0 0 0 0 0 0 0 643227 0 0 0 0 0 0 0 0 0 0 643481 643357 0 0 0 0 0 0 0 0 0 0 0 643581 0 0 0 0 0 0 643173 0 643117 0 0 
0 641345 0 641351 0 641300 0 0 0 0 641378 641383 0 0 0 0 641283 0 0 0 641400 641396 0 0 0 641274 0 641281 0 0 0 0 641393 0 0 0 0 0 0 0 0 0 0 0 0 0 0 0 641432 0 0 0 0 0 641340 0 641249 0 0 0 0 0 0 0 0 0 0 0 0 0 0 641228 641225 0 0 641240 0 641187 0 0 641384 641451 0 0 0 0 0 0 0 0 0 0 641210 0 0 0 0 0 0 0 0 0 0 641448 641410 0 0 0 0 0 0 0 0 0 0 0 641347 0 0 0 0 0 0 641318 0 641290 0 0 
0 640292 0 640316 640264 640238 640238 0 640232 640326 640370 640368 0 640323 0 640216 640228 640408 640401 0 640390 640365 0 640355 0 640162 640188 640200 640198 640318 640361 0 640396 0 0 640126 640134 640190 640200 640198 640214 0 0 0 0 0 0 640427 640413 0 0 640321 0 0 640229 0 640136 0 0 0 640355 640360 640372 640396 640427 0 0 640369 0 0 0 640082 640100 0 0 640142 0 640184 0 640396 640420 640421 640427 0 640265 0 0 0 640195 640165 0 0 640094 0 0 0 0 0 0 0 0 0 640427 640427 640389 640225 0 640018 640082 0 0 640348 0 0 0 640408 640420 640427 0 640427 0 0 0 640231 0 640175 640087 0 
0 644578 0 644596 644536 644443 644497 0 644416 644567 644587 644630 0 644704 0 644356 644392 644603 644611 0 644661 644713 644752 644782 644644 644365 644386 644386 644311 644487 644507 0 644558 0 0 644311 644305 644353 644332 644293 644317 0 0 0 0 0 0 644669 644725 644822 0 644851 644773 644683 644563 0 644290 644272 0 0 644465 644452 644476 644518 644712 0 644796 644855 0 0 0 644227 644218 0 0 644263 0 644236 0 644508 644597 644790 644777 644918 644829 0 0 0 644584 644467 0 644185 644173 644200 0 0 0 0 0 0 0 0 644625 644769 644879 644800 644718 644167 644137 644101 0 644392 0 0 0 644514 644560 644609 0 644756 0 644850 0 644857 644809 644725 644386 644257 
0 644821 0 644731 644847 644731 644840 0 644689 644662 644650 644707 0 644911 0 644609 644645 644626 644650 0 644728 644812 0 644899 0 644708 644729 644729 644579 644566 644554 0 644563 0 0 644654 644648 644696 644625 644530 644506 0 0 0 0 0 0 644680 644776 0 0 645026 0 0 644906 0 644633 0 0 0 644500 644461 644461 644443 644737 0 0 644948 0 0 0 644570 644561 0 0 644606 0 644443 0 644413 644536 644827 644788 0 645086 0 0 0 644927 644810 0 0 644516 0 0 0 0 0 0 0 0 0 644548 644764 644924 645080 0 644510 644480 0 0 644353 0 0 0 644359 644425 644500 0 644725 0 0 0 644955 0 645025 644729 0 
642722 642719 642692 642689 642733 642692 642740 642703 642677 642666 642662 642681 642699 642749 642723 642649 642661 642654 642662 642646 642688 642716 642757 642745 642769 642696 642703 642703 642640 642634 642630 642641 642633 642712 642785 642678 642676 642692 642657 642622 642614 642609 642616 642615 642619 642609 642615 642672 642704 642753 642765 642796 642798 642802 642762 642677 642671 642665 642645 642606 642612 642599 642599 642593 642691 642683 642727 642762 642807 642709 642645 642650 642647 642648 642651 642662 642574 642593 642583 642583 642624 642721 642708 642769 642802 642823 642800 642797 642769 642730 642676 642636 642632 642605 642569 642565 642572 642574 642580 642571 642568 642565 642628 642700 642762 642799 642811 642630 642620 642566 642562 642563 642566 642547 642558 642565 642587 642612 642674 642687 642679 642733 642742 642748 642780 642786 642703 642660 
642647 642644 642617 642614 642658 642617 642671 642628 642602 642591 642587 642606 642624 642674 642684 642574 642586 642579 642587 642571 642613 642641 642682 642670 642694 642657 642660 642636 642565 642559 642555 642566 642558 642637 642710 642639 642637 642623 642582 642547 642539 642534 642541 642540 642544 642534 642540 642597 642629 642678 642690 642721 642723 642729 642721 642638 642632 642626 642570 642531 642537 642524 642524 642518 642616 642608 642652 642687 642732 642670 642606 642611 642608 642609 642612 642623 642499 642518 642508 642508 642549 642646 642633 642690 642723 642756 642755 642758 642730 642691 642637 642597 642593 642530 642494 642490 642497 642499 642505 642496 642493 642490 642553 642625 642687 642720 642768 642591 642581 642491 642487 642488 642491 642472 642483 642490 642512 642537 642599 642612 642604 642658 642663 642669 642701 642743 642664 642621 
643504 643501 643462 643459 643515 643438 643528 643461 643411 643424 643432 643463 643493 643567 643545 643359 643383 643436 643444 643428 643482 643522 643587 643575 643587 643515 643493 643457 643338 643368 643376 643423 643403 643530 643626 643479 643475 643432 643367 643308 643300 643307 643362 643373 643401 643379 643385 643478 643522 643594 643606 643613 643639 643645 643614 643477 643465 643453 643343 643292 643346 643333 643345 643363 643509 643501 643568 643603 643624 643541 643413 643423 643417 643404 643401 643426 643236 643255 643365 643353 643418 643562 643549 643572 643605 643638 643671 643674 643660 643583 643475 643395 643387 643267 643207 643227 643294 643356 643362 643353 643350 643335 643434 643541 643579 643602 643650 643383 643363 643192 643236 643285 643288 643293 643316 643347 643381 643418 643515 643528 643520 643550 643545 643551 643583 643627 643529 643443 
0 643614 0 643482 643670 643470 643722 0 643398 643378 643374 643462 0 643735 0 643262 643322 643354 643386 0 643491 643603 0 643719 0 643723 643641 643545 643214 643226 643222 0 643258 0 0 643673 643647 643482 643294 643130 643098 0 0 0 0 0 0 643427 643555 0 0 643760 0 0 643909 0 643601 0 0 0 643138 643086 643098 643098 643503 0 0 643716 0 0 0 643533 643515 0 0 643476 0 642990 0 643058 643235 643607 643555 0 643728 0 0 0 644010 643896 0 0 643415 0 0 0 0 0 0 0 0 0 643251 643523 643624 643716 0 643433 643355 0 0 642930 0 0 0 642998 643087 643187 0 643471 0 0 0 643512 0 643800 643751 0 
0 644853 0 644763 0 644772 0 0 0 0 644682 644739 0 644915 0 0 644679 0 0 0 644760 644840 0 644845 0 644994 0 644829 0 644598 0 0 644595 0 0 0 0 0 0 0 0 0 0 0 0 0 0 0 644780 0 0 644782 0 0 645056 0 644925 0 0 0 644532 0 0 644475 0 0 0 644752 0 0 0 644954 644925 0 0 644808 0 644475 0 0 644568 644701 0 0 0 0 0 0 0 645152 0 0 644826 0 0 0 0 0 0 0 0 0 0 644638 644680 0 0 0 644790 0 0 0 0 0 0 644391 644457 644528 0 0 0 0 0 644596 0 644824 0 0 
644905 644899 644851 644845 644927 644851 644953 644873 644821 644799 644791 644823 644847 644908 644987 644765 644789 644769 644785 644753 644825 644869 644876 644852 644948 644999 644937 644889 644747 644735 644727 644743 644733 644834 644884 645035 644991 644863 644781 644711 644695 644685 644699 644697 644699 644685 644697 644781 644818 644820 644796 644810 644862 644922 645002 645068 644953 644965 644757 644679 644691 644665 644665 644653 644792 644776 644768 644790 644832 645084 645040 645029 644953 644855 644849 644875 644615 644653 644627 644633 644697 644756 644730 644728 644794 644860 644926 644932 644988 645066 645077 645028 644887 644677 644605 644597 644611 644609 644621 644603 644597 644597 644693 644714 644742 644788 644884 645010 644863 644599 644591 644593 644599 644561 644583 644591 644623 644661 644662 644688 644672 644684 644674 644686 644750 644838 645053 645046 
0 644381 0 644339 644423 644350 644462 0 644305 644272 644258 644267 0 644327 0 644221 644257 644186 644210 0 644240 644276 644303 644267 644387 644570 644479 644407 644194 644176 644164 0 644171 0 0 644624 644560 644368 644245 644140 644116 0 0 0 0 0 0 644144 644192 644243 0 644276 644330 644396 644468 0 644503 644521 0 0 644110 644071 644071 644051 644153 0 644165 644222 0 0 0 644638 644503 0 0 644386 0 644053 0 644021 644048 644147 644108 644201 644300 0 0 0 644495 644564 0 644694 644404 644089 0 0 0 0 0 0 0 0 644012 644084 644174 644315 644411 644664 644368 643972 0 643963 0 0 0 643919 643937 643964 0 644045 0 644087 0 644210 644282 644390 644641 644646 
0 644724 0 644712 0 644814 0 0 0 0 644658 644648 0 0 0 0 644831 0 0 0 644614 644622 0 0 0 644842 0 644852 0 0 0 0 644600 0 0 0 0 0 0 0 0 0 0 0 0 0 0 0 644550 0 0 0 0 0 644728 0 644891 0 0 0 0 0 0 0 0 0 0 0 0 0 0 644855 644918 0 0 644907 0 644802 0 0 644486 644488 0 0 0 0 0 0 0 0 0 0 644936 0 0 0 0 0 0 0 0 0 0 644446 644474 0 0 0 0 0 0 0 0 0 0 0 644412 0 0 0 0 0 0 644418 0 644562 0 0 
0 644769 0 644751 644791 644894 644788 0 644927 644754 644670 644655 0 644643 0 644991 644955 644574 644598 0 644604 644616 644595 644559 644683 644728 644821 644893 645034 644802 644718 0 644583 0 0 644674 644740 644932 645003 645054 645030 0 0 0 0 0 0 644484 644508 644511 0 644496 644568 644612 644638 0 644797 644779 0 0 644736 644697 644625 644463 644469 0 644433 644466 0 0 0 644662 644797 0 0 644914 0 645083 0 644433 644412 644415 644376 644373 644462 0 0 0 644515 644542 0 644548 644896 645115 0 0 0 0 0 0 0 0 644352 644352 644394 644435 644455 644458 644932 645032 0 644661 0 0 0 644307 644301 644304 0 644313 0 644307 0 644310 644392 644380 644389 644404 
644507 644510 644525 644525 644496 644537 644483 644526 644552 644537 644501 644503 644501 644477 644466 644580 644568 644449 644465 644433 644481 644489 644465 644465 644460 644463 644494 644518 644589 644553 644509 644423 644443 644457 644444 644445 644467 644531 644572 644607 644609 644597 644481 644443 644379 644395 644407 644413 644441 644453 644441 644429 644431 644425 644433 644412 644486 644480 644584 644609 644509 644483 644447 644363 644415 644399 644415 644441 644422 644404 644384 644430 644486 644535 644538 644525 644633 644633 644307 644343 644353 644403 644377 644405 644393 644384 644399 644396 644392 644401 644374 644366 644519 644624 644657 644631 644465 644289 644301 644283 644277 644307 644325 644361 644413 644372 644372 644318 644531 644661 644589 644447 644453 644343 644329 644271 644279 644293 644309 644335 644319 644355 644357 644369 644367 644347 644320 644306 
644783 644789 644843 644849 644761 644819 644735 644809 644837 644883 644886 644859 644829 644729 644701 644869 644857 644842 644850 644834 644840 644795 644713 644737 644689 644695 644745 644781 644875 644918 644902 644825 644857 644792 644657 644659 644691 644795 644853 644899 644915 644937 644888 644857 644781 644809 644821 644788 644784 644721 644697 644635 644631 644619 644635 644609 644717 644705 644865 644931 644908 644895 644861 644777 644771 644763 644735 644703 644613 644577 644593 644639 644705 644779 644785 644771 644971 644933 644709 644757 644743 644729 644716 644621 644555 644537 644567 644561 644553 644571 644559 644575 644747 644909 644927 644987 644879 644691 644703 644685 644679 644721 644703 644703 644694 644513 644513 644515 644759 644886 644978 644861 644867 644757 644743 644673 644669 644671 644651 644677 644661 644669 644652 644519 644503 644463 644469 644479 
644781 644787 644830 644833 644759 644841 644733 644819 644871 644868 644860 644829 644799 644725 644699 644881 644881 644856 644848 644864 644810 644770 644705 644717 644687 644693 644755 644803 644875 644924 644916 644869 644889 644762 644655 644657 644701 644829 644865 644886 644897 644915 644930 644917 644849 644875 644881 644814 644770 644697 644673 644630 644629 644617 644633 644607 644739 644727 644865 644905 644946 644959 644937 644853 644783 644791 644723 644676 644611 644575 644591 644649 644739 644791 644797 644795 644889 644870 644785 644833 644818 644729 644742 644599 644553 644535 644565 644559 644551 644569 644557 644573 644759 644848 644846 644898 644960 644767 644779 644761 644755 644797 644779 644750 644664 644511 644511 644513 644759 644818 644925 644951 644954 644857 644831 644749 644745 644747 644724 644737 644729 644693 644662 644512 644501 644461 644467 644477 
644096 644099 644102 644105 644085 644054 644072 644067 644045 644104 644132 644137 644119 644045 644055 644025 644037 644164 644156 644172 644130 644090 644025 644037 644025 644028 644035 644035 644010 644088 644116 644177 644161 644082 643985 644010 644008 644024 644017 644004 644012 644041 644130 644155 644199 644185 644179 644134 644090 644017 643993 643950 643960 643966 643998 643999 644003 643997 644005 644020 644110 644123 644147 644201 644103 644111 644043 643996 643939 643979 643947 643969 643979 643980 643983 643994 644004 643985 644215 644211 644194 644049 644062 643919 643886 643889 643928 643925 643933 643966 643961 643929 643964 643973 643961 644013 644126 644206 644212 644203 644200 644197 644178 644070 643984 643853 643877 643905 643952 643940 644040 644135 644132 644179 644190 644197 644195 644184 644096 644083 644091 644013 643982 643832 643836 643828 643871 643881 
643591 643594 643621 643624 643580 643575 643567 643588 643566 643625 643651 643632 643614 643564 643550 643546 643558 643659 643651 643667 643625 643597 643556 643568 643544 643547 643556 643556 643531 643609 643637 643672 643680 643601 643528 643529 643529 643545 643538 643525 643533 643562 643651 643676 643694 643704 643698 643641 643609 643560 643548 643517 643515 643509 643517 643504 643524 643518 643526 643541 643631 643644 643668 643720 643622 643630 643586 643551 643506 643488 643496 643503 643500 643501 643504 643515 643525 643506 643728 643730 643689 643592 643605 643510 643477 643468 643483 643480 643476 643485 643479 643487 643485 643494 643482 643534 643647 643719 643725 643716 643713 643734 643685 643613 643551 643456 643456 643457 643473 643461 643561 643656 643653 643718 643729 643710 643708 643701 643639 643626 643634 643580 643561 643459 643451 643431 643434 643439 
643762 643765 643790 643793 643751 643742 643738 643755 643733 643792 643820 643803 643785 643735 643721 643713 643725 643830 643822 643838 643796 643768 643727 643739 643715 643702 643723 643723 643698 643776 643804 643843 643849 643772 643699 643666 643674 643712 643705 643692 643700 643729 643818 643843 643865 643873 643867 643812 643780 643731 643719 643688 643686 643680 643688 643630 643676 643664 643693 643708 643798 643811 643835 643889 643793 643801 643757 643722 643677 643622 643600 643622 643640 643666 643671 643682 643692 643673 643901 643899 643860 643763 643776 643681 643648 643639 643654 643651 643634 643628 643592 643582 643634 643661 643649 643701 643814 643910 643904 643913 643914 643917 643856 643784 643722 643627 643627 643536 643622 643628 643728 643823 643820 643887 643900 643911 643897 643872 643810 643797 643805 643751 643732 643630 643622 643602 643538 643524 
644149 644152 644177 644180 644138 644129 644125 644142 644120 644179 644207 644190 644172 644122 644108 644100 644112 644217 644209 644225 644183 644155 644114 644126 644102 644103 644110 644110 644085 644163 644191 644230 644236 644159 644086 644085 644083 644099 644092 644079 644087 644116 644205 644230 644252 644260 644254 644199 644167 644118 644106 644075 644073 644067 644075 644062 644078 644072 644080 644095 644185 644198 644222 644276 644180 644188 644144 644109 644064 644046 644052 644057 644054 644055 644058 644069 644056 644037 644288 644286 644247 644150 644163 644068 644035 644026 644041 644038 644034 644043 644037 644043 644039 644025 643989 644065 644201 644297 644291 644300 644303 644304 644243 644171 644109 644002 644014 644015 644027 643956 644104 644210 644207 644274 644287 644300 644284 644259 644197 644184 644192 644138 644119 643981 643985 643977 643992 643997 
643124 643127 643154 643157 643113 643108 643100 643121 643099 643158 643184 643165 643147 643097 643083 643079 643091 643192 643184 643200 643158 643130 643089 643101 643077 643080 643089 643089 643064 643142 643170 643205 643213 643134 643061 643062 643062 643078 643071 643058 643066 643095 643184 643209 643227 643237 643231 643174 643142 643093 643081 643050 643048 643042 643050 643037 643057 643051 643059 643074 643164 643177 643201 643253 643155 643163 643119 643084 643039 643021 643029 643036 643033 643034 643037 643048 643058 643039 643253 643263 643222 643125 643138 643043 643010 643001 643016 643013 643009 643018 643012 643020 643018 643027 643015 643067 643180 643244 643250 643241 643238 643259 643218 643146 643084 642989 642989 642990 643006 642994 643094 643189 643186 643243 643254 643235 643233 643234 643172 643159 643167 643113 643094 642992 642984 642964 642967 642972 
0 642263 0 642287 642235 642209 642209 0 642203 642297 642341 642339 0 642288 0 642163 642187 642393 642377 0 642361 642330 0 642309 0 642133 642159 642171 642133 642289 642333 0 642399 0 0 642097 642105 642161 642147 642121 642137 0 0 0 0 0 0 642418 642378 0 0 642243 0 0 642194 0 642107 0 0 0 642333 642359 642395 642442 642404 0 0 642299 0 0 0 642053 642071 0 0 642101 0 642083 0 642442 642466 642369 642395 0 642163 0 0 0 642137 642130 0 0 642041 0 0 0 0 0 0 0 0 0 642467 642411 642311 642121 0 641989 642017 0 0 642382 0 0 0 642454 642466 642467 0 642437 0 0 0 642127 0 642071 642041 0 
0 641361 0 641367 0 641316 0 0 0 0 641394 641399 0 0 0 0 641299 0 0 0 641416 641412 0 0 0 641290 0 641297 0 0 0 0 641423 0 0 0 0 0 0 0 0 0 0 0 0 0 0 0 641448 0 0 0 0 0 641356 0 641265 0 0 0 0 0 0 0 0 0 0 0 0 0 0 641244 641241 0 0 641256 0 641247 0 0 641440 641467 0 0 0 0 0 0 0 0 0 0 641226 0 0 0 0 0 0 0 0 0 0 641488 641426 0 0 0 0 0 0 0 0 0 0 0 641403 0 0 0 0 0 0 641334 0 641306 0 0 
0 641328 0 641334 0 641283 0 0 0 0 641353 641366 0 0 0 0 641266 0 0 0 641379 641379 0 0 0 641257 0 641264 0 0 0 0 641324 0 0 0 0 0 0 0 0 0 0 0 0 0 0 0 641395 0 0 0 0 0 641323 0 641232 0 0 0 0 0 0 0 0 0 0 0 0 0 0 641211 641208 0 0 641223 0 641214 0 0 641315 641412 0 0 0 0 0 0 0 0 0 0 641193 0 0 0 0 0 0 0 0 0 0 641391 641453 0 0 0 0 0 0 0 0 0 0 0 641278 0 0 0 0 0 0 641395 0 641367 0 0 
0 644213 0 644153 644236 644159 644234 0 644129 644107 644099 644137 0 644273 0 644073 644097 644083 644099 0 644151 644207 0 644265 0 644146 644160 644160 644048 644043 644035 0 644041 0 0 644094 644100 644138 644088 644000 643984 0 0 0 0 0 0 644119 644183 0 0 644367 0 0 644278 0 644096 0 0 0 643999 643973 643973 643961 644157 0 0 644299 0 0 0 644022 644037 0 0 644078 0 643918 0 643941 644023 644217 644191 0 644447 0 0 0 644292 644202 0 0 644016 0 0 0 0 0 0 0 0 0 644031 644175 644299 644465 0 643938 643985 0 0 643901 0 0 0 643905 643949 643999 0 644149 0 0 0 644378 0 644427 644109 0 
0 644712 0 644622 644754 644631 644793 0 644586 644553 644541 644598 0 644802 0 644502 644538 644517 644541 0 644619 644703 644826 644790 644862 644797 644748 644688 644475 644457 644445 0 644454 0 0 644779 644753 644649 644526 644421 644397 0 0 0 0 0 0 644571 644667 644814 0 644943 644949 644967 644929 0 644724 644718 0 0 644391 644352 644352 644334 644628 0 644736 644841 0 0 0 644707 644676 0 0 644645 0 644334 0 644304 644427 644718 644679 644902 645001 0 0 0 645014 644927 0 644665 644613 644370 0 0 0 0 0 0 0 0 644439 644655 644841 644996 645096 644647 644577 644253 0 644244 0 0 0 644250 644316 644391 0 644616 0 644754 0 644843 644939 645053 644866 644737 
0 643796 0 643766 643810 643769 643823 0 643754 643743 643739 643758 0 643766 0 643726 643738 643731 643739 0 643753 643757 0 643738 0 643843 643812 643788 643717 643711 643707 0 643710 0 0 643861 643839 643775 643734 643699 643691 0 0 0 0 0 0 643713 643721 0 0 643717 0 0 643813 0 643820 0 0 0 643689 643676 643676 643670 643708 0 0 643707 0 0 0 643865 643820 0 0 643781 0 643670 0 643660 643689 643690 643677 0 643709 0 0 0 643806 643845 0 0 643787 0 0 0 0 0 0 0 0 0 643669 643669 643683 643706 0 643908 643775 0 0 643640 0 0 0 643642 643652 643653 0 643656 0 0 0 643655 0 643731 643872 0 
0 644431 0 644401 0 644656 0 0 0 0 644266 644241 0 644221 0 0 644741 0 0 0 644156 644176 0 644081 0 644751 0 644751 0 644486 0 0 644121 0 0 0 0 0 0 0 0 0 0 0 0 0 0 0 643996 0 0 643976 0 0 644445 0 644873 0 0 0 644376 0 0 643921 0 0 0 643926 0 0 0 644714 644939 0 0 644941 0 644584 0 0 643836 643841 0 0 0 0 0 0 0 644514 0 0 645055 0 0 0 0 0 0 0 0 0 0 643736 643806 0 0 0 645029 0 0 0 0 0 0 643661 643651 643656 0 0 0 0 0 643666 0 644033 0 0 
0 644118 0 644110 644114 644191 644101 0 644218 644112 644040 644037 0 644038 0 644264 644240 643956 643980 0 643998 644020 644006 643982 644042 644093 644136 644172 644291 644136 644064 0 643953 0 0 644075 644109 644197 644262 644309 644296 0 0 0 0 0 0 643890 643926 643950 0 643940 643977 643983 644015 0 644140 644134 0 0 644070 644031 643971 643833 643887 0 643875 643920 0 0 0 644083 644152 0 0 644203 0 644350 0 643803 643806 643857 643818 643858 643903 0 0 0 643950 643983 0 644011 644209 644362 0 0 0 0 0 0 0 0 643758 643794 643860 643870 643894 643951 644233 644433 0 643983 0 0 0 643689 643695 643710 0 643755 0 643773 0 643816 643853 643845 643905 643915 
644858 644864 644918 644924 644836 644918 644810 644896 644948 644970 644978 644940 644904 644804 644776 645004 644980 644938 644954 644922 644926 644870 644788 644812 644764 644770 644832 644880 645022 645034 645034 644912 644944 644878 644732 644734 644778 644906 644988 645058 645074 645084 645006 644956 644868 644896 644908 644878 644892 644796 644772 644710 644706 644694 644710 644684 644816 644804 645012 645090 645046 645020 644972 644864 644868 644852 644844 644778 644688 644652 644668 644726 644816 644914 644920 644894 645102 645064 644796 644844 644830 644832 644806 644696 644630 644612 644642 644636 644628 644646 644634 644650 644882 645040 645016 645120 645014 644778 644790 644772 644766 644808 644790 644790 644778 644588 644588 644590 644906 644974 645156 644996 645002 644868 644842 644760 644756 644758 644738 644764 644748 644760 644750 644594 644578 644538 644544 644554 
0 644415 0 644505 644373 644496 644334 0 644535 644574 644586 644529 0 644325 0 644547 644547 644610 644586 0 644508 644424 0 644337 0 644274 644367 644439 644514 644664 644682 0 644673 0 0 644220 644286 644472 644523 644508 644532 0 0 0 0 0 0 644556 644460 0 0 644184 0 0 644184 0 644343 0 0 0 644730 644769 644775 644742 644499 0 0 644286 0 0 0 644208 644337 0 0 644418 0 644475 0 644718 644684 644409 644448 0 644064 0 0 0 644061 644088 0 0 644364 0 0 0 0 0 0 0 0 0 644632 644472 644286 644001 0 644004 644340 0 0 644841 0 0 0 644592 644586 644589 0 644511 0 0 0 644010 0 643926 643935 0 
644254 644260 644290 644296 644232 644242 644206 644244 644248 644318 644350 644336 644324 644272 644172 644240 644256 644390 644374 644403 644346 644314 644280 644304 644232 644142 644180 644204 644210 644334 644366 644408 644404 644346 644248 644106 644126 644206 644224 644198 644214 644272 644394 644410 644422 644422 644422 644401 644362 644312 644312 644274 644246 644210 644178 644080 644140 644128 644200 644230 644378 644402 644414 644402 644388 644402 644364 644318 644252 644096 644040 644074 644116 644150 644156 644170 644198 644160 644358 644382 644416 644376 644401 644308 644242 644200 644182 644176 644144 644114 644054 644022 644118 644136 644112 644216 644417 644340 644352 644334 644328 644346 644400 644409 644342 644224 644176 643986 644094 644070 644270 644422 644422 644358 644356 644322 644342 644368 644420 644422 644422 644400 644386 644278 644238 644174 644036 643998 
644405 644411 644453 644459 644383 644413 644357 644419 644407 644493 644513 644487 644463 644387 644323 644391 644403 644541 644525 644557 644485 644441 644383 644407 644347 644305 644355 644375 644373 644493 644537 644567 644571 644461 644339 644269 644301 644365 644375 644373 644389 644435 644565 644595 644611 644619 644607 644529 644477 644403 644391 644339 644325 644301 644293 644231 644311 644299 644363 644405 644537 644563 644599 644651 644503 644519 644455 644397 644317 644223 644203 644249 644275 644301 644307 644317 644397 644359 644659 644671 644613 644467 644493 644325 644259 644241 644261 644255 644235 644229 644193 644185 644269 644335 644335 644415 644581 644659 644659 644659 644659 644671 644617 644509 644407 644217 644217 644137 644257 644305 644457 644599 644593 644679 644683 644659 644647 644635 644561 644535 644551 644465 644427 644223 644207 644167 644139 644125 
0 644339 0 644381 644311 644325 644285 644329 644307 644403 644435 644415 0 644315 0 644267 644291 644469 644453 644485 644413 644369 644311 644335 644275 644227 644265 644287 644237 644393 644449 0 644493 0 644267 644191 644211 644265 644251 644225 644241 0 0 644505 0 0 0 644457 644405 644331 0 644269 644253 644229 644221 644159 644223 644211 644227 0 644437 644463 644511 644573 644431 644447 644383 644325 0 644151 644125 644159 644175 0 0 644205 0 644187 0 644589 644541 644395 644421 644279 644213 0 0 0 644163 644157 0 644107 644145 644163 0 0 0 0 0 0 0 0 644545 644437 644337 644183 644159 644065 644121 644097 0 644487 0 0 644589 644583 644571 644559 644489 644463 644479 644395 644369 644213 644185 644133 644067 644053 
0 644209 0 644305 0 644098 0 0 0 0 644440 644399 0 644081 0 0 644061 0 0 0 644386 644246 0 644101 0 643920 0 644003 0 644292 0 0 644585 0 0 0 0 0 0 0 0 0 0 0 0 0 0 0 644306 0 0 643846 0 0 643846 0 643843 0 0 0 644402 0 0 644785 0 0 0 644016 0 0 0 643714 643747 0 0 643846 0 643921 0 0 644706 644221 0 0 0 0 0 0 0 643686 0 0 643720 0 0 0 0 0 0 0 0 0 0 644326 644016 0 0 0 643684 0 0 0 0 0 0 644877 644837 644752 0 0 0 0 0 643556 0 643416 0 0 
0 641414 0 641450 0 641396 0 0 0 0 0 641490 0 0 0 0 641410 0 0 0 641500 641468 0 0 0 641296 0 641358 0 0 0 0 0 0 0 0 0 0 0 0 0 0 0 0 0 0 0 0 0 0 0 0 0 0 0 0 0 0 0 0 0 0 0 0 0 0 0 0 0 0 0 0 641270 0 0 641324 0 641401 0 0 0 0 0 0 0 0 0 0 0 0 0 0 0 0 0 0 0 0 0 0 0 0 0 0 0 0 0 0 0 0 0 0 0 0 0 0 641632 0 0 0 0 0 0 0 0 641287 0 0 
0 643624 0 643702 0 643521 0 0 0 0 643837 643814 0 643612 0 0 643484 0 0 0 643849 643753 0 643656 0 643317 0 643426 0 643715 0 0 643982 0 0 0 0 0 0 0 0 0 0 0 0 0 0 0 643837 0 0 643473 0 0 643377 0 643266 0 0 0 643825 0 0 644166 0 0 0 643619 0 0 0 643135 643170 0 0 643269 0 643322 0 0 644167 643800 0 0 0 0 0 0 0 643217 0 0 643143 0 0 0 0 0 0 0 0 0 0 643905 643643 0 0 0 643107 0 0 0 0 0 0 644154 644174 644171 0 0 0 0 0 643303 0 643115 0 0 
0 644645 0 644663 644603 644510 644564 644549 644483 644660 644744 644759 0 644771 0 644423 644459 644840 644816 644864 644810 644798 644819 644855 644711 644432 644453 644453 644378 644612 644696 0 644831 0 644803 644378 644372 644420 644399 644360 644384 0 0 644813 0 0 0 644930 644906 644899 0 644846 644812 644746 644630 644375 644357 644339 644363 0 644678 644717 644789 644905 644945 644969 644977 644920 0 644471 644279 644294 644285 0 0 644330 0 644303 0 644875 644970 644995 645034 644825 644726 0 0 0 644647 644534 0 644252 644240 644267 0 0 0 0 0 0 0 0 645010 645058 644948 644663 644663 644234 644204 644168 0 644743 0 0 644800 644821 644887 644962 645108 645095 645103 645035 644978 644672 644648 644588 644453 644324 
0 640277 0 640295 640263 640268 640250 0 640271 640306 640322 640315 0 640283 0 640275 640275 640342 640334 0 640320 640304 0 640299 0 640218 640237 640249 640272 640314 640330 0 640351 0 0 640200 640210 640250 640267 640278 640286 0 0 0 0 0 0 640348 640328 0 0 640284 0 0 640236 0 640217 0 0 0 640336 640349 640361 640361 640341 0 0 640306 0 0 0 640184 640205 0 0 640232 0 640283 0 640351 640368 640335 640348 0 640268 0 0 0 640219 640204 0 0 640214 0 0 0 0 0 0 0 0 0 640360 640356 640318 640259 0 640140 640214 0 0 640373 0 0 0 640321 640331 640344 0 640369 0 0 0 640286 0 640234 640165 0 
0 644842 0 644854 644814 644752 644788 644778 644734 644852 644908 644918 0 644924 0 644694 644718 644972 644956 644988 644952 644944 644932 644956 644884 644700 644714 644714 644664 644820 644876 0 644966 0 644900 644664 644660 644692 644678 644652 644668 0 0 644954 0 0 0 645032 645014 644964 0 644926 644898 644862 644830 644662 644650 644638 644654 0 644864 644890 644938 644971 645040 645056 645016 644970 0 644726 644598 644608 644602 0 0 644632 0 644614 0 644951 645033 645028 645054 644931 644865 0 0 0 644796 644766 0 644580 644572 644590 0 0 0 0 0 0 0 0 645041 645070 644994 644823 644816 644568 644548 644524 0 644902 0 0 644901 644915 644959 645009 645083 645090 645088 645052 645026 644829 644813 644773 644688 644628 
0 644529 0 644547 644487 644394 644448 0 644367 644544 644624 644643 0 644655 0 644307 644343 644680 644672 0 644694 644682 644703 644739 644595 644316 644337 644337 644262 644496 644560 0 644653 0 0 644262 644256 644304 644283 644244 644268 0 0 0 0 0 0 644758 644774 644787 0 644766 644724 644634 644514 0 644241 644223 0 0 644530 644543 644585 644627 644787 0 644847 644832 0 0 0 644178 644169 0 0 644214 0 644187 0 644617 644706 644853 644866 644793 644694 0 0 0 644535 644418 0 644136 644124 644151 0 0 0 0 0 0 0 0 644734 644874 644868 644655 644607 644118 644088 644052 0 644501 0 0 0 644623 644669 644718 0 644865 0 644901 0 644712 644664 644580 644337 644208 
0 640950 0 640974 640922 640896 640896 640910 640890 640984 641017 641022 0 640998 0 640874 640886 641017 641025 641009 641039 641028 641018 641042 640958 640820 640846 640858 640856 640973 640993 0 640996 0 640998 640784 640792 640848 640858 640856 640872 0 0 640978 0 0 0 641035 641067 641062 0 641048 641008 640960 640904 640770 640794 640782 640846 0 640975 640962 640962 640956 641054 641046 641090 641080 0 640810 640718 640740 640758 0 0 640800 0 640842 0 640946 640987 641084 641071 641080 641014 0 0 0 640894 640840 0 640700 640752 640818 0 0 0 0 0 0 0 0 640991 641063 641109 640979 640960 640676 640740 640788 0 640926 0 0 640921 640928 640950 640975 641037 641050 641042 641096 641113 640985 640969 640929 640774 640712 
0 644554 0 644508 0 644473 0 0 0 0 644454 644492 0 0 0 0 644432 0 0 0 644506 644562 0 0 0 644456 0 644454 0 0 0 0 644396 0 0 0 0 0 0 0 0 0 0 0 0 0 0 0 644538 0 0 0 0 0 644585 0 644406 0 0 0 0 0 0 0 0 0 0 0 0 0 0 644364 644358 0 0 644388 0 644314 0 0 644378 644572 0 0 0 0 0 0 0 0 0 0 644328 0 0 0 0 0 0 0 0 0 0 644530 644654 0 0 0 0 0 0 0 0 0 0 0 644304 0 0 0 0 0 0 644785 0 644732 0 0 
0 644785 0 644697 644787 644686 644748 0 644647 644628 644616 644673 0 644877 0 644571 644607 644592 644616 0 644694 644778 644901 644865 644895 644616 644637 644637 644538 644532 644520 0 644529 0 0 644562 644556 644604 644577 644496 644472 0 0 0 0 0 0 644646 644742 644889 0 645018 645008 644934 644814 0 644541 644523 0 0 644466 644427 644427 644409 644703 0 644811 644916 0 0 0 644478 644469 0 0 644514 0 644409 0 644379 644502 644793 644754 645039 645118 0 0 0 644835 644718 0 644436 644424 644431 0 0 0 0 0 0 0 0 644514 644730 644916 645113 644991 644418 644388 644320 0 644319 0 0 0 644325 644391 644466 0 644691 0 644829 0 645072 645122 645038 644637 644508 
0 644336 0 644306 0 644309 0 0 0 0 0 644298 0 0 0 0 644278 0 0 0 644305 644333 0 0 0 644339 0 644328 0 0 0 0 0 0 0 0 0 0 0 0 0 0 0 0 0 0 0 0 0 0 0 0 0 0 0 0 0 0 0 0 0 0 0 0 0 0 0 0 0 0 0 0 644277 0 0 644317 0 644210 0 0 0 0 0 0 0 0 0 0 0 0 0 0 0 0 0 0 0 0 0 0 0 0 0 0 0 0 0 0 0 0 0 0 0 0 0 0 644204 0 0 0 0 0 0 0 0 644498 0 0 
0 644327 0 644177 644397 644192 644462 0 644117 644062 644042 644137 0 644453 0 643977 644037 644002 644042 0 644172 644306 0 644395 0 644562 644407 644287 643932 643902 643882 0 643897 0 0 644652 644542 644222 644017 643842 643802 0 0 0 0 0 0 644086 644228 0 0 644343 0 0 644688 0 644447 0 0 0 643792 643727 643727 643697 644163 0 0 644293 0 0 0 644672 644447 0 0 644252 0 643697 0 643647 643852 644184 644119 0 644303 0 0 0 644764 644848 0 0 644282 0 0 0 0 0 0 0 0 0 643866 644079 644173 644288 0 644819 644222 0 0 643547 0 0 0 643557 643667 643786 0 644014 0 0 0 644033 0 644413 645057 0 
0 644474 0 644354 644530 644366 644582 0 644306 644262 644246 644322 0 644534 0 644194 644242 644214 644246 0 644350 644444 644484 644436 644614 644662 644538 644442 644158 644134 644118 0 644130 0 0 644734 644646 644390 644226 644086 644054 0 0 0 0 0 0 644268 644354 644374 0 644354 644458 644578 644722 0 644570 0 0 0 644046 643994 643994 643970 644302 0 0 644314 0 0 0 644750 644570 0 0 644414 0 643970 0 643930 644094 644246 644194 0 644322 0 0 0 644710 644850 0 0 644438 0 0 0 0 0 0 0 0 0 644092 644162 644218 644310 0 644944 644390 0 0 643850 0 0 0 643858 643946 644028 0 644110 0 0 0 644106 0 644410 644953 645023 
