645076 645078 645078 645006 645037 645020 645054 645024 645045 644985 644968 645013 645003 644938 644986 644914 644974 644938 644935 644833 644926 644932 644842 644884 644894 644876 644900 644894 644906 644926 644902 644896 644884 644874 644868 644868 644874 644880 644868 644807 644843 644834 644842 644832 644826 644848 644834 644840 644862 644845 644857 644851 644804 644804 644756 644808 644798 644804 644802 644839 644791 644770 644758 644736 644764 644699 644702 644764 644780 644776 644788 644772 644766 644772 644764 644758 644786 644774 644797 644799 644724 644749 644683 644728 644768 644750 644742 644742 644736 644752 644748 644742 644705 644717 644701 644670 644718 644702 644686 644634 644684 644696 644702 644684 644710 644724 644710 644724 644730 644736 644708 644714 644698 644735 644693 644668 644656 644646 644666 644644 644672 644668 644676 644676 644649 644690 644678 644680 
0 645043 645048 0 0 644983 645017 644985 645029 644937 644920 644995 644985 644919 644956 644883 644935 0 644887 644785 0 0 644811 644844 644849 0 644863 644855 0 0 0 0 0 644843 0 0 0 0 0 644808 0 0 644799 644794 0 644809 0 0 0 0 0 0 644773 644773 644714 0 0 0 0 0 644792 644739 0 0 0 0 0 644725 644741 644737 0 0 0 0 0 0 644757 0 644790 644792 644703 0 0 0 0 0 0 644703 0 0 0 0 0 644718 644702 644651 644687 0 644649 644586 0 0 0 0 0 0 0 0 0 0 0 0 0 644728 644683 644639 644625 644615 644635 644613 0 0 644644 0 644601 0 644639 0 
0 0 645126 0 0 0 0 0 645089 0 0 0 0 0 0 644809 644915 0 0 644731 0 0 644701 0 0 0 0 0 0 0 0 0 0 0 0 0 0 0 0 0 0 0 0 0 0 0 0 0 0 0 0 0 0 0 0 0 0 0 0 0 0 0 0 0 0 0 0 0 0 0 0 0 0 0 0 0 0 0 0 0 644562 0 0 0 0 0 0 0 0 0 0 0 0 0 0 644460 0 0 0 0 0 0 0 0 0 0 0 0 0 0 0 0 0 0 644518 644443 0 0 644437 0 0 0 0 0 0 0 0 0 
645020 645020 645020 645092 645018 645092 645044 645068 644972 645054 645092 644970 644960 644864 644948 644922 645076 644992 645064 644980 645076 644940 644850 645002 645012 645010 645034 645034 645008 644934 644874 644868 644796 644978 644972 645018 645024 644982 644876 644718 644754 644952 644960 644950 644962 645010 644998 645004 644870 644802 644814 644808 644812 644860 644890 644962 644962 644968 644966 644796 644702 644888 644902 644882 644914 644842 644842 644928 644938 644940 644952 644936 644930 644936 644928 644922 644744 644732 644754 644756 644636 644884 644818 644892 644932 644914 644906 644906 644886 644854 644756 644750 644616 644628 644612 644596 644836 644820 644804 644770 644818 644842 644866 644848 644874 644888 644874 644874 644880 644744 644716 644722 644670 644692 644604 644630 644712 644764 644784 644762 644790 644786 644794 644810 644780 644842 644842 644844 
645101 645095 645085 645072 645113 645000 645021 644996 645027 645072 645048 644977 644967 645011 645059 644992 644946 644910 645022 644904 644898 644899 644920 644962 644972 644896 644880 644866 644878 644893 644869 644863 644955 644952 644946 644840 644846 644852 644835 644877 644913 644912 644920 644910 644798 644820 644806 644812 644829 644809 644821 644815 644882 644882 644768 644780 644770 644776 644774 644803 644861 644848 644832 644808 644832 644750 644744 644736 644752 644748 644760 644744 644738 644744 644736 644730 644751 644739 644761 644763 644795 644832 644710 644700 644740 644722 644714 644714 644708 644724 644715 644709 644775 644787 644771 644743 644796 644780 644764 644664 644682 644668 644674 644656 644682 644696 644682 644696 644702 644703 644675 644681 644665 644699 644763 644741 644734 644724 644744 644722 644750 644746 644754 644760 644736 644662 644650 644652 
0 0 644528 0 0 644740 0 0 644378 0 0 0 0 0 0 644065 644653 0 0 644204 0 0 643813 0 0 0 0 0 0 0 0 0 0 0 0 0 0 0 0 643351 0 0 644129 0 0 0 0 0 0 0 0 0 0 0 644009 0 0 0 0 0 0 0 0 0 0 0 0 0 0 0 0 0 0 0 0 0 0 0 0 0 643064 0 0 0 0 0 0 0 0 0 0 0 0 0 0 642924 0 0 0 0 0 0 0 0 0 0 0 0 0 0 0 0 0 0 642952 643043 0 0 643513 0 0 0 0 0 0 0 0 0 
0 0 640620 0 0 640609 640628 640621 640596 0 0 0 0 0 0 640621 640609 0 0 640525 0 0 640621 0 0 0 0 0 0 0 0 0 0 0 0 0 0 0 0 640584 0 0 640549 0 0 0 0 0 0 0 0 0 0 0 640477 0 0 0 0 0 0 0 0 0 0 0 0 0 0 0 0 0 0 0 0 0 0 0 640548 640524 640608 0 0 0 0 0 0 0 0 0 0 0 0 0 0 640620 0 0 0 0 0 0 0 0 0 0 0 0 0 0 0 0 0 0 640596 640628 0 0 640549 0 0 0 0 0 0 0 0 0 
0 0 640553 0 0 640573 640565 640573 640529 0 0 0 0 0 0 640573 640573 0 0 640561 0 0 640573 0 0 0 0 0 0 0 0 0 0 0 0 0 0 0 0 640517 0 0 640573 0 0 0 0 0 0 0 0 0 0 0 640513 0 0 0 0 0 0 0 0 0 0 0 0 0 0 0 0 0 0 0 0 0 0 0 640481 640457 640541 0 0 0 0 0 0 0 0 0 0 0 0 0 0 640553 0 0 0 0 0 0 0 0 0 0 0 0 0 0 0 0 0 0 640529 640565 0 0 640573 0 0 0 0 0 0 0 0 0 
0 0 0 0 0 0 0 0 645126 0 0 0 0 0 0 644698 0 0 0 0 0 0 644590 0 0 0 0 0 0 0 0 0 0 0 0 0 0 0 0 0 0 0 0 0 0 0 0 0 0 0 0 0 0 0 0 0 0 0 0 0 0 0 0 0 0 0 0 0 0 0 0 0 0 0 0 0 0 0 0 0 0 0 0 0 0 0 0 0 0 0 0 0 0 0 0 0 0 0 0 0 0 0 0 0 0 0 0 0 0 0 0 0 0 0 0 0 0 0 644326 0 0 0 0 0 0 0 0 0 
0 0 645017 0 0 645048 644989 645005 644947 645121 0 0 0 644940 0 644998 644994 0 645117 645014 0 0 644926 0 0 0 0 0 0 0 0 0 0 645021 0 0 0 0 0 644794 0 0 645017 0 0 0 0 0 0 0 0 0 0 0 644868 0 0 0 0 0 0 644945 0 0 0 0 0 0 644852 0 0 0 0 0 0 0 0 0 644681 644683 644712 0 0 0 0 0 0 644814 0 0 0 0 0 0 644688 644672 644889 0 644861 0 0 0 0 0 0 0 0 0 0 0 0 0 0 644619 644680 644706 644779 644821 644841 644819 0 0 0 0 644837 0 0 0 
0 645019 645009 0 0 645036 644981 644996 644939 645108 645133 644889 644879 644931 645015 644988 644982 0 645115 645009 0 0 644916 645053 645063 0 644975 644961 0 0 0 0 0 645019 0 0 0 0 0 644785 0 0 645011 645001 0 644915 0 0 0 0 0 0 644878 644914 644863 0 0 0 0 0 644769 644939 0 0 0 0 0 644831 644847 644843 0 0 0 0 0 0 644663 0 644673 644675 644703 0 0 0 0 0 0 644809 0 0 0 0 0 644695 644679 644663 644887 0 644855 644759 0 0 0 0 0 0 0 0 0 0 0 0 0 644611 644671 644697 644766 644815 644835 644813 0 0 644845 0 644831 0 644745 0 
0 638503 638513 0 0 638545 638565 638571 638535 638431 638445 638563 638553 638313 638373 638323 638549 0 638427 638463 0 0 638251 638389 638399 0 638545 638559 0 0 0 0 0 638331 0 0 0 0 0 638239 0 0 638395 638385 0 638567 0 0 0 0 0 0 638213 638237 638513 0 0 0 0 0 638237 638347 0 0 0 0 0 638555 638571 638519 0 0 0 0 0 0 638313 0 638385 638387 638109 0 0 0 0 0 0 638413 0 0 0 0 0 638163 638133 638045 638199 0 638383 638497 0 0 0 0 0 0 0 0 0 0 0 0 0 638323 638101 638055 638089 638151 638219 638245 0 0 638373 0 638431 0 638517 0 
0 643922 643932 0 0 643964 643980 643980 643954 643850 643864 643980 643972 643732 643792 643742 643968 0 643846 643882 0 0 643670 643808 643818 0 643964 643978 0 0 0 0 0 643750 0 0 0 0 0 643658 0 0 643814 643804 0 643980 0 0 0 0 0 0 643632 643656 643932 0 0 0 0 0 643642 643766 0 0 0 0 0 643974 643980 643938 0 0 0 0 0 0 643732 0 643790 643792 643528 0 0 0 0 0 0 643832 0 0 0 0 0 643568 643552 643464 643618 0 643802 643916 0 0 0 0 0 0 0 0 0 0 0 0 0 643728 643520 643474 643508 643570 643638 643664 0 0 643792 0 643850 0 643936 0 
0 0 644795 0 0 644652 644694 644646 644696 0 0 0 0 645057 0 644993 644571 0 644757 644523 0 0 644981 0 0 0 0 0 0 0 0 0 0 644917 0 0 0 0 0 644927 0 0 644697 0 0 0 0 0 0 0 0 0 0 0 644304 0 0 0 0 0 0 644725 0 0 0 0 0 0 0 0 0 0 0 0 0 0 0 0 644297 644300 644820 0 0 0 0 0 0 0 0 0 0 0 0 0 0 644754 644818 0 0 0 0 0 0 0 0 0 0 0 0 0 0 0 0 0 644772 644746 644725 644710 644734 644688 0 0 0 0 644319 0 0 0 
0 644978 644968 0 0 644900 644918 644896 644921 645014 644976 644871 644861 645063 645072 645056 644846 0 644970 644814 0 0 645008 644962 644962 0 644780 644766 0 0 0 0 0 645010 0 0 0 0 0 644959 0 0 644914 644914 0 644720 0 0 0 0 0 0 644970 644970 644668 0 0 0 0 0 644943 644890 0 0 0 0 0 644636 644652 644648 0 0 0 0 0 0 644634 0 644655 644657 644866 0 0 0 0 0 0 644614 0 0 0 0 0 644869 644853 644814 644884 0 644770 644564 0 0 0 0 0 0 0 0 0 0 0 0 0 644593 644845 644826 644822 644812 644832 644810 0 0 644770 0 644678 0 644550 0 
0 0 0 0 0 0 0 0 0 0 0 0 0 0 0 644619 0 0 0 0 0 0 644582 0 0 0 0 0 0 0 0 0 0 0 0 0 0 0 0 0 0 0 0 0 0 0 0 0 0 0 0 0 0 0 0 0 0 0 0 0 0 0 0 0 0 0 0 0 0 0 0 0 0 0 0 0 0 0 0 0 0 0 0 0 0 0 0 0 0 0 0 0 0 0 0 0 0 0 0 0 0 0 0 0 0 0 0 0 0 0 0 0 0 0 0 0 0 0 0 0 0 0 0 0 0 0 0 0 
0 0 641898 0 0 0 0 0 641811 0 0 0 0 0 0 641713 642060 0 0 641663 0 0 641605 0 0 0 0 0 0 0 0 0 0 0 0 0 0 0 0 0 0 0 0 0 0 0 0 0 0 0 0 0 0 0 0 0 0 0 0 0 0 0 0 0 0 0 0 0 0 0 0 0 0 0 0 0 0 0 0 0 641232 0 0 0 0 0 0 0 0 0 0 0 0 0 0 641196 0 0 0 0 0 0 0 0 0 0 0 0 0 0 0 0 0 0 641160 641271 0 0 641393 0 0 0 0 0 0 0 0 0 
643054 643057 643062 643076 643039 643112 643100 643116 643049 643055 643050 643074 643079 642962 643004 642991 643139 643153 643029 642987 643139 643127 642955 642998 643003 643020 643052 643059 643159 643124 643094 643091 642928 642993 642990 643140 643143 643146 643095 642889 642907 642973 642977 642972 643021 643058 643123 643126 643092 643058 643064 643061 642936 642958 642964 643030 643105 643108 643107 643055 642881 642941 642948 642938 642954 642925 642928 643028 643020 643070 643100 643092 643089 643092 643088 643085 643029 643023 643034 643022 642848 642939 642910 643070 643090 643081 643077 643077 643074 643082 643035 643032 642838 642844 642836 642828 642915 642907 642899 642861 642924 642966 642987 643020 643007 643068 643061 643068 643071 643029 643015 643018 642992 642990 642832 642845 642884 642879 642889 642878 642892 642890 642894 642902 642876 642969 643023 643046 
0 0 644718 0 0 644778 644676 644700 644613 0 0 0 0 644754 0 644831 644697 0 644973 644785 0 0 644795 0 0 0 0 0 0 0 0 0 0 644907 0 0 0 0 0 644609 0 0 644859 0 0 0 0 0 0 0 0 0 0 0 644566 0 0 0 0 0 0 644799 0 0 0 0 0 0 0 0 0 0 0 0 0 0 0 0 644214 644217 644597 0 0 0 0 0 0 0 0 0 0 0 0 0 0 644537 644861 0 0 0 0 0 0 0 0 0 0 0 0 0 0 0 0 0 644549 644588 644711 644809 644771 644712 0 0 0 0 644549 0 0 0 
0 0 643657 0 0 0 0 0 643627 0 0 0 0 0 0 643631 643655 0 0 643733 0 0 643595 0 0 0 0 0 0 0 0 0 0 0 0 0 0 0 0 0 0 0 0 0 0 0 0 0 0 0 0 0 0 0 0 0 0 0 0 0 0 0 0 0 0 0 0 0 0 0 0 0 0 0 0 0 0 0 0 0 643488 0 0 0 0 0 0 0 0 0 0 0 0 0 0 643468 0 0 0 0 0 0 0 0 0 0 0 0 0 0 0 0 0 0 643472 643485 0 0 643632 0 0 0 0 0 0 0 0 0 
644370 644376 644386 644418 644340 644490 644462 644494 644360 644376 644414 644410 644420 644186 644270 644244 644544 644521 644388 644364 644576 644483 644172 644338 644348 644418 644470 644484 644541 644480 644438 644435 644118 644300 644294 644558 644561 644528 644451 644040 644076 644288 644320 644310 644444 644494 644545 644548 644448 644378 644384 644381 644134 644182 644366 644462 644527 644530 644529 644375 644024 644260 644322 644314 644334 644312 644318 644470 644454 644508 644522 644514 644511 644514 644510 644507 644361 644355 644306 644283 643958 644304 644316 644492 644512 644503 644499 644499 644492 644464 644391 644388 643938 643950 643934 643918 644160 644252 644236 644290 644344 644394 644424 644460 644452 644490 644483 644486 644489 644385 644371 644374 644336 644251 643926 643952 644034 644100 644144 644146 644174 644182 644226 644266 644248 644400 644460 644468 
644916 644922 644932 644865 644872 644937 644994 644989 644912 644823 644813 644962 644972 644732 644802 644739 644991 645068 644771 644687 644991 645095 644667 644709 644719 644753 644817 644831 645048 645098 645080 645077 644670 644699 644693 645031 645028 645061 645073 644592 644628 644659 644667 644657 644755 644829 645012 645009 645067 645019 645031 645025 644629 644629 644641 644773 644958 644955 644992 645013 644576 644595 644609 644589 644621 644563 644569 644769 644753 644853 644927 644969 644966 644986 644977 644972 644961 644949 644954 644883 644510 644591 644555 644849 644901 644910 644942 644954 644950 644966 644953 644947 644490 644502 644486 644464 644543 644527 644511 644505 644583 644645 644687 644753 644727 644921 644924 644938 644944 644941 644913 644919 644881 644899 644478 644484 644481 644471 644491 644469 644497 644493 644501 644517 644487 644651 644759 644837 
0 0 0 0 0 0 0 0 0 0 0 0 0 0 0 644511 0 0 0 0 0 0 644649 0 0 0 0 0 0 0 0 0 0 0 0 0 0 0 0 0 0 0 0 0 0 0 0 0 0 0 0 0 0 0 0 0 0 0 0 0 0 0 0 0 0 0 0 0 0 0 0 0 0 0 0 0 0 0 0 0 0 0 0 0 0 0 0 0 0 0 0 0 0 0 0 0 0 0 0 0 0 0 0 0 0 0 0 0 0 0 0 0 0 0 0 0 0 0 0 0 0 0 0 0 0 0 0 0 
0 644893 644883 0 0 644923 644855 644871 644813 645037 645047 644763 644753 644993 645047 645051 644869 0 645089 644977 0 0 644979 645147 645137 0 644943 644929 0 0 0 0 0 645107 0 0 0 0 0 644847 0 0 645093 645103 0 644883 0 0 0 0 0 0 644941 644989 644831 0 0 0 0 0 644831 645091 0 0 0 0 0 644799 644815 644811 0 0 0 0 0 0 644537 0 644547 644549 644765 0 0 0 0 0 0 644777 0 0 0 0 0 644757 644741 644725 644999 0 644961 644727 0 0 0 0 0 0 0 0 0 0 0 0 0 644485 644733 644759 644841 644971 644991 644969 0 0 644971 0 644841 0 644713 0 
0 644871 644861 0 0 644875 644831 644835 644791 644989 644987 644741 644731 644924 644977 644968 644821 0 645017 644944 0 0 644896 645037 645037 0 644910 644896 0 0 0 0 0 644998 0 0 0 0 0 644778 0 0 645036 645036 0 644850 0 0 0 0 0 0 644858 644894 644798 0 0 0 0 0 644762 645005 0 0 0 0 0 644766 644782 644778 0 0 0 0 0 0 644515 0 644525 644527 644696 0 0 0 0 0 0 644733 0 0 0 0 0 644688 644672 644656 644880 0 644892 644694 0 0 0 0 0 0 0 0 0 0 0 0 0 644463 644664 644688 644746 644844 644911 644889 0 0 644892 0 644808 0 644680 0 
644637 644640 644645 644694 644616 644709 644651 644671 644594 644652 644690 644569 644564 644462 644546 644520 644682 644628 644696 644840 644694 644590 644448 644682 644692 644857 644829 644822 644648 644587 644534 644528 644394 644576 644570 644665 644668 644635 644536 644316 644352 644632 644736 644726 644848 644835 644684 644687 644530 644462 644474 644468 644410 644458 644825 644839 644738 644741 644704 644456 644300 644712 644798 644790 644810 644786 644789 644817 644825 644823 644769 644725 644720 644630 644670 644664 644404 644392 644413 644390 644234 644780 644782 644799 644795 644786 644744 644696 644546 644514 644416 644410 644214 644226 644210 644194 644468 644728 644712 644757 644790 644783 644786 644777 644790 644773 644712 644534 644540 644404 644376 644382 644330 644352 644202 644228 644310 644444 644560 644622 644650 644658 644702 644742 644724 644780 644774 644775 
0 0 644450 0 0 644614 644552 644588 644422 644394 0 0 0 644050 0 644142 644598 0 644458 644548 0 0 643998 0 0 0 644752 644762 0 0 0 0 0 644230 0 0 0 0 0 643782 0 0 644460 0 0 644730 0 0 0 0 0 0 0 0 644460 0 0 0 0 0 0 644340 0 0 0 0 0 644602 644618 0 0 0 0 0 0 0 0 0 644070 644049 643606 0 0 0 0 0 0 644538 0 0 0 0 0 0 643570 643514 644002 0 644200 0 0 0 0 0 0 0 0 0 0 0 0 0 0 643953 643554 643570 643710 643942 644108 644112 0 0 0 0 644152 0 0 0 
0 0 644407 0 0 644579 644531 644571 644379 644351 0 0 0 644007 0 644099 644583 0 644415 644555 0 0 643955 0 0 0 644757 644775 0 0 0 0 0 644187 0 0 0 0 0 643751 0 0 644457 0 0 644777 0 0 0 0 0 0 0 0 644477 0 0 0 0 0 0 644359 0 0 0 0 0 644647 644663 0 0 0 0 0 0 0 0 0 644089 644068 643563 0 0 0 0 0 0 644539 0 0 0 0 0 0 643539 643471 643959 0 644217 0 0 0 0 0 0 0 0 0 0 0 0 0 0 643972 643511 643527 643667 643899 644105 644119 0 0 0 0 644169 0 0 0 
644895 644901 644911 644879 644865 644951 644987 644991 644885 644837 644834 644935 644945 644711 644795 644741 645005 645077 644792 644708 645012 645096 644669 644730 644740 644774 644838 644852 645070 645099 645063 645060 644643 644720 644714 645060 645057 645083 645074 644565 644601 644680 644688 644678 644776 644850 645041 645038 645068 645000 645009 645006 644631 644643 644662 644794 644987 644984 645021 644994 644549 644616 644630 644610 644642 644584 644590 644790 644774 644874 644956 644994 644991 645015 645002 644999 644942 644930 644931 644861 644483 644612 644576 644874 644930 644939 644967 644979 644979 644988 644954 644948 644463 644475 644459 644443 644564 644548 644532 644526 644604 644666 644708 644774 644748 644946 644951 644967 644973 644942 644914 644920 644868 644876 644451 644477 644495 644492 644512 644490 644518 644514 644522 644538 644508 644672 644780 644866 
644899 644905 644915 644832 644850 644904 644972 644956 644889 644790 644780 644939 644949 644715 644780 644706 644958 645042 644738 644654 644958 645094 644634 644676 644686 644720 644784 644798 645026 645100 645089 645086 644647 644666 644660 645016 645010 645052 645083 644569 644605 644626 644634 644624 644722 644796 645002 644996 645080 645029 645035 645032 644596 644596 644608 644740 644942 644936 644983 645026 644553 644562 644576 644556 644588 644530 644536 644736 644720 644820 644904 644962 644959 644986 644970 644967 645002 644990 644957 644865 644487 644558 644522 644820 644876 644894 644935 644947 644980 644997 644995 644989 644467 644479 644463 644447 644510 644494 644478 644472 644550 644612 644654 644720 644694 644914 644919 644969 644975 644983 644955 644961 644928 644902 644455 644462 644448 644438 644458 644436 644464 644460 644468 644484 644454 644618 644726 644820 
644870 644876 644886 644810 644804 644882 644926 644922 644877 644768 644765 644927 644937 644686 644734 644672 644936 645008 644723 644639 644943 645048 644600 644661 644671 644705 644769 644783 645004 645054 645076 645073 644635 644651 644645 645001 644995 645030 645053 644557 644593 644611 644619 644609 644707 644781 644987 644981 645050 645033 645039 645036 644562 644574 644593 644725 644927 644921 644971 645030 644541 644547 644561 644541 644573 644515 644521 644721 644705 644805 644889 644953 644957 644987 644971 644968 644994 644982 644951 644853 644475 644543 644507 644805 644861 644879 644933 644948 644970 644979 644953 644947 644455 644467 644451 644418 644495 644479 644463 644457 644535 644597 644639 644705 644679 644905 644920 644958 644964 644941 644913 644919 644903 644906 644443 644416 644426 644423 644443 644421 644449 644445 644453 644469 644439 644603 644711 644805 
644909 644915 644925 644832 644845 644904 644967 644956 644914 644790 644780 644964 644974 644725 644775 644706 644958 645039 644738 644654 644958 645072 644634 644676 644686 644720 644784 644798 645019 645075 645087 645084 644669 644666 644660 645002 644999 645032 645066 644594 644630 644626 644634 644624 644722 644796 644983 644980 645063 645042 645048 645045 644596 644596 644608 644740 644929 644926 644963 645038 644578 644562 644576 644556 644588 644530 644536 644736 644720 644820 644898 644942 644945 644974 644958 644955 644983 644971 644962 644889 644509 644558 644522 644820 644872 644881 644921 644935 644940 644956 644949 644943 644492 644504 644488 644457 644510 644494 644478 644472 644550 644612 644654 644720 644694 644894 644907 644928 644934 644937 644909 644915 644897 644915 644480 644457 644448 644438 644458 644436 644464 644460 644468 644484 644454 644618 644726 644808 
644689 644683 644673 644648 644726 644576 644604 644572 644651 644690 644652 644601 644591 644865 644796 644819 644522 644486 644646 644490 644474 644482 644829 644660 644650 644472 644456 644442 644454 644476 644457 644451 644891 644766 644770 644416 644422 644428 644418 644852 644870 644710 644606 644616 644374 644396 644382 644388 644412 644433 644445 644439 644810 644798 644344 644356 644346 644352 644350 644427 644844 644630 644424 644396 644412 644326 644320 644312 644328 644324 644336 644320 644314 644320 644312 644306 644363 644351 644433 644459 644811 644442 644286 644276 644316 644298 644290 644290 644284 644300 644298 644292 644801 644807 644799 644767 644731 644458 644474 644240 644258 644244 644250 644232 644258 644272 644258 644272 644278 644286 644258 644264 644253 644395 644795 644755 644724 644683 644669 644634 644648 644618 644484 644372 644354 644238 644226 644228 
0 0 644183 0 0 644180 644095 644098 644032 0 0 0 0 0 0 644541 644045 0 0 644041 0 0 644443 0 0 0 0 0 0 0 0 0 0 644554 0 0 0 0 0 644210 0 0 644293 0 0 0 0 0 0 0 0 0 0 0 643684 0 0 0 0 0 0 0 0 0 0 0 0 0 0 0 0 0 0 0 0 0 0 0 643415 643444 644046 0 0 0 0 0 0 0 0 0 0 0 0 0 0 643966 0 0 0 0 0 0 0 0 0 0 0 0 0 0 0 0 0 0 643982 644028 644131 644159 644175 644107 0 0 0 0 643685 0 0 0 
644866 644860 644850 644962 644944 644890 644822 644838 644780 645004 645010 644730 644720 644980 645008 645032 644836 644752 645028 644990 644832 644700 644966 645066 645056 644950 644910 644896 644768 644694 644634 644628 644912 645076 645076 644774 644780 644742 644636 644834 644870 645076 645060 645070 644874 644874 644764 644770 644630 644562 644574 644568 644928 644976 644844 644856 644776 644782 644756 644556 644818 645076 644924 644896 644912 644826 644820 644812 644828 644824 644790 644750 644744 644702 644718 644712 644504 644492 644514 644516 644752 644942 644786 644776 644794 644776 644744 644720 644642 644614 644516 644510 644732 644744 644728 644712 644958 644958 644974 644740 644758 644744 644750 644732 644758 644750 644712 644630 644636 644504 644476 644482 644430 644452 644720 644746 644828 644910 644978 645002 645030 645026 644978 644872 644854 644738 644726 644728 
642936 642939 642944 642960 642921 642996 642982 642998 642931 642939 642958 642956 642961 642844 642886 642873 643023 643041 642939 642855 643047 643041 642837 642908 642913 642900 642944 642951 643057 643038 643008 643005 642810 642901 642898 643076 643073 643062 643009 642771 642789 642883 642869 642864 642877 642938 643065 643068 643006 642972 642978 642975 642818 642842 642784 642886 643035 643032 643049 642969 642763 642821 642780 642758 642786 642721 642724 642872 642864 642938 643004 643028 643025 643034 643030 643027 642911 642899 642948 642919 642730 642771 642705 642926 642978 642987 643001 643013 642993 642973 642899 642893 642720 642726 642718 642710 642825 642727 642719 642656 642719 642762 642795 642840 642827 642980 642985 642981 642987 642887 642859 642865 642825 642917 642714 642727 642768 642789 642781 642746 642760 642746 642714 642698 642671 642765 642843 642914 
643312 643315 643320 643348 643309 643384 643370 643386 643283 643327 643346 643308 643313 643220 643274 643261 643411 643429 643347 643305 643435 643415 643225 643316 643321 643338 643370 643377 643445 643412 643370 643367 643174 643289 643286 643454 643457 643436 643383 643111 643129 643291 643295 643290 643339 643376 643459 643462 643380 643310 643316 643313 643206 643230 643282 643348 643441 643444 643443 643307 643091 643259 643266 643256 643272 643243 643246 643346 643338 643388 643430 643428 643425 643428 643424 643421 643267 643255 643238 643199 643094 643257 643227 643388 643416 643417 643413 643413 643373 643353 643279 643273 643048 643054 643058 643086 643233 643225 643217 643178 643241 643284 643305 643338 643325 643404 643397 643361 643367 643267 643239 643245 643193 643183 643066 643115 643156 643197 643207 643196 643210 643208 643212 643220 643193 643287 643341 643382 
644816 644822 644832 644803 644784 644875 644906 644914 644806 644761 644763 644856 644866 644632 644714 644664 644929 645000 644733 644674 644941 645028 644592 644683 644693 644740 644804 644818 644997 645034 645000 644997 644564 644649 644643 644999 644993 645023 645011 644486 644522 644633 644654 644644 644742 644816 644997 644991 645008 644940 644946 644943 644554 644567 644628 644760 644961 644955 644990 644937 644470 644582 644596 644576 644608 644550 644556 644756 644740 644840 644924 644975 644972 644975 644971 644968 644922 644910 644868 644782 644404 644578 644542 644840 644896 644914 644949 644960 644957 644965 644932 644926 644384 644396 644380 644364 644505 644514 644498 644492 644570 644632 644674 644740 644714 644928 644933 644951 644954 644920 644892 644898 644848 644813 644372 644396 644419 644445 644478 644456 644484 644480 644488 644504 644474 644638 644746 644840 
644795 644801 644811 644763 644745 644835 644867 644875 644785 644721 644723 644835 644845 644611 644675 644625 644889 644961 644693 644628 644901 644989 644553 644643 644653 644694 644758 644772 644957 644995 645005 645005 644543 644609 644603 644959 644953 644983 645009 644465 644501 644593 644608 644598 644696 644770 644957 644951 645009 644957 644957 644957 644515 644527 644582 644714 644916 644910 644953 644957 644449 644536 644550 644530 644562 644504 644510 644710 644694 644794 644878 644942 644944 644973 644961 644961 644949 644943 644859 644761 644383 644532 644496 644794 644850 644868 644920 644944 644964 644972 644959 644956 644363 644375 644359 644343 644465 644468 644452 644446 644524 644586 644628 644694 644668 644894 644920 644958 644961 644953 644931 644937 644905 644813 644351 644357 644379 644405 644432 644410 644438 644434 644442 644458 644428 644592 644700 644794 
0 0 644472 0 0 0 0 0 644524 0 0 0 0 0 0 644756 644156 0 0 644092 0 0 644880 0 0 0 0 0 0 0 0 0 0 0 0 0 0 0 0 645120 0 0 0 0 0 0 0 0 0 0 0 0 0 0 643800 0 0 0 0 0 0 0 0 0 0 0 0 0 0 0 0 0 0 0 0 0 0 0 0 0 644774 0 0 0 0 0 0 0 0 0 0 0 0 0 0 644598 0 0 0 0 0 0 0 0 0 0 0 0 0 0 0 0 0 0 644806 644570 0 0 644562 0 0 0 0 0 0 0 0 0 
644689 644683 644673 644641 644719 644569 644597 644565 644699 644683 644645 644649 644639 644845 644789 644792 644515 644479 644639 644483 644467 644475 644801 644653 644643 644465 644449 644435 644447 644469 644457 644451 644873 644740 644743 644409 644415 644421 644411 644915 644915 644688 644599 644609 644367 644389 644375 644381 644405 644481 644493 644487 644801 644777 644337 644349 644339 644345 644343 644475 644913 644612 644417 644389 644405 644319 644313 644305 644321 644317 644329 644313 644307 644313 644305 644299 644375 644363 644521 644547 644859 644435 644279 644269 644309 644291 644283 644283 644277 644293 644291 644285 644913 644913 644915 644771 644729 644451 644467 644233 644251 644237 644243 644225 644251 644265 644251 644265 644271 644279 644251 644257 644253 644483 644875 644757 644743 644705 644657 644609 644609 644585 644477 644365 644347 644231 644219 644221 
644788 644782 644772 644884 644866 644812 644744 644760 644702 644926 644936 644652 644642 644887 644913 644940 644758 644674 644978 644909 644758 644622 644904 645022 645017 644891 644870 644856 644690 644616 644556 644550 644841 644992 644989 644700 644706 644664 644558 644778 644796 645041 645008 645013 644793 644815 644714 644720 644552 644484 644496 644490 644872 644920 644763 644775 644747 644753 644727 644478 644758 645013 644843 644815 644831 644745 644739 644731 644747 644743 644750 644721 644715 644652 644689 644683 644426 644414 644436 644438 644696 644861 644705 644695 644735 644717 644704 644691 644568 644536 644438 644432 644676 644688 644672 644656 644930 644867 644875 644659 644677 644663 644669 644651 644677 644691 644672 644556 644562 644426 644398 644404 644352 644374 644664 644690 644772 644903 644960 644940 644954 644940 644880 644791 644773 644657 644645 644647 
0 0 644623 0 0 644683 0 0 644518 0 0 0 0 0 0 644809 644602 0 0 644955 0 0 644719 0 0 0 0 0 0 0 0 0 0 0 0 0 0 0 0 644521 0 0 645020 0 0 0 0 0 0 0 0 0 0 0 644736 0 0 0 0 0 0 0 0 0 0 0 0 0 0 0 0 0 0 0 0 0 0 0 0 0 644398 0 0 0 0 0 0 0 0 0 0 0 0 0 0 644338 0 0 0 0 0 0 0 0 0 0 0 0 0 0 0 0 0 0 644350 644389 0 0 644865 0 0 0 0 0 0 0 0 0 
0 644907 644897 0 0 644937 644869 644885 644827 645045 645061 644777 644767 644878 644962 644936 644883 0 645095 645054 0 0 644864 645098 645108 0 645012 644998 0 0 0 0 0 644992 0 0 0 0 0 644732 0 0 645107 645097 0 644960 0 0 0 0 0 0 644826 644874 644908 0 0 0 0 0 644716 645043 0 0 0 0 0 644876 644892 644888 0 0 0 0 0 0 644551 0 644561 644563 644650 0 0 0 0 0 0 644833 0 0 0 0 0 644642 644626 644610 644884 0 644959 644804 0 0 0 0 0 0 0 0 0 0 0 0 0 644499 644618 644644 644726 644860 644931 644917 0 0 644949 0 644912 0 644790 0 
644739 644742 644747 644795 644717 644835 644789 644813 644710 644753 644791 644717 644707 644563 644647 644621 644823 644739 644797 644952 644823 644687 644549 644783 644793 644959 644955 644957 644755 644681 644621 644615 644495 644677 644671 644765 644771 644729 644623 644417 644453 644733 644837 644827 645016 644981 644779 644785 644617 644549 644561 644555 644511 644559 644968 645016 644839 644845 644795 644543 644401 644813 644940 644932 644952 644929 644932 645002 645010 644960 644877 644813 644807 644717 644757 644751 644491 644479 644501 644503 644335 644922 644925 644948 644905 644887 644831 644783 644633 644601 644503 644497 644315 644327 644311 644295 644569 644870 644854 644900 644939 644962 644974 644946 644972 644861 644799 644621 644627 644491 644463 644469 644417 644439 644303 644329 644411 644545 644661 644734 644762 644794 644844 644884 644866 644962 644940 644918 
0 0 644401 0 0 644597 644553 644615 644349 644369 0 0 0 644001 0 644117 644669 0 644433 644558 0 0 643973 0 0 0 644746 644774 0 0 0 0 0 644205 0 0 0 0 0 643709 0 0 644446 0 0 644798 0 0 0 0 0 0 0 0 644470 0 0 0 0 0 0 644340 0 0 0 0 0 644699 644688 0 0 0 0 0 0 0 0 0 644145 644121 643545 0 0 0 0 0 0 644657 0 0 0 0 0 0 643497 643465 643977 0 644210 0 0 0 0 0 0 0 0 0 0 0 0 0 0 644028 643481 643533 643685 643917 644094 644122 0 0 0 0 644162 0 0 0 
642839 642842 642847 642899 642836 642935 642897 642925 642810 642878 642909 642835 642840 642747 642801 642800 642962 642968 642920 642881 642998 642958 642764 642892 642897 642914 642946 642953 642996 642961 642931 642925 642701 642852 642849 643027 643024 643009 642933 642638 642656 642867 642871 642866 642915 642952 643052 643049 642927 642859 642871 642865 642745 642781 642858 642924 643025 643022 643047 642853 642618 642835 642842 642832 642848 642819 642822 642922 642914 642964 643006 643038 643041 643023 643030 643024 642801 642789 642799 642726 642621 642833 642815 642964 642992 643001 643029 643020 642943 642911 642813 642807 642575 642581 642585 642613 642806 642801 642793 642790 642829 642860 642881 642914 642901 643014 643000 642931 642937 642801 642773 642779 642727 642749 642593 642642 642707 642773 642783 642772 642786 642784 642788 642796 642781 642863 642917 642964 
643114 643117 643122 643174 643111 643210 643172 643200 643085 643153 643161 643110 643115 643022 643076 643075 643237 643243 643140 643098 643250 643217 643039 643109 643114 643131 643163 643170 643271 643214 643172 643169 642976 643104 643101 643269 643272 643262 643185 642913 642931 643084 643088 643083 643132 643169 643252 643255 643182 643112 643118 643115 643020 643056 643075 643141 643234 643237 643236 643109 642893 643052 643059 643049 643065 643024 643027 643139 643131 643181 643223 643221 643218 643221 643217 643214 643095 643089 643040 643001 642896 643050 643008 643181 643209 643210 643206 643206 643203 643198 643114 643108 642850 642856 642860 642888 643026 643018 643010 642959 643022 643065 643098 643131 643118 643197 643190 643197 643200 643102 643074 643080 643028 642985 642868 642917 642982 642990 643000 642989 643003 643001 643005 643001 642974 643068 643134 643175 
644894 644900 644910 644806 644824 644878 644946 644930 644897 644764 644754 644947 644957 644710 644754 644680 644932 645016 644712 644628 644932 645068 644608 644650 644660 644694 644758 644772 645000 645074 645112 645112 644654 644640 644634 644990 644984 645026 645091 644577 644613 644600 644608 644598 644696 644770 644976 644970 645088 645071 645077 645074 644570 644570 644582 644714 644916 644910 644960 645068 644561 644536 644550 644530 644562 644504 644510 644710 644694 644794 644878 644942 644948 644994 644976 644975 645041 645029 644971 644873 644494 644532 644496 644794 644850 644868 644924 644952 644987 645003 645001 644995 644475 644487 644471 644442 644484 644468 644452 644446 644524 644586 644628 644694 644668 644894 644927 644975 644981 644989 644961 644967 644955 644933 644463 644436 644422 644412 644432 644410 644438 644434 644442 644458 644428 644592 644700 644794 
644687 644693 644703 644627 644621 644699 644743 644739 644749 644585 644587 644799 644809 644503 644551 644489 644753 644825 644557 644492 644765 644865 644417 644507 644517 644558 644622 644636 644821 644871 644915 644918 644471 644473 644467 644823 644817 644847 644914 644465 644501 644457 644472 644462 644560 644634 644821 644815 644917 644951 644945 644948 644379 644391 644446 644578 644780 644774 644817 644954 644451 644400 644414 644394 644426 644368 644374 644574 644558 644658 644742 644806 644812 644867 644847 644850 644940 644934 644861 644763 644311 644396 644360 644658 644714 644732 644788 644829 644891 644899 644898 644895 644365 644377 644359 644235 644329 644332 644316 644310 644388 644450 644492 644558 644532 644758 644809 644885 644888 644891 644863 644869 644853 644827 644315 644233 644243 644269 644296 644274 644302 644298 644306 644322 644292 644456 644564 644658 
644798 644804 644814 644738 644732 644810 644854 644850 644860 644696 644693 644910 644920 644614 644662 644600 644864 644936 644651 644567 644871 644976 644528 644589 644599 644633 644697 644711 644932 644979 645009 645012 644582 644579 644573 644929 644923 644955 645002 644568 644604 644539 644547 644537 644635 644709 644913 644909 645002 645038 645038 645038 644490 644502 644521 644653 644855 644849 644893 645038 644552 644475 644489 644469 644501 644443 644449 644649 644633 644733 644817 644872 644875 644937 644912 644913 644988 644976 644953 644864 644422 644471 644435 644733 644789 644807 644851 644887 644945 644954 644928 644922 644466 644478 644462 644346 644423 644407 644391 644385 644463 644525 644567 644633 644607 644824 644865 644933 644939 644916 644888 644894 644878 644912 644426 644344 644354 644351 644371 644349 644377 644373 644381 644397 644367 644531 644639 644733 
644799 644805 644815 644721 644733 644793 644855 644845 644861 644679 644669 644911 644921 644615 644663 644595 644847 644931 644627 644543 644847 644967 644523 644565 644575 644609 644673 644687 644915 644970 645000 645003 644583 644555 644549 644898 644895 644928 644999 644576 644612 644515 644523 644513 644611 644685 644879 644876 645002 645036 645030 645033 644485 644485 644497 644629 644825 644822 644859 645039 644562 644451 644465 644445 644477 644419 644425 644625 644609 644709 644793 644838 644841 644910 644878 644881 645001 644989 644953 644874 644423 644447 644411 644709 644765 644777 644817 644853 644933 644949 644941 644935 644476 644488 644470 644347 644399 644383 644367 644361 644439 644501 644543 644609 644583 644790 644833 644921 644927 644929 644901 644907 644891 644912 644427 644345 644337 644327 644347 644325 644353 644349 644357 644373 644343 644507 644615 644704 
0 644832 644822 0 0 644862 644794 644810 644752 644976 644940 644702 644692 645001 644986 645044 644808 0 644934 644778 0 0 645080 644948 644938 0 644744 644730 0 0 0 0 0 645042 0 0 0 0 0 644960 0 0 644894 644904 0 644684 0 0 0 0 0 0 645067 645103 644632 0 0 0 0 0 644938 644914 0 0 0 0 0 644600 644616 644612 0 0 0 0 0 0 644476 0 644486 644488 644892 0 0 0 0 0 0 644578 0 0 0 0 0 644884 644868 644852 645032 0 644762 644528 0 0 0 0 0 0 0 0 0 0 0 0 0 644424 644860 644886 644968 644960 644976 644941 0 0 644772 0 644642 0 644514 0 
0 644741 644731 0 0 644735 644691 644695 644685 644849 644825 644635 644625 644931 644883 644945 644681 0 644831 644686 0 0 645005 644856 644846 0 644652 644638 0 0 0 0 0 644939 0 0 0 0 0 644947 0 0 644802 644812 0 644592 0 0 0 0 0 0 644994 645018 644540 0 0 0 0 0 644935 644826 0 0 0 0 0 644508 644524 644520 0 0 0 0 0 0 644397 0 644443 644445 644862 0 0 0 0 0 0 644486 0 0 0 0 0 644890 644862 644810 644977 0 644670 644436 0 0 0 0 0 0 0 0 0 0 0 0 0 644381 644842 644832 644890 644917 644926 644889 0 0 644680 0 644550 0 644422 0 
0 0 631351 0 0 0 0 0 631278 0 0 0 0 0 0 630903 631372 0 0 631611 0 0 630687 0 0 0 0 0 0 0 0 0 0 0 0 0 0 0 0 0 0 0 0 0 0 0 0 0 0 0 0 0 0 0 631821 0 0 0 0 0 0 0 0 0 0 0 0 0 0 0 0 0 0 0 0 0 0 0 0 0 630153 0 0 0 0 0 0 0 0 0 0 0 0 0 0 629997 0 0 0 0 0 0 0 0 0 0 0 0 0 0 0 0 0 0 630093 630063 0 0 630807 0 0 0 0 0 0 0 0 0 
644696 644699 644704 644756 644688 644792 644754 644779 644667 644724 644762 644683 644683 644534 644618 644592 644803 644721 644768 644906 644805 644669 644520 644754 644764 644915 644912 644919 644737 644663 644603 644597 644466 644648 644642 644747 644753 644711 644605 644388 644424 644704 644808 644798 644964 644946 644761 644767 644599 644531 644543 644537 644482 644530 644913 644970 644821 644827 644777 644525 644372 644783 644897 644887 644903 644874 644877 644964 644964 644930 644859 644795 644789 644699 644739 644733 644473 644461 644483 644485 644306 644881 644870 644918 644886 644868 644813 644765 644615 644583 644485 644479 644286 644298 644282 644266 644540 644829 644813 644845 644884 644915 644928 644916 644940 644842 644781 644603 644609 644473 644445 644451 644399 644421 644274 644300 644382 644516 644632 644693 644721 644753 644803 644843 644825 644916 644910 644888 
642831 642834 642839 642855 642816 642891 642877 642893 642826 642834 642853 642851 642856 642739 642781 642768 642918 642936 642856 642860 642942 642938 642732 642849 642854 642893 642925 642932 642952 642937 642907 642904 642705 642796 642793 642971 642968 642961 642908 642666 642684 642824 642850 642845 642894 642931 642986 642985 642905 642871 642877 642874 642713 642737 642837 642903 643004 643001 642994 642868 642658 642814 642821 642811 642827 642798 642801 642901 642893 642943 642985 643001 642998 642955 642975 642972 642814 642802 642847 642814 642625 642812 642794 642943 642971 642980 642986 642986 642896 642876 642802 642796 642615 642621 642613 642605 642742 642780 642772 642746 642808 642839 642860 642893 642880 642977 642970 642884 642890 642790 642762 642768 642728 642816 642609 642622 642663 642730 642762 642751 642765 642763 642767 642775 642760 642842 642896 642943 
643029 643032 643037 643061 643022 643097 643083 643099 643000 643040 643059 643025 643030 642937 642987 642974 643124 643142 643062 643046 643148 643140 642938 643055 643060 643079 643111 643118 643158 643137 643099 643096 642891 643002 642999 643177 643174 643161 643108 642828 642846 643030 643036 643031 643080 643117 643186 643189 643105 643039 643045 643042 642919 642943 643023 643089 643190 643187 643194 643036 642808 643000 643007 642997 643013 642984 642987 643087 643079 643129 643171 643181 643178 643155 643175 643172 643022 643016 642967 642916 642811 642998 642980 643129 643157 643166 643166 643166 643113 643097 643048 643045 642765 642771 642775 642803 642948 642966 642958 642931 642994 643025 643046 643079 643066 643157 643150 643107 643110 643042 643028 643031 642997 642912 642783 642828 642869 642936 642948 642937 642951 642949 642953 642961 642946 643028 643082 643129 
642958 642961 642966 643018 642955 643054 643016 643044 642929 642997 643028 642954 642959 642866 642920 642919 643081 643087 643031 643011 643117 643077 642883 643022 643027 643044 643076 643083 643115 643080 643043 643037 642820 642971 642968 643146 643143 643128 643045 642757 642775 642997 643001 642996 643045 643082 643163 643160 643039 642971 642983 642977 642864 642900 642988 643054 643155 643152 643177 642965 642737 642965 642972 642962 642978 642949 642952 643052 643044 643094 643136 643168 643167 643127 643153 643147 642913 642901 642918 642845 642740 642963 642945 643094 643122 643131 643155 643143 643055 643023 642925 642919 642694 642700 642704 642732 642917 642931 642923 642920 642959 642990 643011 643044 643031 643144 643123 643043 643049 642913 642885 642891 642839 642861 642712 642761 642826 642903 642913 642902 642916 642914 642918 642926 642911 642993 643047 643094 
644781 644787 644797 644692 644710 644764 644832 644816 644843 644650 644640 644893 644903 644597 644640 644566 644818 644902 644598 644514 644818 644954 644494 644536 644546 644580 644644 644658 644886 644960 645013 645019 644565 644526 644520 644876 644870 644912 645014 644559 644595 644486 644494 644484 644582 644656 644862 644856 645017 645056 645049 645053 644456 644456 644468 644600 644802 644796 644846 645059 644556 644422 644436 644416 644448 644390 644396 644596 644580 644680 644764 644828 644834 644919 644884 644890 645039 645027 644966 644868 644405 644418 644382 644680 644736 644754 644810 644858 644960 644976 644974 644968 644470 644482 644453 644329 644370 644354 644338 644332 644410 644472 644514 644580 644554 644780 644842 644948 644954 644962 644934 644940 644929 644932 644409 644322 644308 644298 644318 644296 644324 644320 644328 644344 644314 644478 644586 644680 
0 644828 644818 0 0 644714 644742 644710 644844 644828 644790 644794 644784 645018 644934 644960 644660 0 644784 644628 0 0 644994 644798 644788 0 644594 644580 0 0 0 0 0 644904 0 0 0 0 0 645102 0 0 644744 644754 0 644534 0 0 0 0 0 0 644956 644956 644482 0 0 0 0 0 645134 644768 0 0 0 0 0 644450 644466 644462 0 0 0 0 0 0 644520 0 644720 644722 644924 0 0 0 0 0 0 644428 0 0 0 0 0 645060 644996 644836 644870 0 644612 644378 0 0 0 0 0 0 0 0 0 0 0 0 0 644658 644940 644822 644808 644798 644818 644796 0 0 644622 0 644492 0 644364 0 
0 0 644577 0 0 644637 644535 644559 644472 0 0 0 0 644788 0 644870 644556 0 644886 644897 0 0 644767 0 0 0 0 0 0 0 0 0 0 644940 0 0 0 0 0 644569 0 0 645010 0 0 0 0 0 0 0 0 0 0 0 644678 0 0 0 0 0 0 645049 0 0 0 0 0 0 0 0 0 0 0 0 0 0 0 0 644073 644076 644446 0 0 0 0 0 0 0 0 0 0 0 0 0 0 644386 644797 0 0 0 0 0 0 0 0 0 0 0 0 0 0 0 0 0 644398 644437 644560 644761 644916 644931 0 0 0 0 644693 0 0 0 
644244 644241 644236 644328 644291 644292 644234 644254 644177 644333 644364 644152 644147 644144 644228 644202 644265 644211 644378 644501 644277 644173 644130 644364 644374 644456 644412 644405 644231 644170 644128 644125 644076 644258 644252 644248 644251 644218 644141 643998 644034 644314 644418 644408 644479 644418 644267 644270 644138 644068 644074 644071 644092 644140 644546 644470 644321 644324 644287 644065 643982 644394 644576 644572 644570 644537 644534 644484 644492 644418 644352 644308 644305 644236 644268 644265 644051 644045 643996 643973 643916 644577 644517 644430 644378 644369 644329 644293 644182 644154 644081 644078 643896 643908 643892 643876 644150 644540 644524 644494 644503 644496 644499 644490 644503 644356 644313 644176 644179 644075 644061 644064 644026 643941 643884 643910 643992 644126 644242 644316 644344 644388 644514 644550 644535 644493 644487 644442 
644642 644642 644638 644700 644622 644694 644636 644656 644579 644658 644696 644554 644549 644468 644552 644526 644667 644607 644702 644850 644679 644555 644454 644688 644698 644858 644814 644807 644623 644549 644489 644483 644400 644582 644576 644633 644639 644597 644491 644322 644358 644638 644742 644732 644861 644820 644647 644653 644485 644417 644429 644423 644416 644464 644918 644852 644707 644713 644663 644411 644306 644718 644880 644896 644892 644896 644900 644854 644862 644812 644745 644681 644675 644585 644625 644619 644359 644347 644369 644371 644240 644862 644888 644809 644773 644755 644699 644651 644501 644469 644371 644365 644220 644232 644216 644200 644474 644834 644818 644864 644877 644870 644873 644862 644875 644729 644667 644489 644495 644359 644331 644337 644285 644307 644208 644234 644316 644450 644566 644632 644660 644692 644808 644850 644832 644867 644859 644797 
644622 644619 644614 644688 644613 644670 644612 644632 644555 644649 644687 644530 644525 644459 644543 644517 644643 644589 644693 644837 644655 644551 644445 644679 644689 644834 644790 644783 644609 644548 644489 644483 644391 644573 644567 644626 644629 644596 644491 644313 644349 644629 644733 644723 644833 644796 644645 644648 644485 644417 644429 644423 644407 644455 644858 644824 644699 644702 644663 644411 644297 644709 644859 644851 644870 644841 644844 644826 644834 644784 644730 644681 644675 644585 644625 644619 644359 644347 644369 644351 644231 644841 644829 644784 644756 644747 644699 644651 644501 644469 644371 644365 644211 644223 644207 644191 644465 644789 644773 644806 644815 644808 644811 644802 644815 644729 644667 644489 644495 644359 644331 644337 644285 644307 644199 644225 644307 644441 644557 644619 644647 644679 644763 644803 644785 644805 644799 644784 
644742 644736 644726 644828 644762 644766 644698 644714 644656 644798 644836 644606 644596 644608 644692 644666 644712 644628 644842 644998 644712 644576 644594 644828 644838 644950 644886 644872 644644 644570 644510 644504 644540 644722 644716 644654 644660 644618 644512 644462 644498 644778 644882 644872 644948 644874 644668 644674 644506 644438 644450 644444 644556 644604 645062 644930 644728 644734 644684 644432 644446 644858 645064 645092 645070 645109 645106 644934 644950 644850 644766 644702 644696 644606 644646 644640 644380 644368 644390 644392 644380 645046 645098 644850 644794 644776 644720 644672 644522 644490 644392 644386 644360 644372 644356 644340 644614 645030 645014 645086 645070 645032 645014 644950 644976 644750 644688 644510 644516 644380 644352 644358 644306 644328 644348 644374 644456 644590 644706 644780 644808 644852 645004 645090 645084 645026 644944 644850 
644592 644589 644584 644655 644577 644640 644582 644602 644525 644613 644651 644500 644495 644423 644507 644481 644613 644559 644657 644802 644625 644508 644409 644643 644653 644804 644760 644753 644576 644502 644442 644436 644355 644537 644531 644586 644592 644550 644444 644277 644313 644593 644697 644687 644804 644766 644600 644606 644438 644370 644382 644376 644371 644419 644861 644795 644660 644666 644616 644364 644261 644673 644832 644848 644844 644890 644893 644797 644805 644755 644698 644634 644628 644538 644578 644572 644312 644300 644322 644321 644195 644814 644880 644755 644726 644708 644652 644604 644454 644422 644324 644318 644175 644187 644171 644155 644429 644786 644770 644857 644866 644859 644838 644805 644818 644682 644620 644442 644448 644312 644284 644290 644238 644260 644163 644189 644271 644405 644521 644584 644612 644644 644760 644848 644830 644856 644802 644747 
0 0 644066 0 0 644274 644218 644282 644014 644046 0 0 0 643666 0 643782 644382 0 644134 644434 0 0 643638 0 0 0 644514 644542 0 0 0 0 0 643894 0 0 0 0 0 643374 0 0 644214 0 0 644634 0 0 0 0 0 0 0 0 644526 0 0 0 0 0 0 644166 0 0 0 0 0 644710 644678 0 0 0 0 0 0 0 0 0 643836 643815 643210 0 0 0 0 0 0 644415 0 0 0 0 0 0 643162 643130 643678 0 644266 0 0 0 0 0 0 0 0 0 0 0 0 0 0 643719 643146 643198 643362 643630 643862 643998 0 0 0 0 644326 0 0 0 
0 0 644291 0 0 644391 644345 644365 644265 644281 0 0 0 644091 0 644149 644376 0 644325 644445 0 0 644077 0 0 0 0 0 0 0 0 0 0 644205 0 0 0 0 0 643945 0 0 644353 0 0 0 0 0 0 0 0 0 0 0 644515 0 0 0 0 0 0 644317 0 0 0 0 0 0 644543 0 0 0 0 0 0 0 0 0 644107 644084 643863 0 0 0 0 0 0 644404 0 0 0 0 0 0 643839 643823 644097 0 644385 0 0 0 0 0 0 0 0 0 0 0 0 0 0 644052 643831 643857 643939 644073 644177 644227 0 0 0 0 644397 0 0 0 
0 644563 644578 0 0 644734 644692 644740 644539 644563 644613 644614 644629 644278 644404 644365 644814 0 644610 644707 0 0 644257 644577 644592 0 644840 644861 0 0 0 0 0 644442 0 0 0 0 0 644059 0 0 644615 644600 0 644894 0 0 0 0 0 0 644200 644272 644675 0 0 0 0 0 644035 644543 0 0 0 0 0 644864 644840 644916 0 0 0 0 0 0 644461 0 644472 644424 643936 0 0 0 0 0 0 644849 0 0 0 0 0 643924 643900 643876 644268 0 644480 644471 0 0 0 0 0 0 0 0 0 0 0 0 0 644383 643888 643927 644050 644220 644351 644380 0 0 644465 0 644444 0 644809 0 
643211 643214 643219 643258 643208 643294 643269 643296 643182 643237 643256 643207 643212 643119 643173 643171 643321 643339 643259 643291 643345 643320 643135 643252 643257 643324 643354 643361 643355 643317 643275 643272 643073 643199 643196 643370 643371 643352 643288 643010 643028 643227 643279 643274 643325 643362 643377 643380 643285 643215 643221 643218 643116 643140 643249 643334 643407 643406 643385 643212 642990 643245 643245 643223 643251 643186 643189 643332 643324 643374 643414 643394 643391 643346 643366 643363 643163 643151 643143 643098 642993 643236 643170 643374 643402 643409 643403 643379 643280 643260 643175 643169 642947 642953 642957 642985 643145 643192 643184 643121 643184 643227 643260 643305 643292 643396 643387 643268 643274 643163 643135 643141 643089 643088 642965 643014 643066 643133 643191 643182 643196 643194 643179 643163 643136 643230 643308 643374 
644581 644587 644597 644593 644539 644665 644661 644681 644571 644551 644577 644621 644631 644397 644469 644431 644719 644767 644571 644605 644755 644778 644359 644545 644555 644665 644717 644731 644787 644779 644749 644746 644329 644463 644457 644811 644807 644803 644750 644251 644287 644495 644567 644557 644673 644741 644828 644825 644747 644689 644695 644692 644321 644357 644559 644691 644846 644841 644836 644686 644235 644507 644527 644507 644539 644481 644487 644687 644671 644771 644837 644845 644842 644797 644817 644814 644672 644666 644617 644547 644169 644509 644473 644771 644821 644838 644846 644830 644755 644739 644690 644687 644149 644161 644145 644129 644343 644445 644429 644423 644501 644563 644605 644671 644645 644837 644830 644749 644752 644684 644670 644673 644647 644562 644137 644151 644209 644307 644391 644387 644415 644411 644419 644435 644405 644569 644677 644771 
644578 644584 644594 644590 644536 644662 644658 644678 644574 644548 644574 644624 644634 644394 644466 644428 644716 644764 644568 644599 644752 644780 644356 644542 644552 644665 644722 644736 644784 644786 644773 644770 644332 644460 644454 644810 644804 644810 644774 644254 644290 644492 644572 644562 644667 644741 644832 644826 644771 644719 644725 644722 644318 644354 644553 644685 644844 644838 644848 644716 644238 644507 644521 644501 644533 644475 644481 644681 644665 644765 644842 644860 644860 644821 644841 644838 644702 644696 644638 644550 644172 644503 644467 644765 644821 644839 644872 644854 644779 644763 644714 644711 644152 644164 644148 644126 644340 644439 644423 644417 644495 644557 644599 644665 644639 644855 644862 644773 644776 644708 644694 644697 644671 644590 644140 644148 644206 644304 644396 644381 644409 644405 644413 644429 644399 644563 644671 644765 
642930 642933 642938 642954 642915 642990 642976 642992 642925 642933 642950 642950 642955 642838 642880 642867 643017 643035 642929 642887 643039 643037 642831 642898 642903 642920 642952 642959 643051 643040 643030 643027 642804 642893 642890 643068 643065 643064 643031 642765 642783 642873 642877 642872 642915 642958 643061 643058 643028 642994 643000 642997 642812 642836 642822 642924 643031 643028 643053 642991 642757 642841 642818 642796 642824 642759 642762 642910 642902 642970 643012 643044 643047 643052 643048 643045 642939 642927 642962 642913 642724 642809 642743 642964 642998 643007 643035 643037 643019 643001 642927 642921 642714 642720 642712 642704 642815 642765 642757 642694 642757 642800 642833 642878 642865 643020 643021 643007 643013 642915 642887 642893 642853 642939 642708 642721 642762 642779 642789 642778 642792 642784 642752 642736 642709 642803 642881 642952 
642791 642794 642799 642815 642776 642851 642837 642853 642786 642794 642813 642811 642816 642699 642741 642728 642878 642896 642816 642800 642902 642898 642692 642809 642814 642833 642865 642872 642912 642901 642907 642910 642665 642756 642753 642931 642928 642925 642929 642626 642644 642784 642790 642785 642834 642871 642948 642945 642925 642893 642889 642892 642673 642697 642777 642843 642944 642941 642964 642887 642618 642754 642761 642751 642767 642738 642741 642841 642833 642883 642925 642957 642960 642977 642983 642986 642823 642811 642823 642774 642585 642752 642734 642883 642911 642920 642948 642972 642905 642885 642811 642805 642575 642581 642573 642565 642702 642720 642712 642709 642748 642779 642800 642833 642820 642933 642964 642893 642899 642799 642771 642777 642737 642806 642569 642582 642623 642690 642702 642691 642705 642703 642707 642715 642700 642782 642836 642883 
642650 642653 642658 642674 642635 642710 642696 642712 642645 642653 642672 642670 642675 642558 642600 642587 642737 642755 642675 642665 642761 642757 642551 642668 642673 642698 642730 642737 642771 642760 642766 642769 642524 642615 642612 642790 642787 642784 642789 642485 642503 642643 642655 642650 642699 642736 642807 642804 642792 642754 642748 642751 642532 642556 642625 642708 642809 642806 642823 642757 642477 642619 642621 642599 642627 642562 642565 642706 642698 642748 642790 642822 642825 642838 642842 642845 642741 642735 642682 642633 642444 642612 642546 642748 642776 642785 642813 642837 642812 642796 642747 642744 642434 642440 642432 642424 642561 642568 642560 642497 642560 642603 642636 642681 642668 642798 642829 642806 642809 642741 642727 642730 642704 642665 642428 642441 642482 642549 642567 642556 642570 642568 642555 642539 642512 642606 642684 642748 
644765 644771 644781 644686 644699 644758 644821 644810 644801 644644 644634 644851 644861 644581 644629 644560 644812 644896 644592 644508 644812 644943 644488 644530 644540 644574 644638 644652 644880 644949 644997 645003 644547 644520 644514 644870 644864 644906 645007 644482 644518 644480 644488 644478 644576 644650 644856 644850 645013 645019 645007 645013 644450 644450 644462 644594 644796 644790 644840 645025 644466 644416 644430 644410 644442 644384 644390 644590 644574 644674 644758 644822 644828 644918 644878 644884 645085 645087 644876 644778 644387 644412 644376 644674 644730 644748 644804 644852 644985 645013 645065 645065 644380 644392 644376 644313 644364 644348 644332 644326 644404 644466 644508 644574 644548 644774 644836 644991 644988 645061 645033 645039 645023 644842 644367 644311 644302 644292 644312 644290 644318 644314 644322 644338 644308 644472 644580 644674 
644717 644723 644733 644650 644651 644722 644773 644769 644763 644608 644598 644813 644823 644533 644581 644519 644776 644855 644556 644472 644776 644895 644447 644494 644504 644538 644602 644616 644844 644901 644949 644955 644501 644484 644478 644834 644828 644870 644959 644444 644480 644444 644452 644442 644540 644614 644820 644814 644965 644981 644969 644975 644409 644414 644426 644558 644760 644754 644804 644987 644428 644380 644394 644374 644406 644348 644354 644554 644538 644638 644722 644786 644792 644882 644842 644848 645053 645059 644838 644740 644341 644376 644340 644638 644694 644712 644768 644816 644963 644991 645047 645050 644342 644354 644338 644265 644328 644312 644296 644290 644368 644430 644472 644538 644512 644738 644800 644969 644966 645051 645031 645037 645021 644804 644329 644263 644266 644256 644276 644254 644282 644278 644286 644302 644272 644436 644544 644638 
0 0 643917 0 0 643825 643907 643875 644000 0 0 0 0 0 0 643657 643852 0 0 643509 0 0 643585 0 0 0 0 0 0 0 0 0 0 0 0 0 0 0 0 643753 0 0 643513 0 0 0 0 0 0 0 0 0 0 0 643413 0 0 0 0 0 0 0 0 0 0 0 0 0 0 0 0 0 0 0 0 0 0 0 644165 644159 643551 0 0 0 0 0 0 0 0 0 0 0 0 0 0 643451 0 0 0 0 0 0 0 0 0 0 0 0 0 0 0 0 0 0 643579 643425 0 0 643337 0 0 0 0 0 0 0 0 0 
0 0 644626 0 0 644566 644662 644634 644731 0 0 0 0 0 0 644269 644615 0 0 644191 0 0 644161 0 0 0 0 0 0 0 0 0 0 0 0 0 0 0 0 644323 0 0 644161 0 0 0 0 0 0 0 0 0 0 0 644122 0 0 0 0 0 0 0 0 0 0 0 0 0 0 0 0 0 0 0 0 0 0 0 644872 644950 644056 0 0 0 0 0 0 0 0 0 0 0 0 0 0 643924 0 0 0 0 0 0 0 0 0 0 0 0 0 0 0 0 0 0 644080 643903 0 0 643897 0 0 0 0 0 0 0 0 0 
0 0 0 0 0 0 0 0 643367 0 0 0 0 0 0 643753 0 0 0 0 0 0 643933 0 0 0 0 0 0 0 0 0 0 0 0 0 0 0 0 0 0 0 0 0 0 0 0 0 0 0 0 0 0 0 0 0 0 0 0 0 0 0 0 0 0 0 0 0 0 0 0 0 0 0 0 0 0 0 0 0 644298 0 0 0 0 0 0 0 0 0 0 0 0 0 0 644257 0 0 0 0 0 0 0 0 0 0 0 0 0 0 0 0 0 0 644338 644226 0 0 643797 0 0 0 0 0 0 0 0 0 
642129 642126 642121 642213 642180 642177 642119 642139 642062 642234 642251 642037 642032 642105 642159 642158 642150 642096 642282 642385 642162 642058 642122 642287 642292 642341 642297 642290 642116 642055 642013 642010 642059 642210 642207 642133 642136 642103 642026 641996 642014 642262 642338 642333 642351 642303 642152 642155 642023 641953 641959 641956 642103 642139 642384 642342 642206 642209 642172 641950 641976 642338 642424 642410 642418 642375 642372 642344 642352 642302 642237 642193 642190 642121 642153 642150 641908 641896 641881 641858 641979 642433 642355 642302 642263 642254 642214 642178 642050 642018 641920 641914 641933 641939 641943 641971 642168 642411 642403 642332 642341 642334 642337 642328 642341 642241 642198 642038 642044 641908 641880 641886 641834 641826 641951 642000 642065 642168 642250 642310 642324 642346 642398 642398 642389 642331 642325 642302 
644700 644697 644692 644768 644691 644732 644664 644680 644622 644727 644765 644572 644562 644537 644621 644595 644678 644594 644771 644927 644678 644542 644523 644757 644767 644912 644852 644838 644610 644536 644476 644470 644469 644651 644645 644620 644626 644584 644478 644391 644427 644707 644811 644801 644914 644840 644634 644640 644472 644404 644416 644410 644485 644533 645028 644896 644694 644700 644650 644398 644375 644787 644993 645021 645005 645085 645088 644900 644916 644816 644732 644668 644662 644572 644612 644606 644346 644334 644356 644358 644309 644975 645107 644816 644760 644742 644686 644638 644488 644456 644358 644352 644289 644301 644285 644269 644543 644959 644943 645125 645086 645024 644982 644916 644942 644716 644654 644476 644482 644346 644318 644324 644272 644294 644277 644303 644385 644519 644635 644709 644737 644781 644933 645045 645063 645018 644910 644816 
644725 644731 644741 644773 644695 644845 644817 644849 644715 644731 644769 644765 644775 644541 644625 644599 644899 644887 644775 644895 644941 644838 644527 644761 644771 644925 644953 644967 644906 644832 644772 644766 644473 644655 644649 644916 644922 644880 644774 644395 644431 644711 644803 644793 644999 645001 644930 644936 644768 644700 644712 644706 644489 644537 644936 645017 644990 644996 644946 644694 644379 644767 644903 644884 644915 644858 644864 645049 645033 645052 645016 644964 644958 644868 644908 644902 644642 644630 644652 644649 644313 644885 644850 645058 645030 645014 644970 644934 644784 644752 644654 644648 644293 644305 644289 644273 644547 644822 644806 644800 644878 644940 644982 645041 645022 644988 644938 644772 644778 644642 644614 644620 644568 644590 644281 644307 644389 644523 644627 644677 644705 644737 644796 644812 644782 644946 645044 645052 
644422 644428 644438 644470 644392 644542 644514 644546 644412 644428 644466 644462 644472 644238 644322 644296 644596 644632 644472 644553 644644 644628 644224 644447 644457 644599 644627 644641 644664 644625 644583 644580 644170 644352 644346 644699 644696 644673 644596 644092 644128 644397 644477 644467 644633 644675 644722 644725 644593 644523 644529 644526 644186 644234 644555 644651 644747 644743 644731 644520 644076 644441 644511 644503 644523 644501 644507 644659 644643 644719 644747 644740 644737 644691 644712 644709 644506 644500 644451 644388 644010 644493 644505 644731 644755 644771 644749 644725 644637 644609 644536 644533 643990 644002 643986 643970 644244 644441 644425 644479 644533 644583 644613 644667 644641 644764 644733 644631 644634 644530 644516 644519 644481 644396 643978 644004 644086 644209 644301 644335 644363 644371 644415 644455 644437 644589 644673 644742 
644428 644434 644444 644476 644398 644548 644520 644552 644418 644434 644472 644468 644478 644244 644328 644302 644602 644638 644478 644584 644650 644639 644230 644464 644474 644638 644668 644682 644670 644638 644596 644593 644176 644358 644352 644708 644702 644686 644609 644098 644134 644414 644518 644508 644664 644714 644735 644734 644606 644536 644542 644539 644192 644240 644586 644682 644778 644772 644755 644533 644082 644480 644542 644534 644554 644532 644538 644690 644674 644750 644788 644776 644773 644704 644736 644733 644519 644513 644464 644394 644016 644524 644536 644762 644794 644812 644797 644761 644650 644622 644549 644546 643996 644008 643992 643976 644250 644472 644456 644510 644564 644614 644644 644698 644672 644810 644781 644644 644647 644543 644529 644532 644494 644409 643984 644010 644092 644226 644342 644366 644394 644402 644446 644486 644468 644620 644704 644774 
644428 644434 644444 644476 644398 644548 644520 644552 644418 644434 644472 644468 644478 644244 644328 644302 644602 644638 644478 644556 644650 644642 644230 644464 644474 644610 644656 644670 644670 644647 644635 644632 644176 644358 644352 644708 644702 644695 644648 644098 644134 644414 644506 644496 644636 644686 644742 644736 644645 644575 644581 644578 644192 644240 644558 644654 644778 644772 644770 644572 644082 644452 644514 644506 644526 644504 644510 644662 644646 644722 644776 644797 644800 644743 644775 644772 644558 644552 644485 644394 644016 644496 644508 644734 644766 644784 644812 644800 644689 644661 644588 644585 643996 644008 643992 643976 644250 644444 644428 644482 644536 644586 644616 644670 644644 644803 644808 644683 644686 644582 644568 644571 644533 644444 643984 644010 644092 644226 644330 644338 644366 644374 644418 644458 644440 644592 644676 644746 
0 0 644200 0 0 644460 644390 644470 644135 0 0 0 0 643700 0 643845 644595 0 644285 644394 0 0 643665 0 0 0 0 0 0 0 0 0 0 643985 0 0 0 0 0 643335 0 0 644335 0 0 0 0 0 0 0 0 0 0 0 644279 0 0 0 0 0 0 644164 0 0 0 0 0 0 0 0 0 0 0 0 0 0 0 0 644304 644075 643130 0 0 0 0 0 0 645064 0 0 0 0 0 0 0 643030 643715 0 0 0 0 0 0 0 0 0 0 0 0 0 0 0 0 644196 643050 643115 643320 643655 643895 643849 0 0 0 0 643894 0 0 0 
644770 644776 644786 644812 644740 644884 644862 644894 644760 644770 644780 644810 644820 644586 644670 644644 644938 644980 644739 644655 644958 644984 644572 644677 644687 644721 644785 644799 645006 644990 645002 645008 644518 644666 644660 645016 645010 645032 645047 644440 644476 644627 644635 644625 644723 644797 645003 644997 645050 644976 644966 644972 644534 644576 644609 644741 644943 644937 644987 644979 644424 644563 644577 644557 644589 644531 644537 644737 644721 644821 644905 644969 644975 645063 645025 645031 645020 645008 644834 644736 644358 644559 644523 644821 644877 644895 644951 644999 645114 645118 645032 645026 644338 644350 644334 644318 644511 644495 644479 644473 644551 644613 644655 644721 644695 644921 644983 645114 645114 645020 644992 644998 644946 644800 644326 644352 644428 644439 644459 644437 644465 644461 644469 644485 644455 644619 644727 644821 
644754 644760 644770 644771 644719 644843 644841 644861 644744 644729 644722 644794 644804 644570 644649 644611 644897 644947 644680 644596 644900 644963 644539 644618 644628 644662 644726 644740 644965 644969 644986 644992 644502 644608 644602 644958 644952 644991 645027 644424 644460 644568 644576 644566 644664 644738 644944 644938 645033 644962 644950 644956 644501 644535 644550 644682 644884 644878 644928 644968 644408 644504 644518 644498 644530 644472 644478 644678 644662 644762 644846 644910 644916 645006 644966 644972 645043 645037 644818 644720 644342 644500 644464 644762 644818 644836 644892 644940 645078 645103 645065 645059 644322 644334 644318 644302 644452 644436 644420 644414 644492 644554 644596 644662 644636 644862 644924 645084 645081 645053 645025 645031 644984 644784 644310 644331 644387 644380 644400 644378 644406 644402 644410 644426 644396 644560 644668 644762 
644715 644721 644731 644637 644649 644709 644771 644761 644751 644595 644585 644801 644811 644531 644579 644511 644763 644847 644543 644459 644763 644893 644439 644481 644491 644525 644589 644603 644831 644899 644947 644953 644497 644471 644465 644821 644815 644857 644957 644432 644468 644431 644439 644429 644527 644601 644807 644801 644963 644969 644957 644963 644401 644401 644413 644545 644747 644741 644791 644975 644416 644367 644381 644361 644393 644335 644341 644541 644525 644625 644709 644773 644779 644869 644829 644835 645063 645075 644826 644728 644337 644363 644327 644625 644681 644699 644755 644803 644953 644985 645068 645071 644330 644342 644326 644263 644315 644299 644283 644277 644355 644417 644459 644525 644499 644725 644787 644965 644959 645074 645062 645065 645062 644792 644317 644261 644253 644243 644263 644241 644269 644265 644273 644289 644259 644423 644531 644625 
644689 644695 644705 644612 644623 644684 644745 644736 644723 644570 644560 644773 644783 644505 644553 644486 644738 644822 644518 644434 644738 644867 644414 644456 644466 644500 644564 644578 644806 644873 644921 644927 644469 644446 644440 644796 644790 644832 644931 644403 644439 644406 644414 644404 644502 644576 644782 644776 644937 644941 644929 644935 644376 644376 644388 644520 644722 644716 644766 644947 644387 644342 644356 644336 644368 644310 644316 644516 644500 644600 644684 644748 644754 644844 644804 644810 645035 645047 644797 644699 644309 644338 644302 644600 644656 644674 644730 644778 644928 644960 645049 645052 644301 644313 644297 644237 644290 644274 644258 644252 644330 644392 644434 644500 644474 644700 644762 644940 644934 645055 645045 645048 645046 644763 644289 644235 644228 644218 644238 644216 644244 644240 644248 644264 644234 644398 644506 644600 
644755 644749 644739 644707 644785 644635 644663 644631 644765 644749 644711 644715 644705 644939 644855 644881 644581 644545 644705 644549 644533 644541 644953 644719 644709 644531 644515 644501 644513 644535 644523 644517 645007 644825 644831 644475 644481 644487 644477 645085 645049 644769 644665 644675 644433 644455 644441 644447 644471 644547 644559 644553 644991 644943 644403 644415 644405 644411 644409 644541 645101 644689 644483 644455 644471 644385 644379 644371 644387 644383 644395 644379 644373 644379 644371 644365 644441 644429 644645 644647 644999 644501 644345 644335 644375 644357 644349 644349 644343 644359 644357 644351 645123 645135 645071 644911 644923 644517 644533 644299 644317 644303 644309 644291 644317 644331 644317 644331 644337 644345 644317 644323 644319 644583 645015 644897 644883 644873 644841 644767 644739 644695 644543 644431 644413 644297 644285 644287 
0 644753 644743 0 0 644639 644667 644635 644769 644753 644715 644719 644709 644933 644859 644880 644585 0 644709 644553 0 0 644916 644723 644713 0 644519 644505 0 0 0 0 0 644828 0 0 0 0 0 645037 0 0 644669 644679 0 644459 0 0 0 0 0 0 644935 644899 644407 0 0 0 0 0 645035 644693 0 0 0 0 0 644375 644391 644387 0 0 0 0 0 0 644445 0 644584 644586 644969 0 0 0 0 0 0 644353 0 0 0 0 0 645054 645036 644881 644865 0 644537 644303 0 0 0 0 0 0 0 0 0 0 0 0 0 644522 644985 644867 644853 644841 644788 644727 0 0 644547 0 644417 0 644289 0 
0 0 644482 0 0 644326 644368 644320 644490 0 0 0 0 644782 0 644695 644245 0 644431 644197 0 0 644803 0 0 0 0 0 0 0 0 0 0 644611 0 0 0 0 0 644946 0 0 644371 0 0 0 0 0 0 0 0 0 0 0 643978 0 0 0 0 0 0 644407 0 0 0 0 0 0 0 0 0 0 0 0 0 0 0 0 644181 644184 645055 0 0 0 0 0 0 643897 0 0 0 0 0 0 645095 644938 644773 0 0 0 0 0 0 0 0 0 0 0 0 0 0 0 0 644088 645061 644917 644896 644809 644635 644524 0 0 0 0 643993 0 0 0 
0 0 0 0 0 0 0 0 643230 0 0 0 0 0 0 643755 0 0 0 0 0 0 643935 0 0 0 0 0 0 0 0 0 0 0 0 0 0 0 0 0 0 0 0 0 0 0 0 0 0 0 0 0 0 0 0 0 0 0 0 0 0 0 0 0 0 0 0 0 0 0 0 0 0 0 0 0 0 0 0 0 644243 0 0 0 0 0 0 0 0 0 0 0 0 0 0 644347 0 0 0 0 0 0 0 0 0 0 0 0 0 0 0 0 0 0 644219 644315 0 0 643799 0 0 0 0 0 0 0 0 0 
0 0 644413 0 0 644473 644371 644395 644308 0 0 0 0 644713 0 644770 644392 0 644702 644511 0 0 644850 0 0 0 0 0 0 0 0 0 0 644828 0 0 0 0 0 644676 0 0 644685 0 0 0 0 0 0 0 0 0 0 0 644292 0 0 0 0 0 0 644721 0 0 0 0 0 0 0 0 0 0 0 0 0 0 0 0 643909 643912 644712 0 0 0 0 0 0 0 0 0 0 0 0 0 0 644716 644953 0 0 0 0 0 0 0 0 0 0 0 0 0 0 0 0 0 644672 644757 644846 644922 644889 644804 0 0 0 0 644307 0 0 0 
642256 642250 642240 642352 642333 642280 642212 642228 642170 642387 642404 642120 642110 642284 642338 642337 642226 642142 642437 642530 642226 642090 642301 642466 642471 642464 642400 642386 642158 642084 642024 642018 642238 642389 642386 642168 642174 642132 642026 642175 642193 642441 642517 642512 642450 642388 642182 642188 642020 641952 641964 641958 642282 642318 642526 642432 642242 642248 642198 641946 642155 642517 642572 642578 642560 642532 642526 642424 642440 642364 642280 642216 642210 642120 642160 642154 641894 641882 641904 641906 642158 642587 642504 642352 642308 642290 642234 642186 642036 642004 641906 641900 642112 642118 642122 642150 642347 642613 642605 642482 642476 642450 642444 642414 642440 642264 642202 642024 642030 641894 641866 641872 641820 641842 642130 642179 642244 642347 642429 642490 642504 642526 642600 642574 642565 642444 642408 642340 
0 0 642184 0 0 642224 642156 642172 642114 642338 0 0 0 642298 0 642346 642170 0 642390 642455 0 0 642346 0 0 0 0 0 0 0 0 0 0 642394 0 0 0 0 0 642226 0 0 642490 0 0 0 0 0 0 0 0 0 0 0 642427 0 0 0 0 0 0 642507 0 0 0 0 0 0 642365 0 0 0 0 0 0 0 0 0 641848 641850 642274 0 0 0 0 0 0 642130 0 0 0 0 0 0 642226 642298 642418 0 642541 0 0 0 0 0 0 0 0 0 0 0 0 0 0 641786 642250 642322 642370 642442 642490 642519 0 0 0 0 642473 0 0 0 
0 642059 642054 0 0 642120 642018 642042 641955 642133 642176 641880 641865 641966 642032 642043 642039 0 642203 642401 0 0 641981 642220 642225 0 642300 642279 0 0 0 0 0 642119 0 0 0 0 0 641789 0 0 642295 642290 0 642282 0 0 0 0 0 0 641943 642003 642558 0 0 0 0 0 641761 642307 0 0 0 0 0 642372 642396 642246 0 0 0 0 0 0 641541 0 641556 641559 641731 0 0 0 0 0 0 641979 0 0 0 0 0 641687 641683 641703 642037 0 642505 642742 0 0 0 0 0 0 0 0 0 0 0 0 0 641463 641687 641749 641855 642025 642165 642263 0 0 642500 0 642637 0 642387 0 
644568 644571 644576 644628 644550 644634 644576 644596 644519 644586 644624 644494 644489 644396 644480 644454 644607 644553 644630 644774 644619 644506 644382 644616 644626 644788 644754 644747 644573 644500 644440 644434 644328 644510 644504 644584 644590 644548 644442 644250 644286 644566 644670 644660 644797 644760 644598 644604 644436 644368 644380 644374 644344 644392 644852 644788 644658 644664 644614 644362 644234 644646 644804 644820 644816 644861 644864 644790 644798 644748 644694 644632 644626 644536 644576 644570 644310 644298 644320 644315 644168 644786 644881 644748 644720 644706 644650 644602 644452 644420 644322 644316 644148 644160 644144 644128 644402 644758 644742 644872 644883 644852 644831 644798 644811 644680 644618 644440 644446 644310 644282 644288 644236 644258 644136 644162 644244 644378 644494 644556 644584 644616 644732 644820 644826 644849 644795 644744 
644709 644715 644724 644757 644679 644812 644774 644802 644687 644715 644753 644706 644706 644525 644609 644583 644822 644738 644759 644915 644822 644686 644511 644745 644755 644933 644932 644939 644754 644680 644620 644614 644457 644639 644633 644764 644770 644728 644622 644379 644415 644695 644799 644789 645009 644970 644778 644784 644616 644548 644560 644554 644473 644521 645060 645018 644838 644844 644794 644542 644363 644775 644981 645009 644993 645045 645051 645042 645042 644960 644876 644812 644806 644716 644756 644750 644490 644478 644500 644502 644297 644963 645048 644960 644904 644886 644830 644782 644632 644600 644502 644496 644277 644289 644273 644257 644531 644947 644931 644998 645068 645100 645114 645060 645086 644860 644798 644620 644626 644490 644462 644468 644416 644438 644265 644291 644373 644507 644623 644697 644725 644769 644921 644999 644980 645103 645054 644960 
642616 642619 642624 642640 642601 642676 642662 642678 642611 642619 642638 642636 642635 642524 642566 642553 642693 642651 642641 642719 642693 642625 642517 642634 642639 642728 642736 642743 642659 642622 642592 642589 642490 642581 642578 642664 642667 642646 642593 642451 642469 642609 642661 642656 642777 642766 642671 642674 642590 642556 642562 642559 642498 642522 642792 642786 642701 642704 642679 642553 642443 642649 642752 642766 642758 642762 642765 642804 642800 642762 642720 642688 642685 642640 642660 642657 642527 642521 642532 642533 642410 642743 642746 642762 642734 642725 642697 642673 642598 642582 642533 642530 642400 642406 642398 642390 642527 642735 642727 642697 642760 642803 642831 642812 642825 642712 642681 642592 642595 642527 642513 642516 642490 642501 642394 642407 642448 642515 642573 642610 642624 642646 642722 642739 642712 642806 642809 642762 
644697 644703 644713 644745 644667 644817 644789 644821 644687 644703 644741 644737 644747 644513 644597 644571 644871 644853 644747 644903 644911 644801 644499 644733 644743 644921 644937 644951 644869 644795 644735 644729 644445 644627 644621 644879 644885 644843 644737 644367 644403 644683 644787 644777 645019 644997 644893 644899 644731 644663 644675 644669 644461 644509 645009 645037 644953 644959 644909 644657 644351 644763 644957 644957 644969 644945 644951 645081 645065 645058 644991 644927 644921 644831 644871 644865 644605 644593 644615 644617 644285 644939 644937 645075 645019 645001 644945 644897 644747 644715 644617 644611 644265 644277 644261 644245 644519 644895 644879 644887 644965 645027 645067 645112 645095 644975 644913 644735 644741 644605 644577 644583 644531 644553 644253 644279 644361 644495 644611 644685 644713 644757 644869 644899 644869 645033 645115 645075 
644706 644712 644722 644754 644676 644826 644798 644830 644696 644712 644750 644746 644756 644522 644606 644580 644880 644828 644756 644912 644907 644776 644508 644742 644752 644930 644946 644960 644844 644770 644710 644704 644454 644636 644630 644854 644860 644818 644712 644376 644412 644692 644796 644786 645028 645006 644868 644874 644706 644638 644650 644644 644470 644518 645022 645046 644928 644934 644884 644632 644360 644772 644976 644970 644988 644968 644974 645090 645074 645048 644966 644902 644896 644806 644846 644840 644580 644568 644590 644592 644294 644958 644960 645050 644994 644976 644920 644872 644722 644690 644592 644586 644274 644286 644270 644254 644528 644908 644892 644910 644988 645050 645080 645110 645108 644950 644888 644710 644716 644580 644552 644558 644506 644528 644262 644288 644370 644504 644620 644694 644722 644766 644882 644922 644892 645056 645107 645050 
644580 644586 644596 644594 644540 644666 644662 644682 644570 644552 644578 644620 644630 644396 644470 644432 644720 644768 644572 644644 644756 644784 644360 644546 644556 644688 644726 644740 644788 644790 644762 644759 644328 644464 644458 644814 644808 644814 644765 644250 644286 644496 644576 644566 644712 644764 644836 644830 644762 644702 644708 644705 644322 644358 644598 644730 644848 644842 644851 644699 644234 644530 644566 644546 644578 644520 644526 644726 644710 644810 644846 644860 644857 644812 644832 644829 644685 644679 644630 644546 644168 644548 644512 644810 644844 644862 644869 644845 644770 644754 644705 644702 644148 644160 644144 644128 644344 644484 644468 644462 644540 644602 644644 644710 644684 644874 644853 644764 644767 644699 644685 644688 644660 644575 644136 644152 644210 644308 644400 644426 644454 644450 644458 644474 644444 644608 644716 644810 
644555 644561 644571 644567 644513 644639 644635 644655 644545 644525 644551 644595 644605 644371 644443 644405 644693 644741 644545 644618 644729 644754 644333 644519 644529 644671 644699 644713 644761 644757 644755 644752 644303 644437 644431 644787 644781 644781 644756 644225 644261 644469 644549 644539 644686 644747 644804 644801 644753 644695 644701 644698 644295 644331 644572 644704 644821 644815 644820 644692 644209 644513 644540 644520 644552 644494 644500 644700 644684 644784 644819 644835 644838 644803 644823 644820 644678 644672 644607 644521 644143 644522 644486 644784 644827 644845 644850 644836 644761 644745 644696 644693 644123 644135 644119 644103 644317 644458 644442 644436 644514 644576 644618 644684 644658 644859 644844 644755 644758 644690 644676 644679 644653 644566 644111 644125 644183 644281 644373 644400 644428 644424 644432 644448 644418 644582 644690 644784 
644728 644734 644744 644774 644698 644846 644820 644852 644718 644732 644746 644768 644778 644544 644628 644602 644900 644938 644717 644652 644924 644942 644530 644667 644677 644718 644782 644796 644968 644948 644960 644966 644476 644632 644626 644982 644976 644994 645006 644398 644434 644617 644632 644622 644720 644794 644981 644975 645012 644936 644924 644930 644492 644538 644606 644738 644940 644934 644977 644942 644382 644560 644574 644554 644586 644528 644534 644734 644718 644818 644902 644966 644972 645043 645015 645021 645010 645003 644792 644694 644316 644556 644520 644818 644874 644892 644948 644996 645103 645107 645027 645021 644296 644308 644292 644276 644489 644492 644476 644470 644548 644610 644652 644718 644692 644918 644980 645109 645106 645015 644987 644993 644941 644758 644284 644310 644390 644429 644456 644434 644462 644458 644466 644482 644452 644616 644724 644818 
644769 644775 644785 644779 644727 644851 644849 644869 644765 644737 644730 644815 644825 644585 644657 644619 644905 644955 644688 644604 644908 644971 644547 644626 644636 644670 644734 644748 644973 644977 644983 644986 644523 644616 644610 644966 644960 644999 645006 644445 644481 644576 644584 644574 644672 644746 644952 644946 645009 644953 644947 644950 644509 644543 644558 644690 644892 644886 644933 644956 644429 644512 644526 644506 644538 644480 644486 644686 644670 644770 644854 644912 644915 644984 644952 644955 645009 644997 644833 644741 644363 644508 644472 644770 644826 644844 644891 644927 645038 645063 645003 644997 644343 644355 644339 644317 644460 644444 644428 644422 644500 644562 644604 644670 644644 644864 644907 645044 645041 644991 644963 644969 644929 644792 644331 644339 644395 644388 644408 644386 644414 644410 644418 644434 644404 644568 644676 644770 
644721 644727 644737 644692 644679 644764 644801 644814 644712 644650 644640 644762 644772 644537 644609 644564 644818 644900 644598 644514 644818 644923 644492 644536 644546 644580 644644 644658 644886 644929 644953 644959 644470 644526 644520 644876 644870 644912 644987 644392 644428 644486 644494 644484 644582 644656 644862 644856 644993 644930 644918 644924 644454 644456 644468 644600 644802 644796 644846 644936 644376 644422 644436 644416 644448 644390 644396 644596 644580 644680 644764 644828 644834 644924 644884 644890 645027 645033 644786 644688 644310 644418 644382 644680 644736 644754 644810 644858 645008 645038 645080 645080 644290 644302 644286 644269 644370 644354 644338 644332 644410 644472 644514 644580 644554 644780 644842 645016 645013 645080 645080 645080 645068 644752 644278 644291 644308 644298 644318 644296 644324 644320 644328 644344 644314 644478 644586 644680 
644692 644698 644708 644665 644650 644737 644772 644784 644683 644623 644613 644733 644743 644508 644580 644534 644791 644870 644571 644487 644791 644894 644462 644509 644519 644553 644617 644631 644859 644900 644924 644930 644441 644499 644493 644849 644843 644885 644958 644363 644399 644459 644467 644457 644555 644629 644835 644829 644964 644901 644889 644895 644424 644429 644441 644573 644775 644769 644819 644907 644347 644395 644409 644389 644421 644363 644369 644569 644553 644653 644737 644801 644807 644897 644857 644863 645007 645019 644757 644659 644281 644391 644355 644653 644709 644727 644783 644831 644981 645013 645078 645084 644261 644273 644257 644240 644343 644327 644311 644305 644383 644445 644487 644553 644527 644753 644815 644993 644987 645089 645103 645100 645092 644723 644249 644262 644281 644271 644291 644269 644297 644293 644301 644317 644287 644451 644559 644653 
644638 644644 644654 644627 644601 644699 644723 644739 644628 644585 644587 644678 644688 644454 644531 644489 644753 644825 644545 644461 644765 644845 644417 644483 644493 644527 644591 644605 644821 644851 644870 644876 644386 644473 644467 644823 644817 644847 644909 644308 644344 644433 644441 644431 644529 644603 644809 644803 644915 644846 644834 644840 644379 644391 644415 644547 644749 644743 644793 644852 644292 644369 644383 644363 644395 644337 644343 644543 644527 644627 644711 644775 644781 644871 644831 644837 644952 644964 644702 644604 644226 644365 644329 644627 644683 644701 644757 644805 644955 644975 645017 645020 644206 644218 644202 644186 644317 644301 644285 644279 644357 644419 644461 644527 644501 644727 644789 644967 644961 645023 645037 645034 645023 644668 644194 644213 644243 644245 644265 644243 644271 644267 644275 644291 644261 644425 644533 644627 
644669 644675 644685 644641 644627 644713 644749 644763 644671 644599 644589 644721 644731 644485 644557 644513 644767 644849 644547 644463 644767 644871 644441 644485 644495 644529 644593 644607 644835 644877 644901 644907 644429 644475 644469 644825 644819 644861 644935 644351 644387 644435 644443 644433 644531 644605 644811 644805 644941 644889 644877 644883 644403 644405 644417 644549 644751 644745 644795 644895 644335 644371 644385 644365 644397 644339 644345 644545 644529 644629 644713 644777 644783 644873 644833 644839 644995 645007 644745 644647 644269 644367 644331 644629 644685 644703 644759 644807 644957 644989 645055 645061 644249 644261 644245 644217 644319 644303 644287 644281 644359 644421 644463 644529 644503 644729 644791 644969 644963 645067 645095 645089 645100 644711 644237 644239 644257 644247 644267 644245 644273 644269 644277 644293 644263 644427 644535 644629 
0 0 644332 0 0 644272 644374 644350 644437 0 0 0 0 644032 0 643975 644353 0 644023 643897 0 0 643867 0 0 0 0 0 0 0 0 0 0 643915 0 0 0 0 0 644029 0 0 643867 0 0 0 0 0 0 0 0 0 0 0 643828 0 0 0 0 0 0 643759 0 0 0 0 0 0 0 0 0 0 0 0 0 0 0 0 644825 644798 643762 0 0 0 0 0 0 644401 0 0 0 0 0 0 0 643630 643681 0 0 0 0 0 0 0 0 0 0 0 0 0 0 0 0 644894 643786 643609 643588 643573 643603 643570 0 0 0 0 643597 0 0 0 
0 0 0 0 0 0 0 0 643319 0 0 0 0 0 0 643817 0 0 0 0 0 0 643997 0 0 0 0 0 0 0 0 0 0 0 0 0 0 0 0 0 0 0 0 0 0 0 0 0 0 0 0 0 0 0 0 0 0 0 0 0 0 0 0 0 0 0 0 0 0 0 0 0 0 0 0 0 0 0 0 0 644350 0 0 0 0 0 0 0 0 0 0 0 0 0 0 644371 0 0 0 0 0 0 0 0 0 0 0 0 0 0 0 0 0 0 644352 644359 0 0 643897 0 0 0 0 0 0 0 0 0 
0 0 0 0 0 0 0 0 643186 0 0 0 0 0 0 643766 0 0 0 0 0 0 643946 0 0 0 0 0 0 0 0 0 0 0 0 0 0 0 0 0 0 0 0 0 0 0 0 0 0 0 0 0 0 0 0 0 0 0 0 0 0 0 0 0 0 0 0 0 0 0 0 0 0 0 0 0 0 0 0 0 644225 0 0 0 0 0 0 0 0 0 0 0 0 0 0 644268 0 0 0 0 0 0 0 0 0 0 0 0 0 0 0 0 0 0 644197 644271 0 0 643827 0 0 0 0 0 0 0 0 0 
0 0 643995 0 0 643996 643927 643942 643879 0 0 0 0 0 0 644442 643888 0 0 643908 0 0 644586 0 0 0 0 0 0 0 0 0 0 644388 0 0 0 0 0 644435 0 0 644116 0 0 0 0 0 0 0 0 0 0 0 643617 0 0 0 0 0 0 0 0 0 0 0 0 0 0 0 0 0 0 0 0 0 0 0 643395 643412 644716 0 0 0 0 0 0 0 0 0 0 0 0 0 0 644749 0 0 0 0 0 0 0 0 0 0 0 0 0 0 0 0 0 0 644692 644800 644842 644646 644468 644344 0 0 0 0 643637 0 0 0 
0 0 643928 0 0 643996 643872 643904 643788 0 0 0 0 0 0 644404 643888 0 0 644158 0 0 644548 0 0 0 0 0 0 0 0 0 0 644458 0 0 0 0 0 644332 0 0 644329 0 0 0 0 0 0 0 0 0 0 0 643952 0 0 0 0 0 0 0 0 0 0 0 0 0 0 0 0 0 0 0 0 0 0 0 643256 643260 644564 0 0 0 0 0 0 0 0 0 0 0 0 0 0 644536 0 0 0 0 0 0 0 0 0 0 0 0 0 0 0 0 0 0 644509 644599 644725 644798 644672 644594 0 0 0 0 643972 0 0 0 
0 0 0 0 0 0 0 0 644315 0 0 0 0 0 0 644777 0 0 0 0 0 0 644885 0 0 0 0 0 0 0 0 0 0 0 0 0 0 0 0 0 0 0 0 0 0 0 0 0 0 0 0 0 0 0 0 0 0 0 0 0 0 0 0 0 0 0 0 0 0 0 0 0 0 0 0 0 0 0 0 0 0 0 0 0 0 0 0 0 0 0 0 0 0 0 0 0 0 0 0 0 0 0 0 0 0 0 0 0 0 0 0 0 0 0 0 0 0 0 645077 0 0 0 0 0 0 0 0 0 
0 0 643979 0 0 644023 643911 643931 643845 0 0 0 0 0 0 644431 643915 0 0 644352 0 0 644505 0 0 0 0 0 0 0 0 0 0 644487 0 0 0 0 0 644307 0 0 644503 0 0 0 0 0 0 0 0 0 0 0 644060 0 0 0 0 0 0 0 0 0 0 0 0 0 0 0 0 0 0 0 0 0 0 0 643313 643317 644333 0 0 0 0 0 0 0 0 0 0 0 0 0 0 644283 0 0 0 0 0 0 0 0 0 0 0 0 0 0 0 0 0 0 644277 644334 644457 644633 644753 644712 0 0 0 0 644080 0 0 0 
644816 644810 644800 644912 644894 644840 644772 644788 644730 644954 644946 644680 644670 645000 644964 645038 644786 644702 644964 644908 644768 644650 645048 645002 644992 644886 644846 644832 644718 644644 644584 644578 644994 645060 645066 644710 644716 644692 644586 644916 644946 645052 644996 645006 644792 644810 644700 644706 644580 644512 644524 644518 645010 645058 644762 644774 644712 644718 644692 644506 644900 645044 644842 644814 644830 644744 644738 644730 644746 644742 644726 644686 644680 644638 644654 644648 644454 644442 644464 644466 644834 644860 644704 644694 644730 644712 644680 644656 644578 644564 644466 644460 644814 644826 644810 644794 645026 644876 644892 644658 644676 644662 644668 644650 644676 644686 644648 644566 644572 644454 644426 644432 644380 644402 644802 644828 644910 644978 645046 645052 645076 645052 644902 644790 644772 644656 644644 644646 
644782 644776 644766 644878 644860 644806 644738 644754 644696 644920 644930 644646 644636 644966 644930 645004 644752 644668 644968 644930 644752 644616 645026 645006 644996 644890 644850 644836 644684 644610 644550 644544 644972 645044 645050 644694 644700 644658 644552 644894 644930 645056 645000 645010 644814 644814 644704 644710 644546 644478 644490 644484 644988 645036 644784 644796 644716 644722 644696 644472 644878 645048 644864 644836 644852 644766 644760 644752 644768 644764 644730 644690 644684 644642 644658 644652 644420 644408 644430 644432 644812 644882 644726 644716 644734 644716 644684 644660 644562 644530 644432 644426 644792 644804 644788 644772 645042 644898 644914 644680 644698 644684 644690 644672 644698 644690 644652 644550 644556 644420 644392 644398 644346 644368 644780 644806 644888 644994 645062 645086 645114 645076 644924 644812 644794 644678 644666 644668 
0 642331 642321 0 0 642361 642293 642309 642251 642475 642485 642201 642191 642459 642483 642507 642307 0 642527 642611 0 0 642507 642589 642579 0 642481 642467 0 0 0 0 0 642555 0 0 0 0 0 642387 0 0 642631 642641 0 642469 0 0 0 0 0 0 642507 642531 642626 0 0 0 0 0 642363 642675 0 0 0 0 0 642529 642545 642445 0 0 0 0 0 0 641975 0 641985 641987 642435 0 0 0 0 0 0 642267 0 0 0 0 0 642363 642387 642459 642579 0 642756 642539 0 0 0 0 0 0 0 0 0 0 0 0 0 641923 642411 642483 642531 642603 642651 642699 0 0 642764 0 642653 0 642508 0 
644694 644688 644678 644790 644767 644718 644650 644666 644608 644815 644839 644558 644548 644643 644727 644701 644664 644580 644863 644968 644664 644528 644629 644863 644873 644902 644838 644824 644596 644522 644462 644456 644575 644757 644751 644606 644612 644570 644464 644497 644533 644813 644917 644907 644900 644826 644620 644626 644458 644390 644402 644396 644591 644639 645014 644882 644680 644686 644636 644384 644481 644893 645046 645066 645034 645090 645084 644886 644902 644802 644718 644654 644648 644558 644598 644592 644332 644320 644342 644344 644415 645055 645074 644802 644746 644728 644672 644624 644474 644442 644344 644338 644395 644407 644391 644375 644649 645065 645049 645063 645046 645008 644968 644902 644928 644702 644640 644462 644468 644332 644304 644310 644258 644280 644383 644409 644491 644625 644741 644815 644843 644887 645039 645125 645125 645002 644896 644802 
0 0 643135 0 0 643275 643037 643093 642890 0 0 0 0 0 0 643286 643086 0 0 644139 0 0 643034 0 0 0 0 0 0 0 0 0 0 643478 0 0 0 0 0 642572 0 0 643950 0 0 0 0 0 0 0 0 0 0 0 644311 0 0 0 0 0 0 0 0 0 0 0 0 0 0 0 0 0 0 0 0 0 0 0 641959 641966 642285 0 0 0 0 0 0 0 0 0 0 0 0 0 0 642145 0 0 0 0 0 0 0 0 0 0 0 0 0 0 0 0 0 0 642173 642264 642551 643020 643426 643685 0 0 0 0 644671 0 0 0 
644693 644699 644709 644741 644663 644810 644772 644800 644683 644699 644737 644710 644703 644509 644593 644567 644819 644735 644743 644899 644819 644683 644495 644729 644739 644917 644930 644937 644751 644677 644617 644611 644441 644623 644617 644761 644767 644725 644619 644363 644399 644679 644783 644773 645007 644972 644775 644781 644613 644545 644557 644551 644457 644505 645021 645016 644835 644841 644791 644539 644347 644759 644953 644969 644965 645015 645021 645041 645042 644957 644873 644809 644803 644713 644753 644747 644487 644475 644497 644499 644281 644935 645020 644957 644901 644883 644827 644779 644629 644597 644499 644493 644261 644273 644257 644241 644515 644907 644891 644970 645048 645084 645081 645033 645059 644857 644795 644617 644623 644487 644459 644465 644413 644435 644249 644275 644357 644491 644607 644681 644709 644753 644881 644969 644952 645087 645027 644957 
0 0 644418 0 0 644574 644532 644580 644379 644403 0 0 0 644118 0 644205 644655 0 644469 644703 0 0 644097 0 0 0 644754 644775 0 0 0 0 0 644289 0 0 0 0 0 643899 0 0 644529 0 0 644844 0 0 0 0 0 0 0 0 644900 0 0 0 0 0 0 644493 0 0 0 0 0 644970 644946 0 0 0 0 0 0 0 644288 0 644303 644300 643776 0 0 0 0 0 0 644726 0 0 0 0 0 0 643740 643716 644127 0 644705 0 0 0 0 0 0 0 0 0 0 0 0 0 0 644210 643728 643767 643890 644091 644265 644376 0 0 0 0 644743 0 645068 0 
644704 644710 644720 644752 644674 644824 644796 644828 644694 644710 644748 644744 644754 644520 644604 644578 644878 644879 644754 644909 644916 644833 644506 644740 644750 644928 644944 644958 644901 644827 644767 644761 644452 644634 644628 644911 644917 644875 644769 644374 644410 644690 644794 644784 645013 645004 644925 644931 644763 644695 644707 644701 644468 644516 644973 645031 644985 644991 644941 644689 644358 644770 644931 644921 644943 644895 644901 645063 645047 645062 645023 644959 644953 644863 644903 644897 644637 644625 644647 644639 644292 644913 644887 645082 645047 645033 644977 644929 644779 644747 644649 644643 644272 644284 644268 644252 644526 644859 644843 644837 644915 644977 645019 645074 645059 645007 644945 644767 644773 644637 644609 644615 644563 644585 644260 644286 644368 644502 644618 644691 644719 644751 644833 644849 644819 644983 645077 645082 
